R_scripts/int_process_data/Bio_06_2001.2020.asc
NCOLS 281 
NROWS 577 
XLLCORNER 81175.2677831308 
YLLCORNER -911.770678700996 
CELLSIZE 1000 
NODATA_value -3.4e+38 
[rows 529 to 551 of 577, columns 104 to 155 of 281]
284.857574462891 284.826965332031 284.928070068359 285.026580810547 285.056091308594 285.048126220703 284.519165039062 284.293823242188 284.375610351562 284.413146972656 284.338500976562 284.035339355469 283.663513183594 283.462493896484 283.35693359375 283.0908203125 282.904266357422 282.649932861328 282.420684814453 282.465118408203 282.824127197266 283.212860107422 283.525604248047 283.792907714844 284.058044433594 284.410278320312 284.686859130859 284.329650878906 284.149871826172 284.214141845703 284.462158203125 284.595550537109 284.258117675781 284.036712646484 284.204986572266 284.442352294922 284.546630859375 284.625335693359 284.617767333984 284.67626953125 284.987060546875 284.963714599609 284.623199462891 284.632568359375 284.765563964844 284.867736816406 284.898864746094 285.0947265625 285.318786621094 285.367736816406 285.289733886719 285.19091796875
284.964477539062 284.753295898438 284.479248046875 284.440948486328 284.430145263672 284.976776123047 285.088348388672 284.672729492188 284.567657470703 284.709716796875 284.680572509766 284.363220214844 284.120361328125 283.812652587891 283.518615722656 283.235870361328 282.859283447266 282.759368896484 282.609344482422 282.330902099609 282.640594482422 283.075744628906 283.386505126953 283.700805664062 284.064086914062 284.357177734375 284.636108398438 284.437744140625 283.964294433594 283.917877197266 284.049957275391 284.312591552734 284.22216796875 283.920288085938 284.221893310547 284.504577636719 284.417083740234 284.422424316406 284.5419921875 284.692626953125 284.969696044922 284.909942626953 284.564666748047 284.573364257812 284.785308837891 284.932189941406 285.064514160156 285.218811035156 285.145263671875 285.050079345703 285.107177734375 285.058868408203
285.033172607422 284.839477539062 284.579406738281 284.345245361328 284.040496826172 284.331756591797 284.825592041016 284.95654296875 284.596893310547 284.489715576172 284.756195068359 284.659057617188 284.425720214844 284.138122558594 283.982788085938 283.691528320312 283.352264404297 283.316131591797 283.189056396484 282.748596191406 282.605407714844 282.991851806641 283.415588378906 283.88916015625 284.147094726562 284.320831298828 284.605895996094 284.654266357422 284.108612060547 283.659698486328 283.797821044922 284.028106689453 283.901275634766 284.002563476562 284.306945800781 284.317108154297 284.180389404297 284.377136230469 284.549163818359 284.652069091797 284.845520019531 284.653350830078 284.351318359375 284.414001464844 284.678924560547 284.854400634766 284.928558349609 284.970123291016 284.993621826172 284.871337890625 284.843688964844 284.916870117188
284.758575439453 284.695037841797 284.490264892578 284.297637939453 284.162841796875 283.887756347656 284.075042724609 284.474090576172 284.545989990234 284.334930419922 284.210784912109 284.535522460938 284.576629638672 284.348724365234 284.210021972656 284.109527587891 283.970031738281 283.721984863281 283.366790771484 283.165008544922 282.794952392578 282.960968017578 283.513549804688 283.974243164062 284.260467529297 284.37255859375 284.541259765625 284.601165771484 284.206359863281 283.696472167969 283.745819091797 283.730255126953 283.539581298828 283.882019042969 284.214172363281 284.056549072266 284.031005859375 284.319854736328 284.379974365234 284.548797607422 284.684295654297 284.420867919922 284.221374511719 284.326171875 284.560943603516 284.654937744141 284.694122314453 284.716247558594 284.785949707031 284.905487060547 285.054229736328 285.152954101562
284.846557617188 284.868743896484 284.680114746094 284.452453613281 284.529693603516 284.342071533203 283.960876464844 283.855407714844 283.968536376953 284.156707763672 283.876129150391 284.161437988281 284.320495605469 283.983276367188 283.736755371094 283.933837890625 283.950836181641 283.747283935547 283.283599853516 282.980743408203 282.925415039062 283.028137207031 283.541046142578 284.035430908203 283.947784423828 283.962982177734 284.329010009766 284.488037109375 284.010711669922 283.533264160156 283.459289550781 283.595886230469 283.568176269531 283.82373046875 283.974578857422 283.744812011719 283.873962402344 284.20751953125 284.319763183594 284.652069091797 284.617584228516 284.288818359375 284.193908691406 284.277526855469 284.380798339844 284.347381591797 284.466430664062 284.557159423828 284.817047119141 285.271240234375 285.634063720703 285.654876708984
285.041198730469 284.864898681641 284.738250732422 284.629241943359 284.608001708984 284.970520019531 284.595336914062 284.137145996094 284.12109375 284.164642333984 284.214782714844 283.988403320312 284.132904052734 284.046936035156 283.756225585938 283.513397216797 283.387542724609 283.414855957031 283.197723388672 283.007904052734 283.175048828125 283.474639892578 283.746673583984 283.82763671875 283.440185546875 283.470184326172 284.105651855469 284.334350585938 283.942108154297 283.490386962891 283.197418212891 283.369049072266 283.450164794922 283.783416748047 283.737579345703 283.552520751953 283.803070068359 284.147033691406 284.421020507812 284.471801757812 284.406494140625 284.210998535156 284.088500976562 284.148864746094 284.161865234375 284.0546875 284.275634765625 284.682739257812 285.209075927734 285.637359619141 285.966278076172 286.078582763672
285.050567626953 284.872375488281 284.873168945312 285.026458740234 284.962585449219 285.138824462891 285.146362304688 284.808502197266 284.828002929688 284.824005126953 284.858581542969 284.624572753906 284.486633300781 284.333404541016 283.898864746094 283.42724609375 283.331939697266 283.175048828125 283.108856201172 283.307342529297 283.376678466797 283.593627929688 283.673828125 283.437561035156 283.299041748047 283.388122558594 283.96044921875 284.130035400391 283.436859130859 282.954315185547 282.991241455078 283.208435058594 283.393218994141 283.720336914062 283.52197265625 283.517669677734 283.819610595703 284.065460205078 284.115325927734 284.057586669922 284.168029785156 284.091461181641 283.931091308594 283.965942382812 284.00927734375 283.970062255859 284.289520263672 284.794799804688 285.362121582031 285.825866699219 285.850555419922 285.8623046875
285.373931884766 285.248199462891 285.128784179688 285.38818359375 285.407775878906 285.424652099609 285.540618896484 285.375030517578 285.256500244141 285.009033203125 285.03955078125 285.030029296875 284.892150878906 284.800018310547 284.620849609375 284.343048095703 283.929779052734 283.196350097656 283.022888183594 283.258117675781 283.480102539062 283.596832275391 283.512664794922 283.506408691406 283.667785644531 283.693572998047 283.947875976562 283.940734863281 283.193115234375 282.667205810547 282.664093017578 283.039459228516 283.438873291016 283.513488769531 283.332641601562 283.472900390625 283.78564453125 284.018280029297 283.755920410156 283.736602783203 283.861877441406 283.817993164062 283.907104492188 284.106201171875 284.167053222656 284.2109375 284.651794433594 285.179901123047 285.597290039062 285.8935546875 285.564025878906 285.36962890625
285.727905273438 285.564605712891 285.474700927734 285.636352539062 285.715515136719 285.670227050781 285.537933349609 285.431549072266 285.095977783203 284.828765869141 284.647430419922 285.016540527344 284.952026367188 284.769744873047 284.939453125 284.650329589844 283.810852050781 283.002288818359 282.921875 283.124114990234 283.328308105469 283.293487548828 283.461364746094 283.727020263672 283.968933105469 283.963134765625 283.861480712891 283.878021240234 283.432037353516 282.878814697266 282.605773925781 282.907867431641 283.221862792969 283.286376953125 283.153045654297 283.417388916016 283.714263916016 283.888519287109 283.614288330078 283.563690185547 283.560089111328 283.690155029297 284.171051025391 284.50341796875 284.765594482422 284.872802734375 285.126037597656 285.446563720703 285.593627929688 285.888092041016 285.661071777344 285.337982177734
285.917602539062 285.881744384766 285.832641601562 285.774841308594 285.700073242188 285.503723144531 285.19921875 285.134796142578 284.927856445312 284.792785644531 284.360198974609 284.602325439453 284.835662841797 284.650939941406 284.641571044922 284.757263183594 284.305267333984 283.378173828125 283.287261962891 283.240509033203 283.149078369141 283.123046875 283.422058105469 283.776245117188 283.949554443359 283.703430175781 283.571319580078 283.852355957031 283.710632324219 283.350921630859 282.823486328125 282.723937988281 282.900207519531 283.053070068359 283.067413330078 283.434326171875 283.759399414062 283.726531982422 283.368835449219 283.418579101562 283.657836914062 283.96435546875 284.229919433594 284.129150390625 284.671203613281 285.171875 285.410614013672 285.558166503906 285.786499023438 285.877716064453 285.797454833984 285.488037109375
286.054656982422 286.067657470703 285.906311035156 285.773132324219 285.683624267578 285.538696289062 285.372711181641 285.124145507812 284.807861328125 284.662017822266 284.474548339844 284.532196044922 284.828765869141 284.980224609375 284.756927490234 284.572814941406 284.655212402344 284.250122070312 283.918579101562 283.574493408203 283.087310791016 283.215393066406 283.523162841797 283.827972412109 283.852661132812 283.494201660156 283.477020263672 283.687164306641 283.533233642578 283.39697265625 283.174255371094 282.890563964844 282.767272949219 282.871063232422 283.093658447266 283.361175537109 283.526580810547 283.462890625 283.449401855469 283.622253417969 283.898712158203 283.912231445312 283.899658203125 283.801177978516 284.226989746094 284.730499267578 285.188079833984 285.574371337891 285.745391845703 285.561859130859 285.563812255859 285.602935791016
286.055236816406 286.09130859375 285.924102783203 285.746887207031 285.710540771484 285.675476074219 285.552062988281 285.383361816406 285.107971191406 284.885894775391 284.737365722656 284.623779296875 284.675323486328 284.614501953125 284.508819580078 284.500885009766 284.505950927734 284.597747802734 284.171020507812 283.885803222656 283.631988525391 283.528198242188 283.76025390625 284.169616699219 284.064880371094 283.621429443359 283.376586914062 283.461273193359 283.481536865234 283.210052490234 283.110992431641 282.928741455078 282.8359375 282.880737304688 283.059051513672 283.250732421875 283.298278808594 283.240783691406 283.381072998047 283.556915283203 283.954833984375 284.104339599609 284.198760986328 284.379302978516 284.582885742188 285.062103271484 285.426879882812 285.684020996094 285.487518310547 285.054016113281 284.993499755859 285.274505615234
285.938598632812 286.026000976562 285.910430908203 285.698547363281 285.584228515625 285.618316650391 285.533508300781 285.503173828125 285.358062744141 285.06298828125 284.76904296875 284.590179443359 284.520751953125 284.365966796875 284.256774902344 284.46923828125 284.289764404297 284.261352539062 284.373474121094 284.449188232422 284.526489257812 284.409332275391 284.331390380859 284.786529541016 284.685943603516 284.187530517578 283.804534912109 283.469421386719 283.32958984375 283.120025634766 283.059967041016 283.089019775391 283.133636474609 282.997650146484 283.0986328125 283.349670410156 283.499206542969 283.369415283203 283.298736572266 283.402404785156 283.983825683594 284.57861328125 284.918090820312 285.079833984375 285.14501953125 285.475646972656 285.252960205078 285.224700927734 285.316345214844 284.868469238281 284.500610351562 284.770874023438
285.737548828125 285.719329833984 285.785736083984 285.880645751953 285.773498535156 285.372467041016 285.060852050781 285.154754638672 285.299713134766 285.142364501953 284.760284423828 284.572113037109 284.492401123047 284.472381591797 284.610778808594 284.739288330078 284.443450927734 284.223785400391 284.509826660156 284.808288574219 284.799194335938 284.814056396484 284.508911132812 284.582763671875 285.036956787109 284.991760253906 284.581604003906 284.091796875 283.460845947266 283.119415283203 283.259643554688 283.421539306641 283.506225585938 283.513427734375 283.471221923828 283.651733398438 284.011077880859 284.058410644531 283.961761474609 284.068023681641 284.363250732422 284.830932617188 284.885345458984 284.635284423828 284.904388427734 285.363800048828 284.733917236328 284.808074951172 285.189880371094 284.806457519531 284.414367675781 284.538970947266
285.434997558594 285.654083251953 285.881622314453 286.017395019531 285.885192871094 285.350830078125 284.865478515625 284.657989501953 284.779479980469 285.144439697266 285.051849365234 284.517486572266 283.921875 283.946655273438 284.526092529297 284.834808349609 284.174835205078 283.830108642578 284.106079101562 284.739501953125 285.022247314453 285.054077148438 284.850646972656 284.690399169922 284.980590820312 285.453887939453 285.315155029297 284.936950683594 284.336822509766 283.627380371094 283.300354003906 283.373565673828 283.537261962891 283.735565185547 283.915557861328 283.92041015625 284.076568603516 284.306976318359 284.299346923828 284.304443359375 284.399444580078 284.444519042969 284.272369384766 284.148742675781 284.652801513672 285.168273925781 284.797668457031 284.822326660156 284.82763671875 284.419738769531 284.268676757812 284.261871337891
285.547882080078 285.687316894531 285.879302978516 285.753753662109 285.652465820312 285.180480957031 284.699096679688 284.545104980469 284.824798583984 285.052856445312 284.709045410156 284.249847412109 284.089538574219 284.112243652344 284.532958984375 284.833099365234 284.420928955078 284.418853759766 284.747650146484 285.133453369141 285.429901123047 285.617919921875 285.578216552734 285.429504394531 285.36083984375 285.564880371094 285.739044189453 285.409149169922 284.874084472656 284.444152832031 283.843902587891 283.380645751953 283.404205322266 283.603637695312 283.884796142578 283.753021240234 283.803588867188 284.027313232422 283.81103515625 283.815063476562 283.932006835938 283.811065673828 283.895843505859 284.140258789062 284.700897216797 284.971343994141 284.582702636719 284.746459960938 284.424713134766 284.146759033203 284.170959472656 284.234130859375
285.988739013672 286.060241699219 286.064636230469 285.906616210938 285.869354248047 285.711761474609 285.571441650391 285.443786621094 285.499938964844 285.446411132812 285.075164794922 284.994567871094 284.980804443359 284.828918457031 284.821411132812 284.820190429688 284.884368896484 285.031463623047 285.156646728516 285.230743408203 285.323791503906 285.600708007812 285.679565429688 285.748657226562 285.853729248047 286.046081542969 286.029846191406 285.747009277344 285.468536376953 285.278930664062 284.779510498047 284.017517089844 283.518646240234 283.596405029297 283.710632324219 283.539398193359 283.53466796875 283.743041992188 283.855834960938 283.986511230469 284.214721679688 284.125549316406 284.269378662109 284.720825195312 285.021057128906 284.694458007812 284.330444335938 284.507080078125 284.483154296875 284.538879394531 284.808837890625 284.966674804688
286.444152832031 286.496368408203 286.468231201172 286.276031494141 286.210815429688 286.199096679688 286.233062744141 286.188781738281 285.961975097656 285.811462402344 285.89501953125 285.723419189453 285.409790039062 285.181945800781 285.048736572266 285.255920410156 285.334777832031 285.014923095703 284.870422363281 284.876922607422 284.962188720703 285.194091796875 285.395446777344 285.8876953125 285.991943359375 286.102233886719 286.033813476562 285.658386230469 285.413421630859 285.328430175781 284.962829589844 284.258087158203 283.644927978516 283.468170166016 283.618499755859 283.533569335938 283.423492431641 283.543029785156 283.9345703125 284.23486328125 284.576416015625 284.749267578125 284.897827148438 284.921142578125 284.685943603516 284.578308105469 284.553619384766 284.683441162109 285.015441894531 285.094421386719 285.373504638672 285.622650146484
286.651947021484 286.674102783203 286.718780517578 286.650299072266 286.580352783203 286.509643554688 286.493194580078 286.515625 286.36865234375 286.247863769531 286.200103759766 285.551147460938 285.479217529297 285.666839599609 285.719451904297 285.852874755859 285.883819580078 285.583435058594 285.408264160156 285.618988037109 285.878967285156 285.931304931641 285.901397705078 285.766845703125 286.073608398438 286.06591796875 285.898071289062 285.801849365234 285.358795166016 284.930053710938 284.963958740234 284.779846191406 284.268859863281 283.679138183594 283.581176757812 283.578002929688 283.655700683594 283.824615478516 284.134033203125 284.350341796875 284.525054931641 284.720001220703 284.863647460938 284.755157470703 284.571380615234 285.017608642578 285.234313964844 285.294708251953 285.532745361328 285.626678466797 285.812927246094 286.15966796875
286.818969726562 286.827301025391 286.814147949219 286.774719238281 286.729064941406 286.686614990234 286.668914794922 286.739807128906 286.767272949219 286.8115234375 286.799041748047 286.303375244141 285.983154296875 285.806976318359 285.820007324219 285.74853515625 285.563629150391 285.483856201172 285.558654785156 285.745056152344 285.760681152344 285.629608154297 285.700164794922 285.39697265625 285.887023925781 286.181121826172 286.147064208984 286.051696777344 285.625793457031 285.021331787109 285.114685058594 284.983093261719 284.515655517578 284.169830322266 283.927673339844 283.904449462891 284.035552978516 284.099975585938 284.050476074219 284.184356689453 284.248291015625 284.420593261719 284.598388671875 284.640899658203 284.838745117188 285.271606445312 285.641448974609 285.877471923828 286.009063720703 286.138153076172 286.371612548828 286.550445556641
286.86962890625 286.990631103516 286.917755126953 286.709686279297 286.608947753906 286.688354492188 286.861785888672 286.988525390625 287.020538330078 287.041778564453 286.956756591797 286.651123046875 286.655151367188 286.269012451172 285.805328369141 285.47021484375 285.488739013672 285.854522705078 285.901641845703 285.833221435547 285.6689453125 285.717041015625 285.884582519531 285.819030761719 285.992431640625 286.234619140625 286.483642578125 286.202941894531 285.984283447266 285.615386962891 285.386840820312 284.967651367188 284.475646972656 284.561920166016 284.662353515625 284.565643310547 284.683166503906 284.621337890625 284.318481445312 284.310882568359 284.384796142578 284.505340576172 284.543090820312 284.631317138672 284.881072998047 284.964904785156 285.462371826172 285.937683105469 286.265106201172 286.429748535156 286.519317626953 286.854858398438
286.953704833984 287.099304199219 287.041168212891 286.762359619141 286.596588134766 286.627655029297 286.814910888672 287.042053222656 287.166900634766 287.201019287109 287.109008789062 286.808471679688 286.763092041016 286.435577392578 286.329528808594 286.236785888672 286.301330566406 286.637420654297 286.715026855469 286.733001708984 286.683013916016 286.748779296875 286.848327636719 286.775726318359 286.757568359375 286.7412109375 286.560699462891 286.322509765625 286.170745849609 285.88330078125 285.571044921875 285.178924560547 284.692260742188 284.611328125 284.960540771484 285.096252441406 285.3056640625 285.277160644531 285.227600097656 285.187438964844 285.202575683594 285.325164794922 285.389831542969 285.564605712891 285.667053222656 285.564514160156 285.833892822266 286.198486328125 286.463897705078 286.669372558594 286.611083984375 286.896423339844
287.188659667969 287.265014648438 287.250122070312 286.929138183594 286.454284667969 286.379699707031 286.739166259766 287.108673095703 287.275512695312 287.230743408203 287.176239013672 287.212249755859 286.909118652344 286.705200195312 286.772613525391 286.793640136719 286.610260009766 286.44775390625 286.763336181641 286.989593505859 286.931915283203 286.854064941406 286.908996582031 286.826873779297 286.824951171875 286.544372558594 285.859832763672 285.968292236328 286.088317871094 286.095672607422 286.018859863281 285.737609863281 285.425415039062 285.00244140625 285.124938964844 285.366424560547 285.590270996094 285.698883056641 285.797271728516 285.898284912109 285.955505371094 286.169097900391 286.116149902344 286.263061523438 286.417785644531 286.398620605469 286.522247314453 286.737731933594 286.931457519531 286.973236083984 286.973907470703 286.780639648438
