R_scripts/int_process_data/Bio_18_2001.2020.asc
NCOLS 281 
NROWS 577 
XLLCORNER 81175.2677831308 
YLLCORNER -911.770678700996 
CELLSIZE 1000 
NODATA_value -3.4e+38 
[rows 42 to 62 of 577, columns 96 to 143 of 281]
1.98646237237199e-08 1.94809022247e-08 1.9212899715626e-08 1.92755056360738e-08 1.95316918194521e-08 1.95415275072719e-08 1.93886258159637e-08 1.92265918741441e-08 1.93230942358014e-08 1.93276274984555e-08 1.92769409324001e-08 1.9251977789736e-08 1.91845277441871e-08 1.92199269832827e-08 1.90633233643211e-08 1.91078850519943e-08 1.92217175509768e-08 1.92508764484955e-08 1.91415541195283e-08 1.87792750239169e-08 1.82461565856329e-08 1.81340240601457e-08 1.8078651464748e-08 1.77014971569633e-08 1.73643446288452e-08 1.74417618126199e-08 1.75535195268139e-08 1.74109917594478e-08 1.73556049531953e-08 1.7280362030192e-08 1.730762733132e-08 1.73930754243656e-08 1.7336329705131e-08 1.72871494896754e-08 1.73549459248079e-08 1.71846608054693e-08 1.69898317636807e-08 1.68074567596932e-08 1.65367488591528e-08 1.61764965866951e-08 1.58718158616011e-08 1.56041490839698e-08 1.54286503573076e-08 1.52567789513114e-08 1.5054338220466e-08 1.48769236929525e-08 1.46841578896328e-08 1.44555034609084e-08
1.94620479732066e-08 1.92262596954151e-08 1.93788132207828e-08 1.9421074526349e-08 1.9291210406891e-08 1.92503861740079e-08 1.91819431449858e-08 1.91627780310455e-08 1.92863165437984e-08 1.93063343090216e-08 1.93116864721787e-08 1.95321163687368e-08 1.96730205459517e-08 1.97498124521189e-08 1.95516118850492e-08 1.95707077210727e-08 1.94382892004796e-08 1.92656219866194e-08 1.90789197773711e-08 1.85900450588861e-08 1.82360704314988e-08 1.83037780487894e-08 1.8059482798094e-08 1.76261458761928e-08 1.73770136058238e-08 1.74893255433517e-08 1.77022130287696e-08 1.77278671742442e-08 1.7677676211747e-08 1.7442557620484e-08 1.74654335438618e-08 1.76238827975794e-08 1.754847467339e-08 1.74698033816867e-08 1.74956564791273e-08 1.73736509623268e-08 1.71025256179291e-08 1.68759886065573e-08 1.65844102895107e-08 1.61942956822259e-08 1.58951412032593e-08 1.56959920616373e-08 1.5557459320803e-08 1.54067212321252e-08 1.52278563092523e-08 1.50546561883402e-08 1.48405518984873e-08 1.463905086041e-08
1.96115248485285e-08 1.95687661630473e-08 1.95318516915677e-08 1.94586213808634e-08 1.92027531653594e-08 1.93785396618296e-08 1.94769018690977e-08 1.95473148778547e-08 1.9636969383896e-08 1.96066682889295e-08 1.97637319843125e-08 2.01453911330418e-08 2.0275994216945e-08 2.0184543814139e-08 1.9880030066588e-08 1.963677043193e-08 1.94050713275828e-08 1.92974365376131e-08 1.90719102732828e-08 1.86473769758777e-08 1.85684694287147e-08 1.86495157095123e-08 1.81672401566857e-08 1.78497838732028e-08 1.7609419700193e-08 1.76299383980449e-08 1.78109189619136e-08 1.79784258591553e-08 1.77630052888844e-08 1.75541785552014e-08 1.75607457464366e-08 1.7660831019839e-08 1.76868244494699e-08 1.75898673404618e-08 1.75872809649036e-08 1.74034031630299e-08 1.70063199078641e-08 1.67583262822291e-08 1.65217226566483e-08 1.62131712500013e-08 1.59914375075232e-08 1.58165267549748e-08 1.56785393556902e-08 1.55017865210993e-08 1.53112260647958e-08 1.51384007551769e-08 1.49380614544725e-08 1.4743010368079e-08
1.97242915334073e-08 1.95432274807672e-08 1.92275422250532e-08 1.92317965996835e-08 1.91504607727211e-08 1.93994988961776e-08 1.9786279281675e-08 1.99310363768745e-08 1.99846557080718e-08 2.00883203405056e-08 2.02933030379882e-08 2.05467163283402e-08 2.05182111301383e-08 2.01988648029783e-08 1.98579925836384e-08 1.96527345508457e-08 1.95234832744973e-08 1.92556992573145e-08 1.88508764153994e-08 1.86205166841091e-08 1.8887170938342e-08 1.87981630261902e-08 1.81571309099127e-08 1.79478121253851e-08 1.77826500191713e-08 1.77824706071306e-08 1.78084409441226e-08 1.79712902337315e-08 1.77262933220845e-08 1.76682615204982e-08 1.7672311614092e-08 1.76826819853204e-08 1.7727758816477e-08 1.76000636287199e-08 1.7587829859167e-08 1.73334964159721e-08 1.69133222982509e-08 1.65967612986151e-08 1.6311902939492e-08 1.61105031537545e-08 1.59638826602304e-08 1.57984452187065e-08 1.56479309509905e-08 1.54771289118116e-08 1.52780721407453e-08 1.51061030351229e-08 1.48987941983592e-08 1.46954750590567e-08
1.95042346717855e-08 1.91845490604692e-08 1.90193336635502e-08 1.90407138944693e-08 1.92586284697427e-08 1.95696276961144e-08 1.99995593419544e-08 2.01447658554343e-08 2.01134504607126e-08 2.03096277573422e-08 2.04400958381257e-08 2.03316332658687e-08 2.01608614247561e-08 1.98712974963655e-08 1.95760989640803e-08 1.93783815660709e-08 1.93783531443614e-08 1.90164257674041e-08 1.86811508484652e-08 1.86688033920746e-08 1.904644619799e-08 1.86793744916258e-08 1.81048900316227e-08 1.79882615469751e-08 1.78634333991567e-08 1.78277907991742e-08 1.78150667551336e-08 1.79210211115333e-08 1.77578733939754e-08 1.780083813685e-08 1.78844228315711e-08 1.78925780858208e-08 1.77623622477086e-08 1.75854619755e-08 1.75083698650269e-08 1.71568874662853e-08 1.67859308675133e-08 1.64451101625218e-08 1.61825326472353e-08 1.60342565891369e-08 1.58701869423794e-08 1.57404294043317e-08 1.55827546421961e-08 1.54090109560912e-08 1.52101318207087e-08 1.50017420708082e-08 1.47693484109368e-08 1.4553075189383e-08
1.94633678063383e-08 1.93445401919234e-08 1.92067002302565e-08 1.92503080143069e-08 1.95537452896133e-08 1.97994225459297e-08 2.00712246822832e-08 2.02625791700939e-08 2.02494039314161e-08 2.02409289329353e-08 2.0015734847334e-08 1.9707083964704e-08 1.94166034361842e-08 1.90693327795088e-08 1.8812698954207e-08 1.90439486402738e-08 1.92587172875847e-08 1.87610140756078e-08 1.85821065201708e-08 1.88337825335338e-08 1.90793194576599e-08 1.84953883319849e-08 1.8109002297706e-08 1.811812744279e-08 1.80221881862508e-08 1.7978861066581e-08 1.79964949609257e-08 1.7898161175367e-08 1.77832308878578e-08 1.7828611476034e-08 1.79713843806439e-08 1.79664088051368e-08 1.76578591748466e-08 1.74939813746278e-08 1.73985590379289e-08 1.70423941625586e-08 1.6657397239328e-08 1.6351467735376e-08 1.61431845668858e-08 1.60125068759953e-08 1.58467781119498e-08 1.57105191078699e-08 1.55426480574761e-08 1.53278882919494e-08 1.50952264021953e-08 1.48475916006419e-08 1.45907712578719e-08 1.43671234908993e-08
1.96878993108385e-08 1.95966833871353e-08 1.93777420776087e-08 1.95121199197956e-08 1.97221101672085e-08 1.99254817090377e-08 2.01013037326447e-08 2.01633092444808e-08 2.00408383221884e-08 1.97729974615868e-08 1.94217584237322e-08 1.91332372168063e-08 1.88170599102477e-08 1.86090876042044e-08 1.85342692304857e-08 1.90596445293068e-08 1.92967899437235e-08 1.88547577550935e-08 1.86241386757047e-08 1.89901818714588e-08 1.90421083345882e-08 1.83808914755446e-08 1.81305424007405e-08 1.82402768444945e-08 1.82500521361817e-08 1.81548998057224e-08 1.81760437811818e-08 1.79077783712955e-08 1.77821366520448e-08 1.78057479871541e-08 1.79118337939599e-08 1.78180386001259e-08 1.74969354560517e-08 1.74038525813103e-08 1.73273626558057e-08 1.69593423748893e-08 1.65675100305407e-08 1.63061244506935e-08 1.61287267985699e-08 1.59785944475743e-08 1.58228097291158e-08 1.56438417775462e-08 1.54185837430987e-08 1.51544057302999e-08 1.48857397519464e-08 1.46635974473952e-08 1.44171607985299e-08 1.41861988822711e-08
1.97455989336959e-08 1.95262188640299e-08 1.93676168436241e-08 1.9638340731376e-08 1.98072349633094e-08 1.99945358048126e-08 1.99968468450606e-08 1.97959106884582e-08 1.96383940220812e-08 1.93448421725861e-08 1.89777615844378e-08 1.86728179585316e-08 1.85240551786592e-08 1.85407849073727e-08 1.84873414355025e-08 1.89865794197885e-08 1.93939566628387e-08 1.91222309098293e-08 1.89085724855431e-08 1.92036235802107e-08 1.89773654568626e-08 1.83798594122209e-08 1.82246235880257e-08 1.83190227431851e-08 1.84609785236489e-08 1.83583637181073e-08 1.81967489965018e-08 1.79833712365962e-08 1.78273413808938e-08 1.77921339883369e-08 1.78331855948954e-08 1.77071441953558e-08 1.75037460081739e-08 1.74019856302721e-08 1.71871015197667e-08 1.6792604640159e-08 1.64785411982393e-08 1.62693005734127e-08 1.61039359625192e-08 1.59301762892028e-08 1.5722562807241e-08 1.54877781710638e-08 1.52144359333306e-08 1.49281831340886e-08 1.46843230908189e-08 1.44752565489625e-08 1.42507747824538e-08 1.40324329933605e-08
1.96398772800421e-08 1.93825933081371e-08 1.94195468594671e-08 1.97117575595485e-08 1.97846361515985e-08 1.97870839713232e-08 1.96003213659424e-08 1.92460962722407e-08 1.91418401129795e-08 1.90092119822793e-08 1.86660606971145e-08 1.83547950172169e-08 1.84090946930837e-08 1.85256983087356e-08 1.83121269259345e-08 1.85568840294081e-08 1.91702955731898e-08 1.92841742574501e-08 1.90957702983496e-08 1.9260317785097e-08 1.89130737737742e-08 1.85193158586117e-08 1.84235222633333e-08 1.84629733723796e-08 1.85382056372418e-08 1.83121056096525e-08 1.81653856401454e-08 1.80948571681938e-08 1.79349459727973e-08 1.78070997947088e-08 1.77252452715493e-08 1.75921641698551e-08 1.74515211170956e-08 1.72330807401977e-08 1.69396781046771e-08 1.66007101398691e-08 1.63690661025839e-08 1.62034581308035e-08 1.60268314175482e-08 1.57897339647661e-08 1.55305102111924e-08 1.53012535974995e-08 1.50520325092884e-08 1.47875987011048e-08 1.45392924366661e-08 1.43077620862186e-08 1.40713414253923e-08 1.38963516249646e-08
1.94727967084418e-08 1.93259435121718e-08 1.95194296281898e-08 1.95843021799647e-08 1.93919422741828e-08 1.92186693226404e-08 1.91176532382542e-08 1.87757898117979e-08 1.85838722188691e-08 1.86323099171659e-08 1.8619047637003e-08 1.84092936450497e-08 1.84419786108947e-08 1.84943029779561e-08 1.82063164544388e-08 1.8217839681256e-08 1.87190707379159e-08 1.92160349854475e-08 1.92383300401389e-08 1.91862312703961e-08 1.89201365685676e-08 1.87486168812256e-08 1.86677748814645e-08 1.85933703988894e-08 1.84516011358937e-08 1.82263875103672e-08 1.80262933469066e-08 1.79047123793907e-08 1.78192642863451e-08 1.76299987941775e-08 1.74326633128885e-08 1.72791629893254e-08 1.72173173496049e-08 1.70530576326655e-08 1.67770686232416e-08 1.64663038759727e-08 1.62586513141605e-08 1.61081654681539e-08 1.58719473120073e-08 1.5583175638767e-08 1.53392338830827e-08 1.51225236777464e-08 1.48812091538275e-08 1.46263516853651e-08 1.43730432000666e-08 1.4170295159488e-08 1.39630085271847e-08 1.38091946766394e-08
1.93077749344184e-08 1.93425755412591e-08 1.94322371527278e-08 1.92917557484407e-08 1.89892581659024e-08 1.87381044014501e-08 1.865655363531e-08 1.86497928211793e-08 1.86012272251901e-08 1.86596018636465e-08 1.88600068895539e-08 1.87607085422314e-08 1.86757453946029e-08 1.85844690747672e-08 1.82866504161439e-08 1.82246910895856e-08 1.84230906086214e-08 1.88739708306684e-08 1.91590512343964e-08 1.91101570123919e-08 1.8892833963946e-08 1.872120414248e-08 1.85354256387882e-08 1.82718178365349e-08 1.80276931160961e-08 1.78480075163634e-08 1.76304499888147e-08 1.74723098211871e-08 1.74730132584955e-08 1.7382308925562e-08 1.72046892288336e-08 1.70223728446217e-08 1.68798042210483e-08 1.67372267156907e-08 1.65814508790163e-08 1.63951181519906e-08 1.61913700225114e-08 1.60024544726411e-08 1.57437405334804e-08 1.54544590458272e-08 1.52359511673694e-08 1.50152619227129e-08 1.47591512345002e-08 1.45036089804762e-08 1.42693918903092e-08 1.40880338506122e-08 1.389623616177e-08 1.37544127198908e-08
1.91856930342738e-08 1.92584543867724e-08 1.92130507059574e-08 1.89843021303204e-08 1.86909385746503e-08 1.84918800272271e-08 1.85472686098365e-08 1.88011313184688e-08 1.89038988906987e-08 1.88656290589506e-08 1.89981701481656e-08 1.91088638246129e-08 1.89490805269088e-08 1.87682758223673e-08 1.85838722188691e-08 1.84855508678083e-08 1.83960988664467e-08 1.85959390108792e-08 1.89343971612743e-08 1.8859253714254e-08 1.84888513388159e-08 1.81156547540695e-08 1.79019306045802e-08 1.76960419651095e-08 1.74751484394164e-08 1.73480305676321e-08 1.71992802222576e-08 1.70833125423542e-08 1.71366583145982e-08 1.71139671323317e-08 1.70249432329683e-08 1.68655454046984e-08 1.66758944430967e-08 1.6524612789226e-08 1.63904392280756e-08 1.62353455124276e-08 1.6030041294357e-08 1.58364752422813e-08 1.56085704361431e-08 1.53628363364078e-08 1.51386672087028e-08 1.49072363342384e-08 1.46587124660869e-08 1.44319614037158e-08 1.42338327790981e-08 1.40652369751137e-08 1.38650477765623e-08 1.37347129225418e-08
1.90357027918253e-08 1.90649807052523e-08 1.89920754678496e-08 1.86699509185928e-08 1.82952533123171e-08 1.83497217420836e-08 1.86965447568355e-08 1.89830426933213e-08 1.90509688025031e-08 1.90837052826964e-08 1.91431013263355e-08 1.92421065747794e-08 1.9199040579565e-08 1.90503897101735e-08 1.88747595331051e-08 1.88373174836443e-08 1.86536937007986e-08 1.86493398501852e-08 1.8789217293147e-08 1.85393531637601e-08 1.80903327873239e-08 1.76724430644981e-08 1.74707608380231e-08 1.74035932332117e-08 1.71816765259791e-08 1.71068563759036e-08 1.6992638407487e-08 1.69000955452248e-08 1.68653677690145e-08 1.67579479182223e-08 1.66993974204388e-08 1.66492242215099e-08 1.64910556321729e-08 1.63727875701625e-08 1.62480660037545e-08 1.60638755630771e-08 1.58379833692379e-08 1.56412092167102e-08 1.54476786917712e-08 1.52379566742411e-08 1.49968926166366e-08 1.47453516063933e-08 1.45332679224452e-08 1.43817251441192e-08 1.41995704083797e-08 1.40190437036836e-08 1.38203866129061e-08 1.36907809533682e-08
1.88892741448399e-08 1.88638562548249e-08 1.86974968841014e-08 1.84573956119038e-08 1.83107271567451e-08 1.84466699693075e-08 1.87069542079144e-08 1.89825897223272e-08 1.90812929901085e-08 1.90920417253437e-08 1.91321944953415e-08 1.91709172980836e-08 1.91638385160786e-08 1.91325248977137e-08 1.89567721520234e-08 1.88696045455572e-08 1.87845756727256e-08 1.86945907643121e-08 1.85005699648855e-08 1.81176993407917e-08 1.77826322556029e-08 1.76515513317099e-08 1.76052399325499e-08 1.75226109178084e-08 1.73011791559929e-08 1.72282899058018e-08 1.71041669716487e-08 1.69380882653059e-08 1.66910734122894e-08 1.64050319995113e-08 1.63379727524671e-08 1.63837032829406e-08 1.62709419271323e-08 1.61985038715784e-08 1.61098832052176e-08 1.59236996921663e-08 1.57205164441621e-08 1.55178554450686e-08 1.5326532931681e-08 1.5112329165845e-08 1.48776475583645e-08 1.46333052342129e-08 1.44127119128257e-08 1.42484166687495e-08 1.41021629929128e-08 1.39447520197677e-08 1.37610900452501e-08 1.36441995479686e-08
1.86929849377293e-08 1.8633702580928e-08 1.85047959178064e-08 1.84589801222046e-08 1.84995485597028e-08 1.85246484818435e-08 1.87249504790543e-08 1.89050073373664e-08 1.89560971364244e-08 1.89274143025386e-08 1.88351201302339e-08 1.87803195217384e-08 1.8665369694304e-08 1.87650872618406e-08 1.8662062117869e-08 1.84207973319417e-08 1.83504091921805e-08 1.82469594989243e-08 1.80430710372548e-08 1.77811081414347e-08 1.77073911089565e-08 1.77893824115927e-08 1.77617014429643e-08 1.76218755143509e-08 1.74451795231789e-08 1.72593210834293e-08 1.70954610467788e-08 1.68090856789149e-08 1.64967666194116e-08 1.62059770048018e-08 1.60855506692315e-08 1.61284372524051e-08 1.60634634482903e-08 1.60480109201444e-08 1.5962692501148e-08 1.5760402760634e-08 1.55644084287587e-08 1.5383207596642e-08 1.52130681385643e-08 1.49973544694149e-08 1.47515883952565e-08 1.45150105268499e-08 1.43222624870987e-08 1.41376181872488e-08 1.39719320557674e-08 1.38389335546663e-08 1.37137714517621e-08 1.36112996429461e-08
1.84955286641753e-08 1.84685138293617e-08 1.84800423852494e-08 1.84746369313871e-08 1.85168289590365e-08 1.85279365183533e-08 1.86609252494918e-08 1.87650464056333e-08 1.87520807770625e-08 1.87176105725939e-08 1.8550403879658e-08 1.8389304301536e-08 1.8161385284543e-08 1.81434938184566e-08 1.81781523167501e-08 1.79407368960938e-08 1.7844904220965e-08 1.78021721808364e-08 1.77620762542574e-08 1.77001222567696e-08 1.76950862851299e-08 1.76927397177451e-08 1.76813230723383e-08 1.75416747794088e-08 1.73226641919655e-08 1.70966565349318e-08 1.69135105920759e-08 1.66383014033045e-08 1.63787774454249e-08 1.61424864586479e-08 1.59756865514282e-08 1.59528426024735e-08 1.5922465124163e-08 1.59157096391027e-08 1.58201043376494e-08 1.56149333463418e-08 1.54220956005702e-08 1.52518975227167e-08 1.50916097396703e-08 1.48740006977732e-08 1.46092977715284e-08 1.43769742777522e-08 1.42186999951832e-08 1.40776847956658e-08 1.39127251941318e-08 1.37746258843663e-08 1.36782203341568e-08 1.35542981283265e-08
1.83277233389845e-08 1.83294588396166e-08 1.83594011105015e-08 1.83827388866575e-08 1.84444335360467e-08 1.84773227829282e-08 1.85526989326945e-08 1.86085635789368e-08 1.85881479097816e-08 1.851830511157e-08 1.83548252152832e-08 1.81471762061847e-08 1.80108532532586e-08 1.78331536204723e-08 1.78366104108818e-08 1.77700165693295e-08 1.76988645961274e-08 1.76282739516864e-08 1.75382837142024e-08 1.74860694812651e-08 1.75133010316131e-08 1.75077818909131e-08 1.75252345968602e-08 1.74239129790976e-08 1.72000671483374e-08 1.69738942901176e-08 1.67714802046248e-08 1.65905849058845e-08 1.63571129974116e-08 1.61180953028861e-08 1.5956697296815e-08 1.59054547310689e-08 1.58507535985564e-08 1.57873856210244e-08 1.56677941731687e-08 1.54742512137318e-08 1.5272965114832e-08 1.5107728401631e-08 1.49560115403347e-08 1.47370906589117e-08 1.44678766744732e-08 1.42551792592371e-08 1.40970097817217e-08 1.39451392655587e-08 1.38115066050659e-08 1.37109053000017e-08 1.36224231894744e-08 1.35151037028436e-08
1.8190508654925e-08 1.82094836986835e-08 1.82398647297077e-08 1.82770065748628e-08 1.83232096162556e-08 1.83554416111065e-08 1.83979818046964e-08 1.84111339507353e-08 1.84113879697634e-08 1.83199269088163e-08 1.81292794110277e-08 1.80120665049799e-08 1.80394916782234e-08 1.7914453920298e-08 1.77808754386888e-08 1.76950170072132e-08 1.76213834635064e-08 1.74840533162524e-08 1.73022698390923e-08 1.72187597513584e-08 1.72703380485473e-08 1.73737433328824e-08 1.74031988819934e-08 1.72729617275991e-08 1.70881673255963e-08 1.6859655005419e-08 1.67037921272595e-08 1.65795697171234e-08 1.63546651776869e-08 1.61128212994299e-08 1.5978121936655e-08 1.5900951666481e-08 1.57951181023464e-08 1.56592552258417e-08 1.55184665118213e-08 1.53360257826307e-08 1.51271208892467e-08 1.49777115154848e-08 1.48280872025452e-08 1.46006184920111e-08 1.43441640787501e-08 1.41297107347782e-08 1.39767717399764e-08 1.38418210227087e-08 1.37356970242308e-08 1.36429356700773e-08 1.35345779028739e-08 1.34491919823176e-08
1.80433481489217e-08 1.8055732908806e-08 1.80533863414212e-08 1.80845454167411e-08 1.80791754900156e-08 1.80685955086801e-08 1.80959425222227e-08 1.81124075737671e-08 1.8189147965586e-08 1.81532939791396e-08 1.79413408574192e-08 1.79437353864387e-08 1.80119137382917e-08 1.79390049481754e-08 1.77139938273285e-08 1.76001364593503e-08 1.75242593769553e-08 1.73941394621124e-08 1.72555250088635e-08 1.71525140757467e-08 1.71030549722673e-08 1.71929865899756e-08 1.72430585365646e-08 1.71296115070163e-08 1.70286735823311e-08 1.68465970062925e-08 1.66862008654789e-08 1.64952567160981e-08 1.6303497218928e-08 1.61253925767824e-08 1.60017137318391e-08 1.5848556245146e-08 1.56896504677206e-08 1.55343098384719e-08 1.53747716780117e-08 1.5184236090704e-08 1.49943950589204e-08 1.48293572976854e-08 1.46768988074086e-08 1.44540068802712e-08 1.42479770204318e-08 1.4021344973969e-08 1.38064821797457e-08 1.37142821543534e-08 1.36879449996741e-08 1.36202693568066e-08 1.35152857794196e-08 1.33934516810541e-08
1.7841397692564e-08 1.78474959255936e-08 1.78255454841292e-08 1.78631509584193e-08 1.77746724006056e-08 1.76822858577452e-08 1.77544539070595e-08 1.78387526972301e-08 1.79960686352842e-08 1.80024812834745e-08 1.78606907041967e-08 1.78707519893351e-08 1.79036181435777e-08 1.78155765695465e-08 1.76406391716455e-08 1.75609979891078e-08 1.74127734453577e-08 1.72955285648868e-08 1.72007421639364e-08 1.71137326532289e-08 1.70473395399995e-08 1.70809890676082e-08 1.71107572555229e-08 1.7038551902715e-08 1.69029590324499e-08 1.67241189785727e-08 1.65398592599786e-08 1.63808806519228e-08 1.62378093193638e-08 1.6117189360898e-08 1.59565658464089e-08 1.57449555615585e-08 1.55921107136692e-08 1.54662611606682e-08 1.52866501679227e-08 1.50593972847446e-08 1.48889105489047e-08 1.4721424967945e-08 1.45450593791452e-08 1.43202525393349e-08 1.41442662027202e-08 1.3939434495569e-08 1.37119355869686e-08 1.35994069339063e-08 1.3586601177451e-08 1.35724995686815e-08 1.35000428613807e-08 1.33971944649147e-08
1.76093255532805e-08 1.75948784431057e-08 1.7510215499783e-08 1.75350258757589e-08 1.74061138835668e-08 1.73076806220251e-08 1.7371990068682e-08 1.74985679279871e-08 1.76467658263846e-08 1.76565766452086e-08 1.77025647474238e-08 1.77727574879327e-08 1.77713523896728e-08 1.77136101342512e-08 1.76420797970422e-08 1.75774665933659e-08 1.73471299547145e-08 1.72228471484459e-08 1.71959282369016e-08 1.71368856882737e-08 1.70566778479042e-08 1.69691176665765e-08 1.69712510711406e-08 1.69060250243547e-08 1.67609019996462e-08 1.65674887142586e-08 1.64401807722925e-08 1.63661422192263e-08 1.62249307322782e-08 1.60399320492388e-08 1.58676574102401e-08 1.56858046551633e-08 1.55428558912263e-08 1.54162513865685e-08 1.52417172216701e-08 1.49964289875015e-08 1.48039669412015e-08 1.46736134354342e-08 1.44710279315063e-08 1.42182088325171e-08 1.40498883638429e-08 1.3864088543869e-08 1.36756508339886e-08 1.35594788730486e-08 1.35092435016304e-08 1.34529525297467e-08 1.33761375309405e-08 1.33145263703227e-08
