R_scripts/int_process_data/Bio_02_2001.2020.asc
NCOLS 281 
NROWS 577 
XLLCORNER 81175.2677831308 
YLLCORNER -911.770678700996 
CELLSIZE 1000 
NODATA_value -3.4e+38 
[rows 115 to 137 of 577, columns 51 to 101 of 281]
-3.4e+38 -3.4e+38 -3.4e+38 -3.4e+38 -3.4e+38 -3.4e+38 -3.4e+38 -3.4e+38 -3.4e+38 -3.4e+38 -3.4e+38 -3.4e+38 -3.4e+38 -3.4e+38 -3.4e+38 -3.4e+38 -3.4e+38 -3.4e+38 -3.4e+38 -3.4e+38 -3.4e+38 -3.4e+38 -3.4e+38 5.3655800819397 5.51082563400269 5.67360639572144 5.84235620498657 5.99450016021729 6.18752908706665 6.32191753387451 6.34068202972412 6.33389616012573 6.43956518173218 6.50840139389038 6.62492704391479 6.8130350112915 6.95971775054932 6.93393468856812 7.04620981216431 7.11466646194458 7.16544961929321 7.21767091751099 7.39176845550537 7.66144466400146 7.63291454315186 7.56485080718994 7.71433639526367 7.79995155334473 7.87303781509399 8.06331920623779 8.39051818847656
-3.4e+38 -3.4e+38 -3.4e+38 -3.4e+38 -3.4e+38 -3.4e+38 -3.4e+38 -3.4e+38 -3.4e+38 -3.4e+38 -3.4e+38 -3.4e+38 -3.4e+38 -3.4e+38 -3.4e+38 -3.4e+38 -3.4e+38 -3.4e+38 -3.4e+38 -3.4e+38 -3.4e+38 -3.4e+38 -3.4e+38 5.37925434112549 5.5210337638855 5.66427040100098 5.82043075561523 5.97795009613037 6.17310953140259 6.36498117446899 6.39987659454346 6.37654209136963 6.47497177124023 6.57702541351318 6.62074756622314 6.79884958267212 6.96048831939697 6.94051074981689 7.01244306564331 7.03852510452271 7.19704103469849 7.36381673812866 7.4240608215332 7.63635158538818 7.79770231246948 7.69343042373657 7.68099927902222 7.87298440933228 8.06523036956787 8.13310813903809 8.39274501800537
-3.4e+38 -3.4e+38 -3.4e+38 -3.4e+38 -3.4e+38 -3.4e+38 -3.4e+38 -3.4e+38 -3.4e+38 -3.4e+38 -3.4e+38 -3.4e+38 -3.4e+38 -3.4e+38 -3.4e+38 -3.4e+38 -3.4e+38 -3.4e+38 -3.4e+38 -3.4e+38 -3.4e+38 -3.4e+38 -3.4e+38 5.39620208740234 5.5294942855835 5.68486785888672 5.82549858093262 5.97449922561646 6.1753454208374 6.35437107086182 6.41398954391479 6.43335914611816 6.49587440490723 6.62371206283569 6.69699001312256 6.75412034988403 6.8956036567688 6.96964073181152 7.06723833084106 7.07502412796021 7.22175645828247 7.4697642326355 7.51420879364014 7.57703399658203 7.77085542678833 7.81802749633789 7.8283314704895 7.97364330291748 8.20606803894043 8.20922756195068 8.29379081726074
-3.4e+38 -3.4e+38 -3.4e+38 -3.4e+38 -3.4e+38 -3.4e+38 -3.4e+38 -3.4e+38 -3.4e+38 -3.4e+38 -3.4e+38 -3.4e+38 -3.4e+38 -3.4e+38 -3.4e+38 -3.4e+38 -3.4e+38 -3.4e+38 -3.4e+38 -3.4e+38 -3.4e+38 -3.4e+38 -3.4e+38 -3.4e+38 5.53699016571045 5.70803642272949 5.85208940505981 5.99501752853394 6.17691087722778 6.39931488037109 6.48485851287842 6.5060772895813 6.55484342575073 6.6524486541748 6.7508692741394 6.76020431518555 6.92089366912842 7.05899620056152 7.123863697052 7.10464906692505 7.20983362197876 7.41129589080811 7.58190059661865 7.55861616134644 7.57509326934814 7.69134759902954 7.90201663970947 7.98634004592896 8.09710502624512 8.1316089630127 8.282057762146
-3.4e+38 -3.4e+38 -3.4e+38 -3.4e+38 -3.4e+38 -3.4e+38 -3.4e+38 -3.4e+38 -3.4e+38 -3.4e+38 -3.4e+38 -3.4e+38 -3.4e+38 -3.4e+38 -3.4e+38 -3.4e+38 -3.4e+38 -3.4e+38 -3.4e+38 -3.4e+38 -3.4e+38 -3.4e+38 -3.4e+38 -3.4e+38 5.55490636825562 5.73532104492188 5.90202522277832 6.04217147827148 6.18219137191772 6.41050243377686 6.54838037490845 6.56738138198853 6.61756801605225 6.69632244110107 6.79718685150146 6.85105657577515 6.92431354522705 7.01502513885498 7.05885648727417 7.08597087860107 7.17301464080811 7.30968189239502 7.46429777145386 7.51084041595459 7.43139839172363 7.48318290710449 7.70596075057983 7.90373659133911 7.97806119918823 8.15829944610596 8.42941093444824
-3.4e+38 -3.4e+38 -3.4e+38 -3.4e+38 -3.4e+38 -3.4e+38 -3.4e+38 -3.4e+38 -3.4e+38 -3.4e+38 -3.4e+38 -3.4e+38 -3.4e+38 -3.4e+38 -3.4e+38 -3.4e+38 -3.4e+38 -3.4e+38 -3.4e+38 -3.4e+38 -3.4e+38 -3.4e+38 -3.4e+38 -3.4e+38 5.5732102394104 5.75101470947266 5.91488027572632 6.05729579925537 6.20060062408447 6.36590433120728 6.54053449630737 6.60839223861694 6.64779090881348 6.73686647415161 6.85698127746582 6.99096727371216 6.98842096328735 7.00474500656128 7.0635290145874 7.15151023864746 7.16475439071655 7.24467468261719 7.38457870483398 7.45720767974854 7.3734769821167 7.41718006134033 7.58486652374268 7.76780700683594 7.88213157653809 8.25988578796387 8.44880962371826
-3.4e+38 -3.4e+38 -3.4e+38 -3.4e+38 -3.4e+38 -3.4e+38 -3.4e+38 -3.4e+38 -3.4e+38 -3.4e+38 -3.4e+38 -3.4e+38 -3.4e+38 -3.4e+38 -3.4e+38 -3.4e+38 -3.4e+38 -3.4e+38 -3.4e+38 -3.4e+38 -3.4e+38 -3.4e+38 -3.4e+38 -3.4e+38 5.59479188919067 5.77139520645142 5.93234634399414 6.06481552124023 6.19900608062744 6.33053016662598 6.52084016799927 6.64804553985596 6.6981897354126 6.79245519638062 6.92894744873047 7.11714649200439 7.1582202911377 7.11403036117554 7.11432552337646 7.25105237960815 7.25643444061279 7.23825979232788 7.39378356933594 7.43610048294067 7.42031621932983 7.44381332397461 7.55831241607666 7.65528297424316 7.74094581604004 8.0626335144043 8.15826511383057
-3.4e+38 -3.4e+38 -3.4e+38 -3.4e+38 -3.4e+38 -3.4e+38 -3.4e+38 -3.4e+38 -3.4e+38 -3.4e+38 -3.4e+38 -3.4e+38 -3.4e+38 -3.4e+38 -3.4e+38 -3.4e+38 -3.4e+38 -3.4e+38 -3.4e+38 -3.4e+38 -3.4e+38 -3.4e+38 -3.4e+38 -3.4e+38 5.60678339004517 5.78569316864014 5.94722986221313 6.05607843399048 6.17886972427368 6.33031892776489 6.50769329071045 6.66052579879761 6.76493358612061 6.84826803207397 6.9863805770874 7.15737152099609 7.21628379821777 7.19170475006104 7.14932680130005 7.27705049514771 7.35403966903687 7.31416749954224 7.36962366104126 7.40735006332397 7.48612546920776 7.54696750640869 7.60420227050781 7.6171088218689 7.65585041046143 7.78921794891357 7.83195734024048
-3.4e+38 -3.4e+38 -3.4e+38 -3.4e+38 -3.4e+38 -3.4e+38 -3.4e+38 -3.4e+38 -3.4e+38 -3.4e+38 -3.4e+38 -3.4e+38 -3.4e+38 -3.4e+38 -3.4e+38 -3.4e+38 -3.4e+38 -3.4e+38 -3.4e+38 -3.4e+38 -3.4e+38 -3.4e+38 -3.4e+38 -3.4e+38 5.62181663513184 5.77572917938232 5.93075561523438 6.0774188041687 6.20225763320923 6.33845996856689 6.49894237518311 6.69020652770996 6.83202600479126 6.88984107971191 6.99323081970215 7.10951948165894 7.2003059387207 7.21150779724121 7.17842483520508 7.25135183334351 7.42308712005615 7.43764972686768 7.38337755203247 7.39014959335327 7.55296897888184 7.68364000320435 7.76598596572876 7.77605628967285 7.69762420654297 7.76158571243286 7.86675786972046
-3.4e+38 -3.4e+38 -3.4e+38 -3.4e+38 -3.4e+38 -3.4e+38 -3.4e+38 -3.4e+38 -3.4e+38 -3.4e+38 -3.4e+38 -3.4e+38 -3.4e+38 -3.4e+38 -3.4e+38 -3.4e+38 -3.4e+38 -3.4e+38 -3.4e+38 -3.4e+38 -3.4e+38 -3.4e+38 -3.4e+38 -3.4e+38 5.64700603485107 5.76965045928955 5.9304347038269 6.09665727615356 6.24834585189819 6.37702322006226 6.506187915802 6.72501182556152 6.9103364944458 6.93506908416748 6.96198654174805 7.03614902496338 7.13794803619385 7.17773628234863 7.23210096359253 7.32020139694214 7.46478414535522 7.51584577560425 7.44488620758057 7.46945190429688 7.64753723144531 7.78900384902954 7.86714792251587 7.80482912063599 7.77011203765869 8.03267860412598 8.15906143188477
-3.4e+38 -3.4e+38 -3.4e+38 -3.4e+38 -3.4e+38 -3.4e+38 -3.4e+38 -3.4e+38 -3.4e+38 -3.4e+38 -3.4e+38 -3.4e+38 -3.4e+38 -3.4e+38 -3.4e+38 -3.4e+38 -3.4e+38 -3.4e+38 -3.4e+38 -3.4e+38 -3.4e+38 -3.4e+38 -3.4e+38 -3.4e+38 5.66123294830322 5.78725576400757 5.94800043106079 6.09923362731934 6.25464200973511 6.37549352645874 6.51866292953491 6.7210431098938 6.92947101593018 6.96924638748169 6.96278095245361 7.07131433486938 7.15961170196533 7.19885301589966 7.30699872970581 7.41737270355225 7.52295112609863 7.53055429458618 7.46169519424438 7.51133108139038 7.69285869598389 7.91448545455933 7.99008846282959 7.86801385879517 7.78188705444336 8.02884864807129 8.26201057434082
-3.4e+38 -3.4e+38 -3.4e+38 -3.4e+38 -3.4e+38 -3.4e+38 -3.4e+38 -3.4e+38 -3.4e+38 -3.4e+38 -3.4e+38 -3.4e+38 -3.4e+38 -3.4e+38 -3.4e+38 -3.4e+38 -3.4e+38 -3.4e+38 -3.4e+38 -3.4e+38 -3.4e+38 -3.4e+38 -3.4e+38 -3.4e+38 5.68211984634399 5.80420160293579 5.96180534362793 6.09817314147949 6.24754333496094 6.39375734329224 6.54429864883423 6.73847627639771 6.92077350616455 6.98377513885498 7.0140118598938 7.12941741943359 7.18276977539062 7.23802280426025 7.40644121170044 7.51273155212402 7.57912683486938 7.54086256027222 7.48403549194336 7.53318786621094 7.7647180557251 8.04558849334717 8.15424537658691 8.07017803192139 7.84325838088989 7.94626188278198 8.17243671417236
-3.4e+38 -3.4e+38 -3.4e+38 -3.4e+38 -3.4e+38 -3.4e+38 -3.4e+38 -3.4e+38 -3.4e+38 -3.4e+38 -3.4e+38 -3.4e+38 -3.4e+38 -3.4e+38 -3.4e+38 -3.4e+38 -3.4e+38 -3.4e+38 -3.4e+38 -3.4e+38 -3.4e+38 -3.4e+38 -3.4e+38 -3.4e+38 5.7052698135376 5.82533979415894 5.98568773269653 6.11861801147461 6.27180337905884 6.41799449920654 6.59229135513306 6.76984119415283 6.91168832778931 7.06069898605347 7.130042552948 7.17031860351562 7.21444988250732 7.33802795410156 7.46831750869751 7.55630540847778 7.56162405014038 7.52168798446655 7.55740022659302 7.66400003433228 7.83755111694336 8.07781314849854 8.29676914215088 8.1672248840332 7.91111516952515 7.94027328491211 8.20981025695801
-3.4e+38 -3.4e+38 -3.4e+38 -3.4e+38 -3.4e+38 -3.4e+38 -3.4e+38 -3.4e+38 -3.4e+38 -3.4e+38 -3.4e+38 -3.4e+38 -3.4e+38 -3.4e+38 -3.4e+38 -3.4e+38 -3.4e+38 -3.4e+38 -3.4e+38 -3.4e+38 -3.4e+38 -3.4e+38 -3.4e+38 -3.4e+38 5.73498010635376 5.84613704681396 6.01502084732056 6.16264820098877 6.29439926147461 6.45441818237305 6.63303852081299 6.77077198028564 6.89571762084961 7.08348751068115 7.18618822097778 7.17908906936646 7.22914409637451 7.41464757919312 7.51932096481323 7.5339207649231 7.54144239425659 7.57133102416992 7.67960596084595 7.73237466812134 7.87602519989014 8.0851526260376 8.24123954772949 8.13293743133545 7.98199605941772 7.9606761932373 8.14932155609131
-3.4e+38 -3.4e+38 -3.4e+38 -3.4e+38 -3.4e+38 -3.4e+38 -3.4e+38 -3.4e+38 -3.4e+38 -3.4e+38 -3.4e+38 -3.4e+38 -3.4e+38 -3.4e+38 -3.4e+38 -3.4e+38 -3.4e+38 -3.4e+38 -3.4e+38 -3.4e+38 -3.4e+38 -3.4e+38 -3.4e+38 -3.4e+38 5.76367282867432 5.88239049911499 6.05606508255005 6.21131992340088 6.33506774902344 6.47811508178711 6.62738513946533 6.75686740875244 6.93019199371338 7.1097412109375 7.21812963485718 7.23337984085083 7.26658582687378 7.42098474502563 7.56683683395386 7.57638168334961 7.58969783782959 7.70905017852783 7.76566696166992 7.78187704086304 7.86615657806396 8.04006576538086 8.2268590927124 8.20291709899902 8.10244750976562 8.05330848693848 8.09363746643066
-3.4e+38 -3.4e+38 -3.4e+38 -3.4e+38 -3.4e+38 -3.4e+38 -3.4e+38 -3.4e+38 -3.4e+38 -3.4e+38 -3.4e+38 -3.4e+38 -3.4e+38 -3.4e+38 -3.4e+38 -3.4e+38 -3.4e+38 -3.4e+38 -3.4e+38 -3.4e+38 -3.4e+38 -3.4e+38 -3.4e+38 -3.4e+38 5.80228662490845 5.91544437408447 6.08945178985596 6.25885534286499 6.3749213218689 6.50714778900146 6.65546464920044 6.81710529327393 7.01230001449585 7.18361473083496 7.28844499588013 7.36316919326782 7.35945320129395 7.45038509368896 7.60878372192383 7.65798330307007 7.72440385818481 7.81705665588379 7.83165407180786 7.90324115753174 7.95861387252808 8.10149955749512 8.33802890777588 8.40505695343018 8.27892684936523 8.22182941436768 8.18449401855469
-3.4e+38 -3.4e+38 -3.4e+38 -3.4e+38 -3.4e+38 -3.4e+38 -3.4e+38 -3.4e+38 -3.4e+38 -3.4e+38 -3.4e+38 -3.4e+38 -3.4e+38 -3.4e+38 -3.4e+38 -3.4e+38 -3.4e+38 -3.4e+38 -3.4e+38 -3.4e+38 -3.4e+38 -3.4e+38 -3.4e+38 -3.4e+38 5.8335919380188 5.95528697967529 6.1345591545105 6.32680892944336 6.44359827041626 6.56047201156616 6.70621299743652 6.87808465957642 7.06156635284424 7.24642324447632 7.37114381790161 7.49068355560303 7.48325252532959 7.51356601715088 7.67179584503174 7.80925416946411 7.89928817749023 7.86408567428589 7.91624116897583 8.02771759033203 8.12214756011963 8.28390884399414 8.40053367614746 8.41624069213867 8.35847759246826 8.32328128814697 8.24113941192627
-3.4e+38 -3.4e+38 -3.4e+38 -3.4e+38 -3.4e+38 -3.4e+38 -3.4e+38 -3.4e+38 -3.4e+38 -3.4e+38 -3.4e+38 -3.4e+38 -3.4e+38 -3.4e+38 -3.4e+38 -3.4e+38 -3.4e+38 -3.4e+38 -3.4e+38 -3.4e+38 -3.4e+38 -3.4e+38 -3.4e+38 -3.4e+38 5.88156986236572 5.99745082855225 6.15934228897095 6.35621976852417 6.49839687347412 6.59771585464478 6.72245073318481 6.8619909286499 7.0322732925415 7.24762296676636 7.434410572052 7.5755295753479 7.58839225769043 7.59155178070068 7.74345445632935 7.92808485031128 8.07060527801514 7.98547601699829 8.04065227508545 8.15175819396973 8.24488925933838 8.48177337646484 8.51279640197754 8.4348611831665 8.38261699676514 8.37369060516357 8.29809379577637
-3.4e+38 -3.4e+38 -3.4e+38 -3.4e+38 -3.4e+38 -3.4e+38 -3.4e+38 -3.4e+38 -3.4e+38 -3.4e+38 -3.4e+38 -3.4e+38 -3.4e+38 -3.4e+38 -3.4e+38 -3.4e+38 -3.4e+38 -3.4e+38 -3.4e+38 -3.4e+38 -3.4e+38 -3.4e+38 -3.4e+38 5.83331918716431 5.93723678588867 6.04614496231079 6.1845850944519 6.36637687683105 6.51337671279907 6.63114929199219 6.76264572143555 6.89314794540405 7.03475522994995 7.21515417098999 7.43155288696289 7.61108827590942 7.68597984313965 7.68282985687256 7.7769889831543 7.95308542251587 8.09601306915283 8.10922241210938 8.1891040802002 8.28068351745605 8.4177827835083 8.60518932342529 8.60694980621338 8.49791049957275 8.43482685089111 8.41494655609131 8.34089946746826
-3.4e+38 -3.4e+38 -3.4e+38 -3.4e+38 -3.4e+38 -3.4e+38 -3.4e+38 -3.4e+38 -3.4e+38 -3.4e+38 -3.4e+38 -3.4e+38 -3.4e+38 -3.4e+38 -3.4e+38 -3.4e+38 -3.4e+38 -3.4e+38 -3.4e+38 -3.4e+38 -3.4e+38 -3.4e+38 -3.4e+38 5.86335945129395 5.99230527877808 6.09668350219727 6.21727991104126 6.38596439361572 6.54961681365967 6.68483972549438 6.80347585678101 6.91755867004395 7.07336807250977 7.22319269180298 7.3818678855896 7.57488346099854 7.74725866317749 7.74291753768921 7.79123830795288 7.95976161956787 8.04206562042236 8.12251853942871 8.2764949798584 8.40736770629883 8.57729434967041 8.73680019378662 8.76338863372803 8.65750026702881 8.58786201477051 8.56716060638428 8.42640018463135
-3.4e+38 -3.4e+38 -3.4e+38 -3.4e+38 -3.4e+38 -3.4e+38 -3.4e+38 -3.4e+38 -3.4e+38 -3.4e+38 -3.4e+38 -3.4e+38 -3.4e+38 -3.4e+38 -3.4e+38 -3.4e+38 -3.4e+38 -3.4e+38 -3.4e+38 -3.4e+38 -3.4e+38 -3.4e+38 -3.4e+38 5.91283559799194 6.03576183319092 6.13741159439087 6.24569797515869 6.40297174453735 6.58499908447266 6.70787048339844 6.81887531280518 6.95951223373413 7.11398553848267 7.23231410980225 7.35576009750366 7.54247379302979 7.75392389297485 7.79523754119873 7.83070230484009 7.93172073364258 8.0264139175415 8.21139526367188 8.39462375640869 8.52197742462158 8.67127513885498 8.84944343566895 8.95750713348389 8.83632850646973 8.68746280670166 8.55349826812744 8.49547290802002
-3.4e+38 -3.4e+38 -3.4e+38 -3.4e+38 -3.4e+38 -3.4e+38 -3.4e+38 -3.4e+38 -3.4e+38 -3.4e+38 -3.4e+38 -3.4e+38 -3.4e+38 -3.4e+38 -3.4e+38 -3.4e+38 -3.4e+38 -3.4e+38 -3.4e+38 -3.4e+38 -3.4e+38 -3.4e+38 -3.4e+38 5.96551609039307 6.08112907409668 6.18249082565308 6.29057836532593 6.43016529083252 6.59508895874023 6.73877954483032 6.87799596786499 6.99709939956665 7.11647748947144 7.2690863609314 7.41455888748169 7.54707527160645 7.74151992797852 7.86800527572632 7.8959584236145 7.93625259399414 8.1075611114502 8.27925586700439 8.40663051605225 8.50507164001465 8.68517684936523 8.89703941345215 9.01846504211426 8.91789150238037 8.69891166687012 8.54642200469971 8.553635597229
-3.4e+38 -3.4e+38 -3.4e+38 -3.4e+38 -3.4e+38 -3.4e+38 -3.4e+38 -3.4e+38 -3.4e+38 -3.4e+38 -3.4e+38 -3.4e+38 -3.4e+38 -3.4e+38 -3.4e+38 -3.4e+38 -3.4e+38 -3.4e+38 -3.4e+38 -3.4e+38 -3.4e+38 -3.4e+38 -3.4e+38 6.01627445220947 6.12664079666138 6.22842741012573 6.34179735183716 6.46989250183105 6.6235785484314 6.77173233032227 6.91317462921143 7.01848459243774 7.15566873550415 7.31213474273682 7.42352914810181 7.54120874404907 7.73229026794434 7.89856576919556 7.92548799514771 7.97172880172729 8.13467121124268 8.2741870880127 8.37341976165771 8.47204494476318 8.69619464874268 8.91849231719971 9.03415203094482 9.06339359283447 8.85578918457031 8.7222957611084 8.66564559936523
