R_scripts/int_process_data/Bio_13_2001.2020.asc
NCOLS 281 
NROWS 577 
XLLCORNER 81175.2677831308 
YLLCORNER -911.770678700996 
CELLSIZE 1000 
NODATA_value -3.4e+38 
[rows 168 to 188 of 577, columns 144 to 191 of 281]
9.71703144614366e-08 9.71662785786975e-08 9.70800186905763e-08 9.7104631890943e-08 9.72179634572967e-08 9.6931785265042e-08 9.65497832794426e-08 9.65756044024602e-08 9.63747766036249e-08 9.50161194168686e-08 9.37763715569417e-08 9.28008958567261e-08 9.18175473429983e-08 9.1027303028568e-08 8.9965823235616e-08 8.85747368783996e-08 8.77561845413766e-08 8.60699245208707e-08 8.41664018480515e-08 8.29155837323015e-08 8.23472987576679e-08 8.14876912613727e-08 8.05990936214585e-08 7.99419836994275e-08 7.80857902782373e-08 7.76656960965738e-08 7.91996797033789e-08 8.04860746939084e-08 7.95202410586171e-08 7.89984184734749e-08 7.96708050643247e-08 7.93978642832371e-08 7.81306255248637e-08 7.78761091169144e-08 7.79218112256785e-08 7.63060867825516e-08 7.45879233932101e-08 7.41819263794241e-08 7.42722932045581e-08 7.36706411430532e-08 7.28000344452084e-08 7.22413417975076e-08 7.25507618426491e-08 7.23873441188516e-08 7.09546483790291e-08 7.03732609963481e-08 6.94659831879108e-08 6.58564545119589e-08
9.75999654428961e-08 9.70596971683335e-08 9.68701883152789e-08 9.70114655274301e-08 9.6802274640595e-08 9.65236779393308e-08 9.64454329732689e-08 9.69609459389176e-08 9.65611732794969e-08 9.53786525315081e-08 9.42056388453238e-08 9.32877171067048e-08 9.23543481690103e-08 9.12437911892994e-08 8.97941845323658e-08 8.82268196278346e-08 8.71186358608611e-08 8.57749284932652e-08 8.45981702468634e-08 8.3712428988747e-08 8.37066593817326e-08 8.32517912385811e-08 8.25456751840647e-08 8.14410654470521e-08 7.97865951085441e-08 8.07262736657322e-08 8.18284746628706e-08 8.17324092849958e-08 8.08838080956775e-08 8.07507021249876e-08 8.05344555487864e-08 7.89082577057343e-08 7.76864084173212e-08 7.852949579501e-08 7.81919169412504e-08 7.65871348562541e-08 7.51011270949675e-08 7.40123908826718e-08 7.30994500486304e-08 7.23553910120245e-08 7.28995814824884e-08 7.33456460011439e-08 7.29397910959051e-08 7.27036564285299e-08 7.22571442679509e-08 7.1659961520254e-08 7.03815459246471e-08 6.77191991371728e-08
9.81555032808501e-08 9.76598428792386e-08 9.72432516732624e-08 9.70447544546005e-08 9.7066781279409e-08 9.70219602436373e-08 9.6994654086302e-08 9.67261897244498e-08 9.59146078116646e-08 9.52796739284167e-08 9.45974818478135e-08 9.35515060973557e-08 9.2689703024007e-08 9.14905911031383e-08 9.00367069789354e-08 8.89774227630369e-08 8.7802071391252e-08 8.68342624471552e-08 8.5805822891416e-08 8.50814885211548e-08 8.55903294905147e-08 8.54291997143264e-08 8.43633571889768e-08 8.29949229341764e-08 8.26024901812161e-08 8.34207085631533e-08 8.36692493066948e-08 8.27408896952875e-08 8.13517218034576e-08 8.12878937495043e-08 8.10194791256436e-08 7.90648542192685e-08 7.783341970935e-08 7.89693999081464e-08 7.79829179009539e-08 7.69000081390914e-08 7.53767750438783e-08 7.26334405953821e-08 7.070037355561e-08 7.17385333359744e-08 7.35548297825517e-08 7.4133780003649e-08 7.24350428527032e-08 7.06939928818429e-08 7.16684596113737e-08 7.2556879615604e-08 7.0473461732945e-08 6.62474164414562e-08
9.81524195253769e-08 9.78060299416939e-08 9.73666018921904e-08 9.71749898326379e-08 9.71917373249198e-08 9.71115028391978e-08 9.72751976746622e-08 9.68799511724683e-08 9.60267314553676e-08 9.51544905092305e-08 9.40413968919529e-08 9.28836811908695e-08 9.25561067788294e-08 9.12683191245378e-08 8.95052352234416e-08 8.86794708776506e-08 8.80533619351809e-08 8.75474555073197e-08 8.6841232871393e-08 8.59801900787716e-08 8.65862119781013e-08 8.68200658032947e-08 8.60460005469577e-08 8.52144381724429e-08 8.54303507935583e-08 8.53554240620724e-08 8.44428527102536e-08 8.27238437750566e-08 8.1461529077842e-08 8.17217582493868e-08 8.12280731565806e-08 7.96708192751794e-08 7.85716807172321e-08 7.90122882676769e-08 7.73186101810097e-08 7.61314709052385e-08 7.43442853945453e-08 7.08585403685902e-08 6.96116373433142e-08 7.24668538509832e-08 7.44541850394853e-08 7.44085681958495e-08 7.11297474254025e-08 6.83498839748609e-08 7.12525007884324e-08 7.30361406908742e-08 7.07971423707932e-08 6.50390248324584e-08
9.80433938480019e-08 9.78441718757495e-08 9.77609744268193e-08 9.78217471470089e-08 9.78346150759535e-08 9.77968994675393e-08 9.80388037419289e-08 9.80188872290455e-08 9.72907301388659e-08 9.58467509803995e-08 9.402532441527e-08 9.28392935861666e-08 9.22889995536025e-08 9.12318256496292e-08 8.95701859349174e-08 8.83089299463791e-08 8.85899211766628e-08 8.8921929375374e-08 8.81404744745851e-08 8.74943779649584e-08 8.79158719158113e-08 8.79461126146452e-08 8.75986501114312e-08 8.73424355063435e-08 8.64765823394009e-08 8.56707416119207e-08 8.44736760541309e-08 8.33379019127278e-08 8.25719510544332e-08 8.21806480644227e-08 8.07996585194815e-08 7.94209995547135e-08 7.87378411359896e-08 7.83564004791515e-08 7.69307746395498e-08 7.45774357824303e-08 7.21810735626605e-08 6.89875321313593e-08 6.98167497148461e-08 7.31214200300201e-08 7.46344852586844e-08 7.38031502578451e-08 6.93051021016799e-08 6.8109343942524e-08 7.23198922969459e-08 7.35862002443355e-08 7.13643544258957e-08 6.56864500570009e-08
9.84455184038779e-08 9.84517143365338e-08 9.86136896585776e-08 9.88364305953837e-08 9.8812414250915e-08 9.87532544627356e-08 9.90937039091477e-08 9.8963184314016e-08 9.79032961367921e-08 9.6467132948419e-08 9.49221572454917e-08 9.41049407288119e-08 9.33724280116621e-08 9.26712715454414e-08 9.09825672579245e-08 9.00222758559721e-08 9.06649049170483e-08 9.07872532707188e-08 8.97659120369099e-08 8.91546747538996e-08 8.90941649345223e-08 8.88847253577296e-08 8.87239224311998e-08 8.82096173882019e-08 8.72677290431056e-08 8.6529119869283e-08 8.52614334689861e-08 8.42597742689577e-08 8.34084161738247e-08 8.24695263190733e-08 8.10316151955703e-08 7.98797756829117e-08 7.92406495975229e-08 7.80181110826561e-08 7.61774998636611e-08 7.31204679027542e-08 6.97333959465141e-08 6.78361899986157e-08 7.06062124322671e-08 7.25157249803488e-08 7.33933305241408e-08 7.29105735786106e-08 6.95143640427887e-08 7.04166112086568e-08 7.38192795779469e-08 7.37256726779378e-08 7.03198139717642e-08 6.49854996481736e-08
9.92192354942745e-08 9.92621949080785e-08 9.94624400618704e-08 9.95827562633167e-08 9.96203581848931e-08 9.97747520159464e-08 1.0002653993979e-07 9.95298989892035e-08 9.83925403374997e-08 9.73996421294032e-08 9.64647313139722e-08 9.568293535267e-08 9.51765812828853e-08 9.42192457387137e-08 9.35906001586773e-08 9.31417929450618e-08 9.29223489265496e-08 9.24205210139917e-08 9.14729199052999e-08 9.07522803572647e-08 9.04557495573499e-08 9.00953622817724e-08 8.95064715678018e-08 8.84294948377828e-08 8.78635972867414e-08 8.68480043436648e-08 8.56526938264324e-08 8.4597445493273e-08 8.34076629985248e-08 8.19238294980096e-08 8.11312119708418e-08 8.09226676778962e-08 7.95058667790727e-08 7.73863249037277e-08 7.57088614022905e-08 7.21349806553917e-08 6.81405154523418e-08 6.78093527994861e-08 6.97424979989592e-08 7.07743410544026e-08 7.07710370306813e-08 6.99785047686419e-08 6.82492995451867e-08 7.1432651793657e-08 7.46808197504834e-08 7.31239921947235e-08 6.76290454748596e-08 6.31882173252052e-08
9.97989388906717e-08 9.99485720853954e-08 1.0010737128141e-07 1.00132396596564e-07 1.00350717957554e-07 1.0059464727874e-07 1.00550288095747e-07 9.98958711306841e-08 9.91705562114475e-08 9.84893020472555e-08 9.7614488936415e-08 9.69129843042538e-08 9.64306607897925e-08 9.56147871988833e-08 9.553711066701e-08 9.51435268348177e-08 9.44648519407565e-08 9.37223489927419e-08 9.29236207980466e-08 9.23611409575642e-08 9.177804116689e-08 9.09289852302209e-08 8.99869405657228e-08 8.89192577346876e-08 8.79782859897205e-08 8.67527418790814e-08 8.58644284562615e-08 8.47897538847064e-08 8.31137612067323e-08 8.14766565326863e-08 8.10652593941086e-08 8.1010327335207e-08 7.89362033515317e-08 7.64285275067778e-08 7.48959934071536e-08 7.16489410024224e-08 6.88950478888728e-08 6.86579824105138e-08 6.90415973281233e-08 6.92801336299453e-08 6.82049758893299e-08 6.67199060444545e-08 6.83851411054093e-08 7.29424627365916e-08 7.50066817545303e-08 7.21323303309873e-08 6.57662440062268e-08 6.18842008748288e-08
1.00069307507056e-07 1.00418816373349e-07 1.00671286418219e-07 1.0080083967523e-07 1.00933405633441e-07 1.0094343849687e-07 1.00758562382453e-07 1.00354014875847e-07 9.98914799765771e-08 9.91864439470191e-08 9.87418644626814e-08 9.82287389206249e-08 9.7506337226605e-08 9.7056826575681e-08 9.68015854141413e-08 9.60625641255319e-08 9.51429726114839e-08 9.41504296747553e-08 9.35810362534539e-08 9.32810522158434e-08 9.21807838949462e-08 9.09951864969116e-08 9.02139589697981e-08 8.92216220904629e-08 8.8308532042447e-08 8.75267502919996e-08 8.64319602555952e-08 8.49285299864277e-08 8.3347721613336e-08 8.20854424432582e-08 8.15862577496773e-08 8.06798396979502e-08 7.83407969606742e-08 7.51868256543275e-08 7.30102698298651e-08 7.06824465623868e-08 6.92196095997133e-08 6.8984505219305e-08 6.93448285460363e-08 6.849350597804e-08 6.59836842942241e-08 6.70967210680828e-08 7.26086142321947e-08 7.52078008758872e-08 7.42534993491972e-08 7.01202438335713e-08 6.48786055990058e-08 6.24894909151408e-08
1.00475482156526e-07 1.00898105870328e-07 1.01281855791058e-07 1.01517166228859e-07 1.01345214886805e-07 1.01187453083185e-07 1.01102003213782e-07 1.0105382131087e-07 1.00570375138886e-07 9.9718313606445e-08 9.98538354224365e-08 9.9430977229531e-08 9.87258346185627e-08 9.81465646532342e-08 9.73073994714468e-08 9.6080626121875e-08 9.49463512256443e-08 9.42121332059287e-08 9.37772242082247e-08 9.33826953541939e-08 9.26751866359155e-08 9.16251252647271e-08 9.04201513662883e-08 8.94254839067798e-08 8.81995418922088e-08 8.76142536299085e-08 8.69199325848058e-08 8.5572075647633e-08 8.39740224023444e-08 8.24097412532865e-08 8.148670360697e-08 7.98860071427043e-08 7.78677673451966e-08 7.44353982895518e-08 7.09969967260804e-08 6.83841676618613e-08 6.6807302800953e-08 6.72352271635646e-08 6.77285072470113e-08 6.67384298935758e-08 6.56197727266772e-08 6.85956038637414e-08 7.49348458839449e-08 7.40056051995452e-08 7.0762645520972e-08 6.75043665410158e-08 6.4668050470118e-08 6.41316333371833e-08
1.00969195671041e-07 1.01455185586019e-07 1.0185269871954e-07 1.020236126692e-07 1.01890591963638e-07 1.01810435637617e-07 1.01840662125596e-07 1.02007696511919e-07 1.014231045815e-07 1.00833126737143e-07 1.01050467549157e-07 1.00477542730459e-07 9.98537146301715e-08 9.83400099130449e-08 9.71790399262318e-08 9.63751389804202e-08 9.52704297674245e-08 9.46148759339849e-08 9.42819085025803e-08 9.32865233949087e-08 9.23913603401161e-08 9.16456599497906e-08 9.06803236944143e-08 8.95930156730174e-08 8.84229081066223e-08 8.77896724205129e-08 8.70117631279754e-08 8.54591064580745e-08 8.38887856957626e-08 8.21765198111279e-08 8.10363687264726e-08 7.92315191233683e-08 7.6477313371015e-08 7.20747266313992e-08 6.83912730892189e-08 6.58293330957349e-08 6.52079634733127e-08 6.63699424308106e-08 6.66205721699953e-08 6.58369430084349e-08 6.69787638685193e-08 7.20017325761546e-08 7.55379758743402e-08 7.20297066436615e-08 6.87186698655751e-08 6.70916904255137e-08 6.52150191626788e-08 6.39297539350991e-08
1.01527270146562e-07 1.02045802918838e-07 1.02185509831543e-07 1.02245060418227e-07 1.02212581509775e-07 1.02401131130136e-07 1.02984991201538e-07 1.03277884022646e-07 1.02620752784333e-07 1.02184301908892e-07 1.01599084700865e-07 1.00320839635515e-07 9.96496609673159e-08 9.85637527151084e-08 9.74872804704319e-08 9.66317372785852e-08 9.57308259330603e-08 9.50918774833553e-08 9.42375493195868e-08 9.30571601998054e-08 9.2053554112681e-08 9.1417803105287e-08 9.08697899149047e-08 8.99156162859072e-08 8.86925661802707e-08 8.7834280293464e-08 8.68693703637291e-08 8.48305319323117e-08 8.31167454862225e-08 8.16558198835082e-08 8.02611666017583e-08 7.86915421713275e-08 7.45953485647988e-08 7.00282640764271e-08 6.72133495527305e-08 6.60054482182204e-08 6.63592061300733e-08 6.72726798711665e-08 6.72468161155848e-08 6.66615278532845e-08 6.80327971736006e-08 7.40263530474294e-08 7.5070040850278e-08 7.20326838177243e-08 6.93976787147221e-08 6.75445903652871e-08 6.53526868177323e-08 6.39956638792682e-08
1.02189474660008e-07 1.02748366259675e-07 1.02586874106692e-07 1.02594505335674e-07 1.02663854306684e-07 1.03459818490137e-07 1.04278313983741e-07 1.04188835337027e-07 1.03364769188374e-07 1.02654851730222e-07 1.01638093497058e-07 1.0025895136323e-07 9.95168960571391e-08 9.87381767458828e-08 9.79265806222429e-08 9.69167999187448e-08 9.61635819862749e-08 9.53690317828659e-08 9.42016455951489e-08 9.31460419906216e-08 9.19875802196657e-08 9.13103406219307e-08 9.09405883930958e-08 8.98636614010684e-08 8.84497026731879e-08 8.74315446708351e-08 8.64313136617056e-08 8.42348981677787e-08 8.20943100166005e-08 7.95824988131244e-08 7.8340654852127e-08 7.72175994256941e-08 7.27977962355908e-08 6.93407002927415e-08 6.75998208521378e-08 6.75199771649204e-08 6.87529251308661e-08 6.97650790471016e-08 6.97232351853927e-08 6.88142876015263e-08 6.90519499357833e-08 7.31573948087316e-08 7.3513945153536e-08 7.24579507505041e-08 7.00648286056094e-08 6.76596485504888e-08 6.53124772043157e-08 6.55150387274261e-08
1.0286760954159e-07 1.03525962913409e-07 1.03599717249381e-07 1.03526815564692e-07 1.03749322022395e-07 1.04593546268461e-07 1.04630814234952e-07 1.04079930451917e-07 1.0324762200753e-07 1.02537043744633e-07 1.01453977663368e-07 1.00295359573011e-07 9.9598260305811e-08 9.86824986171086e-08 9.80189156507549e-08 9.72966773815642e-08 9.64777555623186e-08 9.55036938421472e-08 9.42854541108318e-08 9.31967960582369e-08 9.21384213370402e-08 9.12695696797527e-08 9.0288885701284e-08 8.86341311456817e-08 8.68699174816356e-08 8.60966267168806e-08 8.4550613621559e-08 8.24575607794031e-08 8.06558233534815e-08 7.65687744319621e-08 7.52494315747754e-08 7.49511315234486e-08 7.1755714259325e-08 6.95766928515695e-08 6.88184869090946e-08 6.94556305802507e-08 7.06449228005113e-08 7.18109944841672e-08 7.28705913388694e-08 7.29505629237792e-08 7.29901046270243e-08 7.30695148831728e-08 7.3328777716597e-08 7.30454416952853e-08 6.9884364961581e-08 6.70265549729265e-08 6.59285888104932e-08 6.7438463702274e-08
1.03625112046757e-07 1.04270348799673e-07 1.04483383722709e-07 1.04481792106981e-07 1.04817836188431e-07 1.04808698608849e-07 1.04429858538424e-07 1.04232107389635e-07 1.03592832090271e-07 1.02852744987558e-07 1.01704664245972e-07 1.00637784328228e-07 9.97488172060912e-08 9.88885773267612e-08 9.84567876116671e-08 9.79042269477759e-08 9.68833049341811e-08 9.57463512918366e-08 9.45287155218466e-08 9.33459247676183e-08 9.24203646945898e-08 9.09187036768344e-08 8.90383802243377e-08 8.66387566134108e-08 8.44391294663183e-08 8.41879668200818e-08 8.23879062750166e-08 8.09272791002513e-08 7.91167309444063e-08 7.49427613300213e-08 7.34329219653773e-08 7.36779455223768e-08 7.25267454981804e-08 7.11251786356115e-08 7.1648535993063e-08 7.27324263039009e-08 7.30726696929196e-08 7.38526253485361e-08 7.52450546315231e-08 7.4046134557193e-08 7.33314138301466e-08 7.30083513644786e-08 7.44851575973371e-08 7.3268175526664e-08 6.98943054544543e-08 6.82264982287961e-08 6.82584442301959e-08 6.90550052695471e-08
1.0422873231164e-07 1.04363891750836e-07 1.04369838993534e-07 1.04378692356022e-07 1.0462890998042e-07 1.04790402133403e-07 1.04583968152383e-07 1.04376880472046e-07 1.03884552515865e-07 1.03198630085899e-07 1.02154430692281e-07 1.01059868029552e-07 1.00089550869598e-07 9.91186794863097e-08 9.87721477940795e-08 9.82470638177801e-08 9.71474207744905e-08 9.59790611432254e-08 9.48005336454116e-08 9.34681310127417e-08 9.20900617984444e-08 8.97242244946028e-08 8.72553798103581e-08 8.55349568951169e-08 8.30761379688738e-08 8.21705157250108e-08 8.06320841206798e-08 7.98369512722275e-08 7.73660318031943e-08 7.45075610097956e-08 7.45781036926019e-08 7.50503872382069e-08 7.43248165235855e-08 7.30225480083391e-08 7.39407539640524e-08 7.53125135588562e-08 7.54006634906546e-08 7.60434275548505e-08 7.57096501047272e-08 7.28196241084333e-08 7.24836581866839e-08 7.38929486487905e-08 7.52142526039279e-08 7.24385600392452e-08 6.94911932441755e-08 6.87004657606849e-08 6.88403076765098e-08 6.93732289391846e-08
1.03874945978077e-07 1.03898123882118e-07 1.04016791624417e-07 1.04054159066891e-07 1.04158893066142e-07 1.04544575663112e-07 1.04720449201068e-07 1.04573963710664e-07 1.043091586439e-07 1.0355782364968e-07 1.02553450176401e-07 1.0142019846171e-07 1.00350234788493e-07 9.94629161255034e-08 9.91092932167703e-08 9.84976935569648e-08 9.73420526406699e-08 9.61013242317676e-08 9.49942418060346e-08 9.35012707259375e-08 9.16414748530769e-08 8.92663720719611e-08 8.68147296273492e-08 8.48565591127226e-08 8.22881389694885e-08 8.00345674178971e-08 7.84266092068719e-08 7.78166366899313e-08 7.54331708208156e-08 7.45557500181349e-08 7.59644223080613e-08 7.65234489108479e-08 7.53304618683615e-08 7.46935384654535e-08 7.58028804170863e-08 7.72404860072129e-08 7.73244437368703e-08 7.70823689322242e-08 7.51925384179231e-08 7.27490387930629e-08 7.29969684698517e-08 7.50447881614491e-08 7.45674384461381e-08 7.22731030577961e-08 7.08697172058237e-08 6.90248924684056e-08 6.8630129135272e-08 7.0007438068842e-08
1.03378624771722e-07 1.03487025171489e-07 1.0374021996995e-07 1.03911965254611e-07 1.04020813296302e-07 1.04159106228963e-07 1.04457427596572e-07 1.04515940790861e-07 1.04539672918236e-07 1.0409339523676e-07 1.03159344178039e-07 1.02070487173478e-07 1.0094220215251e-07 1.0008333362066e-07 9.94897959571972e-08 9.86747892284257e-08 9.75444152118143e-08 9.62894688427696e-08 9.50524281506659e-08 9.32081078985902e-08 9.11481805587755e-08 8.84873330164737e-08 8.65963727392227e-08 8.41251548422406e-08 8.05190936148392e-08 7.74671136127836e-08 7.67233316878446e-08 7.7104260753913e-08 7.63859091534869e-08 7.65821752679585e-08 7.73926416286486e-08 7.75705615296829e-08 7.66713768030058e-08 7.70186900922454e-08 7.77225039882978e-08 7.79229978320473e-08 7.75310127210105e-08 7.65891527976237e-08 7.40851078262494e-08 7.29629476836635e-08 7.39397307825129e-08 7.55757341153185e-08 7.35492378112212e-08 7.38386205512143e-08 7.40830117251789e-08 7.13318542011621e-08 7.08409899630169e-08 7.21793540492399e-08
1.03308700261096e-07 1.03408495988333e-07 1.03568360998452e-07 1.03729917100281e-07 1.03886030444755e-07 1.03964524100775e-07 1.04132702460902e-07 1.0431813990408e-07 1.04429467739919e-07 1.04296262293246e-07 1.03709638210603e-07 1.02701790183346e-07 1.01693281351345e-07 1.00903307043154e-07 1.00068440644918e-07 9.89956276953308e-08 9.78104139903735e-08 9.64196260611061e-08 9.49062695099201e-08 9.33665873503742e-08 9.15290243597155e-08 8.85426487684526e-08 8.57952855426447e-08 8.3053350863338e-08 7.93218148942287e-08 7.68705916698309e-08 7.82125866294336e-08 7.95038488377031e-08 7.9218835935535e-08 7.95874726122747e-08 7.92645664660085e-08 7.88772709370278e-08 7.83020368544385e-08 7.68856125432649e-08 7.61151426331708e-08 7.66356578196792e-08 7.70557164742058e-08 7.62959757594217e-08 7.36608427587271e-08 7.30439353446855e-08 7.5079697126057e-08 7.48129735939074e-08 7.28925897419685e-08 7.52245838953058e-08 7.69673036415952e-08 7.47427222336228e-08 7.44211590131272e-08 7.43250296864062e-08
1.03218638969338e-07 1.03334109269326e-07 1.0345419099167e-07 1.03592910249972e-07 1.03720758204418e-07 1.0382317583435e-07 1.0392793825531e-07 1.04093750508127e-07 1.04176010040646e-07 1.0412068718324e-07 1.03890478442281e-07 1.0314732179495e-07 1.02380610655928e-07 1.01600974744542e-07 1.00543239511808e-07 9.93019853012811e-08 9.81136238920044e-08 9.66497211152273e-08 9.47236955539665e-08 9.29505645785866e-08 9.14456137479647e-08 8.91302747163536e-08 8.56259632087131e-08 8.20564096670751e-08 7.95544181642072e-08 7.88159439935043e-08 7.97401114027707e-08 8.12410192452262e-08 8.14076344113346e-08 8.12797935623166e-08 8.06488671400984e-08 7.94759813516066e-08 7.73120802932681e-08 7.57276907847881e-08 7.54032072336486e-08 7.65634240451618e-08 7.70192727372887e-08 7.6828449380173e-08 7.49799298205289e-08 7.48008304185532e-08 7.52823581251505e-08 7.3077465856386e-08 7.34154355086503e-08 7.60020952839113e-08 7.86989389212067e-08 7.7867674974641e-08 7.75165460709104e-08 7.54631699351194e-08
1.03077361757187e-07 1.03222937752889e-07 1.03361955439141e-07 1.034635488395e-07 1.03597869838268e-07 1.03724211442113e-07 1.03866703682343e-07 1.04017274793478e-07 1.04008357482144e-07 1.03908078585846e-07 1.03815665397633e-07 1.0365425140435e-07 1.03003387152967e-07 1.02045142114093e-07 1.00907037392517e-07 9.94982514157527e-08 9.80063106226225e-08 9.66891846587714e-08 9.51535596982467e-08 9.26999916828208e-08 9.03807162444537e-08 8.89648035240498e-08 8.55053059467537e-08 8.23274390882034e-08 8.16033036699082e-08 8.23082686451926e-08 8.24802555143833e-08 8.2701895109949e-08 8.2536580237047e-08 8.12652629633703e-08 7.99592569933338e-08 7.86625165005717e-08 7.69072201478593e-08 7.67276162605413e-08 7.68244277082886e-08 7.77855007072503e-08 7.7746648230459e-08 7.75068471625673e-08 7.76020456783044e-08 7.82440849889099e-08 7.49345048234318e-08 7.34989313855294e-08 7.57160094622122e-08 7.76511370759181e-08 7.95688279708884e-08 8.0157121828961e-08 7.93010670463445e-08 7.69109078646579e-08
