R_scripts/int_process_data/Bio_01.asc
NCOLS 281 
NROWS 576 
XLLCORNER 81175.2677831308 
YLLCORNER 88.2293212990044 
CELLSIZE 1000 
NODATA_value -3.4e+38 
[rows 161 to 183 of 576, columns 104 to 155 of 281]
14.6224479675293 14.5295877456665 14.4367275238037 14.3438673019409 14.2510061264038 14.1623563766479 14.1509590148926 14.1395626068115 14.1281661987305 14.1167688369751 14.105372428894 14.093976020813 14.0825786590576 14.0711822509766 14.0597858428955 14.0486345291138 14.0503435134888 14.0520524978638 14.0537614822388 14.0554704666138 14.0571794509888 14.0588893890381 14.0605983734131 14.0623073577881 14.0640163421631 14.0657253265381 14.0632600784302 14.0607347488403 14.0582094192505 14.0556840896606 14.0531587600708 14.050633430481 14.0481081008911 14.0455827713013 14.0430574417114 14.0405321121216 14.0162324905396 13.9908561706543 13.9654788970947 13.9401025772095 13.9147253036499 13.8893480300903 13.8639717102051 13.8385944366455 13.8132171630859 13.7878408432007 13.7969875335693 13.8091402053833 13.8212938308716 13.8334474563599 13.8456010818481 13.8577537536621
14.6795196533203 14.5854120254517 14.491304397583 14.3971977233887 14.30309009552 14.2130479812622 14.1976022720337 14.1821556091309 14.1667098999023 14.1512632369995 14.135817527771 14.1203708648682 14.1049251556396 14.0894784927368 14.0740327835083 14.0589094161987 14.0607118606567 14.0625143051147 14.0643167495728 14.0661182403564 14.0679206848145 14.0697231292725 14.0715255737305 14.0733270645142 14.0751295089722 14.0769319534302 14.0777196884155 14.0784921646118 14.0792646408081 14.0800380706787 14.080810546875 14.0815830230713 14.0823564529419 14.0831289291382 14.0839014053345 14.0846748352051 14.0625553131104 14.0393037796021 14.0160522460938 13.9927997589111 13.9695482254028 13.9462957382202 13.9230442047119 13.8997926712036 13.876540184021 13.8532886505127 13.8655548095703 13.880913734436 13.8962736129761 13.9116334915161 13.9269924163818 13.9423522949219
14.7192802429199 14.6245813369751 14.529881477356 14.4351825714111 14.340482711792 14.2496404647827 14.2295665740967 14.2094917297363 14.1894178390503 14.1693429946899 14.1492691040039 14.1291942596436 14.1091203689575 14.0890455245972 14.0689716339111 14.0493364334106 14.0527210235596 14.0561056137085 14.0594902038574 14.0628757476807 14.0662603378296 14.0696449279785 14.0730295181274 14.0764141082764 14.0797986984253 14.0831832885742 14.088231086731 14.0933027267456 14.0983743667603 14.1034460067749 14.1085176467896 14.1135892868042 14.1186609268188 14.1237325668335 14.1288042068481 14.1338758468628 14.1142530441284 14.0934076309204 14.0725612640381 14.0517158508301 14.0308704376221 14.0100250244141 13.9891796112061 13.968334197998 13.94748878479 13.926643371582 13.9365301132202 13.9490928649902 13.9616556167603 13.9742193222046 13.9867820739746 13.9993448257446
14.7500343322754 14.655083656311 14.5601329803467 14.4651832580566 14.3702325820923 14.2788972854614 14.2538928985596 14.228889465332 14.2038860321045 14.1788816452026 14.1538782119751 14.1288738250732 14.1038703918457 14.0788669586182 14.0538625717163 14.0294351577759 14.035177230835 14.040919303894 14.0466613769531 14.0524034500122 14.0581464767456 14.0638885498047 14.0696306228638 14.0753726959229 14.0811147689819 14.086856842041 14.0966892242432 14.1065807342529 14.1164712905884 14.1263628005981 14.1362543106079 14.1461448669434 14.1560363769531 14.1659278869629 14.1758184432983 14.1857099533081 14.1687459945679 14.1504535675049 14.1321611404419 14.1138677597046 14.0955753326416 14.0772829055786 14.0589895248413 14.0406970977783 14.0224046707153 14.0041122436523 14.0087575912476 14.0154008865356 14.0220441818237 14.0286874771118 14.0353307723999 14.041974067688
14.7807874679565 14.685585975647 14.5903844833374 14.4951829910278 14.3999814987183 14.3081531524658 14.2782201766968 14.2482872009277 14.2183532714844 14.1884202957153 14.1584873199463 14.1285543441772 14.0986213684082 14.0686874389648 14.0387544631958 14.0095338821411 14.0176334381104 14.0257329940796 14.0338325500488 14.0419321060181 14.0500316619873 14.0581321716309 14.0662317276001 14.0743312835693 14.0824308395386 14.0905303955078 14.1051473617554 14.1198577880859 14.1345682144165 14.1492795944214 14.163990020752 14.1787004470825 14.1934118270874 14.208122253418 14.2228326797485 14.2375440597534 14.2232398986816 14.2075004577637 14.1917600631714 14.1760196685791 14.1602802276611 14.1445398330688 14.1288003921509 14.1130599975586 14.0973205566406 14.0815801620483 14.0809850692749 14.0817089080811 14.0824327468872 14.0831565856934 14.0838804244995 14.0846033096313
14.811541557312 14.7160892486572 14.6206359863281 14.5251836776733 14.4297313690186 14.3374099731445 14.302547454834 14.2676839828491 14.2328214645386 14.197958946228 14.1630964279175 14.1282339096069 14.0933713912964 14.0585088729858 14.0236463546753 13.9896326065063 14.0000896453857 14.0105466842651 14.0210037231445 14.0314607620239 14.0419178009033 14.052375793457 14.0628328323364 14.0732898712158 14.0837469100952 14.0942039489746 14.1136054992676 14.1331357955933 14.1526660919189 14.1721963882446 14.191725730896 14.2112560272217 14.2307863235474 14.250316619873 14.2698469161987 14.2893772125244 14.2777338027954 14.2645463943481 14.2513589859009 14.2381725311279 14.2249851226807 14.2117977142334 14.1986103057861 14.1854238510132 14.1722364425659 14.1590490341187 14.1532125473022 14.1480169296265 14.1428213119507 14.1376247406006 14.1324291229248 14.127233505249
14.8422956466675 14.7465915679932 14.6508874893188 14.5551843643188 14.4594802856445 14.3666658401489 14.3268737792969 14.2870817184448 14.2472896575928 14.2074975967407 14.1677055358887 14.1279134750366 14.0881223678589 14.0483303070068 14.0085382461548 13.9697313308716 13.9825458526611 13.9953603744507 14.0081748962402 14.0209894180298 14.0338039398193 14.0466184616089 14.0594329833984 14.0722484588623 14.0850629806519 14.0978775024414 14.1220626831055 14.1464128494263 14.1707630157471 14.1951122283936 14.2194623947144 14.2438125610352 14.2681617736816 14.2925119400024 14.3168621063232 14.3412113189697 14.3322267532349 14.3215923309326 14.3109588623047 14.3003244400024 14.2896900177002 14.2790555953979 14.2684211730957 14.2577867507935 14.2471523284912 14.236517906189 14.2254409790039 14.2143249511719 14.2032098770142 14.1920938491821 14.1809778213501 14.1698627471924
14.8730487823486 14.7770938873291 14.6811389923096 14.58518409729 14.4892292022705 14.3959226608276 14.3512010574341 14.3064794540405 14.261757850647 14.2170362472534 14.1723155975342 14.1275939941406 14.0828723907471 14.0381507873535 13.99342918396 13.9498300552368 13.9650020599365 13.9801740646362 13.9953460693359 14.0105180740356 14.0256900787354 14.0408620834351 14.0560340881348 14.0712060928345 14.0863780975342 14.1015510559082 14.1305208206177 14.1596899032593 14.1888599395752 14.2180290222168 14.2471981048584 14.2763681411743 14.3055372238159 14.3347063064575 14.3638763427734 14.393045425415 14.3867206573486 14.3786392211914 14.3705577850342 14.362476348877 14.3543949127197 14.3463125228882 14.338231086731 14.3301496505737 14.3220682144165 14.3139867782593 14.2976684570312 14.2806329727173 14.2635974884033 14.2465629577637 14.2295274734497 14.2124919891357
14.9038028717041 14.8075971603394 14.7113904953003 14.6151847839355 14.5189790725708 14.425178527832 14.375527381897 14.3258771896362 14.2762260437012 14.2265748977661 14.1769247055054 14.1272735595703 14.0776224136353 14.0279722213745 13.9783210754395 13.9299287796021 13.9474582672119 13.9649877548218 13.9825172424316 14.0000467300415 14.0175762176514 14.0351057052612 14.0526351928711 14.070164680481 14.0876941680908 14.1052236557007 14.1389789581299 14.1729679107666 14.2069568634033 14.24094581604 14.2749347686768 14.3089237213135 14.3429126739502 14.3769016265869 14.4108905792236 14.4448795318604 14.4412145614624 14.4356851577759 14.4301567077637 14.4246282577515 14.4190988540649 14.4135704040527 14.4080419540405 14.402512550354 14.3969841003418 14.3914556503296 14.3698959350586 14.3469409942627 14.3239860534668 14.3010311126709 14.278076171875 14.2551212310791
14.9345569610596 14.8380994796753 14.741641998291 14.6451854705811 14.5487279891968 14.4544353485107 14.3998546600342 14.3452749252319 14.2906942367554 14.2361145019531 14.1815338134766 14.126953125 14.0723733901978 14.0177927017212 13.9632129669189 13.9100275039673 13.9299144744873 13.9498014450073 13.9696884155273 13.9895753860474 14.0094623565674 14.0293493270874 14.0492362976074 14.0691232681274 14.0890102386475 14.1088972091675 14.1474370956421 14.1862449645996 14.2250537872314 14.2638626098633 14.3026704788208 14.3414793014526 14.3802881240845 14.419095993042 14.4579048156738 14.4967136383057 14.4957075119019 14.4927320480347 14.4897556304932 14.486780166626 14.4838037490845 14.4808282852173 14.4778518676758 14.4748754501343 14.4718999862671 14.4689235687256 14.4421243667603 14.4132490158081 14.3843746185303 14.3555002212524 14.3266248703003 14.2977504730225
14.965311050415 14.8686027526855 14.7718935012817 14.6751852035522 14.5784769058228 14.4836912155151 14.4241819381714 14.3646717071533 14.3051624298096 14.2456531524658 14.1861429214478 14.126633644104 14.0671234130859 14.0076141357422 13.9481048583984 13.8901262283325 13.9123706817627 13.9346151351929 13.956859588623 13.9791040420532 14.0013484954834 14.0235929489136 14.0458374023438 14.0680818557739 14.0903263092041 14.1125707626343 14.1558952331543 14.1995229721069 14.2431507110596 14.2867794036865 14.3304071426392 14.3740348815918 14.4176626205444 14.4612913131714 14.504919052124 14.5485467910767 14.5502014160156 14.5497779846191 14.549355506897 14.5489320755005 14.548508644104 14.5480852127075 14.547661781311 14.5472393035889 14.5468158721924 14.5463924407959 14.5143518447876 14.4795570373535 14.4447631835938 14.4099683761597 14.3751745223999 14.3403797149658
14.9960641860962 14.8991050720215 14.8021450042725 14.7051858901978 14.608226776123 14.5129480361938 14.4485082626343 14.384069442749 14.3196306228638 14.2551918029785 14.1907520294189 14.1263132095337 14.0618743896484 13.9974355697632 13.9329957962036 13.8702249526978 13.8948268890381 13.9194288253784 13.9440307617188 13.9686326980591 13.9932346343994 14.0178365707397 14.0424385070801 14.0670404434204 14.0916423797607 14.1162443161011 14.1643524169922 14.2128000259399 14.2612476348877 14.3096952438354 14.3581428527832 14.406590461731 14.4550380706787 14.5034856796265 14.5519332885742 14.600380897522 14.6046953201294 14.6068248748779 14.6089544296265 14.611083984375 14.6132135391235 14.6153430938721 14.6174726486206 14.6196022033691 14.6217317581177 14.6238613128662 14.5865793228149 14.5458650588989 14.5051517486572 14.4644374847412 14.4237232208252 14.3830089569092
14.999701499939 14.9041299819946 14.8085584640503 14.712986946106 14.6174154281616 14.5234670639038 14.4592885971069 14.3951101303101 14.3309316635132 14.2667531967163 14.2025756835938 14.1383972167969 14.07421875 14.0100402832031 13.9458618164062 13.883373260498 13.9093608856201 13.9353494644165 13.9613370895386 13.987325668335 14.013313293457 14.0393018722534 14.0652894973755 14.0912771224976 14.1172657012939 14.143253326416 14.1927490234375 14.242582321167 14.2924165725708 14.3422508239746 14.3920850753784 14.4419183731079 14.4917526245117 14.5415868759155 14.5914211273193 14.6412544250488 14.6448431015015 14.6461429595947 14.647442817688 14.6487417221069 14.6500415802002 14.6513404846191 14.6526403427124 14.6539402008057 14.6552391052246 14.6565389633179 14.6087121963501 14.5566072463989 14.5045013427734 14.4523963928223 14.4002914428711 14.3481864929199
14.9870538711548 14.8938550949097 14.8006563186646 14.7074575424194 14.6142587661743 14.5227336883545 14.4619331359863 14.4011325836182 14.3403310775757 14.2795305252075 14.2187299728394 14.1579294204712 14.0971279144287 14.0363273620605 13.9755268096924 13.9163665771484 13.9431581497192 13.9699487686157 13.9967393875122 14.023530960083 14.0503215789795 14.077112197876 14.1039037704468 14.1306943893433 14.1574850082397 14.1842765808105 14.2331171035767 14.2822761535645 14.3314352035522 14.38059425354 14.4297523498535 14.4789113998413 14.5280704498291 14.5772294998169 14.6263885498047 14.6755466461182 14.6763772964478 14.6748151779175 14.6732530593872 14.6716918945312 14.670129776001 14.6685676574707 14.6670055389404 14.6654434204102 14.6638813018799 14.6623201370239 14.6007623672485 14.5339803695679 14.4671993255615 14.4004173278809 14.3336353302002 14.2668533325195
14.9744071960449 14.8835802078247 14.7927541732788 14.7019271850586 14.6111011505127 14.5220012664795 14.4645776748657 14.407154083252 14.3497314453125 14.2923078536987 14.234884262085 14.1774616241455 14.1200380325317 14.062614440918 14.0051918029785 13.9493608474731 13.976954460144 14.0045480728149 14.0321426391602 14.0597362518311 14.087329864502 14.1149234771729 14.1425170898438 14.170111656189 14.1977052688599 14.2252988815308 14.2734861373901 14.3219690322876 14.3704528808594 14.4189367294312 14.4674205780029 14.5159044265747 14.5643882751465 14.6128721237183 14.66135597229 14.7098388671875 14.707911491394 14.7034873962402 14.6990642547607 14.6946411132812 14.6902179718018 14.6857938766479 14.6813707351685 14.676947593689 14.6725234985352 14.6681003570557 14.5928134918213 14.5113544464111 14.4298963546753 14.3484373092651 14.266978263855 14.1855201721191
14.9617595672607 14.8733062744141 14.7848520278931 14.6963977813721 14.6079435348511 14.5212678909302 14.4672222137451 14.4131765365601 14.359130859375 14.3050851821899 14.2510395050049 14.1969928741455 14.1429471969604 14.0889015197754 14.0348558425903 13.9823541641235 14.0107507705688 14.0391483306885 14.0675449371338 14.0959415435791 14.1243381500244 14.1527347564697 14.181131362915 14.2095279693604 14.2379245758057 14.266321182251 14.3138542175293 14.3616628646851 14.4094715118408 14.4572801589966 14.5050888061523 14.5528974533081 14.6007061004639 14.6485147476196 14.6963233947754 14.7441310882568 14.739444732666 14.7321605682373 14.7248754501343 14.7175903320312 14.7103052139282 14.7030210494995 14.6957359313965 14.6884508132935 14.6811656951904 14.6738815307617 14.5848636627197 14.4887285232544 14.3925933837891 14.2964572906494 14.2003221511841 14.1041870117188
14.9491128921509 14.8630313873291 14.7769498825073 14.6908683776855 14.6047868728638 14.5205354690552 14.4698667526245 14.4191989898682 14.3685302734375 14.3178625106812 14.2671937942505 14.2165250778198 14.1658573150635 14.1151885986328 14.0645208358765 14.0153484344482 14.044548034668 14.0737476348877 14.1029472351074 14.1321468353271 14.1613464355469 14.1905460357666 14.2197456359863 14.2489452362061 14.2781448364258 14.3073444366455 14.3542232513428 14.4013566970825 14.4484901428223 14.495623588562 14.5427570343018 14.5898904800415 14.6370239257812 14.6841564178467 14.7312898635864 14.7784233093262 14.7709789276123 14.7608327865601 14.7506866455078 14.7405395507812 14.730393409729 14.7202472686768 14.7101011276245 14.6999549865723 14.68980884552 14.6796617507935 14.5769147872925 14.4661026000977 14.3552904129028 14.244478225708 14.1336660385132 14.0228538513184
14.9364652633667 14.8527565002441 14.7690477371216 14.6853380203247 14.6016292572021 14.5198020935059 14.4725112915039 14.425220489502 14.3779296875 14.330638885498 14.2833480834961 14.2360572814941 14.1887664794922 14.1414756774902 14.0941848754883 14.0483417510986 14.0783443450928 14.1083469390869 14.1383495330811 14.1683521270752 14.1983547210693 14.2283573150635 14.2583599090576 14.2883615493774 14.3183641433716 14.3483667373657 14.3945913314819 14.4410495758057 14.4875078201294 14.5339660644531 14.5804243087769 14.6268825531006 14.6733407974243 14.719799041748 14.7662572860718 14.8127164840698 14.8025131225586 14.7895050048828 14.776496887207 14.7634897232056 14.7504816055298 14.7374744415283 14.7244663238525 14.7114582061768 14.6984510421753 14.6854429244995 14.5689649581909 14.4434757232666 14.3179874420166 14.1924982070923 14.0670099258423 13.941520690918
14.9238185882568 14.8424816131592 14.7611455917358 14.6798086166382 14.5984725952148 14.5190696716309 14.4751558303833 14.4312429428101 14.3873300552368 14.3434162139893 14.299503326416 14.2555894851685 14.2116765975952 14.1677627563477 14.1238498687744 14.0813360214233 14.1121416091919 14.1429462432861 14.1737518310547 14.2045574188232 14.2353630065918 14.2661685943604 14.2969732284546 14.3277788162231 14.3585844039917 14.3893899917603 14.4349594116211 14.4807434082031 14.5265264511108 14.5723094940186 14.6180925369263 14.663875579834 14.7096586227417 14.7554416656494 14.8012247085571 14.8470087051392 14.8340463638306 14.8181772232056 14.8023080825806 14.7864389419556 14.7705698013306 14.7547006607056 14.7388315200806 14.7229623794556 14.7070932388306 14.6912240982056 14.5610160827637 14.4208498001099 14.2806844711304 14.1405191421509 14.0003528594971 13.8601875305176
14.9111709594727 14.8322076797485 14.7532434463501 14.6742792129517 14.5953149795532 14.5183372497559 14.477801322937 14.4372653961182 14.3967294692993 14.3561935424805 14.3156576156616 14.2751216888428 14.2345857620239 14.1940498352051 14.1535139083862 14.1143293380737 14.1459379196167 14.1775465011597 14.2091541290283 14.2407627105713 14.2723712921143 14.3039789199829 14.3355875015259 14.3671960830688 14.3988037109375 14.4304122924805 14.4753284454346 14.5204362869263 14.565544128418 14.6106519699097 14.6557607650757 14.7008686065674 14.7459764480591 14.7910842895508 14.8361921310425 14.8813009262085 14.8655805587769 14.8468503952026 14.8281192779541 14.8093881607056 14.7906579971313 14.7719268798828 14.7531967163086 14.7344655990601 14.7157354354858 14.6970043182373 14.5530662536621 14.3982238769531 14.2433815002441 14.0885391235352 13.9336967468262 13.7788543701172
14.8985242843628 14.8219327926636 14.7453413009644 14.6687488555908 14.5921573638916 14.5176038742065 14.4804458618164 14.443286895752 14.4061288833618 14.3689708709717 14.3318119049072 14.2946538925171 14.257495880127 14.2203369140625 14.1831789016724 14.1473236083984 14.1797351837158 14.2121458053589 14.2445573806763 14.2769680023193 14.3093795776367 14.3417901992798 14.3742017745972 14.4066123962402 14.4390239715576 14.4714345932007 14.5156965255737 14.5601301193237 14.6045627593994 14.6489953994751 14.6934280395508 14.7378616333008 14.7822942733765 14.8267269134521 14.8711595535278 14.9155931472778 14.8971147537231 14.8755226135254 14.8539304733276 14.8323383331299 14.8107461929321 14.7891540527344 14.7675619125366 14.7459697723389 14.7243776321411 14.7027854919434 14.5451164245605 14.3755979537964 14.2060785293579 14.0365591049194 13.8670406341553 13.6975212097168
14.8858776092529 14.8116579055786 14.7374391555786 14.6632194519043 14.5890007019043 14.5168714523315 14.4830904006958 14.4493093490601 14.4155282974243 14.3817472457886 14.3479671478271 14.3141860961914 14.2804050445557 14.2466239929199 14.2128429412842 14.1803178787231 14.2135314941406 14.2467451095581 14.2799596786499 14.3131732940674 14.3463878631592 14.3796014785767 14.4128150939941 14.4460296630859 14.4792432785034 14.5124578475952 14.5560655593872 14.5998229980469 14.6435804367065 14.6873388290405 14.7310962677002 14.7748537063599 14.8186120986938 14.8623695373535 14.9061269760132 14.9498853683472 14.9286489486694 14.9041948318481 14.8797416687012 14.8552875518799 14.8308343887329 14.8063802719116 14.7819271087646 14.7574729919434 14.7330198287964 14.7085657119751 14.5371675491333 14.3529720306396 14.1687755584717 13.984580039978 13.8003835678101 13.6161880493164
14.894923210144 14.8245716094971 14.7542200088501 14.6838684082031 14.6135177612305 14.5452136993408 14.5144929885864 14.4837713241577 14.453049659729 14.4223289489746 14.3916072845459 14.3608856201172 14.3301639556885 14.2994432449341 14.2687215805054 14.2391710281372 14.270938873291 14.3027076721191 14.3344764709473 14.3662452697754 14.3980131149292 14.4297819137573 14.4615507125854 14.4933185577393 14.5250873565674 14.5568561553955 14.5958271026611 14.6349020004272 14.6739768981934 14.7130517959595 14.7521266937256 14.7912015914917 14.8302764892578 14.8693513870239 14.90842628479 14.9475011825562 14.920970916748 14.8911924362183 14.8614149093628 14.831636428833 14.8018589019775 14.7720804214478 14.7423028945923 14.7125244140625 14.682746887207 14.6529693603516 14.4727373123169 14.2794036865234 14.08607006073 13.8927354812622 13.6994018554688 13.5060682296753
