R_scripts/int_process_data/Bio_16.asc
NCOLS 281 
NROWS 576 
XLLCORNER 81175.2677831308 
YLLCORNER 88.2293212990044 
CELLSIZE 1000 
NODATA_value -3.4e+38 
[rows 69 to 91 of 576, columns 52 to 103 of 281]
-3.4e+38 -3.4e+38 -3.4e+38 -3.4e+38 -3.4e+38 -3.4e+38 -3.4e+38 -3.4e+38 -3.4e+38 -3.4e+38 -3.4e+38 -3.4e+38 21.6262226104736 21.6262226104736 21.6262226104736 21.6262226104736 21.6262226104736 21.6374187469482 21.6984443664551 21.7594699859619 21.8204956054688 21.8815212249756 21.9425468444824 22.0035705566406 22.0645961761475 22.1256217956543 22.1866474151611 22.2557353973389 22.3703193664551 22.4849033355713 22.5994873046875 22.7140712738037 22.8286552429199 22.9432392120361 23.0578231811523 23.1724090576172 23.2869930267334 23.4032707214355 23.5322570800781 23.6612434387207 23.7902317047119 23.9192180633545 24.0482044219971 24.1771926879883 24.3061790466309 24.4351654052734 24.5641536712646 24.6933155059814 24.8243770599365 24.9554405212402 25.0865020751953 25.2175636291504
-3.4e+38 -3.4e+38 -3.4e+38 -3.4e+38 -3.4e+38 -3.4e+38 -3.4e+38 -3.4e+38 -3.4e+38 -3.4e+38 -3.4e+38 -3.4e+38 21.3840427398682 21.3840427398682 21.3840427398682 21.3840427398682 21.3840427398682 21.3950042724609 21.4547462463379 21.5144901275635 21.5742340087891 21.6339778900146 21.6937198638916 21.7534637451172 21.8132076263428 21.8729515075684 21.9326934814453 22.0011119842529 22.1184864044189 22.235860824585 22.353235244751 22.4706077575684 22.5879821777344 22.7053565979004 22.8227291107178 22.9401035308838 23.0574779510498 23.176441192627 23.3073310852051 23.4382209777832 23.5691108703613 23.7000026702881 23.8308925628662 23.9617824554443 24.0926742553711 24.2235641479492 24.3544540405273 24.4858131408691 24.6222286224365 24.7586441040039 24.8950614929199 25.0314769744873
-3.4e+38 -3.4e+38 -3.4e+38 -3.4e+38 -3.4e+38 -3.4e+38 -3.4e+38 -3.4e+38 -3.4e+38 -3.4e+38 -3.4e+38 -3.4e+38 21.1418628692627 21.1418628692627 21.1418628692627 21.1418628692627 21.1418628692627 21.152587890625 21.2110500335693 21.2695121765137 21.3279724121094 21.3864345550537 21.4448947906494 21.5033569335938 21.5618190765381 21.6202793121338 21.6787414550781 21.7464904785156 21.8666534423828 21.9868183135986 22.1069812774658 22.227144241333 22.3473091125488 22.467472076416 22.5876350402832 22.7077980041504 22.8279628753662 22.9496116638184 23.082405090332 23.2151985168457 23.3479919433594 23.4807872772217 23.6135807037354 23.746374130249 23.8791675567627 24.0119609832764 24.1447563171387 24.2783088684082 24.4200801849365 24.5618495941162 24.7036190032959 24.8453903198242
-3.4e+38 -3.4e+38 -3.4e+38 -3.4e+38 -3.4e+38 -3.4e+38 -3.4e+38 -3.4e+38 -3.4e+38 -3.4e+38 -3.4e+38 -3.4e+38 20.8996829986572 20.8996829986572 20.8996829986572 20.8996829986572 20.8996829986572 20.9101734161377 20.9673538208008 21.0245323181152 21.0817108154297 21.1388912200928 21.1960697174072 21.2532501220703 21.3104286193848 21.3676090240479 21.4247875213623 21.4918670654297 21.6148204803467 21.7377738952637 21.8607273101807 21.9836807250977 22.1066341400146 22.2295875549316 22.3525409698486 22.4754943847656 22.5984477996826 22.7227821350098 22.857479095459 22.9921760559082 23.1268730163574 23.2615699768066 23.3962669372559 23.5309658050537 23.6656627655029 23.8003597259521 23.9350566864014 24.0708065032959 24.2179298400879 24.3650531768799 24.5121784210205 24.6593017578125
-3.4e+38 -3.4e+38 -3.4e+38 -3.4e+38 -3.4e+38 -3.4e+38 -3.4e+38 -3.4e+38 -3.4e+38 -3.4e+38 -3.4e+38 -3.4e+38 20.7002944946289 20.7002944946289 20.7002944946289 20.7002944946289 20.7002944946289 20.7109565734863 20.7690715789795 20.8271865844727 20.8853015899658 20.9434185028076 21.0015335083008 21.0596485137939 21.1177635192871 21.1758785247803 21.2339935302734 21.3018836975098 21.4249267578125 21.5479698181152 21.671012878418 21.7940559387207 21.9170989990234 22.0401420593262 22.1631851196289 22.2862281799316 22.4092712402344 22.5337352752686 22.6688785552979 22.8040199279785 22.9391613006592 23.0743026733398 23.2094459533691 23.3445873260498 23.4797286987305 23.6148700714111 23.7500114440918 23.8860607147217 24.0319023132324 24.1777458190918 24.3235874176025 24.4694309234619
-3.4e+38 -3.4e+38 -3.4e+38 -3.4e+38 -3.4e+38 -3.4e+38 -3.4e+38 -3.4e+38 -3.4e+38 -3.4e+38 -3.4e+38 -3.4e+38 -3.4e+38 20.5029544830322 20.5029544830322 20.5029544830322 20.5029544830322 20.5138072967529 20.5729656219482 20.6321239471436 20.6912803649902 20.7504386901855 20.8095951080322 20.8687534332275 20.9279117584229 20.9870681762695 21.0462265014648 21.1149940490723 21.2379970550537 21.3610019683838 21.4840049743652 21.6070079803467 21.7300109863281 21.8530158996582 21.9760189056396 22.0990219116211 22.2220249176025 22.3465003967285 22.4820175170898 22.6175327301025 22.7530498504639 22.8885669708252 23.0240821838379 23.1595993041992 23.2951164245605 23.4306316375732 23.5661487579346 23.7024040222168 23.8466472625732 23.9908905029297 24.1351337432861 24.2793788909912
-3.4e+38 -3.4e+38 -3.4e+38 -3.4e+38 -3.4e+38 -3.4e+38 -3.4e+38 -3.4e+38 -3.4e+38 -3.4e+38 -3.4e+38 -3.4e+38 -3.4e+38 20.3056144714355 20.3056144714355 20.3056144714355 20.3056144714355 20.3166599273682 20.376859664917 20.4370594024658 20.4972591400146 20.5574588775635 20.6176586151123 20.6778583526611 20.73805809021 20.7982578277588 20.8584575653076 20.9281044006348 21.0510692596436 21.1740341186523 21.2969970703125 21.4199619293213 21.5429248809814 21.6658897399902 21.7888526916504 21.9118175506592 22.0347805023193 22.1592655181885 22.2951564788818 22.4310474395752 22.5669384002686 22.7028293609619 22.8387203216553 22.9746112823486 23.110502243042 23.2463932037354 23.3822860717773 23.5187473297119 23.6613922119141 23.8040370941162 23.9466800689697 24.0893249511719
-3.4e+38 -3.4e+38 -3.4e+38 -3.4e+38 -3.4e+38 -3.4e+38 -3.4e+38 -3.4e+38 -3.4e+38 -3.4e+38 -3.4e+38 -3.4e+38 -3.4e+38 20.1082744598389 20.1082744598389 20.1082744598389 20.1082744598389 20.1195125579834 20.1807537078857 20.2419948577881 20.3032379150391 20.3644790649414 20.4257221221924 20.4869632720947 20.5482063293457 20.609447479248 20.670690536499 20.7412166595459 20.8641414642334 20.9870643615723 21.1099891662598 21.2329139709473 21.3558387756348 21.4787635803223 21.6016864776611 21.7246112823486 21.8475360870361 21.9720287322998 22.1082954406738 22.2445602416992 22.3808269500732 22.5170917510986 22.6533584594727 22.789623260498 22.9258899688721 23.0621547698975 23.1984214782715 23.3350925445557 23.4761371612549 23.6171817779541 23.7582263946533 23.8992729187012
-3.4e+38 -3.4e+38 -3.4e+38 -3.4e+38 -3.4e+38 -3.4e+38 -3.4e+38 -3.4e+38 -3.4e+38 -3.4e+38 -3.4e+38 -3.4e+38 -3.4e+38 19.9109363555908 19.9109363555908 19.9109363555908 19.9109363555908 19.92236328125 19.9846477508545 20.046932220459 20.1092166900635 20.171501159668 20.2337837219238 20.2960681915283 20.3583526611328 20.4206371307373 20.4829216003418 20.5543270111084 20.6772117614746 20.8000965118408 20.9229831695557 21.0458679199219 21.1687526702881 21.2916374206543 21.4145221710205 21.5374069213867 21.6602916717529 21.7847938537598 21.9214344024658 22.0580749511719 22.1947154998779 22.331356048584 22.46799659729 22.6046371459961 22.7412776947021 22.8779182434082 23.0145587921143 23.1514358520508 23.2908821105957 23.4303283691406 23.5697727203369 23.7092189788818
-3.4e+38 -3.4e+38 -3.4e+38 -3.4e+38 -3.4e+38 -3.4e+38 -3.4e+38 -3.4e+38 -3.4e+38 -3.4e+38 -3.4e+38 -3.4e+38 -3.4e+38 19.7135963439941 19.7135963439941 19.7135963439941 19.7135963439941 19.7252159118652 19.7885417938232 19.8518676757812 19.9151935577393 19.9785213470459 20.0418472290039 20.1051731109619 20.1685009002686 20.2318267822266 20.2951526641846 20.3674392700195 20.4902839660645 20.6131286621094 20.7359752655029 20.8588199615479 20.9816646575928 21.1045112609863 21.2273559570312 21.3502006530762 21.4730472564697 21.5975589752197 21.7345733642578 21.8715877532959 22.0086040496826 22.1456184387207 22.2826328277588 22.4196491241455 22.5566635131836 22.6936798095703 22.8306941986084 22.9677791595459 23.1056270599365 23.2434730529785 23.3813190460205 23.5191669464111
-3.4e+38 -3.4e+38 -3.4e+38 -3.4e+38 -3.4e+38 -3.4e+38 -3.4e+38 -3.4e+38 -3.4e+38 -3.4e+38 -3.4e+38 -3.4e+38 -3.4e+38 19.5162563323975 19.5162563323975 19.5162563323975 19.5162563323975 19.5280666351318 19.592435836792 19.6568050384521 19.7211723327637 19.7855415344238 19.849910736084 19.9142780303955 19.9786472320557 20.0430164337158 20.107385635376 20.180549621582 20.3033561706543 20.4261608123779 20.5489673614502 20.6717739105225 20.7945785522461 20.9173851013184 21.040189743042 21.1629962921143 21.2858028411865 21.4103221893311 21.5477123260498 21.6851024627686 21.8224925994873 21.9598808288574 22.0972709655762 22.2346611022949 22.3720512390137 22.5094413757324 22.6468315124512 22.7841243743896 22.9203720092773 23.056619644165 23.1928653717041 23.3291130065918
-3.4e+38 -3.4e+38 -3.4e+38 -3.4e+38 -3.4e+38 -3.4e+38 -3.4e+38 -3.4e+38 -3.4e+38 -3.4e+38 -3.4e+38 -3.4e+38 19.3189182281494 19.3189182281494 19.3189182281494 19.3189182281494 19.3189182281494 19.3309192657471 19.3963298797607 19.4617404937744 19.5271511077881 19.5925617218018 19.6579723358154 19.7233848571777 19.7887954711914 19.8542060852051 19.9196166992188 19.9936618804932 20.1164264678955 20.2391929626465 20.3619594573975 20.4847259521484 20.6074924468994 20.7302589416504 20.8530254364014 20.9757900238037 21.0985565185547 21.223087310791 21.3608512878418 21.4986152648926 21.636381149292 21.7741451263428 21.9119091033936 22.0496730804443 22.1874389648438 22.3252029418945 22.4629669189453 22.6004676818848 22.7351169586182 22.8697643280029 23.0044136047363 23.1390609741211
-3.4e+38 -3.4e+38 -3.4e+38 -3.4e+38 -3.4e+38 -3.4e+38 -3.4e+38 -3.4e+38 -3.4e+38 -3.4e+38 -3.4e+38 -3.4e+38 19.1215782165527 19.1215782165527 19.1215782165527 19.1215782165527 19.1215782165527 19.1337699890137 19.2002239227295 19.2666759490967 19.3331298828125 19.3995819091797 19.4660358428955 19.5324897766113 19.5989418029785 19.6653957366943 19.7318477630615 19.8067722320557 19.9294986724854 20.052225112915 20.1749515533447 20.2976779937744 20.4204063415527 20.5431327819824 20.6658592224121 20.7885856628418 20.9113121032715 21.0358505249023 21.1739902496338 21.3121299743652 21.450267791748 21.5884075164795 21.7265472412109 21.8646869659424 22.0028247833252 22.1409645080566 22.2791042327881 22.4168109893799 22.5498600006104 22.6829109191895 22.8159599304199 22.9490089416504
-3.4e+38 -3.4e+38 -3.4e+38 -3.4e+38 -3.4e+38 -3.4e+38 -3.4e+38 -3.4e+38 -3.4e+38 -3.4e+38 -3.4e+38 -3.4e+38 18.9242382049561 18.9242382049561 18.9242382049561 18.9242382049561 18.9242382049561 18.9366226196289 19.0041179656982 19.0716133117676 19.1391086578369 19.2066040039062 19.2740993499756 19.3415946960449 19.4090900421143 19.4765853881836 19.5440807342529 19.6198825836182 19.7425708770752 19.8652572631836 19.9879455566406 20.110631942749 20.2333183288574 20.3560066223145 20.4786930084229 20.6013813018799 20.7240676879883 20.8486156463623 20.9871292114258 21.1256427764893 21.2641563415527 21.4026699066162 21.5411853790283 21.6796989440918 21.8182125091553 21.9567260742188 22.0952396392822 22.2331562042236 22.3646049499512 22.4960556030273 22.6275062561035 22.7589550018311
-3.4e+38 -3.4e+38 -3.4e+38 -3.4e+38 -3.4e+38 -3.4e+38 -3.4e+38 -3.4e+38 -3.4e+38 -3.4e+38 -3.4e+38 -3.4e+38 -3.4e+38 18.7619590759277 18.7619590759277 18.7619590759277 18.7619590759277 18.7743015289307 18.8415660858154 18.9088325500488 18.9760990142822 19.043363571167 19.1106300354004 19.1778964996338 19.2451610565186 19.312427520752 19.3796939849854 19.4552574157715 19.5776443481445 19.7000331878662 19.8224220275879 19.9448108673096 20.0671997070312 20.1895866394043 20.311975479126 20.4343643188477 20.5567531585693 20.6807479858398 20.8168087005615 20.9528694152832 21.0889282226562 21.2249889373779 21.3610496520996 21.4971084594727 21.6331691741943 21.769229888916 21.9052906036377 22.0406665802002 22.1686515808105 22.2966365814209 22.4246215820312 22.5526065826416
-3.4e+38 -3.4e+38 -3.4e+38 -3.4e+38 -3.4e+38 -3.4e+38 -3.4e+38 -3.4e+38 -3.4e+38 -3.4e+38 -3.4e+38 -3.4e+38 -3.4e+38 18.6026725769043 18.6026725769043 18.6026725769043 18.6026725769043 18.6149520874023 18.6818809509277 18.7488079071045 18.8157367706299 18.8826637268066 18.949592590332 19.0165195465088 19.0834465026855 19.1503753662109 19.2173023223877 19.2925300598145 19.4145984649658 19.5366668701172 19.6587333679199 19.7808017730713 19.902868270874 20.0249366760254 20.1470031738281 20.2690715789795 20.3911380767822 20.514533996582 20.6478996276855 20.7812652587891 20.9146289825439 21.0479946136475 21.181360244751 21.3147258758545 21.4480895996094 21.5814552307129 21.7148208618164 21.8474235534668 21.9717845916748 22.0961437225342 22.2205047607422 22.3448657989502
-3.4e+38 -3.4e+38 -3.4e+38 -3.4e+38 -3.4e+38 -3.4e+38 -3.4e+38 -3.4e+38 -3.4e+38 -3.4e+38 -3.4e+38 -3.4e+38 -3.4e+38 18.4433860778809 18.4433860778809 18.4433860778809 18.4433860778809 18.4556045532227 18.5221939086914 18.5887832641602 18.6553745269775 18.7219638824463 18.788553237915 18.8551425933838 18.9217338562012 18.9883232116699 19.0549125671387 19.1298046112061 19.2515525817871 19.3732986450195 19.495044708252 19.616792678833 19.7385387420654 19.8602848052979 19.9820308685303 20.1037788391113 20.2255249023438 20.3483200073242 20.4789905548096 20.6096611022949 20.7403316497803 20.871000289917 21.0016708374023 21.1323413848877 21.2630100250244 21.3936805725098 21.5243511199951 21.6541805267334 21.7749156951904 21.8956527709961 22.0163898468018 22.1371250152588
-3.4e+38 -3.4e+38 -3.4e+38 -3.4e+38 -3.4e+38 -3.4e+38 -3.4e+38 -3.4e+38 -3.4e+38 -3.4e+38 -3.4e+38 -3.4e+38 -3.4e+38 -3.4e+38 18.2841014862061 18.2841014862061 18.2841014862061 18.296257019043 18.3625087738037 18.4287605285645 18.4950122833252 18.5612640380859 18.6275157928467 18.6937675476074 18.7600193023682 18.8262710571289 18.8925228118896 18.9670791625977 19.0885047912598 19.2099304199219 19.331356048584 19.4527816772461 19.5742073059082 19.6956348419189 19.8170604705811 19.9384860992432 20.0599117279053 20.182107925415 20.3100814819336 20.4380569458008 20.566032409668 20.6940059661865 20.8219814300537 20.9499568939209 21.0779323577881 21.2059059143066 21.3338813781738 21.4609375 21.5780487060547 21.695161819458 21.8122730255127 21.9293842315674
-3.4e+38 -3.4e+38 -3.4e+38 -3.4e+38 -3.4e+38 -3.4e+38 -3.4e+38 -3.4e+38 -3.4e+38 -3.4e+38 -3.4e+38 -3.4e+38 -3.4e+38 -3.4e+38 18.1248149871826 18.1248149871826 18.1248149871826 18.1369075775146 18.2028217315674 18.2687358856201 18.3346500396729 18.400562286377 18.4664764404297 18.5323905944824 18.5983047485352 18.6642189025879 18.730131149292 18.8043537139893 18.9254589080811 19.0465641021729 19.167667388916 19.2887725830078 19.4098777770996 19.5309829711914 19.6520881652832 19.773193359375 19.8942985534668 20.0158939361572 20.1411724090576 20.2664527893066 20.3917331695557 20.5170135498047 20.6422920227051 20.7675724029541 20.8928527832031 21.0181312561035 21.1434116363525 21.2676944732666 21.3811817169189 21.4946689605713 21.6081562042236 21.7216453552246
-3.4e+38 -3.4e+38 -3.4e+38 -3.4e+38 -3.4e+38 -3.4e+38 -3.4e+38 -3.4e+38 -3.4e+38 -3.4e+38 -3.4e+38 -3.4e+38 -3.4e+38 -3.4e+38 -3.4e+38 17.9655284881592 17.9655284881592 17.977560043335 18.0431346893311 18.1087112426758 18.1742877960205 18.2398624420166 18.3054389953613 18.3710136413574 18.4365901947021 18.5021648406982 18.567741394043 18.6416282653809 18.7624111175537 18.8831958770752 19.0039806365967 19.1247634887695 19.245548248291 19.3663311004639 19.4871158599854 19.6079006195068 19.7286834716797 19.8496799468994 19.9722652435303 20.0948486328125 20.2174339294434 20.3400192260742 20.4626026153564 20.5851879119873 20.7077732086182 20.8303565979004 20.9529418945312 21.0744495391846 21.1843147277832 21.2941780090332 21.4040412902832 21.5139045715332
-3.4e+38 -3.4e+38 -3.4e+38 -3.4e+38 -3.4e+38 -3.4e+38 -3.4e+38 -3.4e+38 -3.4e+38 -3.4e+38 -3.4e+38 -3.4e+38 -3.4e+38 -3.4e+38 -3.4e+38 17.8062419891357 17.8062419891357 17.8182106018066 17.8834495544434 17.9486865997314 18.0139255523682 18.0791625976562 18.1443996429443 18.2096385955811 18.2748756408691 18.3401126861572 18.4053516387939 18.4789009094238 18.599365234375 18.7198276519775 18.8402919769287 18.9607543945312 19.0812168121338 19.201681137085 19.3221435546875 19.4426078796387 19.5630702972412 19.6834659576416 19.8033561706543 19.9232444763184 20.0431346893311 20.1630249023438 20.2829151153564 20.4028034210205 20.5226936340332 20.6425838470459 20.76247215271 20.8812065124512 20.9874458312988 21.0936851501465 21.1999244689941 21.3061637878418
-3.4e+38 -3.4e+38 -3.4e+38 -3.4e+38 -3.4e+38 -3.4e+38 -3.4e+38 -3.4e+38 -3.4e+38 -3.4e+38 -3.4e+38 -3.4e+38 -3.4e+38 -3.4e+38 -3.4e+38 -3.4e+38 17.6469554901123 17.658863067627 17.723762512207 17.7886619567871 17.8535633087158 17.9184627532959 17.983362197876 18.0482616424561 18.1131610870361 18.1780605316162 18.2429599761963 18.3161754608154 18.4363174438477 18.5564613342285 18.6766033172607 18.796745300293 18.9168872833252 19.0370292663574 19.1571712493896 19.2773151397705 19.3974571228027 19.5172519683838 19.6344470977783 19.7516422271729 19.8688354492188 19.9860305786133 20.1032257080078 20.2204189300537 20.3376140594482 20.4548091888428 20.5720024108887 20.6879634857178 20.7905788421631 20.8931941986084 20.9958076477051 21.0984230041504
-3.4e+38 -3.4e+38 -3.4e+38 -3.4e+38 -3.4e+38 -3.4e+38 -3.4e+38 -3.4e+38 -3.4e+38 -3.4e+38 -3.4e+38 -3.4e+38 -3.4e+38 -3.4e+38 -3.4e+38 -3.4e+38 17.4876689910889 17.4995155334473 17.5640773773193 17.6286392211914 17.6932010650635 17.7577610015869 17.822322845459 17.8868846893311 17.9514465332031 18.0160083770752 18.0805702209473 18.153450012207 18.2732715606689 18.3930931091309 18.5129146575928 18.6327362060547 18.7525577545166 18.8723793029785 18.9922008514404 19.1120223999023 19.2318420410156 19.351037979126 19.4655380249023 19.5800380706787 19.6945362091064 19.8090362548828 19.9235363006592 20.0380344390869 20.1525344848633 20.2670345306396 20.3815326690674 20.4947204589844 20.5937118530273 20.6927013397217 20.7916927337646 20.890682220459
