R_scripts/int_process_data/Bio_14_2001.2020.asc
NCOLS 281 
NROWS 577 
XLLCORNER 81175.2677831308 
YLLCORNER -911.770678700996 
CELLSIZE 1000 
NODATA_value -3.4e+38 
[rows 336 to 356 of 577, columns 48 to 95 of 281]
6.18113615846738e-10 7.41313566088309e-10 7.83080489341614e-10 7.97477417435744e-10 8.0442846828177e-10 7.89229903652711e-10 7.56637918986058e-10 8.2735457374028e-10 8.77633909990294e-10 8.63560167818633e-10 7.68274166507155e-10 7.04242386628806e-10 6.76827149881376e-10 6.64547750162114e-10 6.36090291550317e-10 5.86258708246135e-10 5.66801994228427e-10 5.67958846620087e-10 5.72152603073306e-10 5.72231595441508e-10 5.71335534438333e-10 5.84681303372747e-10 6.03501359996983e-10 6.13436024199387e-10 6.22964568819384e-10 6.30189844752493e-10 6.48288756011084e-10 6.74861500016277e-10 7.0155142806172e-10 7.14665160383987e-10 7.33703431343713e-10 7.24309001665091e-10 6.91251555995365e-10 6.72476130336719e-10 6.485622594532e-10 6.22965512508955e-10 6.26914353762942e-10 6.60634380533764e-10 6.67673694110249e-10 6.65829891222103e-10 6.69425570531956e-10 7.08769765100925e-10 7.33704874633645e-10 7.06303293629418e-10 7.04970803955263e-10 7.27370108588588e-10 7.27425564228668e-10 7.33592242507797e-10
6.11148853746357e-10 6.99005742177405e-10 7.76352593323537e-10 7.9811296460619e-10 7.81012587935948e-10 8.26969492884189e-10 7.75216502102438e-10 7.59740825806432e-10 7.77605535517978e-10 7.91382848142064e-10 7.41269767789987e-10 6.90159596139495e-10 6.58906651462843e-10 6.58174570400405e-10 6.35500319035032e-10 5.73840586159946e-10 5.65572699784411e-10 5.67848379429137e-10 5.68681490786815e-10 5.67067892642825e-10 5.74952196963352e-10 5.75929748336534e-10 5.73235070522315e-10 5.83636750040029e-10 5.93429805295642e-10 5.95882398979342e-10 6.14202244619833e-10 6.45830666723413e-10 6.56634746576401e-10 6.60680454789286e-10 6.49935105734301e-10 6.3929367355442e-10 6.38536445940474e-10 6.48742892739307e-10 6.58547272269772e-10 6.71141475727666e-10 7.27549409607064e-10 7.51241457930263e-10 7.59919072113036e-10 7.22072568404286e-10 6.81704581673159e-10 6.93694157671843e-10 7.14722336869755e-10 7.43829109417504e-10 7.73101083151317e-10 7.86338660851982e-10 7.83874909426885e-10 7.73311636947938e-10
5.58583068688279e-10 6.10533623657261e-10 7.52755469068944e-10 7.82319764525141e-10 7.46967099285456e-10 7.81826769991056e-10 8.11258948907323e-10 7.37965133446039e-10 6.7579125628825e-10 6.95251523019635e-10 6.95254187554895e-10 6.6155481093233e-10 6.3632621394305e-10 6.15515027835301e-10 5.81945547306617e-10 5.63630697669737e-10 5.66062974272086e-10 5.66624691611395e-10 5.65556046439042e-10 5.71262981363674e-10 5.92614457506357e-10 5.98366634019243e-10 5.80166747976563e-10 5.94077842475116e-10 6.06008632164645e-10 6.09428618680852e-10 5.96905469496534e-10 6.0336552420992e-10 6.28510132827387e-10 6.39341135588722e-10 6.56347143301872e-10 6.9353128795413e-10 7.23137549840658e-10 7.5333733695615e-10 7.71219255124578e-10 7.85878029319065e-10 8.02014954448538e-10 7.89549425839198e-10 7.94531052061842e-10 7.74833530670094e-10 7.61630758461251e-10 7.81819609052548e-10 7.98209276453576e-10 8.29633250987172e-10 8.56965554074662e-10 8.57437121304372e-10 8.45094438872707e-10 8.27288904048373e-10
5.26050480953444e-10 5.48580625370221e-10 6.97950641725953e-10 7.69111108134268e-10 7.45956851844198e-10 7.18617665373955e-10 7.41772976375898e-10 7.45644768151976e-10 6.51825871056388e-10 6.330462820614e-10 6.43200548378076e-10 6.14408079968598e-10 5.97308535965624e-10 5.77703940241037e-10 5.64843949391047e-10 5.66283242520171e-10 5.67151381414277e-10 5.64198632257984e-10 5.6774890344613e-10 5.88961712733038e-10 6.10104133880185e-10 6.2482685692089e-10 5.99194416306403e-10 6.08085137798753e-10 6.47010944820892e-10 6.71222410986161e-10 6.53559706353946e-10 6.38553709908507e-10 6.93719470756804e-10 7.11048997459329e-10 7.36966709879994e-10 7.76971265104009e-10 7.78716868765628e-10 7.73358155292669e-10 7.84454723401495e-10 7.95426946531563e-10 7.94998789022117e-10 7.77445552380129e-10 7.78451580973893e-10 7.85884635146061e-10 7.94206478360593e-10 8.06433642086546e-10 8.19219692083095e-10 8.35945423993678e-10 8.43283720630694e-10 8.44836312019481e-10 8.60260085389086e-10 8.56539950078172e-10
5.22880017062022e-10 5.34026933785015e-10 6.69608979375624e-10 7.85185028107094e-10 7.92209797761956e-10 6.99708513351993e-10 6.80605016789571e-10 7.34822369619081e-10 6.23111673370147e-10 5.82876580335068e-10 5.8894239485241e-10 5.7541466036426e-10 5.65845315048108e-10 5.64888580356637e-10 5.65658409001912e-10 5.68499691766533e-10 5.66772684340577e-10 5.62013491300917e-10 5.76754366488075e-10 6.08899763943072e-10 6.21981577353381e-10 6.24419682626609e-10 6.13163075868783e-10 6.16044715240349e-10 6.61213028774199e-10 6.91686763421018e-10 6.85837442393478e-10 6.42431940978128e-10 6.66899035994817e-10 7.394624357282e-10 7.77762465542509e-10 7.85935261315984e-10 7.68498431558129e-10 7.63429874872656e-10 7.71665509269326e-10 7.77978848010008e-10 7.60992269199789e-10 7.59011298256951e-10 7.68527241845618e-10 7.86837095478887e-10 8.0189421769461e-10 8.13157985390944e-10 8.17164613753363e-10 8.08376143801581e-10 7.93841992141608e-10 7.98824117964614e-10 8.27313495488369e-10 8.38218050525086e-10
4.96060581500757e-10 5.4581961173028e-10 6.87629286844071e-10 7.43913985967737e-10 7.29162119572635e-10 6.84122258842734e-10 6.1580762711344e-10 6.36607322412885e-10 5.68605218465024e-10 5.57145052315633e-10 5.64184643447874e-10 5.68292746194743e-10 5.67708935417244e-10 5.67978886145681e-10 5.6807936132941e-10 5.67938029938375e-10 5.61056145986782e-10 5.6887283772511e-10 6.02764116397481e-10 6.26227403266455e-10 6.34734875770704e-10 6.35127117565304e-10 6.29052143708009e-10 6.23468221494505e-10 6.57821297433969e-10 6.89383106156072e-10 6.99409141713403e-10 6.82858158906896e-10 6.51198595047475e-10 6.90606516418057e-10 7.50823625494945e-10 7.70140617945003e-10 7.44623418480472e-10 7.55986995226721e-10 7.50624229439723e-10 7.38665961730334e-10 7.4437173092079e-10 7.5900902229975e-10 7.73613451077182e-10 7.83674236615184e-10 7.94793841851771e-10 7.92569343488481e-10 7.83250853064743e-10 7.85156606397663e-10 7.96546106851537e-10 8.03749677924515e-10 8.32057422961441e-10 8.71261007784341e-10
4.74876304945582e-10 5.91086679602171e-10 7.33033633792957e-10 7.01519564660913e-10 6.17638717947955e-10 5.98052329880971e-10 5.47308309784e-10 5.39061018045572e-10 5.38339428590717e-10 5.47264789041435e-10 5.57745349905048e-10 5.66068636409511e-10 5.69083336010578e-10 5.6914473134384e-10 5.67984381749653e-10 5.62605018128437e-10 5.59073953798617e-10 5.79986336735061e-10 6.22157436680482e-10 6.33920360648688e-10 6.34664709675548e-10 6.40977437793566e-10 6.42320030497245e-10 6.41249664479204e-10 6.62472521284485e-10 6.89867496461716e-10 7.04681646368499e-10 7.11822656374039e-10 6.88284040872844e-10 6.79664269309654e-10 6.90220158805488e-10 7.14531100953764e-10 7.06562697239121e-10 7.15166703635362e-10 7.16078196738579e-10 7.13508474525781e-10 7.31745442017484e-10 7.48622830393231e-10 7.42055528135666e-10 7.46988637612134e-10 7.59695695240481e-10 7.65043250972042e-10 7.67986729766079e-10 8.03638988688959e-10 8.22100609809695e-10 8.40614799990647e-10 8.70556904342124e-10 8.94137375251347e-10
4.7690051907523e-10 6.23289420076389e-10 7.0273808994159e-10 6.05042793644373e-10 5.34985777900232e-10 5.16851728082912e-10 5.13156128700842e-10 5.18984411002066e-10 5.30186061720173e-10 5.40352262934363e-10 5.49342848987777e-10 5.59444934822295e-10 5.6468402176435e-10 5.63118385255024e-10 5.62279389715314e-10 5.62278390514592e-10 5.61792001807504e-10 5.85514081663518e-10 6.18880002800637e-10 6.25796192643691e-10 6.30498098175281e-10 6.38349040293917e-10 6.44727271570389e-10 6.50794973466873e-10 6.73717415189401e-10 6.88459622644189e-10 6.99895419398189e-10 7.16915748988356e-10 7.32235605482856e-10 7.381392164163e-10 7.25255078215525e-10 6.983111866532e-10 7.05850988769186e-10 7.39433458907257e-10 7.37208238899001e-10 7.46454120736928e-10 7.47189143890381e-10 7.33101745975517e-10 7.26564364228466e-10 7.48746176171267e-10 7.67337970941639e-10 7.85460863017562e-10 8.03636379664852e-10 8.18369039201627e-10 8.40363723053628e-10 8.70730432200872e-10 8.85331696842684e-10 8.7252244318492e-10
4.67701599671244e-10 5.55891332965075e-10 5.78654346661267e-10 5.07396624715994e-10 4.92775598104345e-10 4.96373497860247e-10 5.05298525244058e-10 5.14494780112784e-10 5.22682896964e-10 5.31461485930862e-10 5.3981247249979e-10 5.49033929431175e-10 5.55037737992592e-10 5.60458124354568e-10 5.5984777924678e-10 5.61984181413067e-10 5.57742518836335e-10 5.68022739955154e-10 5.98743221669196e-10 6.12112527331732e-10 6.24008011929078e-10 6.3845512210392e-10 6.46959319450247e-10 6.60631327420447e-10 6.83245793275944e-10 6.89464374481474e-10 7.01726010632342e-10 7.37266081518584e-10 7.6609724120047e-10 7.68655583627265e-10 7.75933928220951e-10 7.48985373721922e-10 7.47878037277161e-10 7.95054799773709e-10 7.82010400879329e-10 7.84378006990494e-10 7.92378496150548e-10 7.75654762641409e-10 7.59260543325979e-10 7.6191247755375e-10 7.86984422074255e-10 8.07217959142292e-10 8.27909352185685e-10 8.4726453630779e-10 8.71806127289432e-10 8.8519763741246e-10 8.64495142138821e-10 8.39282976450306e-10
4.56420623518028e-10 4.75430583790626e-10 4.82943796065172e-10 4.72739958290447e-10 4.80366024735446e-10 4.91135132563159e-10 5.01618413473182e-10 5.08348807493064e-10 5.16823639440389e-10 5.24733756446238e-10 5.3291221435714e-10 5.3921012099778e-10 5.45397338402864e-10 5.57324852934471e-10 5.58194879207718e-10 5.71248104375144e-10 5.72557945499597e-10 5.61926782882693e-10 5.67877911361592e-10 5.82794423831245e-10 6.12247086362316e-10 6.34721553094408e-10 6.54175713599159e-10 6.73368638626215e-10 6.84216627799827e-10 6.90397350400218e-10 7.21385118307438e-10 7.57590989941548e-10 7.71980868119471e-10 7.8916539969498e-10 7.8723533247782e-10 7.93247634245375e-10 7.87520548772846e-10 8.08530464802004e-10 8.0258943935263e-10 7.98346722064025e-10 8.03944466554185e-10 8.08612510283524e-10 8.00898958264185e-10 7.84685927346374e-10 7.85696008254178e-10 8.04762756434485e-10 8.28964619170591e-10 8.5871565413953e-10 8.72342365010326e-10 8.66920757403022e-10 8.3545903528659e-10 7.99663113504323e-10
4.50020132269913e-10 4.48720643975165e-10 4.5516487801045e-10 4.6343817672323e-10 4.72836048093228e-10 4.80933071145273e-10 4.89607077103216e-10 4.96837126995331e-10 5.06328923233212e-10 5.14379983052038e-10 5.21650389551098e-10 5.28991794812583e-10 5.39808142629994e-10 5.5892757089282e-10 5.64790769708168e-10 5.80695769247797e-10 5.91368121138913e-10 5.94281679422437e-10 5.81167836077867e-10 5.69084890322813e-10 6.00274829842817e-10 6.40433595044954e-10 6.62784049865195e-10 6.75792588555879e-10 6.80242306927425e-10 6.90357937482844e-10 7.3775641151741e-10 7.62583829416741e-10 7.72160946294065e-10 7.92838683594255e-10 7.94702581519147e-10 8.11094025277015e-10 8.02551358702885e-10 7.95289223365359e-10 7.95987387114394e-10 7.92260534954181e-10 8.07100830613194e-10 8.18645484734759e-10 8.24564194701338e-10 8.20835455161983e-10 8.09370404031284e-10 8.1868611889746e-10 8.34408764305294e-10 8.55734816340714e-10 8.34321167708652e-10 8.33723312609891e-10 8.13376865860249e-10 7.7646677976162e-10
4.36811420367889e-10 4.38088398890812e-10 4.45632392098716e-10 4.58978105521979e-10 4.70001371155604e-10 4.77944461785285e-10 4.85040896336386e-10 4.94564389441621e-10 5.01284069809316e-10 5.10474051917953e-10 5.14865816647614e-10 5.21829801591878e-10 5.44470912799966e-10 5.72253799902001e-10 5.80339387656892e-10 5.84974402251248e-10 5.98672500462527e-10 6.10638428710786e-10 6.04852057328742e-10 5.7792770569165e-10 5.84888859567201e-10 6.3599753241661e-10 6.53357146163103e-10 6.646981298708e-10 6.69491406757317e-10 6.85117240717403e-10 7.30204008370094e-10 7.55025653109698e-10 7.77384323580321e-10 7.93194343540193e-10 8.02813648892453e-10 8.02805766308978e-10 7.90825849250609e-10 7.72330810416832e-10 7.7044387536418e-10 7.80136288902611e-10 7.96644694656123e-10 8.11748834816939e-10 8.19460888035195e-10 8.20921775002148e-10 8.17355905180506e-10 8.1592510525752e-10 8.2530998701813e-10 8.23471457689351e-10 7.8361633848445e-10 7.82445219726924e-10 7.73370700812848e-10 7.59211471468291e-10
4.27919338852334e-10 4.28524798978813e-10 4.4248069097641e-10 4.53558413049393e-10 4.62464205819302e-10 4.69864425145516e-10 4.7761061772178e-10 4.86177098579788e-10 4.939142428384e-10 5.00480157317185e-10 5.06151232038121e-10 5.16817422191451e-10 5.42543510118065e-10 5.65332725077639e-10 5.72630387551953e-10 5.85454518198247e-10 5.98138150120775e-10 6.07451922096658e-10 6.11476091982865e-10 5.98285865294201e-10 5.80474002198628e-10 5.97446425665282e-10 6.32198793315553e-10 6.52823906044375e-10 6.62815913266002e-10 6.84915624216131e-10 7.21153803340258e-10 7.47366502018565e-10 7.70774166714006e-10 7.80329856286954e-10 7.92728882537119e-10 7.84937170816846e-10 7.73222430527909e-10 7.58163143377288e-10 7.53952122956036e-10 7.72131580895064e-10 7.80673747868832e-10 7.97988897183188e-10 8.1071194202309e-10 8.16263001635065e-10 8.08267008878261e-10 8.02230504248769e-10 7.84049769553263e-10 7.66770702487207e-10 7.38854588622218e-10 7.26758986324683e-10 7.18148762679505e-10 7.21639081824321e-10
4.18747564401301e-10 4.24095147888437e-10 4.4024378587082e-10 4.49022347082106e-10 4.5590042851984e-10 4.63917848581019e-10 4.71390315670561e-10 4.79048356538669e-10 4.86143569844444e-10 4.92138829688571e-10 5.00178065632184e-10 5.08259379028431e-10 5.23297793986188e-10 5.40475608712399e-10 5.58713686427126e-10 5.83227577344303e-10 5.95731797226051e-10 6.08400663182351e-10 6.23741003291656e-10 6.32798369260001e-10 6.21406925915835e-10 6.05991867796973e-10 6.24040319419095e-10 6.45483055894402e-10 6.6575717161399e-10 6.89109769247409e-10 7.2146050245081e-10 7.417572667201e-10 7.52466200459878e-10 7.60489171636181e-10 7.66012475672539e-10 7.63141827508917e-10 7.56603502072295e-10 7.50782602754185e-10 7.39927674686669e-10 7.57623908054228e-10 7.74745378961939e-10 7.95950083620767e-10 8.07746758368921e-10 8.05906119616395e-10 7.85759013410825e-10 7.63457852492877e-10 7.13339831648341e-10 6.83453404981549e-10 6.77633726908766e-10 6.98752056216279e-10 7.078443942099e-10 6.90839829786682e-10
4.15862677627388e-10 4.26810475850914e-10 4.40027458914471e-10 4.4756762185294e-10 4.54079635003879e-10 4.62071825246824e-10 4.69121796964345e-10 4.75875117089686e-10 4.82689110903323e-10 4.89968066119673e-10 4.99206009862974e-10 5.07956066098103e-10 5.14575271282069e-10 5.23109222605456e-10 5.4841242658199e-10 5.78886716340321e-10 5.97702609628215e-10 6.18251783102153e-10 6.38165575939098e-10 6.49142295472416e-10 6.61851351502207e-10 6.52438880699435e-10 6.27392970908858e-10 6.21276918799651e-10 6.51105114268802e-10 6.9168731853253e-10 7.27082893892117e-10 7.41140426807618e-10 7.46380512950395e-10 7.47899908670746e-10 7.35836114262867e-10 7.36509075949243e-10 7.49908024566537e-10 7.41113226343515e-10 7.22734483371568e-10 7.55236151395167e-10 7.81899767154925e-10 7.83864972930814e-10 7.84795173291997e-10 7.61150864558857e-10 7.22517434770253e-10 6.80449585566123e-10 6.42853659194031e-10 6.38328001567601e-10 6.33743169053957e-10 6.35042407548525e-10 6.3553362572577e-10 6.32052021831697e-10
4.1694570018791e-10 4.28178992262218e-10 4.3893474965806e-10 4.46762099537423e-10 4.54373677571951e-10 4.62208243900974e-10 4.68736383041346e-10 4.76250316960858e-10 4.83858231259404e-10 4.97141994237893e-10 5.14806863805006e-10 5.21042486933965e-10 5.25106735871361e-10 5.26280741208751e-10 5.34484123626555e-10 5.59170654224062e-10 5.84119141944228e-10 6.14632844619933e-10 6.43447184422996e-10 6.58502419259577e-10 6.76702416324559e-10 6.76688260980995e-10 6.56309451230186e-10 6.30431096215744e-10 6.38332331437397e-10 6.82170986365804e-10 7.17608750200327e-10 7.18258674758943e-10 7.18619885820004e-10 7.26560644981333e-10 7.07801872668057e-10 7.09305503221458e-10 7.38468730610009e-10 7.2026529185365e-10 7.18430259727398e-10 7.53927809071797e-10 7.57806206674871e-10 7.59900031788163e-10 7.47872874740096e-10 7.05118741173294e-10 6.462110846428e-10 6.21284634849673e-10 6.16449669088581e-10 6.15884621080198e-10 6.18302631316681e-10 6.22602247535298e-10 6.25576257462512e-10 6.33745389500007e-10
4.18853451922274e-10 4.30616653446236e-10 4.37799629882107e-10 4.45348258271139e-10 4.53955179002818e-10 4.62670374234975e-10 4.70216976466986e-10 4.76803430071726e-10 4.84155660007701e-10 5.07384190218119e-10 5.34595478995925e-10 5.37982325354847e-10 5.4191928722247e-10 5.38083411161239e-10 5.33707300576225e-10 5.41260758435413e-10 5.52995094160735e-10 5.83270653997658e-10 6.20095308434543e-10 6.35261010462074e-10 6.55070608868158e-10 6.62851884491999e-10 6.70313138328993e-10 6.63078925100535e-10 6.63398114220115e-10 6.65164812119201e-10 6.69050315149633e-10 6.76986855463468e-10 6.81855683026811e-10 6.88209600419043e-10 6.82009615449175e-10 6.82284673203526e-10 6.96527446830686e-10 6.98323565639924e-10 7.21499138212067e-10 7.28980764641562e-10 7.24240223348716e-10 7.2779132720413e-10 7.03280822467178e-10 6.51629084025274e-10 6.16362683114602e-10 6.11707240416592e-10 6.15710260554181e-10 6.21493911889814e-10 6.29128471540952e-10 6.42041975140728e-10 6.51985021526968e-10 6.66229016399456e-10
4.22998941429498e-10 4.32918756398948e-10 4.39936947982389e-10 4.46736675430159e-10 4.54606935429425e-10 4.62980126458845e-10 4.70896655002662e-10 4.77578976365578e-10 4.85352369405945e-10 5.07376418656946e-10 5.35402888690584e-10 5.44071065977647e-10 5.48438794378825e-10 5.45037515120583e-10 5.38610989142541e-10 5.51192647080256e-10 5.49569056929045e-10 5.55073653707439e-10 5.68479485707485e-10 5.77813130675509e-10 5.98399829687679e-10 6.20671014583962e-10 6.50094200693729e-10 6.60847099265283e-10 7.04836078391224e-10 6.9313815798111e-10 6.74754974117064e-10 6.87188639325598e-10 6.89774404261101e-10 6.84402423622998e-10 6.75531297567034e-10 6.84195200495452e-10 6.83371581544634e-10 6.93180790545256e-10 7.07892355844564e-10 7.05420777347143e-10 7.06315173015781e-10 6.76709910329976e-10 6.4733685078977e-10 6.19404527668621e-10 6.146155806519e-10 6.18027296006574e-10 6.21787954457886e-10 6.33640084846121e-10 6.51751042024529e-10 6.65316191028609e-10 6.71118050021846e-10 6.76108280472931e-10
4.25841112372538e-10 4.34119878933714e-10 4.41859604460859e-10 4.49302511862371e-10 4.55589316272764e-10 4.63216298651759e-10 4.71270300561599e-10 4.79370210193508e-10 4.87800466686394e-10 5.01751862280742e-10 5.30467170190008e-10 5.45061384915613e-10 5.53175338868783e-10 5.57709212145596e-10 5.48902812091967e-10 5.53223300503447e-10 5.74403746789187e-10 5.77530800960346e-10 5.72512037777528e-10 5.68119440380599e-10 5.66741931162795e-10 5.76306613542243e-10 5.95497817723611e-10 6.09942207852043e-10 6.46158793138341e-10 6.55608234367833e-10 6.65259181076294e-10 6.77186029474086e-10 6.88356482925201e-10 6.95050073051817e-10 6.97405078131652e-10 7.07703673441529e-10 7.08732295073844e-10 7.08195946330648e-10 7.1024697234634e-10 7.0110467431661e-10 6.72693567516092e-10 6.27789153995195e-10 6.14248651942262e-10 6.16220074967089e-10 6.22879081646488e-10 6.31575070020318e-10 6.4001776101108e-10 6.45412501221188e-10 6.53012810492015e-10 6.70030864124982e-10 6.79010958570814e-10 6.86140644301503e-10
4.29847185623444e-10 4.36746944165733e-10 4.44158404500072e-10 4.51757159458666e-10 4.58377141798749e-10 4.64714239312158e-10 4.72988759270265e-10 4.8287024378979e-10 4.9274473390426e-10 4.97498153784193e-10 5.21020504518077e-10 5.42944189607653e-10 5.6112364754668e-10 5.71372671398507e-10 5.56779677918229e-10 5.44560452286902e-10 5.92861371107034e-10 6.11165451580575e-10 6.11921679993799e-10 6.10299644154821e-10 5.98640803595174e-10 5.90879789541532e-10 5.74746750192645e-10 5.73855074570417e-10 5.77463021844693e-10 5.8466204100327e-10 5.98393723461044e-10 6.08053940531761e-10 6.20256401795416e-10 6.46021791617102e-10 6.72584876681981e-10 6.76307621017003e-10 6.88017531835783e-10 7.02919056294604e-10 6.95859203592164e-10 6.50910159105678e-10 6.16606987691171e-10 6.10193284789062e-10 6.13062933751962e-10 6.20378914906183e-10 6.31171281906262e-10 6.42618902535474e-10 6.58798904318303e-10 6.65280719402972e-10 6.48468889696829e-10 6.58556431609725e-10 6.90255685942276e-10 7.03049729544603e-10
4.37050062807032e-10 4.40880304486413e-10 4.46730652470251e-10 4.5438242057827e-10 4.61137183993543e-10 4.67030414341707e-10 4.81083006764749e-10 5.01470975855511e-10 5.10567421674324e-10 5.00097685485201e-10 5.15145981427878e-10 5.34952637742947e-10 5.57677404255941e-10 5.73432856754152e-10 5.70267166821736e-10 5.60628876655755e-10 5.77646763755268e-10 5.89358895020098e-10 6.00547334084212e-10 6.19288842429455e-10 6.24425344764035e-10 6.2615324036841e-10 6.18102236060736e-10 6.2940747058704e-10 6.09462147416195e-10 5.90004545220069e-10 5.85134107833341e-10 5.81838910385102e-10 5.85903492389406e-10 5.99615579410795e-10 6.13142370209374e-10 6.14904072104849e-10 6.24038876129163e-10 6.36972752321441e-10 6.31303509468495e-10 6.08538830437766e-10 6.07309758038355e-10 6.14821082933759e-10 6.20714923904586e-10 6.2857519189663e-10 6.42134789785587e-10 6.51897258396872e-10 6.64065025191007e-10 6.71224353876454e-10 6.63920030063991e-10 6.52841891657374e-10 6.80528744467779e-10 7.1237904464283e-10
