R_scripts/int_process_data/Bio_16_2001.2020.asc
NCOLS 281 
NROWS 577 
XLLCORNER 81175.2677831308 
YLLCORNER -911.770678700996 
CELLSIZE 1000 
NODATA_value -3.4e+38 
[rows 147 to 167 of 577, columns 144 to 191 of 281]
6.39321200424092e-08 6.37027497418785e-08 6.30685406122211e-08 6.21371540887594e-08 6.07246093409231e-08 5.92744058280914e-08 5.80973207320312e-08 5.67556917019374e-08 5.58659074556545e-08 5.49398286864289e-08 5.41050404478938e-08 5.41382689789316e-08 5.36069890699764e-08 5.21713516832278e-08 5.14515541283345e-08 5.08347639538442e-08 5.00194587971237e-08 5.072519826399e-08 5.10686497534607e-08 4.8439058986105e-08 4.68349448112804e-08 4.6560785449401e-08 4.50459864964614e-08 4.39149090425417e-08 4.399589315085e-08 4.38886544884554e-08 4.32662901062031e-08 4.17819059350677e-08 4.17968948340786e-08 4.24711608104644e-08 4.33090505680411e-08 4.33434301783109e-08 4.19769534687475e-08 4.04842062096122e-08 4.11837888236732e-08 4.0547178059569e-08 3.7433913746554e-08 3.58938727629265e-08 3.5823056521167e-08 3.55746792024547e-08 3.46984592169974e-08 3.34380665378831e-08 3.42567005873207e-08 3.57934304417995e-08 3.72758321987021e-08 3.85411667025437e-08 3.88226091274646e-08 3.84119083207679e-08
6.38436858935165e-08 6.37358539279376e-08 6.29960084097547e-08 6.19281550484629e-08 6.04468795017965e-08 5.96711089428936e-08 5.86355497489421e-08 5.73683784921286e-08 5.64041222617107e-08 5.50672929477969e-08 5.45401164231407e-08 5.49527143789419e-08 5.39503126617547e-08 5.29169028595788e-08 5.27998729182855e-08 5.19292449041586e-08 5.07933393123494e-08 5.15447027282789e-08 5.0925077488273e-08 4.89004747805666e-08 4.8059796142752e-08 4.71141596847247e-08 4.57063542569358e-08 4.53433344205223e-08 4.47551329330054e-08 4.44481251804518e-08 4.36063949393883e-08 4.20090273678397e-08 4.14168148665794e-08 4.23144470573789e-08 4.273153564327e-08 4.24593125103456e-08 4.26441140177758e-08 4.20076169405093e-08 4.15387084728991e-08 3.97150579090066e-08 3.7342761771697e-08 3.68466821498714e-08 3.59679432904159e-08 3.54414950720638e-08 3.43973312055823e-08 3.40132899623313e-08 3.53998217406115e-08 3.66999479695096e-08 3.83575446960549e-08 3.87844636406953e-08 3.83703913087174e-08 3.80705991176455e-08
6.38686330489691e-08 6.42484536683696e-08 6.35626875578055e-08 6.20139104512418e-08 6.0044328620279e-08 5.93761235734291e-08 5.90525175425682e-08 5.80815928685752e-08 5.68584077598189e-08 5.5226600181868e-08 5.52504282325117e-08 5.54622019421913e-08 5.44845697447727e-08 5.37589777138692e-08 5.35969206794107e-08 5.21435907785417e-08 5.14141760277198e-08 5.2031452923984e-08 5.07330568666475e-08 4.95550409596035e-08 4.88727351921625e-08 4.75718024972593e-08 4.71430396942196e-08 4.63857610100149e-08 4.50734525259122e-08 4.49157404602829e-08 4.36238281054102e-08 4.24172910129528e-08 4.20966124181632e-08 4.2562582791561e-08 4.13817033972919e-08 4.11274534428685e-08 4.25356034838842e-08 4.22578381176208e-08 4.13937755183724e-08 3.97915904670754e-08 3.80894711327073e-08 3.71957682432367e-08 3.61787009239833e-08 3.59741179067896e-08 3.48972442054674e-08 3.4845992757937e-08 3.58886786955281e-08 3.6861695917878e-08 3.8388325407368e-08 3.79774363068464e-08 3.75018878173705e-08 3.78576068271741e-08
6.48208953180074e-08 6.47161471079016e-08 6.39030304228072e-08 6.22701108454748e-08 6.05805254849656e-08 5.95562035243802e-08 5.90274353839959e-08 5.8458667240302e-08 5.70411842204521e-08 5.57957733349213e-08 5.60091919510342e-08 5.568082173113e-08 5.49799352711489e-08 5.45443690214142e-08 5.35955919644948e-08 5.25035979137556e-08 5.23036405297717e-08 5.2220006097059e-08 5.08454505165901e-08 4.99117369656688e-08 4.87003681826081e-08 4.8299405364105e-08 4.85061768529249e-08 4.68144563114947e-08 4.58177531470483e-08 4.54764048640754e-08 4.37123901519954e-08 4.27763779953239e-08 4.25997264130729e-08 4.18487040576565e-08 4.0553416624789e-08 4.04690645439132e-08 4.18115071454395e-08 4.1899799185785e-08 4.09453804195437e-08 3.95911712303132e-08 3.80269646882425e-08 3.74803192926265e-08 3.72705066808976e-08 3.64494354698763e-08 3.50122277836817e-08 3.45245538824202e-08 3.46425537145478e-08 3.60359173612324e-08 3.756204236538e-08 3.71088262340891e-08 3.73486628291175e-08 3.74360702437571e-08
6.60995169710077e-08 6.52514273724591e-08 6.43815738499143e-08 6.29952410236001e-08 6.20863076505884e-08 6.11638739655973e-08 5.98848046706735e-08 5.85758961335614e-08 5.73318317265148e-08 5.67690818797928e-08 5.68208342599519e-08 5.61478898930545e-08 5.55349330966237e-08 5.52114016727501e-08 5.4050353526236e-08 5.33888488973844e-08 5.30055892511427e-08 5.23634611226953e-08 5.11712983097823e-08 4.95364318453539e-08 4.83521311878121e-08 4.89108273882266e-08 4.89763536393184e-08 4.73255745703227e-08 4.66221443673476e-08 4.55976589819329e-08 4.40675798074608e-08 4.33823252876664e-08 4.29872102358786e-08 4.19241423799122e-08 4.0889354124829e-08 4.03530329151636e-08 4.11256735333154e-08 4.01079311984631e-08 3.90954930651333e-08 3.93063963599616e-08 3.86447354117081e-08 3.86009020303391e-08 3.77785021044019e-08 3.59778553615797e-08 3.46059394473741e-08 3.45125847900363e-08 3.48506858927067e-08 3.61207774801642e-08 3.71466484239136e-08 3.63414045523314e-08 3.59901584090494e-08 3.62595997671633e-08
6.69418298571145e-08 6.60907559790758e-08 6.52190195182811e-08 6.40674358010074e-08 6.30633465448227e-08 6.20080697899539e-08 6.08626464781992e-08 5.93355728994993e-08 5.84331729669429e-08 5.78436569753649e-08 5.73411824689174e-08 5.65285880327338e-08 5.59942954225789e-08 5.5486118810677e-08 5.46198890560845e-08 5.39467883697853e-08 5.31593933317254e-08 5.19816332200662e-08 5.07646724656752e-08 4.95161494029617e-08 4.90324900681571e-08 4.97885324080016e-08 4.91989098350132e-08 4.81293405130145e-08 4.68399932174179e-08 4.56374955604133e-08 4.47599859398906e-08 4.41516938565201e-08 4.29864144280145e-08 4.17645438233194e-08 4.11266611877181e-08 4.10965483865766e-08 4.1302872233473e-08 3.88151413233118e-08 3.68226054092702e-08 3.7578146816486e-08 3.91482650741182e-08 3.90975039010755e-08 3.77889968206091e-08 3.58283962498263e-08 3.45176012217507e-08 3.50424969042251e-08 3.61698262452137e-08 3.66303289922598e-08 3.59909613223408e-08 3.47059696537144e-08 3.49269626553905e-08 3.58482488138634e-08
6.78027447520435e-08 6.68241355583632e-08 6.55411867001021e-08 6.41386321831305e-08 6.281972986244e-08 6.19452720229674e-08 6.06380439194254e-08 5.97813212266374e-08 5.89856234967101e-08 5.82119952241555e-08 5.72244367447183e-08 5.65435982480267e-08 5.59780843900626e-08 5.52787327023907e-08 5.46028857684178e-08 5.37341087181176e-08 5.26264614109095e-08 5.11648394763142e-08 5.03163413156926e-08 4.99311028079319e-08 5.01668715457981e-08 5.05123658456341e-08 4.94413328055998e-08 4.84977178416557e-08 4.71320156236743e-08 4.57214852644938e-08 4.53502124742045e-08 4.43822507634195e-08 4.23913668612386e-08 4.15645828866218e-08 4.18248582434444e-08 4.22437089753203e-08 4.17043253264637e-08 3.90148180429151e-08 3.62316541213659e-08 3.65130006230174e-08 3.89355818697368e-08 3.88874923373805e-08 3.80772497976523e-08 3.62128140807272e-08 3.47814470558205e-08 3.54754803311153e-08 3.65691867898477e-08 3.58729508320721e-08 3.43817916359512e-08 3.38479004824421e-08 3.46704069897896e-08 3.54948639369468e-08
6.83239491650056e-08 6.66239898805543e-08 6.50048974648598e-08 6.3622287882481e-08 6.22692226670551e-08 6.10661956557124e-08 5.98239822124924e-08 5.90892383911523e-08 5.84824881855184e-08 5.75484229159429e-08 5.63347484217047e-08 5.58210295764638e-08 5.54019869980493e-08 5.48181624537847e-08 5.42995479690944e-08 5.33809050295986e-08 5.24976506710573e-08 5.16666496253038e-08 5.0952099428514e-08 5.06792758869778e-08 5.10394961850125e-08 5.02117103451383e-08 4.86291114043524e-08 4.76178954045281e-08 4.66652565478398e-08 4.61213751634659e-08 4.58292603866539e-08 4.41623910774069e-08 4.21802361927348e-08 4.17804706387415e-08 4.24786037456215e-08 4.28877307001585e-08 4.16533367797456e-08 3.96044690376129e-08 3.71297232959478e-08 3.7905312666453e-08 3.84979728096368e-08 3.76967790316485e-08 3.75989479550753e-08 3.65358765463952e-08 3.52244953205627e-08 3.50650282143761e-08 3.59930147908472e-08 3.56998555162136e-08 3.52781626133947e-08 3.43029213922819e-08 3.41917392177038e-08 3.49669271315634e-08
6.80775187333893e-08 6.66756108103073e-08 6.55318288522722e-08 6.40957296127453e-08 6.25868921133588e-08 6.11856521004484e-08 5.99326597239269e-08 5.8962374538396e-08 5.8426071092299e-08 5.7666252217814e-08 5.66018485415043e-08 5.61810580279598e-08 5.58536363826079e-08 5.52885239812895e-08 5.45569243115551e-08 5.35706554671833e-08 5.29537089732912e-08 5.27081986945177e-08 5.19179934599379e-08 5.15926323885196e-08 5.13993931861023e-08 4.9276735580861e-08 4.75986325909616e-08 4.74392969351811e-08 4.7484061127534e-08 4.79414339338291e-08 4.60066544860638e-08 4.40302159177008e-08 4.26186304025578e-08 4.24611421578902e-08 4.3091265666817e-08 4.31821014501566e-08 4.16048671070257e-08 4.00309723147529e-08 3.85237655109449e-08 3.99871034062471e-08 3.78488778096653e-08 3.62563028488694e-08 3.65517891509626e-08 3.64026710997223e-08 3.6557381122293e-08 3.6401988978696e-08 3.70560151452537e-08 3.7847232903232e-08 3.75402464669605e-08 3.48021949037047e-08 3.37735279742901e-08 3.49555975276417e-08
6.73353497404605e-08 6.60075372138635e-08 6.50348610520268e-08 6.37886685694866e-08 6.26291267735724e-08 6.14171966617505e-08 6.01995253646237e-08 5.98440195176408e-08 5.93638596058099e-08 5.85047530421434e-08 5.7587001833781e-08 5.69845930442625e-08 5.63575142109585e-08 5.58070567535651e-08 5.5133590137757e-08 5.40031024343079e-08 5.38840332353629e-08 5.42163256511685e-08 5.35926716338508e-08 5.29473993537977e-08 5.13904225840633e-08 4.90784763940155e-08 4.86403592958595e-08 4.94169576370496e-08 4.96928542759179e-08 4.88958100675063e-08 4.65291236650955e-08 4.47578081264055e-08 4.3502559776698e-08 4.33796003562748e-08 4.38908394073678e-08 4.36572911155508e-08 4.2235715369543e-08 4.05655811164252e-08 4.08463307621787e-08 4.15571719258878e-08 3.75246500539106e-08 3.65155266024431e-08 3.71699542256465e-08 3.69009605094561e-08 3.80373634811804e-08 3.93864780789954e-08 3.93905956741492e-08 4.0399726231044e-08 3.91823249401568e-08 3.54583136186193e-08 3.42616424120479e-08 3.53175373390968e-08
6.64269208527912e-08 6.498505200625e-08 6.37706065731436e-08 6.27424725507808e-08 6.20416216179365e-08 6.10310024740102e-08 6.06813870263068e-08 6.09430941267419e-08 6.00366050207413e-08 5.87727946310679e-08 5.77079148911253e-08 5.71932758930416e-08 5.70091138740736e-08 5.68467939388029e-08 5.65894495707653e-08 5.57410828605498e-08 5.57566011138988e-08 5.55190915463299e-08 5.45111404903764e-08 5.31416759486092e-08 5.10600770553538e-08 4.95201035732862e-08 5.03544406171841e-08 5.11970874583767e-08 5.0962551512157e-08 4.91763323395844e-08 4.72121968186912e-08 4.55366517826405e-08 4.4744684402076e-08 4.46765220374346e-08 4.46901431416791e-08 4.40238743237842e-08 4.34042952690561e-08 4.20846788529161e-08 4.37381402207393e-08 4.19209094104644e-08 3.82669682608139e-08 3.84585376878022e-08 3.86179088707195e-08 3.84768874539532e-08 4.06792928231425e-08 4.20332533224155e-08 4.14268335191537e-08 4.22789696585824e-08 4.02165767354745e-08 3.77650835048371e-08 3.64084833393008e-08 3.70535069293965e-08
6.56463257087125e-08 6.43338680106353e-08 6.32132568512134e-08 6.25246698859883e-08 6.21352853613644e-08 6.14716029190276e-08 6.14421153954936e-08 6.17984596829046e-08 6.03909313667828e-08 5.90399231725769e-08 5.80914729653159e-08 5.78935974715478e-08 5.82350772049267e-08 5.78357770564253e-08 5.77570631321578e-08 5.73542457971143e-08 5.67616957880546e-08 5.58450388155052e-08 5.44014859826802e-08 5.28002175315123e-08 5.15354869889961e-08 5.10476176884822e-08 5.1428486358418e-08 5.20757836852681e-08 5.13248998856852e-08 4.98047221242359e-08 4.77563339984499e-08 4.60590001694072e-08 4.5970018902608e-08 4.58969253713803e-08 4.49456862838815e-08 4.36859721730798e-08 4.53349997542318e-08 4.56962041539555e-08 4.58805402558937e-08 4.18268939483823e-08 3.95749921722199e-08 4.04335409598389e-08 4.01442470376878e-08 4.13118321773709e-08 4.36765077438395e-08 4.35240217200317e-08 4.29684128278041e-08 4.35599929460295e-08 4.20171453185958e-08 4.08861851042275e-08 3.95066166447577e-08 3.90038330522202e-08
6.53470877409745e-08 6.45223892092872e-08 6.3516004900066e-08 6.28663201496238e-08 6.26432523631593e-08 6.26854657070908e-08 6.27600371672088e-08 6.27193443847318e-08 6.14262916087682e-08 6.04875154408546e-08 5.97860392304028e-08 5.94579105950288e-08 5.93850906227544e-08 5.88773119147845e-08 5.84808184100893e-08 5.75735938923572e-08 5.64885702658557e-08 5.53743468856283e-08 5.43624807392007e-08 5.38075575207131e-08 5.32240740369616e-08 5.29111190417098e-08 5.29644772484517e-08 5.2814478124219e-08 5.1563251446396e-08 4.97052496939432e-08 4.79473136749675e-08 4.71486778508279e-08 4.6953530841165e-08 4.6325478564313e-08 4.48640449235427e-08 4.44717400682748e-08 4.73012988777555e-08 4.86323585846549e-08 4.67586005470366e-08 4.2670247779597e-08 4.13713010516403e-08 4.27335535846396e-08 4.22755839224465e-08 4.39996412637811e-08 4.54151276585435e-08 4.48650787632232e-08 4.46147083721371e-08 4.4550656497222e-08 4.35620712835316e-08 4.280900611775e-08 4.17997583213037e-08 4.0812071944174e-08
6.54726051152466e-08 6.46020978933848e-08 6.38522550389098e-08 6.32573389225399e-08 6.32235099828904e-08 6.36893489058821e-08 6.40087947090251e-08 6.34249488484784e-08 6.24095903845046e-08 6.18296880361413e-08 6.12032664548678e-08 6.05877445991609e-08 6.02027228069346e-08 5.98467906343103e-08 5.85828665577992e-08 5.75358747312293e-08 5.65673126118327e-08 5.54885382086923e-08 5.51666481385382e-08 5.5337473270356e-08 5.49241612191054e-08 5.43749862913501e-08 5.41235216644509e-08 5.31729327235553e-08 5.17151796941562e-08 4.95142238321478e-08 4.83951119178982e-08 4.79863899727206e-08 4.70132270891099e-08 4.58531985714217e-08 4.46611245763506e-08 4.5911761503703e-08 4.90526694818527e-08 4.9434561333328e-08 4.64868499250315e-08 4.38162004456899e-08 4.39110579009139e-08 4.51077148966306e-08 4.39084324455052e-08 4.53824640089806e-08 4.61535911711053e-08 4.60287239434365e-08 4.57141027254693e-08 4.50465833523594e-08 4.43070362621256e-08 4.3376545022511e-08 4.23468442534158e-08 4.13493665973874e-08
6.55076988209657e-08 6.44061302068621e-08 6.39118766798674e-08 6.40343031932389e-08 6.41259418898699e-08 6.45276259092498e-08 6.43682440681914e-08 6.37167829609098e-08 6.33002130712157e-08 6.28100877975157e-08 6.20508799897834e-08 6.15315727259258e-08 6.10005486123555e-08 6.00148055696081e-08 5.88054049899256e-08 5.76681067343543e-08 5.64524569313107e-08 5.57499362230374e-08 5.62404203208189e-08 5.64782212109094e-08 5.59532722377298e-08 5.51511334379029e-08 5.41247935359479e-08 5.27361834201656e-08 5.11702005212555e-08 4.96792154081049e-08 4.90231002459041e-08 4.80293209648153e-08 4.70044589917507e-08 4.59802222962935e-08 4.51889761166058e-08 4.68798866393172e-08 5.00453651852695e-08 4.91974212479818e-08 4.73506887033182e-08 4.63334082212441e-08 4.68320671132005e-08 4.65899994139818e-08 4.53949908774121e-08 4.65469334187674e-08 4.65767726609556e-08 4.67674610149516e-08 4.60853577521902e-08 4.49167956162455e-08 4.43722072418495e-08 4.29775468546723e-08 4.12822487305675e-08 4.12886684841851e-08
6.53299281339059e-08 6.43973123715114e-08 6.40838280219214e-08 6.49971880761768e-08 6.5049746922341e-08 6.47237570206016e-08 6.40276738295142e-08 6.39578132677343e-08 6.42309245790784e-08 6.36560955058485e-08 6.28773193511734e-08 6.21072828721481e-08 6.08032877380538e-08 5.96852700596173e-08 5.88255879563349e-08 5.75504870425902e-08 5.66197044804539e-08 5.63456765689807e-08 5.69778038084223e-08 5.71524942927226e-08 5.61744215588078e-08 5.49780168057623e-08 5.36992565969285e-08 5.19561034195704e-08 5.11693301064042e-08 5.02782597777696e-08 4.96408745220833e-08 4.89117653046378e-08 4.79773305528397e-08 4.67594993835974e-08 4.60752254127783e-08 4.83147708507659e-08 5.0772715809444e-08 4.90927654084317e-08 4.83239972481897e-08 4.82655586608871e-08 4.87639510993176e-08 4.77385668773422e-08 4.7403837299953e-08 4.7693884397404e-08 4.73523904531703e-08 4.73678731793825e-08 4.64369840358358e-08 4.54260806748152e-08 4.46772681073071e-08 4.25474340204346e-08 4.08153830733227e-08 4.16378540535334e-08
6.49656897167006e-08 6.46025810624451e-08 6.490871129472e-08 6.54990230941621e-08 6.47805009634794e-08 6.4390093257316e-08 6.42986037746596e-08 6.4605181648858e-08 6.49413891551376e-08 6.45486224470915e-08 6.34869650184555e-08 6.2123454824814e-08 6.10083787933036e-08 6.03811187716019e-08 5.95553721893793e-08 5.8921560963654e-08 5.86833088789263e-08 5.81928638609952e-08 5.80032448738166e-08 5.71915634850484e-08 5.60567237073428e-08 5.53505969946855e-08 5.41490194905236e-08 5.26554053692507e-08 5.16708809072952e-08 5.08483459782383e-08 5.07278876682449e-08 4.96565668584026e-08 4.84805973144375e-08 4.75328221227755e-08 4.76077666178298e-08 4.98530425829813e-08 5.15367197806427e-08 5.02195014462359e-08 4.81496300608342e-08 4.87645159807926e-08 4.9404100366246e-08 4.87335718446502e-08 4.89791318614152e-08 4.86951670097824e-08 4.82300457349538e-08 4.76491237577648e-08 4.69302179340048e-08 4.60623930109705e-08 4.45051924202744e-08 4.25290878069973e-08 4.18504946253506e-08 4.23122301640433e-08
6.4973804114743e-08 6.5493217960011e-08 6.58463221725469e-08 6.5476648103413e-08 6.49969464916467e-08 6.48751168341732e-08 6.4886357620253e-08 6.51962537290274e-08 6.54662315469068e-08 6.48869615815784e-08 6.36388648445063e-08 6.29094074611203e-08 6.23563636281688e-08 6.17635009803053e-08 6.11021206964324e-08 6.04778378487936e-08 6.00063927436167e-08 5.89278883467159e-08 5.74090712746056e-08 5.62856712349458e-08 5.52087904281962e-08 5.4626177359296e-08 5.3836117785977e-08 5.31486925581248e-08 5.19486214045628e-08 5.14635090098636e-08 5.09699198403268e-08 4.96973235897258e-08 4.9043396899151e-08 4.92042708799545e-08 4.93210592367177e-08 5.13205478114287e-08 5.2400661587626e-08 5.07851964925976e-08 4.8253127715725e-08 4.97263137333448e-08 4.98304224549884e-08 4.96392900117826e-08 4.96714882558535e-08 4.89787304047695e-08 4.86585669534634e-08 4.80838941996353e-08 4.72935575146494e-08 4.62368205944585e-08 4.38732215002346e-08 4.3174143371516e-08 4.39229843607336e-08 4.30481144064743e-08
6.56218048789015e-08 6.62592398725792e-08 6.60286048059788e-08 6.57534471315557e-08 6.57392007497037e-08 6.55758469747525e-08 6.56502976426054e-08 6.62326442579797e-08 6.59504522104726e-08 6.49756017878644e-08 6.42732729261297e-08 6.38547135167755e-08 6.28796854584834e-08 6.18646183170313e-08 6.12708674907481e-08 6.06988663776065e-08 5.92343489813629e-08 5.77683856306521e-08 5.6386554092569e-08 5.5678277988136e-08 5.49968355301189e-08 5.42608340481365e-08 5.39329079174422e-08 5.33507247268972e-08 5.26911101417227e-08 5.2175010978317e-08 5.09942275073172e-08 5.00543499981632e-08 5.11519679946559e-08 5.14009030894158e-08 5.08764053108735e-08 5.28576258318481e-08 5.24685006553227e-08 5.02854682338238e-08 4.93678342650128e-08 5.10627806704633e-08 5.03961388176322e-08 5.04529786837793e-08 5.01654824347497e-08 4.95154175439438e-08 4.9382720135327e-08 4.8917392803105e-08 4.82528434986307e-08 4.70602650182173e-08 4.4837296542255e-08 4.44779821862085e-08 4.51421549030329e-08 4.29974384985599e-08
6.6693488065539e-08 6.6727643854847e-08 6.6456721015129e-08 6.6183432068101e-08 6.63406680700973e-08 6.6703641721233e-08 6.68024568994952e-08 6.72429365522476e-08 6.66600001864026e-08 6.56316885283559e-08 6.47891198468642e-08 6.31168077802613e-08 6.16879631820666e-08 6.07588503953593e-08 6.02432663754371e-08 6.0042083305234e-08 5.88491033681748e-08 5.77515031352505e-08 5.73131906378421e-08 5.68003990508714e-08 5.64151854121064e-08 5.57439854276254e-08 5.49115988235371e-08 5.36795532468659e-08 5.2733270194949e-08 5.19416758493207e-08 5.09945827786851e-08 5.15764639885674e-08 5.29665626913811e-08 5.21254150953609e-08 5.23133003582643e-08 5.3729547033754e-08 5.20974019480036e-08 5.04114865407246e-08 5.14281275343365e-08 5.19772527241003e-08 5.09331918863154e-08 5.08302733237542e-08 5.06136323963347e-08 5.0325905220916e-08 4.97734156112983e-08 4.91078395725708e-08 4.88557603262052e-08 4.78246455770659e-08 4.62930351829982e-08 4.57516513563405e-08 4.55629525220047e-08 4.26159978417218e-08
6.74253328725172e-08 6.74090685492956e-08 6.71712783173462e-08 6.67481643290557e-08 6.72080204822123e-08 6.77167335538797e-08 6.76036719937656e-08 6.72501556664429e-08 6.69192701252541e-08 6.60009433772757e-08 6.45847464397775e-08 6.2956374335954e-08 6.1845220500345e-08 6.131281082844e-08 6.08738872642789e-08 6.06525887292264e-08 6.00155019014892e-08 5.92950435418516e-08 5.83862274083913e-08 5.7536762909649e-08 5.69323077570516e-08 5.60472699362435e-08 5.50129186649428e-08 5.3860926385596e-08 5.26566203973289e-08 5.16445446407943e-08 5.17847915659786e-08 5.37472786277249e-08 5.3981544567705e-08 5.28978922886836e-08 5.36045483556791e-08 5.42738547437693e-08 5.2673144068649e-08 5.19018499289814e-08 5.28714103609218e-08 5.21960465960092e-08 5.1004914070063e-08 5.07648678649275e-08 5.06554478363341e-08 5.04956112479249e-08 4.97328080939496e-08 4.88523355102188e-08 4.89778990697687e-08 4.85242246384132e-08 4.72179522148508e-08 4.67438248108465e-08 4.60382381106683e-08 4.2490068352663e-08
