R_scripts/int_process_data/Bio_04.asc
NCOLS 281 
NROWS 576 
XLLCORNER 81175.2677831308 
YLLCORNER 88.2293212990044 
CELLSIZE 1000 
NODATA_value -3.4e+38 
[rows 115 to 137 of 576, columns 156 to 207 of 281]
596.185424804688 599.229675292969 602.273864746094 605.318054199219 606.184265136719 606.772888183594 607.361450195312 607.950012207031 608.53857421875 609.127136230469 609.715759277344 610.304321289062 610.892883300781 611.4814453125 611.93408203125 612.363464355469 612.792846679688 613.222229003906 613.651611328125 614.080993652344 614.510375976562 614.939758300781 615.369140625 615.798522949219 616.647033691406 617.5869140625 618.526794433594 619.466674804688 620.406494140625 621.346374511719 622.286254882812 623.226135253906 624.166015625 625.105895996094 626.480712890625 627.972473144531 629.464233398438 630.955993652344 632.44775390625 633.939514160156 635.431274414062 636.923095703125 638.414855957031 639.906616210938 641.22998046875 642.498779296875 643.767578125 645.036376953125 646.305114746094 647.573913574219 648.842712402344 650.111511230469
596.159912109375 599.205444335938 602.250915527344 605.29638671875 606.152526855469 606.7294921875 607.306518554688 607.883544921875 608.460571289062 609.03759765625 609.614624023438 610.191589355469 610.768615722656 611.345642089844 611.800659179688 612.234802246094 612.6689453125 613.103088378906 613.537292480469 613.971435546875 614.405578613281 614.839721679688 615.273864746094 615.7080078125 616.534118652344 617.445617675781 618.357116699219 619.268676757812 620.18017578125 621.091674804688 622.003173828125 622.914733886719 623.826232910156 624.737731933594 626.211059570312 627.83544921875 629.459838867188 631.084228515625 632.708618164062 634.3330078125 635.957397460938 637.581787109375 639.206115722656 640.830505371094 642.156921386719 643.386657714844 644.616394042969 645.846130371094 647.075866699219 648.305603027344 649.535339355469 650.765075683594
596.134399414062 599.181213378906 602.227966308594 605.274719238281 606.120727539062 606.686157226562 607.251647949219 607.817077636719 608.382568359375 608.947998046875 609.513488769531 610.078918457031 610.644348144531 611.209838867188 611.667236328125 612.106140136719 612.545043945312 612.984008789062 613.422912597656 613.86181640625 614.30078125 614.739685058594 615.178588867188 615.617492675781 616.421203613281 617.304321289062 618.1875 619.070678710938 619.953796386719 620.836975097656 621.720153808594 622.603271484375 623.486450195312 624.36962890625 625.941467285156 627.698425292969 629.455444335938 631.212463378906 632.969421386719 634.726440429688 636.483459472656 638.240478515625 639.997436523438 641.754455566406 643.083801269531 644.274475097656 645.465148925781 646.655883789062 647.846557617188 649.037231445312 650.227905273438 651.418579101562
596.10888671875 599.156982421875 602.205017089844 605.253051757812 606.088928222656 606.642822265625 607.196716308594 607.750610351562 608.304504394531 608.8583984375 609.412292480469 609.966247558594 610.520141601562 611.074035644531 611.533813476562 611.977478027344 612.421203613281 612.864868164062 613.308532714844 613.752258300781 614.195922851562 614.6396484375 615.083312988281 615.527038574219 616.308227539062 617.163024902344 618.017883300781 618.872680664062 619.727478027344 620.582275390625 621.437072753906 622.291870117188 623.146667480469 624.00146484375 625.671813964844 627.561462402344 629.451049804688 631.340698242188 633.230285644531 635.119934082031 637.009521484375 638.899169921875 640.788757324219 642.678344726562 644.010681152344 645.162353515625 646.31396484375 647.465637207031 648.617248535156 649.768859863281 650.920532226562 652.072143554688
596.083374023438 599.132751464844 602.182067871094 605.231384277344 606.05712890625 606.599487304688 607.141845703125 607.684143066406 608.226501464844 608.768859863281 609.311157226562 609.853515625 610.395874023438 610.938171386719 611.400390625 611.848815917969 612.297302246094 612.745727539062 613.194213867188 613.642639160156 614.091125488281 614.539611816406 614.988037109375 615.4365234375 616.1953125 617.021789550781 617.848205566406 618.674682617188 619.501098632812 620.327575683594 621.153991699219 621.98046875 622.806945800781 623.633361816406 625.402221679688 627.424438476562 629.446655273438 631.468933105469 633.491149902344 635.513366699219 637.535583496094 639.557861328125 641.580078125 643.602294921875 644.937622070312 646.050170898438 647.162780761719 648.275390625 649.387939453125 650.500549316406 651.613098144531 652.725708007812
596.057861328125 599.108520507812 602.159118652344 605.209716796875 606.025390625 606.55615234375 607.0869140625 607.617736816406 608.148498535156 608.679260253906 609.210021972656 609.740844726562 610.271606445312 610.802368164062 611.266906738281 611.720153808594 612.173400878906 612.626647949219 613.079833984375 613.533081054688 613.986328125 614.439514160156 614.892761230469 615.346008300781 616.082397460938 616.880493164062 617.678588867188 618.476684570312 619.274780273438 620.072875976562 620.870971679688 621.669067382812 622.467163085938 623.265258789062 625.132568359375 627.287414550781 629.442260742188 631.597106933594 633.751953125 635.906799316406 638.061645507812 640.216552734375 642.371398925781 644.526245117188 645.864501953125 646.938049316406 648.011596679688 649.085144042969 650.158630371094 651.232177734375 652.305725097656 653.379272460938
596.032348632812 599.084289550781 602.136169433594 605.188049316406 605.993591308594 606.512817382812 607.032043457031 607.55126953125 608.070495605469 608.589660644531 609.10888671875 609.628112792969 610.147338867188 610.666564941406 611.133483886719 611.591491699219 612.049499511719 612.507507324219 612.965515136719 613.423522949219 613.881469726562 614.339477539062 614.797485351562 615.255493164062 615.969482421875 616.739196777344 617.508911132812 618.278686523438 619.048400878906 619.818176269531 620.587890625 621.357666015625 622.127380371094 622.897094726562 624.862976074219 627.150451660156 629.437866210938 631.725341796875 634.012817382812 636.30029296875 638.587768554688 640.875244140625 643.162658691406 645.450134277344 646.791442871094 647.825927734375 648.860412597656 649.894897460938 650.929382324219 651.963806152344 652.998291015625 654.032775878906
596.0068359375 599.059997558594 602.113220214844 605.166381835938 605.961791992188 606.469482421875 606.977111816406 607.484802246094 607.992431640625 608.500122070312 609.007751464844 609.515441894531 610.023071289062 610.53076171875 611.000061035156 611.462829589844 611.925598144531 612.388366699219 612.851135253906 613.313903808594 613.776672363281 614.239440917969 614.702209472656 615.164978027344 615.856506347656 616.597900390625 617.339294433594 618.080688476562 618.822082519531 619.5634765625 620.304809570312 621.046203613281 621.78759765625 622.528991699219 624.593322753906 627.013427734375 629.433532714844 631.853576660156 634.273681640625 636.693725585938 639.113830566406 641.533935546875 643.953979492188 646.374084472656 647.718322753906 648.713745117188 649.709167480469 650.704650878906 651.700073242188 652.695495605469 653.69091796875 654.686340332031
595.44140625 598.463989257812 601.486572265625 604.509094238281 605.315612792969 605.839599609375 606.363586425781 606.887512207031 607.411499023438 607.935485839844 608.45947265625 608.983459472656 609.507446289062 610.031433105469 610.527648925781 611.019104003906 611.510559082031 612.002014160156 612.493469238281 612.984924316406 613.476379394531 613.967834472656 614.459228515625 614.95068359375 615.671447753906 616.442199707031 617.212951660156 617.983703613281 618.754455566406 619.525207519531 620.295959472656 621.066711425781 621.837463378906 622.608215332031 624.6435546875 627.018981933594 629.394409179688 631.769775390625 634.145202636719 636.520629882812 638.89599609375 641.271423339844 643.646850585938 646.022216796875 647.38671875 648.423400878906 649.460021972656 650.496704101562 651.533386230469 652.570068359375 653.606750488281 654.643432617188
594.732055664062 597.715515136719 600.698974609375 603.682434082031 604.505554199219 605.053344726562 605.60107421875 606.148803710938 606.696533203125 607.244323730469 607.792053222656 608.339782714844 608.887512207031 609.435241699219 609.96484375 610.491394042969 611.017883300781 611.544372558594 612.070922851562 612.597412109375 613.123901367188 613.650390625 614.176940917969 614.703430175781 615.467224121094 616.28271484375 617.098205566406 617.913696289062 618.729187011719 619.544677734375 620.360168457031 621.175659179688 621.991149902344 622.806640625 624.779052734375 627.062561035156 629.346008300781 631.629516601562 633.912963867188 636.196472167969 638.479919433594 640.763427734375 643.046875 645.330383300781 646.719665527344 647.818969726562 648.918273925781 650.017578125 651.116882324219 652.216186523438 653.315490722656 654.414794921875
594.022644042969 596.967041015625 599.911437988281 602.855773925781 603.695556640625 604.26708984375 604.838562011719 605.410095214844 605.981567382812 606.553100585938 607.124572753906 607.696105957031 608.267578125 608.839111328125 609.402099609375 609.963684082031 610.525207519531 611.086791992188 611.648315429688 612.209899902344 612.771484375 613.3330078125 613.894592285156 614.456115722656 615.262939453125 616.123168945312 616.9833984375 617.843627929688 618.703918457031 619.564147949219 620.424377441406 621.284606933594 622.144897460938 623.005126953125 624.91455078125 627.106079101562 629.297668457031 631.489196777344 633.680725097656 635.872314453125 638.063842773438 640.255432128906 642.446960449219 644.638488769531 646.052551269531 647.214538574219 648.37646484375 649.538391113281 650.700378417969 651.8623046875 653.024230957031 654.186218261719
593.313293457031 596.218566894531 599.123840332031 602.029174804688 602.885559082031 603.480834960938 604.076110839844 604.671325683594 605.2666015625 605.861877441406 606.457153320312 607.052368164062 607.647644042969 608.242919921875 608.839294433594 609.435913085938 610.032531738281 610.629150390625 611.225769042969 611.822387695312 612.419006347656 613.015625 613.612243652344 614.208862304688 615.058654785156 615.963623046875 616.86865234375 617.773620605469 618.678588867188 619.583618164062 620.488586425781 621.3935546875 622.298583984375 623.203552246094 625.050048828125 627.149658203125 629.249267578125 631.348876953125 633.448547363281 635.548156738281 637.647766113281 639.747375488281 641.847045898438 643.946655273438 645.385498046875 646.610107421875 647.834655761719 649.059265136719 650.283874511719 651.508422851562 652.733032226562 653.957641601562
592.603942871094 595.470092773438 598.336303710938 601.202514648438 602.075561523438 602.694580078125 603.313598632812 603.9326171875 604.551635742188 605.170654296875 605.789672851562 606.40869140625 607.027709960938 607.646728515625 608.276550292969 608.908203125 609.539855957031 610.171569824219 610.80322265625 611.434875488281 612.066589355469 612.6982421875 613.329895019531 613.961547851562 614.854370117188 615.804138183594 616.753845214844 617.70361328125 618.6533203125 619.603088378906 620.552795410156 621.502563476562 622.452270507812 623.402038574219 625.185546875 627.193237304688 629.200927734375 631.208618164062 633.21630859375 635.223999023438 637.231689453125 639.239379882812 641.2470703125 643.254760742188 644.718444824219 646.005615234375 647.292846679688 648.580078125 649.867309570312 651.154541015625 652.441772460938 653.72900390625
591.89453125 594.721618652344 597.548767089844 600.375854492188 601.265563964844 601.908325195312 602.551147460938 603.193908691406 603.836669921875 604.479431152344 605.122192382812 605.765014648438 606.407775878906 607.050537109375 607.713745117188 608.380493164062 609.047241210938 609.713928222656 610.380676269531 611.04736328125 611.714111328125 612.380859375 613.047546386719 613.714294433594 614.650146484375 615.644592285156 616.639099121094 617.633544921875 618.628051757812 619.62255859375 620.617004394531 621.611511230469 622.60595703125 623.600463867188 625.320983886719 627.236755371094 629.152526855469 631.068298339844 632.984069824219 634.899841308594 636.815612792969 638.731384277344 640.647155761719 642.562927246094 644.051330566406 645.401184082031 646.751098632812 648.100952148438 649.450805664062 650.800659179688 652.150573730469 653.500427246094
591.185180664062 593.97314453125 596.761169433594 599.549194335938 600.45556640625 601.1220703125 601.788635253906 602.455139160156 603.121704101562 603.788208007812 604.454772949219 605.121276855469 605.787841796875 606.454345703125 607.151000976562 607.852783203125 608.554565429688 609.25634765625 609.958129882812 610.659912109375 611.361694335938 612.0634765625 612.765258789062 613.467041015625 614.445861816406 615.485107421875 616.524291992188 617.563537597656 618.602783203125 619.641967773438 620.681213378906 621.720458984375 622.759704589844 623.798889160156 625.456481933594 627.280334472656 629.104187011719 630.927978515625 632.751831054688 634.57568359375 636.399536132812 638.223388671875 640.047180175781 641.871032714844 643.38427734375 644.796752929688 646.209289550781 647.621765136719 649.034301757812 650.44677734375 651.859313964844 653.271850585938
590.475769042969 593.224731445312 595.9736328125 598.722534179688 599.645568847656 600.335876464844 601.026123046875 601.716430664062 602.40673828125 603.096984863281 603.787292480469 604.477600097656 605.167907714844 605.858154296875 606.588195800781 607.325073242188 608.061889648438 608.798706054688 609.535583496094 610.272399902344 611.009216308594 611.746032714844 612.48291015625 613.2197265625 614.241577148438 615.325561523438 616.409545898438 617.493530273438 618.577514648438 619.661437988281 620.745422363281 621.829406738281 622.913391113281 623.997375488281 625.591979980469 627.323913574219 629.055786132812 630.787719726562 632.519592285156 634.251525878906 635.983459472656 637.71533203125 639.447265625 641.17919921875 642.717163085938 644.192321777344 645.66748046875 647.142639160156 648.617797851562 650.092956542969 651.568054199219 653.043212890625
589.766418457031 592.476257324219 595.18603515625 597.895874023438 598.835571289062 599.549621582031 600.263671875 600.977722167969 601.691772460938 602.405822753906 603.119873046875 603.833923339844 604.547973632812 605.262023925781 606.025451660156 606.797302246094 607.569213867188 608.341125488281 609.112976074219 609.884887695312 610.656799316406 611.428649902344 612.200561523438 612.972473144531 614.037292480469 615.166015625 616.294738769531 617.423461914062 618.552185058594 619.680908203125 620.809631347656 621.938354492188 623.067077636719 624.19580078125 625.727478027344 627.367431640625 629.007446289062 630.647399902344 632.287414550781 633.927368164062 635.5673828125 637.207336425781 638.847351074219 640.4873046875 642.050109863281 643.587890625 645.125671386719 646.663452148438 648.201293945312 649.739074707031 651.27685546875 652.814636230469
589.057067871094 591.727783203125 594.398498535156 597.069213867188 598.025573730469 598.763366699219 599.501159667969 600.238952636719 600.976806640625 601.714599609375 602.452392578125 603.190185546875 603.927978515625 604.665832519531 605.462646484375 606.269592285156 607.076538085938 607.883483886719 608.6904296875 609.497375488281 610.304321289062 611.111267089844 611.918212890625 612.725158691406 613.833068847656 615.006530761719 616.179992675781 617.353454589844 618.526916503906 619.700378417969 620.873840332031 622.047302246094 623.220825195312 624.394287109375 625.862915039062 627.411010742188 628.959045410156 630.507080078125 632.05517578125 633.603210449219 635.151306152344 636.699340820312 638.247375488281 639.795471191406 641.383056640625 642.983459472656 644.583923339844 646.184326171875 647.784729003906 649.385192871094 650.985595703125 652.585998535156
588.940368652344 591.570434570312 594.200500488281 596.830505371094 597.795776367188 598.548828125 599.301818847656 600.054870605469 600.807922363281 601.560974121094 602.31396484375 603.067016601562 603.820068359375 604.573059082031 605.374206542969 606.18359375 606.992980957031 607.802368164062 608.611755371094 609.421142578125 610.230529785156 611.039916992188 611.849304199219 612.658630371094 613.736877441406 614.873718261719 616.010559082031 617.147399902344 618.284240722656 619.421081542969 620.557922363281 621.694763183594 622.831604003906 623.968444824219 625.411560058594 626.937072753906 628.462585449219 629.988098144531 631.513610839844 633.039123535156 634.564636230469 636.090148925781 637.615661621094 639.141235351562 640.738708496094 642.359558105469 643.980407714844 645.601257324219 647.222106933594 648.842956542969 650.463806152344 652.084655761719
589.014404296875 591.603271484375 594.192138671875 596.781005859375 597.752685546875 598.518188476562 599.28369140625 600.049194335938 600.814758300781 601.580261230469 602.345764160156 603.111267089844 603.876770019531 604.642333984375 605.438415527344 606.23974609375 607.041076660156 607.842346191406 608.643676757812 609.445007324219 610.246337890625 611.047668457031 611.848999023438 612.650268554688 613.675537109375 614.74951171875 615.823547363281 616.897583007812 617.971618652344 619.045654296875 620.11962890625 621.193664550781 622.267700195312 623.341735839844 624.771423339844 626.296691894531 627.822021484375 629.347290039062 630.87255859375 632.397888183594 633.923156738281 635.448486328125 636.973754882812 638.499084472656 640.101684570312 641.729431152344 643.357116699219 644.984802246094 646.612487792969 648.240173339844 649.867919921875 651.49560546875
589.088439941406 591.636108398438 594.183776855469 596.7314453125 597.709533691406 598.487548828125 599.265563964844 600.043518066406 600.821533203125 601.599548339844 602.377563476562 603.155517578125 603.933532714844 604.711547851562 605.502563476562 606.295837402344 607.089111328125 607.882385253906 608.675598144531 609.468872070312 610.262145996094 611.055419921875 611.848693847656 612.641906738281 613.614135742188 614.625366210938 615.636535644531 616.647766113281 617.658996582031 618.670227050781 619.681396484375 620.692626953125 621.703857421875 622.715026855469 624.131225585938 625.656311035156 627.181396484375 628.706481933594 630.231567382812 631.756652832031 633.281677246094 634.806762695312 636.331848144531 637.85693359375 639.464660644531 641.099243164062 642.733764648438 644.368347167969 646.002868652344 647.637451171875 649.27197265625 650.906494140625
589.162414550781 591.6689453125 594.175415039062 596.681945800781 597.666442871094 598.456909179688 599.247375488281 600.037902832031 600.828369140625 601.618835449219 602.409301757812 603.199829101562 603.990295410156 604.78076171875 605.566772460938 606.351928710938 607.137145996094 607.92236328125 608.707580566406 609.492797851562 610.277954101562 611.063171386719 611.848388671875 612.633605957031 613.552795410156 614.501159667969 615.449584960938 616.39794921875 617.346374511719 618.294738769531 619.2431640625 620.191528320312 621.139953613281 622.08837890625 623.491027832031 625.015930175781 626.540771484375 628.065612792969 629.590515136719 631.115356445312 632.640258789062 634.165100097656 635.68994140625 637.21484375 638.827697753906 640.469055175781 642.110473632812 643.751831054688 645.393249511719 647.03466796875 648.676025390625 650.317443847656
589.236450195312 591.701782226562 594.167053222656 596.632385253906 597.623291015625 598.42626953125 599.229248046875 600.0322265625 600.835144042969 601.638122558594 602.441101074219 603.244079589844 604.047058105469 604.850036621094 605.630920410156 606.408081054688 607.185241699219 607.962341308594 608.739501953125 609.516662597656 610.293762207031 611.070922851562 611.848083496094 612.625244140625 613.491394042969 614.376953125 615.262573242188 616.148132324219 617.033752441406 617.919311523438 618.804931640625 619.690490722656 620.576049804688 621.461669921875 622.850891113281 624.375549316406 625.900146484375 627.4248046875 628.949462890625 630.47412109375 631.998779296875 633.523376464844 635.048034667969 636.572692871094 638.190673828125 639.838928222656 641.487121582031 643.135375976562 644.783630371094 646.431884765625 648.080078125 649.728332519531
