R_scripts/int_process_data/Bio_03.asc
NCOLS 281 
NROWS 576 
XLLCORNER 81175.2677831308 
YLLCORNER 88.2293212990044 
CELLSIZE 1000 
NODATA_value -3.4e+38 
[rows 69 to 91 of 576, columns 208 to 259 of 281]
36.4371757507324 36.463996887207 36.4576301574707 36.4385032653809 36.4193725585938 36.4002456665039 36.3811149597168 36.3619842529297 36.3428573608398 36.3237266540527 36.3045997619629 36.2854690551758 36.2490005493164 36.2047119140625 36.1604270935059 36.116138458252 36.0718536376953 36.0275650024414 35.9832801818848 35.9389915466309 35.8947067260742 35.8504180908203 35.8047142028809 35.7582626342773 35.7118110656738 35.6653594970703 35.6189079284668 35.5724563598633 35.526008605957 35.4795570373535 35.43310546875 35.3866539001465 35.3649864196777 35.3582916259766 35.3516006469727 35.3449058532715 35.3382110595703 35.3315162658691 35.3248252868652 35.3181304931641 35.3114356994629 35.304744720459 35.2832145690918 35.251392364502 35.2195739746094 35.1877517700195 35.155933380127 35.1241111755371 35.0922889709473 35.0604705810547 35.0286483764648 34.996826171875
36.4366493225098 36.4595069885254 36.452205657959 36.4333038330078 36.4144020080566 36.3954963684082 36.376594543457 36.3576927185059 36.3387870788574 36.3198852539062 36.3009834289551 36.2820777893066 36.2454147338867 36.2007446289062 36.1560745239258 36.111400604248 36.0667304992676 36.0220603942871 35.9773902893066 35.9327163696289 35.8880462646484 35.843376159668 35.7972602844238 35.7503852844238 35.7035102844238 35.6566352844238 35.6097602844238 35.5628890991211 35.5160140991211 35.4691390991211 35.4222640991211 35.3753890991211 35.3530807495117 35.3456115722656 35.3381423950195 35.3306732177734 35.3232040405273 35.3157386779785 35.3082695007324 35.3008003234863 35.2933311462402 35.2858619689941 35.2628173828125 35.2289657592773 35.1951179504395 35.1612663269043 35.1274147033691 35.093563079834 35.0597152709961 35.0258636474609 34.9920120239258 34.9581604003906
36.4361267089844 36.455020904541 36.4467811584473 36.4281044006348 36.4094276428223 36.3907508850098 36.3720741271973 36.3533973693848 36.3347206115723 36.3160438537598 36.2973670959473 36.2786903381348 36.241828918457 36.1967735290527 36.1517181396484 36.1066627502441 36.0616073608398 36.0165519714355 35.9714965820312 35.926441192627 35.8813896179199 35.8363342285156 35.7898063659668 35.7425079345703 35.6952095031738 35.6479110717773 35.6006164550781 35.5533180236816 35.5060195922852 35.4587211608887 35.4114227294922 35.364128112793 35.3411712646484 35.3329315185547 35.3246879577637 35.3164443969727 35.3082008361816 35.2999572753906 35.2917137145996 35.2834701538086 35.2752265930176 35.2669830322266 35.2424201965332 35.2065391540527 35.1706619262695 35.1347808837891 35.0988998413086 35.0630187988281 35.0271377563477 34.9912567138672 34.9553756713867 34.9194946289062
36.4356002807617 36.4505348205566 36.4413566589355 36.4229049682617 36.4044532775879 36.3860054016113 36.3675537109375 36.3491020202637 36.3306503295898 36.312198638916 36.2937507629395 36.2752990722656 36.2382469177246 36.1928062438965 36.1473655700684 36.1019248962402 36.0564880371094 36.0110473632812 35.9656066894531 35.9201698303223 35.8747291564941 35.829288482666 35.7823524475098 35.7346305847168 35.6869087219238 35.6391868591309 35.5914688110352 35.5437469482422 35.4960250854492 35.4483032226562 35.4005813598633 35.3528633117676 35.3292655944824 35.3202476501465 35.3112297058105 35.3022117614746 35.2931938171387 35.2841758728027 35.2751579284668 35.2661399841309 35.2571182250977 35.2481002807617 35.2220268249512 35.1841163635254 35.1462020874023 35.1082916259766 35.0703811645508 35.032470703125 34.9945602416992 34.9566497802734 34.9187393188477 34.8808288574219
36.4003829956055 36.4177742004395 36.4093894958496 36.3910903930664 36.3727912902832 36.3544921875 36.3361968994141 36.3178977966309 36.2995986938477 36.2812995910645 36.2630043029785 36.2447052001953 36.2074089050293 36.161548614502 36.1156883239746 36.0698280334473 36.0239677429199 35.9781074523926 35.9322471618652 35.8863868713379 35.8405265808105 35.7946662902832 35.7498168945312 35.7054977416992 35.6611785888672 35.6168594360352 35.5725402832031 35.5282211303711 35.4839019775391 35.439582824707 35.395263671875 35.350944519043 35.3263130187988 35.3135795593262 35.3008422851562 35.2881050109863 35.2753677368164 35.2626304626465 35.2498970031738 35.2371597290039 35.224422454834 35.2116851806641 35.1847801208496 35.1480407714844 35.1113052368164 35.0745697021484 35.0378303527832 35.0010948181152 34.9643592834473 34.927619934082 34.8908843994141 34.8541488647461
36.3634986877441 36.3836555480957 36.376148223877 36.3580017089844 36.3398513793945 36.3217010498047 36.3035545349121 36.2854042053223 36.2672538757324 36.2491073608398 36.23095703125 36.2128067016602 36.1752662658691 36.1289863586426 36.0827026367188 36.0364189147949 35.9901351928711 35.9438552856445 35.8975715637207 35.8512878417969 35.805004119873 35.7587203979492 35.7160797119141 35.6753463745117 35.6346130371094 35.593879699707 35.5531463623047 35.5124130249023 35.4716796875 35.4309463500977 35.3902130126953 35.349479675293 35.3237915039062 35.3071937561035 35.290599822998 35.2740058898926 35.2574081420898 35.2408142089844 35.2242164611816 35.2076225280762 35.1910247802734 35.174430847168 35.1467247009277 35.1113166809082 35.0759086608887 35.0404968261719 35.0050888061523 34.9696769714355 34.934268951416 34.8988571166992 34.8634490966797 34.8280410766602
36.3266181945801 36.3495407104492 36.3429107666016 36.3249092102051 36.3069114685059 36.2889099121094 36.2709121704102 36.2529106140137 36.2349128723145 36.216911315918 36.1989097595215 36.1809120178223 36.1431274414062 36.0964202880859 36.0497169494629 36.0030097961426 35.9563064575195 35.9095993041992 35.8628959655762 35.8161888122559 35.7694816589355 35.7227783203125 35.6823463439941 35.6451950073242 35.6080474853516 35.5708999633789 35.5337524414062 35.4966049194336 35.4594535827637 35.422306060791 35.3851585388184 35.3480110168457 35.3212699890137 35.3008117675781 35.2803573608398 35.2599029541016 35.2394485473633 35.218994140625 35.1985397338867 35.1780853271484 35.1576309204102 35.1371726989746 35.1086730957031 35.074592590332 35.0405082702637 35.0064277648926 34.9723434448242 34.9382629394531 34.9041786193848 34.8700981140137 34.8360137939453 34.8019332885742
36.289737701416 36.3154258728027 36.3096733093262 36.291820526123 36.2739715576172 36.2561187744141 36.2382698059082 36.2204170227051 36.2025680541992 36.1847152709961 36.1668663024902 36.1490135192871 36.1109848022461 36.0638580322266 36.0167274475098 35.9696006774902 35.9224739074707 35.8753471374512 35.8282165527344 35.7810897827148 35.7339630126953 35.6868324279785 35.648609161377 35.615047454834 35.5814819335938 35.5479202270508 35.5143585205078 35.4807929992676 35.4472312927246 35.4136695861816 35.3801040649414 35.3465423583984 35.3187446594238 35.2944297790527 35.2701187133789 35.2458038330078 35.2214889526367 35.1971740722656 35.1728591918945 35.1485481262207 35.1242332458496 35.0999183654785 35.0706214904785 35.0378646850586 35.0051116943359 34.972354888916 34.9395980834961 34.9068450927734 34.8740882873535 34.8413352966309 34.8085784912109 34.7758255004883
36.252857208252 36.2813110351562 36.2764320373535 36.258731842041 36.2410316467285 36.2233276367188 36.2056274414062 36.1879234313965 36.170223236084 36.1525230407715 36.1348190307617 36.1171188354492 36.0788421630859 36.0312919616699 35.9837417602539 35.9361915588379 35.8886413574219 35.8410911560059 35.7935409545898 35.7459907531738 35.6984405517578 35.6508903503418 35.6148719787598 35.5848960876465 35.5549163818359 35.5249404907227 35.4949645996094 35.4649848937988 35.4350090026855 35.405029296875 35.3750534057617 35.3450736999512 35.3162231445312 35.2880477905273 35.2598762512207 35.2317008972168 35.2035293579102 35.1753540039062 35.1471824645996 35.119010925293 35.0908355712891 35.0626640319824 35.0325660705566 35.0011405944824 34.9697113037109 34.9382820129395 34.9068565368652 34.8754272460938 34.8439979553223 34.812572479248 34.7811431884766 34.7497138977051
36.2159767150879 36.2471961975098 36.2431945800781 36.225643157959 36.2080879211426 36.1905364990234 36.1729850769043 36.1554298400879 36.1378784179688 36.1203269958496 36.1027717590332 36.0852203369141 36.0466995239258 35.9987297058105 35.950756072998 35.9027824401855 35.854808807373 35.8068389892578 35.7588653564453 35.7108917236328 35.6629180908203 35.6149482727051 35.5811386108398 35.554744720459 35.5283508300781 35.5019607543945 35.4755668640137 35.4491767883301 35.4227828979492 35.3963928222656 35.3699989318848 35.3436050415039 35.3136978149414 35.281665802002 35.2496337890625 35.217601776123 35.1855697631836 35.1535377502441 35.1215057373047 35.089469909668 35.0574378967285 35.0254058837891 34.994514465332 34.964412689209 34.9343147277832 34.9042129516602 34.8741111755371 34.8440093994141 34.8139114379883 34.7838096618652 34.7537078857422 34.7236061096191
36.1790962219238 36.2130813598633 36.2099571228027 36.1925506591797 36.1751480102539 36.1577453613281 36.1403427124023 36.1229362487793 36.1055335998535 36.0881309509277 36.070728302002 36.0533256530762 36.0145606994629 35.9661636352539 35.9177703857422 35.8693733215332 35.8209800720215 35.7725830078125 35.7241897583008 35.6757926940918 35.6273994445801 35.5790023803711 35.5474014282227 35.5245933532715 35.5017890930176 35.4789810180664 35.4561729431152 35.4333648681641 35.4105606079102 35.387752532959 35.3649444580078 35.3421401977539 35.3111763000488 35.2752838134766 35.2393913269043 35.2035026550293 35.167610168457 35.1317176818848 35.0958251953125 35.0599327087402 35.0240440368652 34.988151550293 34.9564628601074 34.9276885986328 34.8989143371582 34.8701400756836 34.8413696289062 34.8125953674316 34.783821105957 34.7550468444824 34.7262725830078 34.6974983215332
36.1422119140625 36.1789665222168 36.1767158508301 36.1594619750977 36.1422080993652 36.1249542236328 36.1077003479004 36.090446472168 36.0731887817383 36.0559349060059 36.0386810302734 36.021427154541 35.9824180603027 35.9336013793945 35.8847808837891 35.8359642028809 35.7871475219727 35.7383308410645 35.689510345459 35.6406936645508 35.5918769836426 35.5430603027344 35.5136642456055 35.494441986084 35.4752235412598 35.4560012817383 35.4367790222168 35.4175567626953 35.3983345031738 35.3791160583496 35.3598937988281 35.3406715393066 35.308650970459 35.2689018249512 35.2291526794434 35.1893997192383 35.1496505737305 35.1098976135254 35.0701484680176 35.0303955078125 34.9906463623047 34.9508934020996 34.9184074401855 34.8909645080566 34.8635177612305 34.8360710144043 34.8086242675781 34.781177520752 34.7537307739258 34.7262840270996 34.6988372802734 34.6713905334473
36.1053314208984 36.1448516845703 36.1434783935547 36.1263732910156 36.1092681884766 36.0921630859375 36.0750579833984 36.0579528808594 36.0408477783203 36.0237426757812 36.0066375732422 35.9895324707031 35.9502754211426 35.9010353088379 35.8517951965332 35.8025550842285 35.7533149719238 35.7040748596191 35.6548347473145 35.6055946350098 35.5563545227051 35.5071144104004 35.4799308776855 35.4642944335938 35.448657989502 35.4330215454102 35.4173851013184 35.4017486572266 35.3861122131348 35.370475769043 35.3548393249512 35.3392028808594 35.3061294555664 35.2625198364258 35.2189102172852 35.1753005981445 35.1316909790039 35.0880813598633 35.0444679260254 35.0008583068848 34.9572486877441 34.9136390686035 34.8803558349609 34.8542366027832 34.8281173706055 34.8019981384277 34.77587890625 34.7497596740723 34.7236404418945 34.6975212097168 34.6714019775391 34.6452827453613
36.0684509277344 36.1107368469238 36.110237121582 36.0932846069336 36.0763282775879 36.0593719482422 36.0424156188965 36.0254592895508 36.0085029602051 35.9915466308594 35.9745903015137 35.957633972168 35.9181365966797 35.8684730529785 35.8188095092773 35.7691459655762 35.7194862365723 35.6698226928711 35.6201591491699 35.5704956054688 35.5208320617676 35.4711723327637 35.4461936950684 35.4341430664062 35.4220924377441 35.410041809082 35.3979911804199 35.3859405517578 35.3738861083984 35.3618354797363 35.3497848510742 35.3377342224121 35.3036079406738 35.2561378479004 35.208667755127 35.1611976623535 35.1137313842773 35.0662612915039 35.0187911987305 34.971321105957 34.9238510131836 34.8763847351074 34.8423042297363 34.817512512207 34.7927207946777 34.7679290771484 34.7431373596191 34.7183456420898 34.6935501098633 34.668758392334 34.6439666748047 34.6191749572754
35.9953880310059 36.0282592773438 36.0283279418945 36.0157775878906 36.003231048584 35.9906806945801 35.9781341552734 35.9655838012695 35.9530372619629 35.940486907959 35.9279403686523 35.9153900146484 35.8822174072266 35.8397445678711 35.7972717285156 35.7547988891602 35.7123260498047 35.6698532104492 35.6273803710938 35.5849075317383 35.5424346923828 35.4999618530273 35.4784317016602 35.4678726196289 35.4573097229004 35.4467506408691 35.4361877441406 35.4256286621094 35.4150657653809 35.4045066833496 35.3939437866211 35.3833847045898 35.3468742370605 35.2946853637695 35.2424964904785 35.1903038024902 35.1381149291992 35.0859260559082 35.0337371826172 34.9815483093262 34.9293594360352 34.8771667480469 34.8438835144043 34.8237113952637 34.803539276123 34.7833671569824 34.7631950378418 34.7430229187012 34.7228507995605 34.7026786804199 34.6825065612793 34.6623344421387
35.9192390441895 35.941650390625 35.9422607421875 35.9344825744629 35.9267044067383 35.9189300537109 35.9111518859863 35.9033737182617 35.8955955505371 35.8878173828125 35.8800430297852 35.8722648620605 35.8459777832031 35.8113441467285 35.7767105102539 35.7420768737793 35.7074432373047 35.6728096008301 35.6381797790527 35.6035461425781 35.5689125061035 35.5342788696289 35.5163040161133 35.5070533752441 35.4978065490723 35.4885559082031 35.479305267334 35.4700546264648 35.4608039855957 35.4515571594238 35.4423065185547 35.4330558776855 35.3940505981445 35.3370666503906 35.2800827026367 35.2230987548828 35.1661186218262 35.1091346740723 35.0521507263184 34.9951667785645 34.9381828308105 34.8811988830566 34.8488426208496 34.8335723876953 34.818302154541 34.8030319213867 34.7877578735352 34.7724876403809 34.7572174072266 34.7419471740723 34.7266731262207 34.7114028930664
35.8430862426758 35.8550415039062 35.8561935424805 35.8531875610352 35.8501815795898 35.8471755981445 35.8441696166992 35.8411636352539 35.8381576538086 35.8351516723633 35.8321418762207 35.8291358947754 35.8097343444824 35.7829437255859 35.7561492919922 35.7293548583984 35.702564239502 35.6757698059082 35.6489753723145 35.622184753418 35.5953903198242 35.5685958862305 35.5541763305664 35.5462379455566 35.5382995605469 35.5303611755371 35.5224227905273 35.5144805908203 35.5065422058105 35.4986038208008 35.490665435791 35.4827270507812 35.4412269592285 35.379451751709 35.3176727294922 35.2558975219727 35.1941184997559 35.1323432922363 35.0705642700195 35.0087890625 34.9470100402832 34.8852310180664 34.8538055419922 34.8434371948242 34.833065032959 34.822696685791 34.8123245239258 34.8019561767578 34.7915840148926 34.7812118530273 34.7708435058594 34.7604713439941
35.7669372558594 35.7684364318848 35.7701263427734 35.7718925476074 35.7736549377441 35.7754211425781 35.7771873474121 35.7789497375488 35.7807159423828 35.7824821472168 35.7842445373535 35.7860107421875 35.773494720459 35.7545433044434 35.7355880737305 35.7166366577148 35.697681427002 35.6787261962891 35.6597747802734 35.6408195495605 35.6218681335449 35.602912902832 35.5920486450195 35.5854225158691 35.5787925720215 35.5721664428711 35.5655364990234 35.558910369873 35.5522804260254 35.545654296875 35.5390243530273 35.532398223877 35.4884033203125 35.4218330383301 35.3552627563477 35.2886924743652 35.2221183776855 35.1555480957031 35.0889778137207 35.0224075317383 34.9558372497559 34.8892669677734 34.8587684631348 34.8532981872559 34.847827911377 34.8423614501953 34.8368911743164 34.8314208984375 34.8259506225586 34.8204803466797 34.815013885498 34.8095436096191
35.6907844543457 35.681827545166 35.6840591430664 35.6905975341797 35.6971321105957 35.7036666870117 35.710205078125 35.716739654541 35.723274230957 35.7298126220703 35.7363471984863 35.7428855895996 35.7372550964355 35.7261428833008 35.7150268554688 35.703914642334 35.692798614502 35.6816864013672 35.6705741882324 35.6594581604004 35.6483459472656 35.6372299194336 35.6299209594727 35.6246032714844 35.6192893981934 35.6139717102051 35.6086540222168 35.6033363342285 35.5980186462402 35.5927047729492 35.5873870849609 35.5820693969727 35.5355796813965 35.4642181396484 35.3928527832031 35.3214874267578 35.2501220703125 35.1787567138672 35.1073913574219 35.0360260009766 34.9646606445312 34.8932991027832 34.8637313842773 34.8631629943848 34.8625946044922 34.8620262145996 34.861457824707 34.8608856201172 34.8603172302246 34.859748840332 34.8591804504395 34.8586120605469
35.6146354675293 35.5952186584473 35.5979919433594 35.6092987060547 35.62060546875 35.6319160461426 35.6432228088379 35.6545295715332 35.6658363342285 35.6771430969238 35.6884498596191 35.6997566223145 35.7010154724121 35.6977386474609 35.694465637207 35.6911926269531 35.6879196166992 35.684642791748 35.6813697814941 35.6780967712402 35.6748237609863 35.6715469360352 35.6677932739258 35.6637878417969 35.659782409668 35.6557769775391 35.6517715454102 35.6477661132812 35.6437568664551 35.6397514343262 35.6357460021973 35.6317405700684 35.5827598571777 35.5065994262695 35.4304389953613 35.3542823791504 35.2781219482422 35.2019653320312 35.125804901123 35.0496482849121 34.9734878540039 34.897331237793 34.8686943054199 34.8730239868164 34.8773574829102 34.8816909790039 34.8860206604004 34.8903541564941 34.8946876525879 34.8990173339844 34.9033508300781 34.9076843261719
35.5384826660156 35.5086135864258 35.5119247436523 35.528003692627 35.5440826416016 35.5601615905762 35.5762405395508 35.5923156738281 35.6083946228027 35.6244735717773 35.640552520752 35.6566314697266 35.6647758483887 35.6693382263184 35.6739044189453 35.6784706115723 35.6830368041992 35.6876029968262 35.6921691894531 35.6967353820801 35.701301574707 35.7058639526367 35.7056655883789 35.7029724121094 35.7002754211426 35.697582244873 35.6948852539062 35.6921920776367 35.6894950866699 35.6868019104004 35.6841049194336 35.6814117431641 35.6299362182617 35.5489807128906 35.4680290222168 35.387077331543 35.3061256408691 35.2251739501953 35.1442184448242 35.0632667541504 34.9823150634766 34.9013633728027 34.8736572265625 34.8828887939453 34.8921203613281 34.9013557434082 34.910587310791 34.9198188781738 34.9290542602539 34.9382858276367 34.9475212097168 34.9567527770996
35.4623336791992 35.422004699707 35.4258575439453 35.4467086791992 35.4675598144531 35.4884071350098 35.5092582702637 35.5301055908203 35.5509567260742 35.5718040466309 35.5926551818848 35.6135025024414 35.628532409668 35.6409378051758 35.6533432006836 35.6657485961914 35.6781539916992 35.690559387207 35.7029647827148 35.7153739929199 35.7277793884277 35.7401847839355 35.743537902832 35.7421531677246 35.7407722473145 35.739387512207 35.7380027770996 35.7366180419922 35.7352333068848 35.7338523864746 35.7324676513672 35.7310829162598 35.6771125793457 35.591365814209 35.5056190490723 35.4198722839355 35.3341255187988 35.2483787536621 35.1626319885254 35.0768852233887 34.9911422729492 34.9053955078125 34.8786163330078 34.892749786377 34.9068870544434 34.9210205078125 34.9351539611816 34.9492874145508 34.9634208679199 34.9775543212891 34.9916877746582 35.0058212280273
35.3861808776855 35.3353958129883 35.3397941589355 35.3654136657715 35.3910331726074 35.4166526794434 35.4422760009766 35.4678955078125 35.4935150146484 35.5191345214844 35.5447578430176 35.5703773498535 35.5922927856445 35.6125373840332 35.6327819824219 35.6530303955078 35.6732749938965 35.6935195922852 35.7137641906738 35.7340087890625 35.7542533874512 35.7745018005371 35.7814102172852 35.7813377380371 35.7812652587891 35.781192779541 35.781120300293 35.7810478210449 35.7809715270996 35.7808990478516 35.7808265686035 35.7807540893555 35.7242889404297 35.6337471008301 35.5432090759277 35.4526672363281 35.3621292114258 35.2715873718262 35.1810455322266 35.0905075073242 34.9999656677246 34.9094276428223 34.8835792541504 34.9026145935059 34.9216499328613 34.9406852722168 34.9597206115723 34.9787521362305 34.9977874755859 35.0168228149414 35.0358581542969 35.0548934936523
