R_scripts/int_process_data/Bio_07_2001.2020.asc
NCOLS 281 
NROWS 577 
XLLCORNER 81175.2677831308 
YLLCORNER -911.770678700996 
CELLSIZE 1000 
NODATA_value -3.4e+38 
[rows 46 to 68 of 577, columns 153 to 203 of 281]
19.0669174194336 18.8334102630615 19.002950668335 19.3664875030518 19.7361125946045 20.3621883392334 20.4933967590332 19.5143756866455 18.7118072509766 18.525936126709 18.6069278717041 18.9565181732178 19.3144588470459 19.1122188568115 18.7152843475342 18.7085285186768 18.6873188018799 18.8751697540283 19.0437488555908 18.9624500274658 18.8451805114746 18.871883392334 18.9636154174805 19.1251678466797 19.4813842773438 20.0648212432861 20.5509052276611 20.7852668762207 20.8499450683594 21.1046009063721 21.1228828430176 21.0479431152344 21.0268516540527 20.8960132598877 20.8072566986084 20.9123573303223 21.2412929534912 21.3872509002686 21.3537883758545 21.4138126373291 21.3497943878174 21.2131175994873 20.9764175415039 20.630298614502 20.6531505584717 20.7879219055176 20.8408985137939 20.8282508850098 20.7768421173096 20.7691516876221 20.6305618286133
18.9951057434082 18.8587474822998 19.0872173309326 19.5402221679688 19.9279632568359 19.9570846557617 19.8699054718018 19.1463623046875 18.5825080871582 18.5059490203857 18.6725063323975 18.9983139038086 19.1516304016113 18.8558044433594 18.6954288482666 18.6154499053955 18.6405982971191 18.8471755981445 18.858570098877 18.8597106933594 18.84446144104 18.9174938201904 19.0439987182617 19.2770328521729 19.7605972290039 20.2172737121582 20.5068778991699 20.6909523010254 20.8675975799561 21.2290859222412 21.2178936004639 20.9795722961426 20.8875904083252 20.8304386138916 20.8182067871094 21.0701103210449 21.3134670257568 21.2961235046387 21.2219867706299 21.2913818359375 21.2529983520508 21.0305347442627 20.7803230285645 20.547643661499 20.753246307373 20.9106369018555 20.885217666626 20.7839374542236 20.7340908050537 20.7240657806396 20.6300868988037
18.883846282959 18.8844051361084 19.1262912750244 19.3826389312744 19.622127532959 19.4809226989746 19.0325794219971 18.598539352417 18.4409770965576 18.610954284668 18.9430847167969 18.9979038238525 18.9199695587158 18.7764778137207 18.7215671539307 18.5815811157227 18.5982437133789 18.7119789123535 18.7744255065918 18.9194183349609 18.9189739227295 18.9750690460205 19.1890525817871 19.6850566864014 20.3923091888428 20.6321105957031 20.6769866943359 20.9303359985352 21.0211791992188 21.2543334960938 21.2355365753174 21.0057811737061 20.8515872955322 20.8446044921875 20.9437274932861 21.2294425964355 21.2799625396729 21.1733417510986 21.0830955505371 21.1186943054199 21.0786361694336 20.8675098419189 20.6322231292725 20.6620445251465 20.8306064605713 20.8917751312256 20.8604888916016 20.7488536834717 20.6939373016357 20.6601943969727 20.641939163208
18.7692470550537 18.9041233062744 19.1560935974121 18.9652214050293 18.8587551116943 18.9371662139893 18.6549835205078 18.5332164764404 18.5343074798584 18.8395309448242 19.1734848022461 18.9619331359863 18.8569889068604 18.7806072235107 18.6012725830078 18.4783248901367 18.6670227050781 18.9236278533936 18.9727439880371 19.0755081176758 19.0486087799072 19.085412979126 19.528751373291 20.4116554260254 21.0821762084961 21.1014842987061 20.9524974822998 21.1462516784668 21.2172260284424 21.3180599212646 21.2751617431641 21.1211891174316 21.0325794219971 21.0127696990967 20.9345836639404 21.1444511413574 21.1512832641602 20.9975128173828 20.9157066345215 20.9754161834717 20.9833431243896 20.8417053222656 20.6006259918213 20.7168502807617 20.8322639465332 20.8612957000732 20.8223838806152 20.7270641326904 20.6779823303223 20.5618801116943 20.5969142913818
18.7150497436523 18.921106338501 19.1744022369385 18.6875629425049 18.2318077087402 18.3282012939453 18.3712368011475 18.5075016021729 18.5480060577393 19.0233917236328 19.2505779266357 18.8467311859131 18.8282985687256 18.7930374145508 18.5057773590088 18.5230102539062 18.9224262237549 19.1986904144287 19.2300071716309 19.2514896392822 19.2174167633057 19.4013290405273 20.1823787689209 21.0667839050293 21.3793754577637 21.2648448944092 21.144323348999 21.2240619659424 21.2461414337158 21.3037223815918 21.2862567901611 21.2069854736328 21.1735401153564 21.1002426147461 20.9020366668701 20.9639854431152 20.9337882995605 20.7887325286865 20.7543926239014 20.806697845459 20.9306316375732 20.8366622924805 20.58811378479 20.7142887115479 20.8065948486328 20.8187770843506 20.7862129211426 20.6936798095703 20.6433334350586 20.5675487518311 20.607213973999
18.7668895721436 18.8577976226807 18.9715576171875 18.5642929077148 18.1479244232178 18.0736179351807 18.256368637085 18.4415512084961 18.6623249053955 19.0858783721924 19.1815185546875 18.7569942474365 18.6035575866699 18.5506649017334 18.6281414031982 18.9324798583984 19.234842300415 19.5117530822754 19.5675964355469 19.5265483856201 19.5414447784424 20.069543838501 20.8895969390869 21.2609195709229 21.3215656280518 21.2643737792969 21.1806735992432 21.1815624237061 21.1563472747803 21.2171726226807 21.2286205291748 21.201566696167 21.1197853088379 21.0614719390869 20.9317779541016 20.7718353271484 20.7456665039062 20.6570148468018 20.6170978546143 20.7060928344727 20.8373355865479 20.7395095825195 20.5683841705322 20.7239112854004 20.7784061431885 20.7632312774658 20.7307624816895 20.6640167236328 20.6084156036377 20.5195388793945 20.6034259796143
18.8671741485596 18.9118995666504 19.0178699493408 19.0147819519043 18.5603275299072 18.1870899200439 18.3293685913086 18.7408809661865 18.8939914703369 18.8101692199707 18.8530864715576 18.6362895965576 18.2329654693604 18.488883972168 18.9648990631104 19.2890625 19.6051807403564 19.9457035064697 20.0020275115967 19.8049602508545 19.951229095459 20.6050510406494 21.0800380706787 21.1949062347412 21.2690296173096 21.2514362335205 21.1764812469482 21.0841369628906 21.0536289215088 21.121509552002 21.15065574646 21.162389755249 21.0410118103027 20.9436740875244 20.9065246582031 20.8360118865967 20.7507743835449 20.732479095459 20.6227207183838 20.6767024993896 20.7567253112793 20.6115112304688 20.5979061126709 20.7693481445312 20.7281932830811 20.6722640991211 20.6373291015625 20.6169033050537 20.5761833190918 20.5552864074707 20.6875705718994
18.9289302825928 19.0884094238281 19.3033981323242 19.4131908416748 18.7146492004395 18.2876758575439 18.6878547668457 18.9301052093506 18.7807769775391 18.5512866973877 18.5106353759766 18.3643989562988 18.1344051361084 18.5402317047119 19.0598011016846 19.339054107666 19.8092079162598 20.1894550323486 20.1128997802734 19.7619438171387 20.0999965667725 20.7338008880615 21.0223274230957 21.1714992523193 21.26682472229 21.2262935638428 21.1063232421875 20.9592418670654 20.9290637969971 21.0200614929199 21.0256404876709 21.0731678009033 21.0464363098145 20.9678401947021 21.0234508514404 21.0651035308838 20.8738479614258 20.7749156951904 20.7166900634766 20.6721420288086 20.6555976867676 20.5159511566162 20.6978282928467 20.8079605102539 20.7014293670654 20.6134052276611 20.5774230957031 20.5583992004395 20.5601100921631 20.6508483886719 20.7456645965576
18.9357280731201 19.0594425201416 19.371883392334 19.2893733978271 18.4456748962402 18.4182281494141 18.8866367340088 18.6841564178467 18.4622211456299 18.3094215393066 18.269172668457 18.264139175415 18.2527332305908 18.5586280822754 19.0833644866943 19.4502696990967 19.7981662750244 19.8391380310059 19.5957927703857 19.8199024200439 20.5349979400635 20.9811878204346 21.1365184783936 21.2022438049316 21.2674674987793 21.2181739807129 21.0235996246338 20.8314266204834 20.8064937591553 20.9017238616943 20.8837146759033 20.9247341156006 21.0063533782959 21.0448513031006 21.0875759124756 21.0526161193848 20.8799018859863 20.7580051422119 20.8107147216797 20.7186298370361 20.5783100128174 20.5807704925537 20.7708168029785 20.820182800293 20.7219219207764 20.6338329315186 20.59694480896 20.557954788208 20.6061248779297 20.6723823547363 20.7082767486572
18.8447647094727 19.0624103546143 19.5310764312744 19.3391284942627 18.4591369628906 18.4211921691895 18.7936115264893 18.5038871765137 18.1766719818115 18.1017150878906 18.2432880401611 18.3522663116455 18.4242153167725 18.6777153015137 18.9799842834473 19.3370361328125 19.5842151641846 19.4234027862549 19.2233200073242 20.109790802002 20.970085144043 21.202507019043 21.3011112213135 21.3003673553467 21.2956409454346 21.2551441192627 21.115571975708 20.8640556335449 20.7139511108398 20.7764492034912 20.7485847473145 20.7991504669189 20.9319324493408 20.9949989318848 21.0419368743896 20.9709625244141 20.7499446868896 20.6862697601318 20.8123149871826 20.7470188140869 20.6151905059814 20.7545757293701 20.8258819580078 20.836109161377 20.7458457946777 20.6438636779785 20.5985336303711 20.5959529876709 20.6375541687012 20.6552639007568 20.6681289672852
18.7880744934082 19.3282852172852 19.658447265625 19.3575763702393 18.5710906982422 18.22021484375 18.3816413879395 18.1599884033203 17.963005065918 18.0237083435059 18.1284103393555 18.2429752349854 18.3229351043701 18.4737033843994 18.6791515350342 19.0896797180176 19.398063659668 19.2309398651123 19.247486114502 20.0707664489746 20.9350738525391 21.308479309082 21.4729843139648 21.3990612030029 21.3380794525146 21.3051357269287 21.1674404144287 20.904613494873 20.6844749450684 20.6315040588379 20.6357936859131 20.7296199798584 20.8958988189697 20.9376430511475 20.9807052612305 20.9480075836182 20.7427425384521 20.6397323608398 20.7291526794434 20.6832790374756 20.6892986297607 20.8454742431641 20.8581447601318 20.8177032470703 20.7512092590332 20.6863708496094 20.605749130249 20.5802536010742 20.6173706054688 20.6331672668457 20.6550102233887
18.9167213439941 19.7039794921875 19.6608047485352 19.0833072662354 18.4548835754395 17.880521774292 18.0969696044922 18.0130462646484 18.0090236663818 18.1219367980957 18.2481060028076 18.5311756134033 18.3567485809326 18.3672790527344 18.5672760009766 18.9428081512451 19.0967197418213 19.0083599090576 19.3537826538086 20.0663394927979 20.8614540100098 21.305139541626 21.5323238372803 21.557071685791 21.4837646484375 21.2788352966309 21.0013103485107 20.7775135040283 20.6916332244873 20.5492115020752 20.5616264343262 20.7040348052979 20.8389205932617 20.8459396362305 20.8827838897705 20.916202545166 20.8651523590088 20.7007751464844 20.6599292755127 20.6155567169189 20.6642284393311 20.8293991088867 20.8453598022461 20.8049468994141 20.743579864502 20.6825466156006 20.5971126556396 20.6144332885742 20.6507549285889 20.6627445220947 20.7286853790283
19.0556182861328 19.7491569519043 19.5112743377686 18.7507152557373 18.0370750427246 18.1373195648193 18.5856647491455 18.511194229126 18.4868202209473 18.5207061767578 18.7185077667236 18.9144897460938 18.4735908508301 18.4311771392822 18.5575408935547 18.7557907104492 18.8096733093262 18.9087963104248 19.5516300201416 20.2281703948975 20.8389911651611 21.2377223968506 21.5257434844971 21.6726245880127 21.6209697723389 21.4058570861816 21.0250797271729 20.6448192596436 20.5671691894531 20.514554977417 20.5457496643066 20.6366157531738 20.7362117767334 20.729175567627 20.7650318145752 20.8393745422363 20.9234580993652 20.7917747497559 20.670202255249 20.5995235443115 20.6313896179199 20.7759304046631 20.8151035308838 20.7843246459961 20.7359142303467 20.6686782836914 20.6088161468506 20.665111541748 20.7262229919434 20.7147159576416 20.8019466400146
19.1015186309814 19.2857913970947 18.9072399139404 18.2150001525879 17.7961883544922 18.6525211334229 18.9918575286865 18.8646068572998 18.8968696594238 18.9561157226562 19.180944442749 19.1584587097168 18.5810394287109 18.5068645477295 18.7777156829834 18.7826194763184 18.8188171386719 19.0970439910889 19.9815711975098 20.5710220336914 20.8597259521484 21.2563152313232 21.6245670318604 21.6871891021729 21.5837097167969 21.5042839050293 21.2136878967285 20.6559715270996 20.4626522064209 20.449068069458 20.5354232788086 20.5633544921875 20.6551494598389 20.6577243804932 20.6699047088623 20.7715377807617 20.9153652191162 20.8271923065186 20.7119045257568 20.6085453033447 20.6942195892334 20.7955932617188 20.8102073669434 20.7720184326172 20.738956451416 20.6826648712158 20.6409091949463 20.7181262969971 20.7676162719727 20.7798461914062 20.8680152893066
19.0206508636475 18.528169631958 18.0040950775146 17.7315425872803 18.1723709106445 19.1778583526611 19.3502788543701 19.1335945129395 19.1956195831299 19.4054069519043 19.5851230621338 19.2962188720703 18.7924423217773 18.9439926147461 19.061580657959 18.8500671386719 19.2893199920654 19.6340293884277 20.3941841125488 21.0224933624268 21.2234382629395 21.4721565246582 21.6843681335449 21.6582775115967 21.5396823883057 21.4961338043213 21.3726482391357 20.9112091064453 20.571569442749 20.4283962249756 20.4612369537354 20.474193572998 20.5340023040771 20.567325592041 20.6210594177246 20.7238063812256 20.8744010925293 20.844181060791 20.6893825531006 20.6572723388672 20.8297882080078 20.8656578063965 20.8100624084473 20.7641448974609 20.7632884979248 20.7580432891846 20.6916370391846 20.7336940765381 20.7776718139648 20.8118476867676 20.9042282104492
18.4624538421631 17.6415710449219 17.6055946350098 18.072847366333 18.9135856628418 19.7240104675293 19.6097946166992 19.2377815246582 19.3167591094971 19.5836315155029 19.7599239349365 19.3930606842041 19.2265548706055 19.4666652679443 19.0908031463623 18.9899387359619 19.9123516082764 20.2346153259277 20.7365875244141 21.3949890136719 21.5716037750244 21.5731258392334 21.5827980041504 21.5483417510986 21.5143165588379 21.4851665496826 21.3459053039551 21.0912857055664 20.6913719177246 20.5200805664062 20.4872913360596 20.3865356445312 20.3612174987793 20.4595680236816 20.5979671478271 20.6994152069092 20.8382091522217 20.868293762207 20.705379486084 20.6803379058838 20.8601093292236 20.8861064910889 20.8109455108643 20.7506160736084 20.749382019043 20.7697086334229 20.7373237609863 20.8138599395752 20.8738288879395 20.9076309204102 20.9883213043213
17.8237838745117 17.3154392242432 17.5895576477051 18.2360382080078 18.8116645812988 19.360710144043 19.2420539855957 19.0495777130127 19.1829223632812 19.4897327423096 19.6940460205078 19.4861812591553 19.6466770172119 19.7319450378418 19.329797744751 19.2381954193115 20.3935546875 20.9130630493164 21.2939281463623 21.6258373260498 21.5633811950684 21.4919033050537 21.4365062713623 21.3544788360596 21.4185466766357 21.3886699676514 21.1778411865234 20.9769325256348 20.7094039916992 20.5443420410156 20.4215888977051 20.3136825561523 20.2413787841797 20.3819370269775 20.5740299224854 20.7048645019531 20.826961517334 20.8555221557617 20.8081455230713 20.6845855712891 20.8179092407227 20.8694610595703 20.7963790893555 20.7264518737793 20.7605037689209 20.8455276489258 20.8034858703613 20.8156871795654 20.9027938842773 21.0413856506348 21.1993560791016
17.3746509552002 17.52907371521 17.8962898254395 18.2422466278076 18.6660823822021 18.8797588348389 18.8570861816406 18.845911026001 19.1305465698242 19.6100940704346 19.5731563568115 19.4151153564453 19.6658401489258 19.9259700775146 19.6219806671143 19.5213470458984 20.8824195861816 21.6603755950928 21.8028030395508 21.6577835083008 21.4684066772461 21.3810558319092 21.3322525024414 21.2242813110352 21.3538990020752 21.2256507873535 20.9047260284424 20.5975456237793 20.4869194030762 20.4176273345947 20.3409690856934 20.2618751525879 20.183422088623 20.2939186096191 20.5158958435059 20.7041187286377 20.7910118103027 20.7689933776855 20.7016334533691 20.691255569458 20.8126373291016 20.8755950927734 20.8337955474854 20.7555675506592 20.748046875 20.7910137176514 20.7742919921875 20.8119831085205 20.910400390625 21.1221046447754 21.3499927520752
17.683988571167 18.2746906280518 18.847297668457 19.0557403564453 19.2795696258545 19.2614116668701 19.130765914917 19.0588684082031 19.1461429595947 19.3904323577881 19.3334102630615 19.3982391357422 19.6667747497559 19.9880428314209 19.8419342041016 20.0473518371582 21.5649833679199 22.1813354492188 21.9412002563477 21.6345710754395 21.4642181396484 21.3938331604004 21.366626739502 21.1886596679688 21.2640151977539 21.2102165222168 20.9330520629883 20.5389537811279 20.344123840332 20.2847061157227 20.2708377838135 20.2509441375732 20.2131156921387 20.2451324462891 20.4097499847412 20.5439376831055 20.6355819702148 20.6248760223389 20.5693988800049 20.6736030578613 20.8046321868896 20.9213390350342 20.9293193817139 20.8449745178223 20.7512893676758 20.7462749481201 20.8004150390625 20.8615207672119 20.9693622589111 21.1594562530518 21.3563327789307
18.056770324707 18.667407989502 19.4758396148682 19.9252128601074 19.9771251678467 19.9276161193848 19.6989212036133 19.5725059509277 19.3642196655273 19.2741985321045 19.2921619415283 19.4611339569092 19.7068500518799 20.0080299377441 20.3257465362549 21.0578174591064 22.15283203125 22.3321704864502 22.013463973999 21.7487545013428 21.5466785430908 21.4905052185059 21.4390773773193 21.1540584564209 21.1355953216553 21.1964378356934 21.1217288970947 20.798152923584 20.6249828338623 20.5309867858887 20.3977165222168 20.401876449585 20.3386611938477 20.3099365234375 20.4052715301514 20.4374694824219 20.4769744873047 20.5184764862061 20.5671825408936 20.6646842956543 20.7976245880127 20.9192142486572 20.9523620605469 20.9135837554932 20.8201560974121 20.7636299133301 20.8661479949951 20.9553604125977 21.0656242370605 21.2303047180176 21.3358860015869
18.7757740020752 19.4579200744629 20.4044876098633 20.9523525238037 20.8620052337646 20.6299495697021 20.297571182251 20.121940612793 19.7311401367188 19.4008102416992 19.3811454772949 19.6671772003174 20.1964912414551 20.6761856079102 21.1696090698242 21.8425350189209 22.2466220855713 22.3188209533691 22.093599319458 21.8190650939941 21.564847946167 21.41943359375 21.3785171508789 21.1393127441406 21.0102519989014 21.1220054626465 21.154541015625 20.9012889862061 20.8345489501953 20.7505683898926 20.6165008544922 20.5514163970947 20.4563503265381 20.4549503326416 20.5552444458008 20.6204471588135 20.5365676879883 20.5660362243652 20.6480293273926 20.6817150115967 20.7713584899902 20.8929061889648 20.9385757446289 20.9237785339355 20.8980751037598 20.8232479095459 20.8534698486328 20.9755153656006 21.104944229126 21.2475566864014 21.3063449859619
19.6634998321533 20.5419521331787 21.1479225158691 21.2802505493164 20.9963111877441 20.8581657409668 20.8147830963135 20.4901599884033 19.8133010864258 19.4592266082764 19.5925617218018 20.0578670501709 20.8888969421387 21.5037422180176 21.7602424621582 21.9299240112305 22.1651420593262 22.1471099853516 21.972620010376 21.7491207122803 21.5711727142334 21.4462604522705 21.232536315918 20.9833526611328 20.9011116027832 21.0666217803955 21.100902557373 20.8381156921387 20.7918815612793 20.7803726196289 20.6995964050293 20.5972652435303 20.5242519378662 20.5600166320801 20.7082901000977 20.7532749176025 20.6565208435059 20.6841831207275 20.7082366943359 20.7117614746094 20.7605857849121 20.8738098144531 20.9464492797852 20.9119758605957 20.8789157867432 20.8408088684082 20.8580055236816 20.9792137145996 21.0968322753906 21.2423095703125 21.2747287750244
20.499927520752 21.0674705505371 21.1379985809326 21.0248928070068 20.8756484985352 20.8322601318359 20.8294448852539 20.3672008514404 19.6568336486816 19.5691890716553 20.1538410186768 20.6813430786133 21.2971248626709 21.6238880157471 21.7212200164795 21.8910827636719 22.1085338592529 21.9961795806885 21.8826732635498 21.7593288421631 21.6115894317627 21.4978256225586 21.1779766082764 20.8188781738281 20.9655857086182 21.1737041473389 21.1103096008301 20.7833652496338 20.6861820220947 20.705020904541 20.6955089569092 20.5953540802002 20.5512828826904 20.6237506866455 20.7043628692627 20.7277030944824 20.7127513885498 20.7769622802734 20.7382621765137 20.7842407226562 20.7939891815186 20.8434677124023 20.9323234558105 20.9247722625732 20.8659076690674 20.8589248657227 20.9135456085205 20.9945945739746 21.0832843780518 21.2266883850098 21.2366752624512
