R_scripts/int_process_data/Bio_17.asc
NCOLS 281 
NROWS 576 
XLLCORNER 81175.2677831308 
YLLCORNER 88.2293212990044 
CELLSIZE 1000 
NODATA_value -3.4e+38 
[rows 23 to 45 of 576, columns 156 to 207 of 281]
-3.4e+38 -3.4e+38 -3.4e+38 -3.4e+38 -3.4e+38 -3.4e+38 -3.4e+38 -3.4e+38 -3.4e+38 -3.4e+38 -3.4e+38 -3.4e+38 -3.4e+38 -3.4e+38 -3.4e+38 -3.4e+38 -3.4e+38 -3.4e+38 -3.4e+38 -3.4e+38 -3.4e+38 -3.4e+38 -3.4e+38 -3.4e+38 -3.4e+38 -3.4e+38 -3.4e+38 -3.4e+38 -3.4e+38 -3.4e+38 -3.4e+38 -3.4e+38 -3.4e+38 -3.4e+38 -3.4e+38 -3.4e+38 -3.4e+38 -3.4e+38 -3.4e+38 -3.4e+38 -3.4e+38 3.34737586975098 3.36424946784973 3.38112282752991 3.38422155380249 3.38285398483276 3.38148641586304 3.38011884689331 3.378751039505 3.37738347053528 3.37601590156555 3.37464833259583
-3.4e+38 -3.4e+38 -3.4e+38 -3.4e+38 -3.4e+38 -3.4e+38 -3.4e+38 -3.4e+38 -3.4e+38 -3.4e+38 -3.4e+38 -3.4e+38 -3.4e+38 -3.4e+38 -3.4e+38 -3.4e+38 -3.4e+38 -3.4e+38 -3.4e+38 -3.4e+38 -3.4e+38 -3.4e+38 -3.4e+38 -3.4e+38 -3.4e+38 -3.4e+38 -3.4e+38 -3.4e+38 -3.4e+38 -3.4e+38 -3.4e+38 -3.4e+38 -3.4e+38 -3.4e+38 -3.4e+38 -3.4e+38 -3.4e+38 -3.4e+38 -3.4e+38 -3.4e+38 -3.4e+38 -3.4e+38 3.31881856918335 3.33528542518616 3.33870506286621 3.33789396286011 3.337082862854 3.3362717628479 3.3354606628418 3.33464956283569 3.33383870124817 3.33302760124207
-3.4e+38 -3.4e+38 -3.4e+38 -3.4e+38 -3.4e+38 -3.4e+38 -3.4e+38 -3.4e+38 -3.4e+38 -3.4e+38 -3.4e+38 -3.4e+38 -3.4e+38 -3.4e+38 -3.4e+38 -3.4e+38 -3.4e+38 -3.4e+38 -3.4e+38 -3.4e+38 -3.4e+38 -3.4e+38 -3.4e+38 -3.4e+38 -3.4e+38 -3.4e+38 -3.4e+38 -3.4e+38 -3.4e+38 -3.4e+38 -3.4e+38 -3.4e+38 -3.4e+38 -3.4e+38 -3.4e+38 -3.4e+38 -3.4e+38 -3.4e+38 -3.4e+38 -3.4e+38 -3.4e+38 -3.4e+38 3.27338790893555 3.28944802284241 3.29318833351135 3.29293370246887 3.29267930984497 3.29242491722107 3.29217028617859 3.29191589355469 3.29166126251221 3.29140686988831
-3.4e+38 -3.4e+38 -3.4e+38 -3.4e+38 -3.4e+38 -3.4e+38 -3.4e+38 -3.4e+38 -3.4e+38 -3.4e+38 -3.4e+38 -3.4e+38 -3.4e+38 -3.4e+38 -3.4e+38 -3.4e+38 -3.4e+38 -3.4e+38 -3.4e+38 -3.4e+38 -3.4e+38 -3.4e+38 -3.4e+38 -3.4e+38 -3.4e+38 -3.4e+38 -3.4e+38 -3.4e+38 -3.4e+38 -3.4e+38 -3.4e+38 -3.4e+38 -3.4e+38 -3.4e+38 -3.4e+38 -3.4e+38 -3.4e+38 -3.4e+38 -3.4e+38 -3.4e+38 -3.4e+38 -3.4e+38 3.22795724868774 3.24361062049866 3.24767160415649 3.24797368049622 3.24827575683594 3.24857783317566 3.24887990951538 3.2491819858551 3.24948406219482 3.24978613853455
-3.4e+38 -3.4e+38 -3.4e+38 -3.4e+38 -3.4e+38 -3.4e+38 -3.4e+38 -3.4e+38 -3.4e+38 -3.4e+38 -3.4e+38 -3.4e+38 -3.4e+38 -3.4e+38 -3.4e+38 -3.4e+38 -3.4e+38 -3.4e+38 -3.4e+38 -3.4e+38 -3.4e+38 -3.4e+38 -3.4e+38 -3.4e+38 -3.4e+38 -3.4e+38 -3.4e+38 -3.4e+38 -3.4e+38 -3.4e+38 -3.4e+38 -3.4e+38 -3.4e+38 -3.4e+38 -3.4e+38 -3.4e+38 -3.4e+38 -3.4e+38 -3.4e+38 -3.4e+38 -3.4e+38 -3.4e+38 3.18252635002136 3.19777321815491 3.20215487480164 3.20301365852356 3.2038722038269 3.20473074913025 3.20558953285217 3.20644807815552 3.20730686187744 3.20816540718079
-3.4e+38 -3.4e+38 -3.4e+38 -3.4e+38 -3.4e+38 -3.4e+38 -3.4e+38 -3.4e+38 -3.4e+38 -3.4e+38 -3.4e+38 -3.4e+38 -3.4e+38 -3.4e+38 -3.4e+38 -3.4e+38 -3.4e+38 -3.4e+38 -3.4e+38 -3.4e+38 -3.4e+38 -3.4e+38 -3.4e+38 -3.4e+38 -3.4e+38 -3.4e+38 -3.4e+38 -3.4e+38 -3.4e+38 -3.4e+38 -3.4e+38 -3.4e+38 -3.4e+38 -3.4e+38 -3.4e+38 -3.4e+38 -3.4e+38 -3.4e+38 -3.4e+38 -3.4e+38 -3.4e+38 3.12225556373596 3.13709568977356 3.15193581581116 3.15663838386536 3.15805339813232 3.15946865081787 3.16088390350342 3.16229915618896 3.16371417045593 3.16512942314148 3.16654467582703
2.97768712043762 2.90268087387085 -3.4e+38 -3.4e+38 -3.4e+38 -3.4e+38 -3.4e+38 -3.4e+38 -3.4e+38 -3.4e+38 -3.4e+38 -3.4e+38 -3.4e+38 -3.4e+38 -3.4e+38 -3.4e+38 -3.4e+38 -3.4e+38 -3.4e+38 -3.4e+38 -3.4e+38 -3.4e+38 -3.4e+38 -3.4e+38 -3.4e+38 -3.4e+38 -3.4e+38 -3.4e+38 -3.4e+38 -3.4e+38 -3.4e+38 -3.4e+38 -3.4e+38 -3.4e+38 -3.4e+38 -3.4e+38 -3.4e+38 -3.4e+38 -3.4e+38 -3.4e+38 -3.4e+38 3.07723140716553 3.09166502952576 3.10609841346741 3.1111216545105 3.11309337615967 3.11506509780884 3.11703681945801 3.11900877952576 3.12098050117493 3.1229522228241 3.12492394447327
2.97847008705139 2.90152430534363 2.82457852363586 2.7476327419281 2.73594880104065 2.73258423805237 2.72921967506409 2.72585511207581 -3.4e+38 -3.4e+38 -3.4e+38 -3.4e+38 -3.4e+38 -3.4e+38 -3.4e+38 -3.4e+38 -3.4e+38 -3.4e+38 -3.4e+38 -3.4e+38 -3.4e+38 -3.4e+38 -3.4e+38 -3.4e+38 -3.4e+38 -3.4e+38 -3.4e+38 -3.4e+38 -3.4e+38 -3.4e+38 -3.4e+38 -3.4e+38 -3.4e+38 -3.4e+38 -3.4e+38 -3.4e+38 -3.4e+38 -3.4e+38 -3.4e+38 3.00415349006653 3.01818037033081 3.03220725059509 3.04623413085938 3.06026101112366 3.06560492515564 3.06813335418701 3.0706615447998 3.07318997383118 3.07571816444397 3.07824659347534 3.08077502250671 3.08330321311951
2.97925305366516 2.90036773681641 2.82148241996765 2.7425971031189 2.72949886322021 2.72478675842285 2.72007465362549 -3.4e+38 -3.4e+38 -3.4e+38 -3.4e+38 -3.4e+38 -3.4e+38 -3.4e+38 -3.4e+38 2.70295476913452 -3.4e+38 -3.4e+38 -3.4e+38 -3.4e+38 -3.4e+38 -3.4e+38 -3.4e+38 -3.4e+38 -3.4e+38 -3.4e+38 -3.4e+38 -3.4e+38 -3.4e+38 -3.4e+38 -3.4e+38 -3.4e+38 -3.4e+38 -3.4e+38 -3.4e+38 -3.4e+38 2.91908192634583 2.93270230293274 2.94632244110107 2.95994281768799 2.97356295585632 2.98718333244324 3.00080347061157 3.01442360877991 3.02008819580078 3.02317309379578 3.02625799179077 3.02934288978577 3.03242778778076 3.03551268577576 3.03859758377075 3.04168248176575
2.97982788085938 2.89899706840515 2.81816625595093 2.73733568191528 2.72282862663269 2.71677589416504 2.71072340011597 -3.4e+38 -3.4e+38 -3.4e+38 -3.4e+38 -3.4e+38 -3.4e+38 -3.4e+38 2.67425131797791 2.68218994140625 2.69012856483459 2.69806718826294 2.70600581169128 2.71394419670105 -3.4e+38 -3.4e+38 -3.4e+38 -3.4e+38 -3.4e+38 -3.4e+38 -3.4e+38 -3.4e+38 -3.4e+38 -3.4e+38 -3.4e+38 -3.4e+38 -3.4e+38 -3.4e+38 2.84952330589294 2.86271786689758 2.87591218948364 2.88910675048828 2.90230131149292 2.91549563407898 2.92869019508362 2.94188451766968 2.95507907867432 2.96827340126038 2.97427535057068 2.97794485092163 2.98161458969116 2.98528409004211 2.98895382881165 2.99262356758118 2.99629306793213 2.99996280670166
2.97818994522095 2.89535236358643 2.8125147819519 2.7296769618988 2.71381950378418 2.70650005340576 2.69918060302734 -3.4e+38 -3.4e+38 -3.4e+38 -3.4e+38 -3.4e+38 -3.4e+38 -3.4e+38 -3.4e+38 2.65959858894348 2.66646099090576 2.67332339286804 2.68018579483032 2.6870481967926 -3.4e+38 -3.4e+38 -3.4e+38 -3.4e+38 -3.4e+38 -3.4e+38 2.73824405670166 -3.4e+38 -3.4e+38 -3.4e+38 -3.4e+38 -3.4e+38 2.786137342453 2.79411959648132 2.80571389198303 2.81827926635742 2.83084440231323 2.84340977668762 2.85597515106201 2.8685405254364 2.88110589981079 2.89367127418518 2.90623641014099 2.91880178451538 2.92531704902649 2.92987036705017 2.93442392349243 2.93897724151611 2.94353079795837 2.94808411598206 2.95263767242432 2.957190990448
2.9765522480011 2.8917076587677 2.8068630695343 2.7220184803009 2.70481038093567 2.69622421264648 -3.4e+38 -3.4e+38 -3.4e+38 -3.4e+38 -3.4e+38 -3.4e+38 -3.4e+38 -3.4e+38 2.6312210559845 2.63700723648071 2.64279341697693 2.64857959747314 2.65436577796936 2.66015195846558 -3.4e+38 -3.4e+38 -3.4e+38 -3.4e+38 -3.4e+38 2.69670462608337 2.70349860191345 -3.4e+38 2.71708703041077 2.72388100624084 2.7306752204895 2.73746943473816 2.74426364898682 2.75105762481689 2.76190423965454 2.77384042739868 2.78577661514282 2.79771304130554 2.80964922904968 2.82158541679382 2.83352160453796 2.8454577922821 2.85739398002625 2.86933016777039 2.8763587474823 2.88179588317871 2.8872332572937 2.89267039299011 2.89810752868652 2.90354490280151 2.90898203849792 2.91441917419434
2.97491455078125 2.88806295394897 2.80121159553528 2.714359998703 2.69580125808716 2.68594813346863 -3.4e+38 -3.4e+38 -3.4e+38 -3.4e+38 2.63668203353882 2.62682890892029 2.61697554588318 2.60712242126465 2.60970592498779 2.61441588401794 2.6191258430481 2.62383580207825 2.6285457611084 2.63325572013855 2.6379656791687 -3.4e+38 -3.4e+38 -3.4e+38 2.65754127502441 2.66314721107483 2.66875338554382 2.67435932159424 2.67996549606323 2.68557143211365 2.69117760658264 2.69678354263306 2.70238971710205 2.70799565315247 2.71809482574463 2.72940182685852 2.74070882797241 2.75201606750488 2.76332306861877 2.77463030815125 2.78593730926514 2.79724431037903 2.8085515499115 2.81985855102539 2.82740044593811 2.83372139930725 2.84004259109497 2.84636354446411 2.85268449783325 2.85900545120239 2.86532664299011 2.87164759635925
2.97327661514282 2.88441824913025 2.79555988311768 2.7067015171051 2.68679237365723 2.67567229270935 2.6645519733429 2.65343189239502 2.64231181144714 2.63119173049927 2.62007164955139 2.60895156860352 2.59783148765564 2.58671140670776 2.58819079399109 2.59182453155518 2.59545826911926 2.59909200668335 2.60272574424744 2.60635948181152 2.60999321937561 -3.4e+38 -3.4e+38 2.62089443206787 2.62517213821411 2.62959003448486 2.63400793075562 2.63842606544495 2.6428439617157 2.64726185798645 2.6516797542572 2.65609788894653 2.66051578521729 2.66493368148804 2.67428517341614 2.68496322631836 2.695641040802 2.70631909370422 2.71699714660645 2.72767496109009 2.73835301399231 2.74903106689453 2.75970888137817 2.7703869342804 2.77844214439392 2.78564691543579 2.79285168647766 2.80005669593811 2.80726146697998 2.81446623802185 2.82167100906372 2.82887578010559
2.97163891792297 2.88077354431152 2.78990840911865 2.6990430355072 2.67778325080872 2.66539621353149 2.65300917625427 2.64062213897705 2.62823534011841 2.61584830284119 2.60346126556396 2.59107422828674 2.57868719100952 2.56630039215088 2.56667566299438 2.56923317909241 2.57179069519043 2.57434821128845 2.57690572738647 2.5794632434845 2.58202075958252 -3.4e+38 -3.4e+38 2.58969330787659 2.59280300140381 2.5960328578949 2.59926271438599 2.60249257087708 2.60572242736816 2.60895228385925 2.61218214035034 2.61541199684143 2.61864185333252 2.62187170982361 2.63047552108765 2.64052438735962 2.65057325363159 2.66062211990356 2.67067098617554 2.68071985244751 2.69076871871948 2.70081758499146 2.71086645126343 2.7209153175354 2.72948384284973 2.73757243156433 2.74566102027893 2.75374960899353 2.76183819770813 2.76992678642273 2.77801537513733 2.78610420227051
2.97000098228455 2.8771288394928 2.78425669670105 2.6913845539093 2.66877412796021 2.65512037277222 2.64146637916565 2.62781262397766 2.61415863037109 2.60050487518311 2.58685088157654 2.57319688796997 2.55954313278198 2.54588913917542 2.54516077041626 2.54664206504822 2.54812335968018 2.54960465431213 2.55108594894409 2.55256724357605 2.55404853820801 2.55552983283997 2.55701112747192 2.55849242210388 2.56043386459351 2.56247568130493 2.56451725959778 2.5665590763092 2.56860089302063 2.57064270973206 2.57268452644348 2.57472634315491 2.57676792144775 2.57880973815918 2.58666610717773 2.59608578681946 2.60550546646118 2.61492514610291 2.62434506416321 2.63376474380493 2.64318442344666 2.65260410308838 2.66202402114868 2.67144370079041 2.68052554130554 2.68949794769287 2.6984703540802 2.70744276046753 2.71641516685486 2.72538757324219 2.73435997962952 2.74333238601685
2.9683632850647 2.87348413467407 2.77860498428345 2.6837260723114 2.65976500511169 2.64484429359436 2.62992358207703 2.61500287055969 2.60008192062378 2.58516120910645 2.57024049758911 2.55531978607178 2.54039907455444 2.52547812461853 2.52364563941956 2.52405071258545 2.52445578575134 2.52486085891724 2.52526593208313 2.52567100524902 2.52607607841492 2.52648115158081 2.5268862247467 2.5272912979126 2.5280647277832 2.52891826629639 2.52977204322815 2.53062582015991 2.5314793586731 2.53233313560486 2.53318667411804 2.5340404510498 2.53489398956299 2.53574776649475 2.54285645484924 2.5516471862793 2.56043767929077 2.56922841072083 2.5780189037323 2.58680963516235 2.59560012817383 2.60439085960388 2.61318135261536 2.62197208404541 2.63156723976135 2.64142346382141 2.65127968788147 2.66113591194153 2.67099213600159 2.68084836006165 2.69070434570312 2.70056056976318
2.96672558784485 2.86983942985535 2.77295351028442 2.6760675907135 2.65075612068176 2.63456845283508 2.6183807849884 2.60219311714172 2.58600544929504 2.56981778144836 2.55363011360168 2.537442445755 2.52125477790833 2.50506711006165 2.50213050842285 2.50145936012268 2.50078821182251 2.50011706352234 2.49944591522217 2.498774766922 2.49810361862183 2.49743247032166 2.49676132202148 2.49609017372131 2.4956955909729 2.49536108970642 2.49502682685852 2.49469232559204 2.49435782432556 2.49402356147766 2.49368906021118 2.4933545589447 2.4930202960968 2.49268579483032 2.49904704093933 2.50720834732056 2.51536989212036 2.52353143692017 2.53169298171997 2.53985452651978 2.548015832901 2.55617737770081 2.56433892250061 2.57250046730042 2.58260893821716 2.59334897994995 2.60408902168274 2.61482906341553 2.62556886672974 2.63630890846252 2.64704895019531 2.6577889919281
2.96508765220642 2.86619472503662 2.76730179786682 2.66840887069702 2.64174699783325 2.62429237365723 2.60683798789978 2.58938336372375 2.57192873954773 2.55447435379028 2.53701972961426 2.51956510543823 2.50211071968079 2.48465609550476 2.48061537742615 2.47886800765991 2.47712063789368 2.47537326812744 2.47362589836121 2.47187852859497 2.47013115882874 2.4683837890625 2.46663641929626 2.46488904953003 2.4633264541626 2.46180391311646 2.46028137207031 2.45875883102417 2.45723628997803 2.45571374893188 2.45419144630432 2.45266890525818 2.45114636421204 2.44962382316589 2.45523738861084 2.4627697467804 2.47030210494995 2.47783446311951 2.48536682128906 2.49289917945862 2.50043153762817 2.50796389579773 2.51549625396729 2.52302885055542 2.53365063667297 2.54527449607849 2.55689835548401 2.56852197647095 2.58014583587646 2.59176969528198 2.60339331626892 2.61501717567444
2.96329879760742 2.86246871948242 2.76163864135742 2.66080856323242 2.63282155990601 2.61412048339844 2.59541916847229 2.57671785354614 2.55801677703857 2.53931546211243 2.52061414718628 2.50191307067871 2.48321175575256 2.46451044082642 2.45937991142273 2.45656967163086 2.45375919342041 2.45094895362854 2.44813847541809 2.44532823562622 2.44251775741577 2.4397075176239 2.43689703941345 2.43408679962158 2.43136882781982 2.42867112159729 2.42597341537476 2.42327570915222 2.42057800292969 2.41788029670715 2.4151828289032 2.41248512268066 2.40978741645813 2.4070897102356 2.41196203231812 2.418869972229 2.42577767372131 2.4326856136322 2.43959355354309 2.4465012550354 2.45340919494629 2.4603168964386 2.46722483634949 2.47413277626038 2.48525452613831 2.49774289131165 2.51023125648499 2.52271962165833 2.53520774841309 2.54769611358643 2.56018447875977 2.57267260551453
2.9588143825531 2.85729002952576 2.75576567649841 2.65424132347107 2.62538909912109 2.60580086708069 2.58621263504028 2.5666241645813 2.54703593254089 2.52744770050049 2.5078592300415 2.4882709980011 2.46868276596069 2.44909453392029 2.44312787055969 2.43949007987976 2.43585228919983 2.4322144985199 2.42857694625854 2.42493915557861 2.42130136489868 2.41766381263733 2.4140260219574 2.41038823127747 2.40674638748169 2.40310335159302 2.39946055412292 2.39581751823425 2.39217472076416 2.38853192329407 2.3848888874054 2.3812460899353 2.37760305404663 2.37396025657654 2.37820482254028 2.38457036018372 2.39093589782715 2.39730143547058 2.40366673469543 2.41003227233887 2.4163978099823 2.42276334762573 2.42912864685059 2.43549418449402 2.44687676429749 2.45988607406616 2.47289514541626 2.48590445518494 2.49891376495361 2.51192307472229 2.52493214607239 2.53794145584106
2.95432996749878 2.85211133956909 2.7498927116394 2.64767408370972 2.61795663833618 2.59748125076294 2.5770058631897 2.55653047561646 2.53605508804321 2.51557993888855 2.49510455131531 2.47462916374207 2.45415377616882 2.43367838859558 2.42687559127808 2.42241048812866 2.41794538497925 2.41348028182983 2.40901517868042 2.40455007553101 2.40008497238159 2.39561986923218 2.39115500450134 2.38668990135193 2.38212370872498 2.37753558158875 2.37294745445251 2.36835956573486 2.36377143859863 2.3591833114624 2.35459518432617 2.35000705718994 2.34541893005371 2.34083104133606 2.34444785118103 2.35027098655701 2.35609412193298 2.36191701889038 2.36774015426636 2.37356328964233 2.37938642501831 2.38520956039429 2.39103269577026 2.39685559272766 2.40849876403809 2.4220290184021 2.43555927276611 2.44908952713013 2.46261978149414 2.47614979743958 2.48968005180359 2.5032103061676
2.94984579086304 2.84693264961243 2.7440197467804 2.64110660552979 2.61052417755127 2.58916163444519 2.56779932975769 2.54643678665161 2.52507448196411 2.50371193885803 2.48234963417053 2.46098709106445 2.43962478637695 2.41826224327087 2.41062355041504 2.40533113479614 2.40003848075867 2.39474606513977 2.38945364952087 2.38416123390198 2.37886881828308 2.37357616424561 2.36828374862671 2.36299133300781 2.35750102996826 2.35196781158447 2.34643459320068 2.34090137481689 2.33536791801453 2.32983469963074 2.32430148124695 2.31876826286316 2.31323480606079 2.307701587677 2.31069087982178 2.31597137451172 2.32125210762024 2.32653284072876 2.33181357383728 2.3370943069458 2.34237504005432 2.34765577316284 2.35293650627136 2.35821723937988 2.37012076377869 2.38417196273804 2.39822316169739 2.41227436065674 2.42632555961609 2.44037675857544 2.45442795753479 2.46847915649414
