R_scripts/int_process_data/Bio_08_2001.2020.asc
NCOLS 281 
NROWS 577 
XLLCORNER 81175.2677831308 
YLLCORNER -911.770678700996 
CELLSIZE 1000 
NODATA_value -3.4e+38 
[rows 161 to 183 of 577, columns 156 to 207 of 281]
283.546234130859 283.4228515625 283.220367431641 283.055847167969 282.864379882812 282.858306884766 283.235778808594 283.527099609375 283.557159423828 283.506225585938 283.382354736328 283.159393310547 282.887756347656 282.650939941406 282.654724121094 282.568206787109 282.455413818359 282.301239013672 282.195007324219 282.758697509766 283.713012695312 283.584686279297 283.198883056641 283.032592773438 283.264678955078 283.300567626953 283.093536376953 283.485748291016 283.591949462891 283.734252929688 283.659606933594 283.461761474609 283.423950195312 283.175323486328 282.857635498047 282.955871582031 282.887969970703 282.782653808594 282.632629394531 282.51806640625 282.787689208984 282.940643310547 282.964141845703 282.860870361328 282.525390625 282.263122558594 282.259918212891 282.336883544922 282.449584960938 282.719940185547 282.728546142578 282.789123535156
283.339630126953 283.169097900391 283.095123291016 282.882537841797 282.791259765625 282.931671142578 283.360961914062 283.633422851562 283.517242431641 283.342254638672 283.142303466797 282.812805175781 282.775421142578 282.712951660156 282.721710205078 282.707885742188 282.617034912109 282.405334472656 282.326110839844 283.046417236328 283.819549560547 283.46484375 283.360961914062 283.445037841797 283.678802490234 283.506896972656 283.520050048828 283.691558837891 283.702026367188 283.800109863281 283.6611328125 283.500610351562 283.410125732422 282.975463867188 282.645965576172 282.946350097656 282.786224365234 282.748382568359 282.645446777344 282.565032958984 282.737854003906 282.849822998047 282.858062744141 282.884643554688 282.564086914062 282.227416992188 282.251007080078 282.372222900391 282.577941894531 282.662292480469 282.56689453125 282.660278320312
283.278778076172 283.289245605469 283.22509765625 283.235229492188 283.380462646484 283.436492919922 283.583831787109 283.527984619141 283.359741210938 283.343505859375 283.164611816406 282.90771484375 282.807189941406 282.763244628906 282.922912597656 282.807434082031 282.644592285156 282.506713867188 282.637542724609 283.366821289062 283.935852050781 283.674163818359 283.214141845703 283.480316162109 283.75537109375 283.673950195312 283.839416503906 283.860412597656 283.837493896484 283.781768798828 283.694946289062 283.567932128906 283.270202636719 282.870361328125 282.801147460938 283.014709472656 282.642456054688 282.683807373047 282.581298828125 282.524047851562 282.766967773438 282.755645751953 282.66552734375 282.720886230469 282.512939453125 282.178131103516 282.24609375 282.328277587891 282.498046875 282.485382080078 282.5087890625 282.617156982422
283.664825439453 283.679748535156 283.665679931641 283.670532226562 283.723114013672 283.568023681641 283.2578125 283.101959228516 282.958953857422 282.989593505859 282.945709228516 282.943206787109 282.775329589844 282.833679199219 282.882629394531 282.707916259766 282.695404052734 282.871856689453 283.011901855469 283.680267333984 284.085479736328 283.735870361328 283.142456054688 283.647827148438 283.779693603516 283.825469970703 283.934722900391 283.846038818359 283.861663818359 283.806854248047 283.699615478516 283.521362304688 283.014068603516 282.934326171875 283.224700927734 283.102600097656 282.605834960938 282.570922851562 282.412078857422 282.594085693359 282.79052734375 282.5087890625 282.441619873047 282.493499755859 282.446258544922 282.195190429688 282.190734863281 282.188842773438 282.320709228516 282.345062255859 282.464019775391 282.573944091797
283.729614257812 283.580078125 283.5908203125 283.618560791016 283.311462402344 283.023284912109 282.769683837891 282.763519287109 282.760070800781 282.744415283203 282.853363037109 282.884704589844 282.882873535156 282.931793212891 282.773895263672 282.695922851562 283.193786621094 283.393951416016 283.348205566406 284.018646240234 284.010955810547 283.497802734375 283.348480224609 283.920501708984 283.839477539062 283.952728271484 283.976837158203 283.898315429688 283.962921142578 283.935028076172 283.858093261719 283.640258789062 283.162536621094 283.166961669922 283.436889648438 282.990112304688 282.535064697266 282.378875732422 282.331268310547 282.685974121094 282.496551513672 282.109558105469 282.172454833984 282.215026855469 282.177673339844 282.105377197266 282.0615234375 282.087982177734 282.164733886719 282.208709716797 282.361877441406 282.494873046875
283.108459472656 283.005004882812 283.05810546875 283.237060546875 283.035064697266 282.882965087891 282.96337890625 283.02197265625 283.112915039062 283.112213134766 283.049835205078 282.867462158203 282.775146484375 282.740661621094 282.654846191406 283.035339355469 283.624481201172 283.502349853516 283.662750244141 284.177459716797 283.81201171875 283.434631347656 283.829681396484 284.084533691406 283.895568847656 283.965667724609 284.008087158203 284.027099609375 283.977966308594 283.894683837891 283.926483154297 283.748504638672 283.445159912109 283.400695800781 283.451293945312 282.792999267578 282.416137695312 282.216278076172 282.258453369141 282.630432128906 282.191131591797 281.850463867188 281.989898681641 282.023406982422 282.036590576172 282.107238769531 282.135192871094 282.197052001953 282.248046875 282.217041015625 282.267700195312 282.425628662109
283.025177001953 283.080291748047 283.163940429688 283.333526611328 283.332641601562 283.309265136719 283.209655761719 283.143859863281 283.158172607422 283.083953857422 282.954467773438 282.798583984375 282.623931884766 282.522430419922 282.777099609375 283.582061767578 283.825531005859 283.627258300781 283.941925048828 284.243347167969 283.881439208984 283.761413574219 284.145050048828 284.052673339844 283.818664550781 283.852294921875 283.926330566406 283.981506347656 283.873718261719 283.730499267578 283.865539550781 283.840728759766 283.591735839844 283.563385009766 283.478759765625 282.655700683594 282.155670166016 282.043762207031 282.351593017578 282.37109375 281.772399902344 281.633178710938 281.880981445312 281.926361083984 282.001007080078 282.095062255859 282.147094726562 282.198455810547 282.272064208984 282.363037109375 282.381439208984 282.418701171875
283.487731933594 283.518981933594 283.451690673828 283.286437988281 283.303131103516 283.064117431641 282.762603759766 282.678497314453 282.78369140625 282.814544677734 282.822631835938 282.903717041016 282.656921386719 282.79443359375 283.410095214844 283.946014404297 283.896484375 283.905242919922 284.172882080078 284.216430664062 284.032470703125 284.080413818359 284.198089599609 283.941192626953 283.671020507812 283.687683105469 283.816375732422 283.789611816406 283.705627441406 283.680694580078 283.838439941406 283.893707275391 283.6962890625 283.668060302734 283.5810546875 282.969482421875 282.213836669922 281.906707763672 282.337585449219 281.872650146484 281.374847412109 281.637451171875 281.811676025391 281.738311767578 281.93359375 282.104125976562 282.174285888672 282.231109619141 282.314605712891 282.419860839844 282.376098632812 282.297088623047
283.501129150391 283.421234130859 283.224243164062 283.006591796875 282.934997558594 282.805938720703 282.726165771484 282.751373291016 283.020965576172 283.162902832031 283.21240234375 283.162261962891 282.958312988281 283.446685791016 283.950073242188 284.139923095703 284.114532470703 284.214385986328 284.270599365234 283.992584228516 283.817321777344 284.122161865234 284.1552734375 283.896728515625 283.674438476562 283.540740966797 283.452331542969 283.3935546875 283.611450195312 283.799591064453 283.808624267578 283.849426269531 283.850311279297 283.817779541016 283.652679443359 283.217315673828 282.479827880859 282.07421875 282.018127441406 281.429931640625 281.303802490234 281.716827392578 281.651550292969 281.549896240234 281.869018554688 282.115997314453 282.243957519531 282.323547363281 282.357452392578 282.296264648438 282.226470947266 282.234924316406
283.43896484375 283.329681396484 283.128051757812 283.079132080078 282.985534667969 282.970733642578 282.928558349609 282.993743896484 283.417907714844 283.639282226562 283.578277587891 283.446624755859 283.576782226562 284.027648925781 284.305603027344 284.278411865234 284.113494873047 284.232147216797 284.2783203125 283.917602539062 283.738250732422 284.116577148438 283.997711181641 283.856170654297 283.622528076172 283.115539550781 282.799560546875 283.135131835938 283.634399414062 283.852752685547 283.587524414062 283.315551757812 283.614868164062 283.890075683594 283.560150146484 282.805572509766 282.323455810547 282.120391845703 281.720733642578 281.232360839844 281.418670654297 281.738891601562 281.607513427734 281.513793945312 281.817413330078 282.096893310547 282.240112304688 282.248260498047 282.228759765625 282.184326171875 282.164093017578 282.182556152344
283.201080322266 283.063232421875 282.754943847656 282.793792724609 282.890716552734 283.030181884766 283.091461181641 283.107147216797 283.565002441406 283.904052734375 283.922790527344 283.93115234375 284.219757080078 284.424468994141 284.391540527344 284.157043457031 284.025756835938 284.229736328125 284.219024658203 283.949493408203 283.797943115234 284.016448974609 283.729858398438 283.563934326172 283.268737792969 282.588226318359 282.422180175781 283.170349121094 283.713684082031 283.797912597656 283.191162109375 282.69970703125 283.414276123047 283.880065917969 283.514862060547 282.441864013672 282.008483886719 281.989379882812 281.439422607422 281.129425048828 281.514739990234 281.789215087891 281.69287109375 281.624389648438 281.906341552734 282.111480712891 282.085632324219 282.002471923828 282.016448974609 282.110290527344 282.150177001953 282.180633544922
282.899078369141 282.851684570312 282.583129882812 282.470611572266 282.890045166016 283.315338134766 283.344512939453 283.422058105469 283.82177734375 284.097442626953 284.237121582031 284.406127929688 284.383758544922 284.386444091797 284.278625488281 284.196594238281 284.190979003906 284.229797363281 283.994750976562 283.766632080078 283.717864990234 283.740570068359 283.517150878906 283.073760986328 282.635070800781 282.013092041016 282.324829101562 283.186889648438 283.631530761719 283.545471191406 282.669158935547 282.516357421875 283.521026611328 283.882873535156 283.514862060547 282.444763183594 281.898193359375 281.852142333984 281.344604492188 281.335662841797 281.625427246094 281.860382080078 281.832122802734 281.7236328125 281.849090576172 281.891235351562 281.82373046875 281.751861572266 281.868804931641 282.029632568359 282.062805175781 282.153717041016
283.119323730469 283.200408935547 282.904235839844 282.892517089844 283.4345703125 283.783111572266 283.720703125 283.802307128906 284.045715332031 284.244934082031 284.439880371094 284.530548095703 284.485137939453 284.505706787109 284.373016357422 284.321685791016 284.292114257812 284.188812255859 283.936126708984 283.762237548828 283.722991943359 283.537475585938 283.210876464844 282.593872070312 281.914001464844 281.590911865234 282.365020751953 282.918548583984 283.228607177734 283.224426269531 282.583068847656 282.885864257812 283.726959228516 283.801055908203 283.178375244141 282.168151855469 281.720794677734 281.808654785156 281.429168701172 281.477203369141 281.691284179688 281.811645507812 281.910675048828 281.844482421875 281.756317138672 281.755615234375 281.805206298828 281.690460205078 281.822875976562 281.973693847656 281.987640380859 282.104736328125
283.63134765625 283.60009765625 283.687683105469 283.846008300781 284.063537597656 284.184997558594 284.135406494141 284.173553466797 284.336975097656 284.482299804688 284.542205810547 284.461700439453 284.527435302734 284.466918945312 284.353851318359 284.288482666016 284.168884277344 283.921142578125 283.834259033203 283.902282714844 283.66259765625 283.249481201172 282.961059570312 282.208129882812 281.370147705078 281.420928955078 282.012054443359 282.373870849609 282.494720458984 282.426513671875 282.157104492188 282.975158691406 283.794708251953 283.554382324219 282.479431152344 281.649627685547 281.376251220703 281.697845458984 281.581359863281 281.384399414062 281.596038818359 281.757995605469 281.953704833984 281.988067626953 281.898223876953 281.885101318359 281.951477050781 281.856536865234 281.959289550781 282.082000732422 282.085205078125 282.028076171875
283.949890136719 283.965301513672 284.257080078125 284.424713134766 284.464630126953 284.490814208984 284.484436035156 284.568878173828 284.630950927734 284.6123046875 284.558715820312 284.477905273438 284.433380126953 284.313110351562 284.288208007812 284.218139648438 283.9658203125 283.676025390625 283.691162109375 283.801391601562 283.388244628906 282.870727539062 282.616119384766 281.933044433594 281.389984130859 281.465972900391 281.694671630859 281.877258300781 281.754364013672 281.53759765625 282.047027587891 283.187530517578 283.750854492188 283.218902587891 281.944152832031 281.227752685547 281.214813232422 281.637084960938 281.815063476562 281.541564941406 281.626373291016 281.717315673828 281.909851074219 282.080444335938 282.0654296875 281.985748291016 282.063690185547 282.036468505859 282.129730224609 282.195190429688 282.191131591797 282.070556640625
284.201477050781 284.361450195312 284.578155517578 284.604766845703 284.550201416016 284.483795166016 284.557983398438 284.734893798828 284.621734619141 284.492126464844 284.490142822266 284.431915283203 284.394348144531 284.405944824219 284.319702148438 284.125946044922 283.897247314453 283.705871582031 283.696533203125 283.580596923828 283.093688964844 282.402374267578 281.977264404297 281.519866943359 281.294372558594 281.373504638672 281.601654052734 281.529052734375 281.070281982422 281.464111328125 282.868957519531 283.570404052734 283.457641601562 282.640716552734 281.601654052734 281.204376220703 281.4248046875 281.729278564453 281.915710449219 281.772308349609 281.715515136719 281.648406982422 281.833679199219 282.078826904297 282.161193847656 282.089416503906 282.075744628906 282.176055908203 282.241668701172 282.319458007812 282.255126953125 282.192626953125
284.540618896484 284.6357421875 284.611755371094 284.445343017578 284.311737060547 284.346313476562 284.477294921875 284.625549316406 284.647125244141 284.562255859375 284.418823242188 284.359100341797 284.223052978516 284.297454833984 284.332458496094 284.180297851562 283.941741943359 283.660583496094 283.535491943359 283.229766845703 282.823394775391 282.045074462891 281.285614013672 280.755554199219 280.509002685547 280.766510009766 281.040069580078 280.938873291016 280.816101074219 281.659912109375 283.275939941406 283.167144775391 282.534240722656 281.915069580078 281.406188964844 281.412170410156 281.598663330078 281.786651611328 281.951904296875 281.920196533203 281.849792480469 281.75 281.878692626953 282.053497314453 282.127044677734 282.188903808594 282.182861328125 282.267913818359 282.248016357422 282.318084716797 282.346313476562 282.357086181641
284.844970703125 284.529449462891 284.373565673828 284.381958007812 284.261657714844 284.326629638672 284.500305175781 284.433074951172 284.392639160156 284.41748046875 284.356872558594 284.267730712891 284.147491455078 284.208374023438 284.220153808594 284.005828857422 283.775268554688 283.451324462891 283.2646484375 282.900421142578 282.285034179688 281.233489990234 280.408233642578 279.895935058594 279.90380859375 280.359802246094 280.582489013672 280.536376953125 280.969177246094 282.318511962891 283.284210205078 282.568084716797 281.918823242188 281.668579101562 281.370697021484 281.208740234375 281.272430419922 281.676239013672 281.946838378906 282.045867919922 281.994415283203 281.878784179688 281.861145019531 281.992004394531 282.099273681641 282.218048095703 282.277069091797 282.359985351562 282.340515136719 282.354858398438 282.445098876953 282.518249511719
284.560913085938 284.440277099609 284.320739746094 284.307922363281 284.268707275391 284.342803955078 284.320495605469 284.188934326172 284.115539550781 284.185913085938 284.273406982422 284.229278564453 284.089904785156 284.079345703125 284.036315917969 283.677062988281 283.404510498047 283.154052734375 282.894012451172 282.592742919922 281.592437744141 280.487243652344 279.894927978516 279.741455078125 280.007690429688 280.405517578125 280.560424804688 280.562347412109 281.054138183594 282.658599853516 283.037322998047 282.425476074219 281.926696777344 281.619750976562 281.245697021484 281.069152832031 281.273498535156 281.705535888672 281.916351318359 282.080902099609 282.097229003906 281.938507080078 281.868774414062 281.949890136719 282.047210693359 282.149627685547 282.201629638672 282.319976806641 282.315093994141 282.28271484375 282.318298339844 282.395141601562
284.288940429688 284.312133789062 284.310913085938 284.234497070312 284.256072998047 284.273254394531 284.129089355469 284.046875 283.918823242188 283.981353759766 284.138916015625 284.055572509766 283.854614257812 283.797424316406 283.745788574219 283.336456298828 282.939239501953 282.378265380859 282.166259765625 281.994293212891 280.891693115234 280.087188720703 279.784057617188 279.933776855469 280.437103271484 280.862579345703 281.008422851562 280.922271728516 281.132110595703 282.291900634766 282.508392333984 282.375091552734 281.927307128906 281.485717773438 281.070190429688 281.250549316406 281.683532714844 281.908050537109 281.998748779297 282.112731933594 282.178619384766 282.071502685547 281.970489501953 281.994873046875 282.032653808594 282.058258056641 282.145538330078 282.183898925781 282.163238525391 282.218719482422 282.238494873047 282.319946289062
284.110992431641 284.079650878906 284.151519775391 284.207489013672 284.201965332031 284.146209716797 283.981781005859 283.889373779297 283.802307128906 283.797973632812 283.743377685547 283.465881347656 283.155426025391 283.196960449219 282.982513427734 282.610229492188 282.3310546875 281.292572021484 281.062438964844 281.145690917969 280.390075683594 279.942565917969 279.911071777344 280.259460449219 280.7529296875 281.220428466797 281.6552734375 281.817474365234 281.967041015625 282.116729736328 282.312835693359 282.369537353516 281.727722167969 281.172424316406 281.050872802734 281.539337158203 281.959075927734 281.996917724609 282.047760009766 282.112426757812 282.176940917969 282.227966308594 282.171234130859 282.123992919922 282.083770751953 282.123168945312 282.286682128906 282.193023681641 282.279693603516 282.401672363281 282.406616210938 282.512420654297
283.95166015625 283.949554443359 284.139129638672 284.272613525391 284.178344726562 284.052124023438 283.887756347656 283.757019042969 283.722534179688 283.483581542969 283.105316162109 282.575592041016 282.127746582031 282.375305175781 282.09375 281.936126708984 281.660278320312 280.583343505859 280.299835205078 280.556579589844 280.398254394531 280.166412353516 280.494659423828 280.966705322266 281.223968505859 281.586151123047 282.109832763672 281.925537109375 281.878204345703 281.933471679688 282.444885253906 282.266479492188 281.5634765625 281.291687011719 281.437591552734 281.757995605469 281.936889648438 281.756866455078 281.940246582031 281.988464355469 282.097534179688 282.254577636719 282.294128417969 282.317230224609 282.257568359375 282.246795654297 282.405151367188 282.402954101562 282.465759277344 282.542846679688 282.558929443359 282.618743896484
283.888763427734 283.833557128906 284.074859619141 284.230804443359 284.099151611328 283.956970214844 283.806854248047 283.614074707031 283.399169921875 282.824920654297 282.228240966797 281.961151123047 281.426147460938 281.466003417969 281.286743164062 281.367401123047 280.8798828125 280.201019287109 280.416778564453 280.747467041016 280.706512451172 280.491760253906 280.936401367188 281.497924804688 281.682189941406 282.008422851562 282.063568115234 281.417846679688 281.480377197266 281.995056152344 282.477081298828 281.893859863281 281.286102294922 281.228424072266 281.404754638672 281.670715332031 281.666564941406 281.643615722656 282.124908447266 281.912017822266 282.002349853516 282.175537109375 282.288208007812 282.332916259766 282.357391357422 282.391021728516 282.452056884766 282.480529785156 282.462127685547 282.467559814453 282.460021972656 282.479919433594
