R_scripts/int_process_data/Bio_06.asc
NCOLS 281 
NROWS 576 
XLLCORNER 81175.2677831308 
YLLCORNER 88.2293212990044 
CELLSIZE 1000 
NODATA_value -3.4e+38 
[rows 391 to 413 of 576, columns 52 to 103 of 281]
7.6434121131897 7.50787162780762 7.37233114242554 7.23679065704346 7.10125017166138 6.9657096862793 6.83016920089722 6.71666812896729 6.68296337127686 6.64925813674927 6.61555290222168 6.58184766769409 6.5481424331665 6.51443719863892 6.48073196411133 6.44702672958374 6.41332149505615 6.37862777709961 6.33953428268433 6.30044078826904 6.26134777069092 6.22225427627563 6.18316078186035 6.14406728744507 6.10497379302979 6.06588077545166 6.02678728103638 5.99122142791748 5.97556209564209 5.9599027633667 5.94424343109131 5.92858409881592 5.91292524337769 5.89726591110229 5.8816065788269 5.86594724655151 5.85028791427612 5.83611059188843 5.83305215835571 5.82999420166016 5.8269362449646 5.82387781143188 5.82081985473633 5.81776189804077 5.81470346450806 5.8116455078125 5.80858707427979 5.80069351196289 5.74049520492554 5.68029689788818 5.62009859085083 5.55990076065063
7.6684250831604 7.54054975509644 7.41267395019531 7.28479862213135 7.15692281723022 7.02904748916626 6.90117168426514 6.79390144348145 6.76123476028442 6.7285680770874 6.69590091705322 6.6632342338562 6.63056707382202 6.597900390625 6.56523370742798 6.5325665473938 6.49989986419678 6.46512985229492 6.42099952697754 6.37686920166016 6.33273887634277 6.28860855102539 6.24447822570801 6.20034790039062 6.15621757507324 6.11208772659302 6.06795740127563 6.02776718139648 6.00981378555298 5.99186038970947 5.97390699386597 5.95595359802246 5.9379997253418 5.92004632949829 5.90209293365479 5.88413953781128 5.86618614196777 5.85008859634399 5.84791994094849 5.84575176239014 5.84358358383179 5.84141540527344 5.83924674987793 5.83707857131958 5.83491039276123 5.83274221420288 5.83057355880737 5.82319402694702 5.75944662094116 5.69569873809814 5.63195133209229 5.56820344924927
7.69343852996826 7.57322788238525 7.45301723480225 7.33280658721924 7.21259546279907 7.09238481521606 6.97217416763306 6.87113475799561 6.83950614929199 6.80787754058838 6.77624940872192 6.74462080001831 6.7129921913147 6.68136358261108 6.64973497390747 6.61810636520386 6.58647775650024 6.55163145065308 6.50246429443359 6.45329713821411 6.40412998199463 6.35496282577515 6.30579566955566 6.25662851333618 6.20746183395386 6.15829467773438 6.10912752151489 6.06431341171265 6.04406547546387 6.02381801605225 6.00357007980347 5.98332262039185 5.96307468414307 5.94282674789429 5.92257928848267 5.90233135223389 5.88208389282227 5.86406660079956 5.86278772354126 5.86150932312012 5.86023092269897 5.85895252227783 5.85767412185669 5.85639572143555 5.8551173210144 5.85383892059326 5.85256052017212 5.84569454193115 5.77839756011963 5.71110057830811 5.64380359649658 5.57650661468506
7.7641749382019 7.6416335105896 7.51679229736328 7.38958740234375 7.25995016098022 7.12781000137329 6.9930944442749 6.87978315353394 6.85283231735229 6.82639932632446 6.80046987533569 6.77502965927124 6.75006437301636 6.72556161880493 6.70150852203369 6.67789220809937 6.65470123291016 6.62693786621094 6.57714891433716 6.52735996246338 6.4775710105896 6.42778205871582 6.37799310684204 6.3282036781311 6.27841472625732 6.22862577438354 6.17883682250977 6.13327646255493 6.11157846450806 6.08988046646118 6.06818294525146 6.04648494720459 6.02478694915771 6.00308895111084 5.98139095306396 5.95969343185425 5.93799543380737 5.91858434677124 5.91633605957031 5.91408824920654 5.91183996200562 5.90959167480469 5.90734386444092 5.90509557723999 5.90284729003906 5.90059900283813 5.89835119247437 5.89067602157593 5.82430505752563 5.75793409347534 5.69156312942505 5.62519216537476
7.84494924545288 7.72032260894775 7.59047365188599 7.45506763458252 7.31373977661133 7.16609287261963 7.01169347763062 6.88103818893433 6.86015558242798 6.84019804000854 6.82110500335693 6.80282163619995 6.78529739379883 6.76848602294922 6.75234508514404 6.73683500289917 6.72191953659058 6.70099925994873 6.6510796546936 6.60115957260132 6.55123949050903 6.50131940841675 6.45139932632446 6.40147972106934 6.35155963897705 6.30163955688477 6.25171947479248 6.20584344863892 6.18278932571411 6.15973520278931 6.1366810798645 6.1136269569397 6.09057283401489 6.06751871109009 6.04446458816528 6.02140998840332 5.99835586547852 5.97760963439941 5.9741849899292 5.97076082229614 5.96733617782593 5.96391153335571 5.9604868888855 5.95706224441528 5.95363759994507 5.95021295547485 5.94678831100464 5.938157081604 5.87320947647095 5.80826234817505 5.74331521987915 5.67836761474609
7.93147706985474 7.80658197402954 7.67320871353149 7.53046321868896 7.37732219696045 7.21260595321655 7.03495216369629 6.88263416290283 6.8691987991333 6.85676240921021 6.84521770477295 6.83447217941284 6.82444524765015 6.81506776809692 6.80627822875977 6.79802322387695 6.79025506973267 6.77506113052368 6.72500991821289 6.67495918273926 6.62490797042847 6.57485723495483 6.52480602264404 6.47475528717041 6.42470407485962 6.37465333938599 6.3246021270752 6.27841091156006 6.25400066375732 6.22958993911743 6.2051796913147 6.1807689666748 6.15635871887207 6.13194799423218 6.10753774642944 6.08312702178955 6.05871677398682 6.03663539886475 6.03203439712524 6.02743291854858 6.02283191680908 6.01823091506958 6.01362991333008 6.00902891159058 6.00442790985107 5.99982690811157 5.99522590637207 5.98563814163208 5.92211437225342 5.85859060287476 5.79506683349609 5.73154306411743
8.02439498901367 7.90155982971191 7.7667760848999 7.61821174621582 7.4536395072937 7.27032470703125 7.0648717880249 6.88473320007324 6.88064813613892 6.8770170211792 6.87376832962036 6.87084436416626 6.86819934844971 6.86579465866089 6.86359930038452 6.86158657073975 6.85973501205444 6.84912252426147 6.79894065856934 6.7487587928772 6.69857692718506 6.64839458465576 6.59821271896362 6.54803085327148 6.49784898757935 6.44766712188721 6.39748525619507 6.3509783744812 6.32521152496338 6.29944467544556 6.27367782592773 6.24791097640991 6.22214412689209 6.19637727737427 6.1706109046936 6.14484405517578 6.11907720565796 6.09566068649292 6.08988332748413 6.08410549163818 6.07832813262939 6.07255077362061 6.06677293777466 6.06099557876587 6.05521821975708 6.04944038391113 6.04366302490234 6.033118724823 5.97101879119873 5.90891885757446 5.8468189239502 5.78471899032593
8.12444019317627 8.00664806365967 7.87345218658447 7.72161960601807 7.54694414138794 7.3438515663147 7.10479354858398 6.88761615753174 6.89561080932617 6.90234899520874 6.90810585021973 6.91308069229126 6.91742277145386 6.92124557495117 6.92463731765747 6.92766666412354 6.93038892745972 6.92318439483643 6.87287139892578 6.82255840301514 6.77224540710449 6.72193241119385 6.6716194152832 6.62130641937256 6.57099342346191 6.52068090438843 6.47036790847778 6.42354536056519 6.39642238616943 6.36929941177368 6.34217643737793 6.31505298614502 6.28793001174927 6.26080703735352 6.23368406295776 6.20656061172485 6.1794376373291 6.15468597412109 6.14773225784302 6.14077806472778 6.13382434844971 6.12687015533447 6.1199164390564 6.11296224594116 6.10600852966309 6.09905433654785 6.09210014343262 6.08059978485107 6.0199236869812 5.95924711227417 5.8985710144043 5.83789443969727
8.23246288299561 8.1235523223877 7.90478563308716 7.73890066146851 7.55479049682617 7.34786701202393 7.13416767120361 7.0131893157959 7.00618028640747 7.00216388702393 7.00075054168701 7.01327085494995 6.97320985794067 -3.4e+38 6.98976707458496 6.99641609191895 7.00224685668945 6.99724578857422 6.94680166244507 6.89635801315308 6.84591388702393 6.79547023773193 6.74502611160278 6.69458198547363 6.64413833618164 6.59369421005249 6.5432505607605 6.49611282348633 6.46763324737549 6.43915414810181 6.41067457199097 6.38219547271729 6.35371589660645 6.32523632049561 6.29675722122192 6.26827764511108 6.2397985458374 6.21371173858643 6.2055811882019 6.19745063781738 6.18932008743286 6.1811900138855 6.17305946350098 6.16492891311646 6.15679836273193 6.14866828918457 6.14053773880005 6.12808084487915 6.06882810592651 6.00957536697388 5.95032262802124 5.8910698890686
8.34945869445801 8.25438213348389 8.16433906555176 7.85836172103882 7.6739239692688 7.47182750701904 7.26766920089722 7.11694431304932 7.09929227828979 7.0869836807251 7.11814975738525 7.09154987335205 7.03696727752686 -3.4e+38 7.05941295623779 7.06799983978271 7.07533979415894 7.07130718231201 7.02073240280151 6.97015762329102 6.91958284378052 6.86900758743286 6.81843280792236 6.76785802841187 6.71728277206421 6.66670799255371 6.61613321304321 6.56867980957031 6.5388445854187 6.50900888442993 6.47917318344116 6.44933748245239 6.41950178146362 6.38966608047485 6.35983037948608 6.32999467849731 6.30015897750854 6.2727370262146 6.26343011856079 6.25412321090698 6.24481630325317 6.23550939559937 6.22620248794556 6.21689558029175 6.20758867263794 6.19828176498413 6.18897485733032 6.17556190490723 6.11773252487183 6.05990362167358 6.00207471847534 5.9442458152771
8.47659397125244 8.4017858505249 8.31623458862305 8.1910457611084 7.78182363510132 7.58024311065674 7.38160610198975 7.27279472351074 7.25168132781982 -3.4e+38 7.18628025054932 7.15180921554565 -3.4e+38 -3.4e+38 7.13406276702881 7.14259672164917 7.14969921112061 7.14536905288696 7.09466314315796 7.04395723342896 6.99325132369995 6.94254541397095 6.89183950424194 6.84113359451294 6.79042768478394 6.73972177505493 6.68901586532593 6.64124727249146 6.61005544662476 6.5788631439209 6.5476713180542 6.5164794921875 6.48528718948364 6.45409536361694 6.42290353775024 6.39171171188354 6.36051940917969 6.33176231384277 6.32127904891968 6.31079578399658 6.30031251907349 6.28982925415039 6.27934551239014 6.26886224746704 6.25837898254395 6.24789571762085 6.23741245269775 6.22304248809814 6.1666374206543 6.11023187637329 6.05382680892944 5.99742126464844
8.6152458190918 8.56912517547607 8.42138576507568 8.28293132781982 8.13802623748779 7.5931282043457 7.41270017623901 7.32861566543579 7.31765937805176 -3.4e+38 7.30757474899292 7.22653722763062 -3.4e+38 -3.4e+38 7.21427488327026 7.2204008102417 7.22535943984985 7.21943044662476 7.16859340667725 7.11775684356689 7.06691980361938 7.01608276367188 6.96524620056152 6.91440916061401 6.8635721206665 6.81273555755615 6.76189851760864 6.7138147354126 6.68126630783081 6.64871788024902 6.61616992950439 6.58362150192261 6.55107307434082 6.51852512359619 6.4859766960144 6.45342826843262 6.42088031768799 6.39078760147095 6.37912797927856 6.36746835708618 6.35580825805664 6.34414863586426 6.33248901367188 6.32082891464233 6.30916929244995 6.29750967025757 6.28584957122803 6.27052354812622 6.21554183959961 6.160560131073 6.10557842254639 6.05059671401978
-3.4e+38 -3.4e+38 8.40423679351807 8.30035877227783 8.17706489562988 8.04294681549072 7.50158071517944 7.41193008422852 7.42641162872314 7.3954005241394 -3.4e+38 7.43770885467529 -3.4e+38 -3.4e+38 7.30069589614868 7.3016242980957 -3.4e+38 7.29349184036255 7.24252414703369 7.19155645370483 7.14058828353882 7.08962059020996 7.0386528968811 6.98768472671509 6.93671703338623 6.88574934005737 6.83478116989136 6.78638172149658 6.75247716903687 6.71857261657715 6.68466806411743 6.65076351165771 6.616858959198 6.58295440673828 6.54904985427856 6.51514530181885 6.48124074935913 6.44981336593628 6.43697690963745 6.42414093017578 6.41130447387695 6.39846849441528 6.38563203811646 6.37279558181763 6.35995960235596 6.34712314605713 6.33428716659546 6.3180046081543 6.26444673538208 6.21088838577271 6.15733051300049 6.10377264022827
-3.4e+38 -3.4e+38 -3.4e+38 -3.4e+38 8.21589088439941 8.09076118469238 7.96330738067627 7.48441553115845 7.47927951812744 -3.4e+38 -3.4e+38 -3.4e+38 -3.4e+38 -3.4e+38 -3.4e+38 7.39691066741943 7.39691066741943 7.38733148574829 7.33512163162231 7.28291130065918 7.2307014465332 7.17849159240723 7.12628126144409 7.07407140731812 7.02186155319214 6.969651222229 6.91744136810303 6.86753129959106 6.83060073852539 6.79367017745972 6.75673961639404 6.71980953216553 6.68287897109985 6.64594841003418 6.60901784896851 6.57208728790283 6.53515672683716 6.5008659362793 6.48638534545898 6.47190427780151 6.45742321014404 6.44294261932373 6.42846155166626 6.41398048400879 6.39949989318848 6.38501882553101 6.37053775787354 6.35283041000366 6.30022621154785 6.24762201309204 6.19501829147339 6.14241409301758
-3.4e+38 -3.4e+38 -3.4e+38 -3.4e+38 -3.4e+38 8.22603511810303 8.13433647155762 8.03998184204102 7.64396572113037 7.60693216323853 7.5775785446167 7.55184841156006 7.49404382705688 -3.4e+38 -3.4e+38 7.49404382705688 7.49404382705688 7.48420524597168 7.43058252334595 7.37695980072021 7.32333707809448 7.26971435546875 7.21609210968018 7.16246938705444 7.10884666442871 7.05522394180298 7.00160121917725 6.94999694824219 6.90978479385376 6.86957216262817 6.82935953140259 6.789146900177 6.74893474578857 6.70872211456299 6.6685094833374 6.62829685211182 6.58808469772339 6.55069589614868 6.53449821472168 6.51830101013184 6.50210332870483 6.48590612411499 6.46970844268799 6.45351123809814 6.4373140335083 6.4211163520813 6.40491914749146 6.38571500778198 6.33399295806885 6.28227043151855 6.23054790496826 6.17882537841797
8.78833675384521 -3.4e+38 -3.4e+38 -3.4e+38 -3.4e+38 -3.4e+38 8.32952690124512 8.24405479431152 7.7588095664978 7.71936941146851 7.6852912902832 7.64993047714233 7.59117650985718 -3.4e+38 -3.4e+38 7.59117650985718 7.59117650985718 7.58107900619507 7.52604389190674 7.47100830078125 7.41597318649292 7.36093759536743 7.3059024810791 7.25086688995361 7.19583177566528 7.14079666137695 7.08576107025146 7.03246307373047 6.98896837234497 6.94547414779663 6.90197944641113 6.85848474502563 6.81499052047729 6.7714958190918 6.7280011177063 6.68450689315796 6.64101219177246 6.60052537918091 6.58261156082153 6.56469774246216 6.54678344726562 6.52886962890625 6.51095581054688 6.4930419921875 6.47512817382812 6.45721435546875 6.43930053710938 6.4185996055603 6.36775922775269 6.31691837310791 6.26607799530029 6.21523714065552
8.78833675384521 8.78833675384521 -3.4e+38 -3.4e+38 -3.4e+38 -3.4e+38 -3.4e+38 -3.4e+38 -3.4e+38 8.08230304718018 7.70466804504395 7.67643928527832 -3.4e+38 -3.4e+38 -3.4e+38 7.68830966949463 7.68830966949463 7.67795276641846 7.62150478363037 7.56505680084229 7.5086088180542 7.45216083526611 7.39571285247803 7.33926486968994 7.28281688690186 7.22636890411377 7.16992092132568 7.11492919921875 7.06815242767334 7.02137565612793 6.97459936141968 6.92782258987427 6.88104629516602 6.83426952362061 6.7874927520752 6.74071645736694 6.69393968582153 6.65035486221313 6.63072443008423 6.61109399795532 6.59146404266357 6.57183361053467 6.55220317840576 6.53257274627686 6.51294231414795 6.49331188201904 6.47368144989014 6.45148468017578 6.40152549743652 6.35156679153442 6.30160760879517 6.25164890289307
-3.4e+38 8.78833675384521 8.6382303237915 -3.4e+38 -3.4e+38 -3.4e+38 -3.4e+38 -3.4e+38 -3.4e+38 8.06972885131836 -3.4e+38 -3.4e+38 -3.4e+38 -3.4e+38 7.78544235229492 7.78544235229492 7.78544235229492 7.77482652664185 7.716965675354 7.65910530090332 7.60124444961548 7.54338407516479 7.48552370071411 7.42766284942627 7.36980247497559 7.31194162368774 7.25408124923706 7.19739484786987 7.14733648300171 7.09727764129639 7.04721927642822 6.9971604347229 6.94710206985474 6.89704322814941 6.84698438644409 6.79692602157593 6.74686717987061 6.70018482208252 6.67883777618408 6.65749073028564 6.63614416122437 6.61479711532593 6.59345006942749 6.57210350036621 6.55075645446777 6.52940988540649 6.50806283950806 6.4843692779541 6.43529176712036 6.38621473312378 6.3371376991272 6.28806066513062
-3.4e+38 -3.4e+38 8.57804870605469 -3.4e+38 -3.4e+38 -3.4e+38 -3.4e+38 -3.4e+38 -3.4e+38 -3.4e+38 -3.4e+38 -3.4e+38 -3.4e+38 -3.4e+38 -3.4e+38 7.88257551193237 7.88257551193237 7.87170028686523 7.81242704391479 7.75315380096436 7.69388055801392 7.63460731506348 7.57533407211304 7.5160608291626 7.45678758621216 7.39751434326172 7.33824110031128 7.27986097335815 7.22652006149292 7.17317962646484 7.11983871459961 7.06649827957153 7.0131573677063 6.95981693267822 6.90647649765015 6.85313558578491 6.79979515075684 6.75001430511475 6.72695112228394 6.70388746261597 6.68082427978516 6.65776062011719 6.63469743728638 6.61163425445557 6.5885705947876 6.56550741195679 6.54244422912598 6.51725387573242 6.46905851364136 6.42086315155029 6.37266778945923 6.32447242736816
-3.4e+38 -3.4e+38 -3.4e+38 8.49827003479004 -3.4e+38 -3.4e+38 -3.4e+38 -3.4e+38 -3.4e+38 -3.4e+38 -3.4e+38 -3.4e+38 -3.4e+38 7.97970819473267 -3.4e+38 -3.4e+38 7.97970819473267 7.96857357025146 7.90788793563843 7.84720230102539 7.7865161895752 7.72583055496216 7.66514444351196 7.60445880889893 7.54377269744873 7.48308706283569 7.4224009513855 7.36232662200928 7.30570411682129 7.2490816116333 7.19245862960815 7.13583612442017 7.07921314239502 7.02259063720703 6.96596813201904 6.9093451499939 6.85272264480591 6.79984378814697 6.77506399154663 6.75028419494629 6.72550439834595 6.70072460174561 6.67594480514526 6.65116500854492 6.62638473510742 6.60160493850708 6.57682514190674 6.55013847351074 6.5028247833252 6.45551109313965 6.4081974029541 6.36088371276855
-3.4e+38 -3.4e+38 -3.4e+38 -3.4e+38 8.49624252319336 8.45440483093262 -3.4e+38 -3.4e+38 -3.4e+38 -3.4e+38 -3.4e+38 -3.4e+38 -3.4e+38 -3.4e+38 -3.4e+38 -3.4e+38 8.07684135437012 8.06544780731201 8.00334930419922 7.94125032424927 7.87915182113647 7.81705331802368 7.75495481491089 7.6928563117981 7.6307578086853 7.56865930557251 7.50656080245972 7.44479274749756 7.38488817214966 7.3249831199646 7.2650785446167 7.2051739692688 7.14526891708374 7.08536434173584 7.02545976638794 6.96555471420288 6.90565013885498 6.84967374801636 6.82317733764648 6.79668092727661 6.77018451690674 6.74368810653687 6.71719169616699 6.69069576263428 6.6641993522644 6.63770294189453 6.61120653152466 6.58302307128906 6.53659105300903 6.49015951156616 6.44372749328613 6.3972954750061
-3.4e+38 -3.4e+38 -3.4e+38 -3.4e+38 -3.4e+38 8.43832206726074 8.40344047546387 -3.4e+38 8.33771514892578 -3.4e+38 -3.4e+38 -3.4e+38 -3.4e+38 -3.4e+38 -3.4e+38 -3.4e+38 -3.4e+38 -3.4e+38 8.09881019592285 8.03529930114746 7.97178792953491 7.90827655792236 7.84476566314697 7.78125429153442 7.71774339675903 7.65423202514648 7.59072113037109 7.52725887298584 7.46407175064087 7.40088510513306 7.33769845962524 7.27451181411743 7.21132469177246 7.14813804626465 7.08495140075684 7.02176475524902 6.95857763290405 6.89950323104858 6.87129020690918 6.84307765960693 6.81486463546753 6.78665208816528 6.75843906402588 6.73022603988647 6.70201349258423 6.67380046844482 6.64558792114258 6.61590766906738 6.57035732269287 6.52480745315552 6.47925710678101 6.43370723724365
-3.4e+38 -3.4e+38 -3.4e+38 -3.4e+38 -3.4e+38 -3.4e+38 8.39594745635986 -3.4e+38 8.34323596954346 8.42002964019775 -3.4e+38 -3.4e+38 -3.4e+38 -3.4e+38 -3.4e+38 -3.4e+38 -3.4e+38 -3.4e+38 -3.4e+38 8.1293478012085 8.06442356109619 7.99949979782104 7.9345760345459 7.86965227127075 7.80472850799561 7.73980474472046 7.67488098144531 7.60972452163696 7.54325580596924 7.47678709030151 7.41031837463379 7.34384918212891 7.27738046646118 7.21091175079346 7.14444303512573 7.07797431945801 7.01150560379028 6.94933271408081 6.91940355300903 6.88947439193726 6.85954475402832 6.82961559295654 6.79968643188477 6.76975679397583 6.73982763290405 6.70989847183228 6.67996883392334 6.6487922668457 6.60412406921387 6.55945539474487 6.51478719711304 6.4701189994812
