R_scripts/int_process_data/Bio_10.asc
NCOLS 281 
NROWS 576 
XLLCORNER 81175.2677831308 
YLLCORNER 88.2293212990044 
CELLSIZE 1000 
NODATA_value -3.4e+38 
[rows 345 to 367 of 576, columns 52 to 103 of 281]
23.0640563964844 23.1495189666748 23.2349815368652 23.3204441070557 23.4059066772461 23.4913692474365 23.576831817627 23.6443538665771 23.6469249725342 23.6494960784912 23.6520671844482 23.6546363830566 23.6572074890137 23.6597785949707 23.6623497009277 23.6649188995361 23.6674900054932 23.6702270507812 23.6737022399902 23.6771774291992 23.6806545257568 23.6841297149658 23.6876049041748 23.6910800933838 23.6945571899414 23.6980323791504 23.7015075683594 23.7065238952637 23.7202396392822 23.7339553833008 23.7476692199707 23.7613849639893 23.7751007080078 23.7888164520264 23.8025302886963 23.8162460327148 23.8299617767334 23.8444519042969 23.8647727966309 23.8850917816162 23.9054107666016 23.9257297515869 23.9460487365723 23.9663677215576 23.9866886138916 24.007007598877 24.0273265838623 24.0468788146973 24.0581340789795 24.0693912506104 24.0806465148926 24.0919036865234
23.0724124908447 23.1604461669922 23.2484798431396 23.3365154266357 23.4245491027832 23.5125827789307 23.6006164550781 23.6703224182129 23.673677444458 23.6770305633545 23.6803855895996 23.6837387084961 23.6870918273926 23.6904468536377 23.6937999725342 23.6971530914307 23.7005081176758 23.7036266326904 23.7056941986084 23.7077617645264 23.7098293304443 23.7118988037109 23.7139663696289 23.7160339355469 23.7181034088135 23.7201709747314 23.7222385406494 23.726001739502 23.7393283843994 23.7526550292969 23.7659797668457 23.7793064117432 23.7926330566406 23.8059597015381 23.8192863464355 23.8326110839844 23.8459377288818 23.8600120544434 23.8796901702881 23.8993701934814 23.9190502166748 23.9387283325195 23.9584083557129 23.9780883789062 23.997766494751 24.0174465179443 24.0371265411377 24.05615234375 24.0681037902832 24.0800552368164 24.0920085906982 24.1039600372314
23.0807685852051 23.1713733673096 23.2619800567627 23.3525848388672 23.4431896209717 23.5337944030762 23.6244010925293 23.6962928771973 23.7004299163818 23.7045669555664 23.708703994751 23.7128410339355 23.7169780731201 23.7211151123047 23.7252521514893 23.7293891906738 23.7335262298584 23.737024307251 23.7376861572266 23.7383460998535 23.7390060424805 23.7396678924561 23.740327835083 23.74098777771 23.7416496276855 23.7423095703125 23.7429695129395 23.7454795837402 23.758415222168 23.7713527679443 23.7842903137207 23.7972278594971 23.8101654052734 23.8231029510498 23.8360404968262 23.8489780426025 23.8619155883789 23.8755702972412 23.8946094512939 23.9136486053467 23.932689666748 23.9517288208008 23.9707679748535 23.9898071289062 24.008846282959 24.0278854370117 24.0469245910645 24.0654239654541 24.0780715942383 24.0907211303711 24.1033687591553 24.1160163879395
23.0891246795654 23.182300567627 23.2754783630371 23.3686542510986 23.4618320465088 23.5550079345703 23.6481857299805 23.722261428833 23.727180480957 23.7321014404297 23.7370223999023 23.7419414520264 23.746862411499 23.7517833709717 23.7567024230957 23.7616233825684 23.7665424346924 23.7704238891602 23.7696762084961 23.7689304351807 23.7681827545166 23.7674350738525 23.7666893005371 23.765941619873 23.7651958465576 23.7644481658936 23.7637004852295 23.7649555206299 23.7775039672852 23.7900524139404 23.8026008605957 23.815149307251 23.8276977539062 23.8402462005615 23.8527965545654 23.8653450012207 23.877893447876 23.8911285400391 23.9095287322998 23.9279289245605 23.9463272094727 23.9647274017334 23.9831275939941 24.0015258789062 24.019926071167 24.0383243560791 24.0567245483398 24.0746955871582 24.088041305542 24.1013851165771 24.1147289276123 24.1280727386475
23.0974788665771 23.1932277679443 23.2889766693115 23.3847255706787 23.4804725646973 23.5762214660645 23.6719703674316 23.7482299804688 23.7539329528809 23.7596378326416 23.7653408050537 23.7710437774658 23.7767467498779 23.78244972229 23.7881546020508 23.7938575744629 23.799560546875 23.8038234710693 23.8016681671143 23.7995128631592 23.7973594665527 23.7952041625977 23.7930507659912 23.7908954620361 23.7887420654297 23.7865867614746 23.7844333648682 23.7844333648682 23.7965927124023 23.8087520599365 23.8209114074707 23.8330707550049 23.8452320098877 23.8573913574219 23.8695507049561 23.8817100524902 23.8938694000244 23.9066886901855 23.9244480133057 23.9422073364258 23.9599666595459 23.977725982666 23.9954853057861 24.0132446289062 24.031005859375 24.0487651824951 24.0665245056152 24.0839691162109 24.0980091094971 24.1120491027832 24.1260890960693 24.1401290893555
23.1058349609375 23.2041549682617 23.3024749755859 23.4007949829102 23.4991149902344 23.5974349975586 23.6957550048828 23.7741985321045 23.7806854248047 23.7871723175049 23.7936592102051 23.8001461029053 23.8066329956055 23.813117980957 23.8196048736572 23.8260917663574 23.8325786590576 23.8372211456299 23.8336601257324 23.8300971984863 23.8265361785889 23.8229732513428 23.8194122314453 23.8158493041992 23.8122882843018 23.8087253570557 23.8051643371582 23.8039093017578 23.8156814575195 23.8274517059326 23.8392219543457 23.8509922027588 23.8627643585205 23.8745346069336 23.8863048553467 23.8980770111084 23.9098472595215 23.9222469329834 23.9393672943115 23.956485748291 23.9736061096191 23.9907264709473 24.0078449249268 24.0249652862549 24.0420837402344 24.0592041015625 24.0763244628906 24.093240737915 24.1079769134521 24.1227149963379 24.137451171875 24.1521873474121
23.1141910552979 23.2150821685791 23.3159732818604 23.4168643951416 23.5177555084229 23.6186466217041 23.7195377349854 23.8001670837402 23.8074378967285 23.8147068023682 23.8219776153564 23.8292465209961 23.8365173339844 23.843786239624 23.8510570526123 23.858325958252 23.8655967712402 23.8706207275391 23.865650177002 23.8606815338135 23.8557109832764 23.8507423400879 23.8457736968994 23.8408031463623 23.8358345031738 23.8308639526367 23.8258953094482 23.8233871459961 23.8347682952881 23.8461513519287 23.8575325012207 23.8689155578613 23.8802967071533 23.8916778564453 23.9030609130859 23.9144420623779 23.9258251190186 23.9378051757812 23.9542865753174 23.9707660675049 23.9872455596924 24.0037250518799 24.0202045440674 24.0366840362549 24.0531635284424 24.0696430206299 24.0861225128174 24.1025142669678 24.1179466247559 24.1333789825439 24.148811340332 24.1642436981201
23.1225471496582 23.2260093688965 23.3294715881348 23.4329357147217 23.53639793396 23.6398601531982 23.7433223724365 23.8261375427246 23.8341903686523 23.8422431945801 23.8502960205078 23.8583488464355 23.8664016723633 23.874454498291 23.8825073242188 23.8905601501465 23.8986129760742 23.9040184020996 23.8976421356201 23.8912658691406 23.8848876953125 23.878511428833 23.8721332550049 23.8657569885254 23.8593807220459 23.8530025482178 23.8466262817383 23.8428630828857 23.8538570404053 23.8648490905762 23.8758430480957 23.8868370056152 23.8978290557861 23.9088230133057 23.9198150634766 23.9308090209961 23.941801071167 23.9533653259277 23.9692039489746 23.9850444793701 24.000883102417 24.0167236328125 24.032564163208 24.0484027862549 24.0642433166504 24.0800819396973 24.0959224700928 24.1117858886719 24.1279144287109 24.14404296875 24.1601715087891 24.1763000488281
23.1309967041016 23.2369403839111 23.3428840637207 23.4488258361816 23.5547695159912 23.6607131958008 23.7666549682617 23.8515739440918 23.8603687286377 23.8691635131836 23.8779582977295 23.8867530822754 23.8955478668213 23.9043426513672 23.9131374359131 23.921932220459 23.9307270050049 23.9364929199219 23.9287796020508 23.9210662841797 23.9133548736572 23.9056415557861 23.897928237915 23.8902168273926 23.8825035095215 23.8747901916504 23.8670768737793 23.8621253967285 23.872745513916 23.8833675384521 23.8939895629883 23.9046096801758 23.9152317047119 23.9258518218994 23.9364738464355 23.9470958709717 23.9577159881592 23.9688777923584 23.984094619751 23.9993114471436 24.0145282745361 24.0297451019287 24.0449600219727 24.0601768493652 24.0753936767578 24.0906105041504 24.105827331543 24.1211776733398 24.1379776000977 24.1547794342041 24.1715793609619 24.1883811950684
23.1423397064209 23.2479839324951 23.3536281585693 23.4592723846436 23.5649147033691 23.6705589294434 23.7762031555176 23.8607730865479 23.8690452575684 23.8773174285889 23.8855895996094 23.8938617706299 23.9021339416504 23.9104061126709 23.9186782836914 23.9269504547119 23.9352226257324 23.9407196044922 23.9338607788086 23.927001953125 23.92014503479 23.9132862091064 23.9064273834229 23.8995704650879 23.8927116394043 23.8858528137207 23.8789939880371 23.8747901916504 23.8855609893799 23.8963317871094 23.9071025848389 23.9178733825684 23.9286460876465 23.939416885376 23.9501876831055 23.960958480835 23.9717292785645 23.9830093383789 23.9981117248535 24.0132122039795 24.0283145904541 24.0434169769287 24.0585174560547 24.0736198425293 24.0887222290039 24.1038227081299 24.1189250946045 24.1341667175293 24.1509208679199 24.1676750183105 24.1844291687012 24.2011833190918
23.1536827087402 23.2590274810791 23.364372253418 23.4697170257568 23.5750617980957 23.6804046630859 23.7857494354248 23.8699722290039 23.877721786499 23.8854713439941 23.8932209014893 23.9009704589844 23.9087200164795 23.9164695739746 23.9242191314697 23.9319686889648 23.93971824646 23.9449462890625 23.9389419555664 23.9329376220703 23.9269351959229 23.9209308624268 23.9149265289307 23.9089241027832 23.9029197692871 23.896915435791 23.8909130096436 23.8874568939209 23.8983764648438 23.9092979431152 23.9202175140381 23.9311389923096 23.9420585632324 23.9529800415039 23.9638996124268 23.9748210906982 23.9857425689697 23.9971408843994 24.0121269226074 24.0271148681641 24.0421009063721 24.0570888519287 24.0720748901367 24.0870628356934 24.1020488739014 24.117036819458 24.1320247650146 24.1471557617188 24.1638641357422 24.1805725097656 24.1972808837891 24.2139873504639
23.1650257110596 23.2700710296631 23.3751163482666 23.4801616668701 23.5852069854736 23.6902523040771 23.7952976226807 23.8791732788086 23.8864002227783 23.893627166748 23.9008541107178 23.9080810546875 23.9153079986572 23.922534942627 23.9297618865967 23.9369888305664 23.9442157745361 23.9491710662842 23.9440231323242 23.9388732910156 23.933723449707 23.9285755157471 23.9234256744385 23.9182777404785 23.9131278991699 23.9079780578613 23.9028301239014 23.9001216888428 23.9111919403076 23.9222621917725 23.9333324432373 23.9444026947021 23.955472946167 23.9665431976318 23.9776134490967 23.9886837005615 23.9997539520264 24.0112705230713 24.02614402771 24.041015625 24.0558891296387 24.0707607269287 24.0856323242188 24.1005058288574 24.1153774261475 24.1302509307861 24.1451225280762 24.1601467132568 24.1768074035645 24.1934680938721 24.2101306915283 24.2267913818359
23.1763687133789 23.2811145782471 23.3858604431152 23.4906063079834 23.5953521728516 23.7000980377197 23.8048439025879 23.8883724212646 23.895076751709 23.9017810821533 23.9084854125977 23.915189743042 23.9218940734863 23.9285984039307 23.935302734375 23.9420070648193 23.9487113952637 23.9533977508545 23.949104309082 23.9448089599609 23.9405136108398 23.9362201690674 23.9319248199463 23.9276313781738 23.9233360290527 23.9190406799316 23.9147472381592 23.9127864837646 23.9240074157715 23.9352264404297 23.9464473724365 23.9576663970947 23.9688873291016 23.9801063537598 23.9913272857666 24.0025463104248 24.0137672424316 24.0254020690918 24.0401592254639 24.0549182891846 24.0696754455566 24.0844326019287 24.0991897583008 24.1139488220215 24.1287059783936 24.1434631347656 24.1582221984863 24.1731357574463 24.1897506713867 24.2063655853271 24.2229804992676 24.239595413208
23.1877098083496 23.2921581268311 23.3966045379639 23.5010509490967 23.6054973602295 23.7099437713623 23.8143920898438 23.8975715637207 23.9037532806396 23.9099349975586 23.9161167144775 23.9222984313965 23.9284801483154 23.9346618652344 23.9408435821533 23.9470272064209 23.9532089233398 23.9576244354248 23.9541854858398 23.9507446289062 23.9473037719727 23.9438648223877 23.9404239654541 23.9369850158691 23.9335441589355 23.930103302002 23.926664352417 23.9254531860352 23.9368228912354 23.9481925964355 23.9595623016357 23.9709320068359 23.9822998046875 23.9936695098877 24.0050392150879 24.0164089202881 24.0277786254883 24.0395336151123 24.0541763305664 24.0688190460205 24.0834617614746 24.0981044769287 24.1127490997314 24.1273918151855 24.1420345306396 24.1566772460938 24.1713199615479 24.1861267089844 24.202693939209 24.2192630767822 24.2358303070068 24.2523994445801
23.1990528106689 23.303201675415 23.4073486328125 23.51149559021 23.6156444549561 23.7197914123535 23.823938369751 23.9067707061768 23.9124298095703 23.9180889129639 23.9237480163574 23.9294090270996 23.9350681304932 23.9407272338867 23.9463863372803 23.9520454406738 23.9577045440674 23.9618511199951 23.959264755249 23.9566802978516 23.9540939331055 23.951509475708 23.9489231109619 23.9463386535645 23.9437522888184 23.9411659240723 23.9385814666748 23.938117980957 23.9496383666992 23.9611568450928 23.9726753234863 23.9841957092285 23.9957141876221 24.0072345733643 24.0187530517578 24.0302715301514 24.0417919158936 24.0536651611328 24.0681934356689 24.0827217102051 24.0972499847412 24.1117782592773 24.1263065338135 24.1408348083496 24.1553630828857 24.1698913574219 24.184419631958 24.1991157531738 24.2156372070312 24.2321586608887 24.2486801147461 24.2652034759521
23.2103958129883 23.3142433166504 23.4180927276611 23.5219402313232 23.625789642334 23.7296371459961 23.8334865570068 23.9159698486328 23.921106338501 23.9262447357178 23.9313812255859 23.9365177154541 23.9416542053223 23.9467906951904 23.9519271850586 23.9570636749268 23.9622001647949 23.9660778045654 23.9643459320068 23.9626159667969 23.9608840942383 23.9591541290283 23.9574222564697 23.9556922912598 23.9539604187012 23.9522285461426 23.9504985809326 23.9507846832275 23.9624538421631 23.97412109375 23.9857902526855 23.9974594116211 24.0091285705566 24.0207977294922 24.0324668884277 24.0441341400146 24.0558032989502 24.0677947998047 24.0822086334229 24.096622467041 24.1110363006592 24.1254501342773 24.1398639678955 24.154275894165 24.1686897277832 24.1831035614014 24.1975173950195 24.2121047973633 24.2285804748535 24.2450561523438 24.261531829834 24.2780055999756
23.2217388153076 23.3252868652344 23.4288368225098 23.5323848724365 23.6359348297119 23.7394847869873 23.8430328369141 23.9251708984375 23.9297847747803 23.934398651123 23.9390125274658 23.9436264038086 23.9482402801514 23.9528541564941 23.9574699401855 23.9620838165283 23.9666976928711 23.9703044891357 23.9694271087646 23.9685516357422 23.9676742553711 23.9667987823486 23.9659214019775 23.9650459289551 23.964168548584 23.9632930755615 23.9624156951904 23.9634494781494 23.975269317627 23.9870872497559 23.9989051818848 24.0107231140137 24.0225429534912 24.0343608856201 24.046178817749 24.0579967498779 24.0698165893555 24.0819263458252 24.0962257385254 24.110523223877 24.1248226165771 24.1391220092773 24.1534214019775 24.1677188873291 24.1820182800293 24.1963176727295 24.2106170654297 24.2250957489014 24.2415237426758 24.2579536437988 24.2743816375732 24.2908096313477
23.233081817627 23.3363304138184 23.4395809173584 23.5428314208984 23.6460800170898 23.7493305206299 23.8525810241699 23.9343700408936 23.9384613037109 23.9425525665283 23.9466438293457 23.9507350921631 23.9548282623291 23.9589195251465 23.9630107879639 23.9671020507812 23.9711933135986 23.9745311737061 23.9745082855225 23.9744873046875 23.9744644165039 23.9744434356689 23.9744205474854 23.9743995666504 23.9743766784668 23.9743556976318 23.9743328094482 23.9761161804199 23.9880847930908 24.0000514984131 24.012020111084 24.0239887237549 24.0359554290771 24.047924041748 24.0598926544189 24.0718612670898 24.0838279724121 24.0960578918457 24.1102409362793 24.1244258880615 24.1386089324951 24.1527938842773 24.1669788360596 24.1811618804932 24.1953468322754 24.209529876709 24.2237148284912 24.2380847930908 24.254467010498 24.2708492279053 24.2872314453125 24.3036136627197
23.2444229125977 23.3473739624023 23.450325012207 23.5532760620117 23.6562252044678 23.7591762542725 23.8621273040771 23.9435691833496 23.9471378326416 23.9507064819336 23.9542770385742 23.9578456878662 23.9614143371582 23.9649829864502 23.9685516357422 23.9721202850342 23.9756908416748 23.9787559509277 23.9795894622803 23.9804229736328 23.9812545776367 23.9820880889893 23.9829196929932 23.9837532043457 23.9845848083496 23.9854183197021 23.9862499237061 23.9887809753418 24.0008983612061 24.0130176544189 24.0251350402832 24.0372524261475 24.0493698120117 24.061487197876 24.0736045837402 24.0857238769531 24.0978412628174 24.1101875305176 24.1242580413818 24.1383266448975 24.1523971557617 24.1664657592773 24.1805362701416 24.1946048736572 24.2086753845215 24.2227439880371 24.2368144989014 24.2510757446289 24.2674102783203 24.2837467193604 24.3000812530518 24.3164176940918
23.2325325012207 23.3351573944092 23.4377841949463 23.5404090881348 23.6430358886719 23.7456607818604 23.8482856750488 23.9294624328613 23.9329814910889 23.9364986419678 23.9400157928467 23.9435348510742 23.9470520019531 23.9505710601807 23.9540882110596 23.9576072692871 23.961124420166 23.9642238616943 23.9654598236084 23.9666957855225 23.9679298400879 23.969165802002 23.970401763916 23.9716377258301 23.9728736877441 23.9741077423096 23.9753437042236 23.9783306121826 23.9911956787109 24.0040626525879 24.0169277191162 24.0297927856445 24.0426597595215 24.0555248260498 24.0683917999268 24.0812568664551 24.094123840332 24.1071243286133 24.1211376190186 24.1351490020752 24.1491622924805 24.1631755828857 24.177188873291 24.1912021636963 24.2052154541016 24.2192287445068 24.2332420349121 24.2473545074463 24.2625503540039 24.2777462005615 24.2929420471191 24.3081378936768
23.2206134796143 23.3229141235352 23.4252147674561 23.527515411377 23.6298160552979 23.7321166992188 23.8344173431396 23.9153270721436 23.918794631958 23.9222621917725 23.9257297515869 23.9291973114014 23.9326648712158 23.9361324310303 23.9396018981934 23.9430694580078 23.9465370178223 23.9496688842773 23.9513053894043 23.9529438018799 23.9545822143555 23.9562206268311 23.9578590393066 23.9594955444336 23.9611339569092 23.9627723693848 23.9644107818604 23.9678516387939 23.981466293335 23.995080947876 24.008695602417 24.022310256958 24.035924911499 24.04953956604 24.0631542205811 24.0767688751221 24.0903835296631 24.1040382385254 24.1179943084717 24.1319522857666 24.1459083557129 24.1598644256592 24.1738224029541 24.1877784729004 24.2017345428467 24.2156925201416 24.2296485900879 24.2436141967773 24.2576675415039 24.2717227935791 24.2857780456543 24.2998313903809
23.2086944580078 23.3106689453125 23.4126453399658 23.5146198272705 23.6165962219238 23.7185726165771 23.8205471038818 23.9011917114258 23.9046096801758 23.9080276489258 23.9114437103271 23.9148616790771 23.9182796478271 23.9216957092285 23.9251136779785 23.9285297393799 23.9319477081299 23.9351119995117 23.9371528625488 23.9391937255859 23.941234588623 23.9432735443115 23.9453144073486 23.9473552703857 23.9493961334229 23.9514350891113 23.9534759521484 23.9573707580566 23.9717350006104 23.9860992431641 24.0004615783691 24.0148258209229 24.0291900634766 24.0435523986816 24.0579166412354 24.0722808837891 24.0866432189941 24.1009540557861 24.1148529052734 24.1287536621094 24.1426544189453 24.1565551757812 24.1704540252686 24.1843547821045 24.1982555389404 24.2121543884277 24.2260551452637 24.2398719787598 24.2527866363525 24.2656993865967 24.2786121368408 24.2915267944336
23.1967735290527 23.2984256744385 23.4000759124756 23.5017261505127 23.6033763885498 23.7050266265869 23.8066787719727 23.8870582580566 23.8904247283936 23.8937911987305 23.8971576690674 23.9005241394043 23.9038925170898 23.9072589874268 23.9106254577637 23.9139919281006 23.9173583984375 23.9205570220947 23.9230003356934 23.9254417419434 23.927885055542 23.9303283691406 23.9327716827393 23.9352130889893 23.9376564025879 23.9400997161865 23.9425430297852 23.946891784668 23.9620056152344 23.9771175384521 23.9922294616699 24.0073413848877 24.0224552154541 24.0375671386719 24.0526790618896 24.0677928924561 24.0829048156738 24.0978679656982 24.1117115020752 24.1255550384521 24.1394004821777 24.1532440185547 24.1670875549316 24.1809310913086 24.1947746276855 24.2086181640625 24.2224636077881 24.2361316680908 24.2479038238525 24.2596759796143 24.271448135376 24.2832202911377
