R_scripts/int_process_data/Bio_14_2001.2020.asc
NCOLS 281 
NROWS 577 
XLLCORNER 81175.2677831308 
YLLCORNER -911.770678700996 
CELLSIZE 1000 
NODATA_value -3.4e+38 
[rows 273 to 293 of 577, columns 48 to 95 of 281]
1.76687442454693e-09 1.78475800804989e-09 1.78298842357094e-09 1.77990810978912e-09 1.72472280901559e-09 1.67984426369117e-09 1.60113333702583e-09 1.52699153321834e-09 1.45774448068181e-09 1.36440048148501e-09 1.261241555639e-09 1.19851151225703e-09 1.29377364377348e-09 1.44460443607386e-09 1.40603761966673e-09 1.22281296199844e-09 1.36101974135272e-09 1.69997116383769e-09 1.72127956332702e-09 1.66632552200952e-09 1.70619163242236e-09 1.68418012869154e-09 1.68438774039714e-09 1.6589534190814e-09 1.57174739889854e-09 1.49627665813057e-09 1.53926416057715e-09 1.58670088179491e-09 1.47965273367134e-09 1.4256344993413e-09 1.39863054471334e-09 1.35489219843521e-09 1.31997379693161e-09 1.31353516952259e-09 1.3298427914421e-09 1.29646549051898e-09 1.26065691219424e-09 1.22388132961504e-09 1.18335463650254e-09 1.1663061627587e-09 1.19830456668524e-09 1.16185117082779e-09 1.11562781235364e-09 1.11672460167966e-09 1.11206954755971e-09 1.15918519227876e-09 1.20150567273214e-09 1.23079257896563e-09
1.69262326377151e-09 1.68055525051614e-09 1.72556935407187e-09 1.77241044063692e-09 1.7334109703171e-09 1.66935187895234e-09 1.56810986418066e-09 1.47539069850211e-09 1.39901412676835e-09 1.34962419018336e-09 1.33399791213407e-09 1.24822618907672e-09 1.29383248559378e-09 1.45600920209432e-09 1.41170486411824e-09 1.2539153049218e-09 1.43206635438986e-09 1.85045545553209e-09 1.94208849002564e-09 1.81133941179468e-09 1.80896408963349e-09 1.79435744041001e-09 1.75410619362992e-09 1.74558367760369e-09 1.63890279125667e-09 1.55120905009909e-09 1.55640267340829e-09 1.56451374078159e-09 1.49925705184017e-09 1.472829302962e-09 1.44883571806531e-09 1.43453460221821e-09 1.39800349074903e-09 1.36954703133796e-09 1.33403055269099e-09 1.27935584348648e-09 1.20266507863676e-09 1.14250020555318e-09 1.11881559572424e-09 1.11659415047427e-09 1.11965969828987e-09 1.09369602263598e-09 1.1256440224372e-09 1.19005516552306e-09 1.14273801532505e-09 1.11256148738192e-09 1.17655540865513e-09 1.19978016410727e-09
1.59417623546432e-09 1.57746438134154e-09 1.67038638476669e-09 1.73741143694173e-09 1.73528091895747e-09 1.66610336638229e-09 1.57420076973835e-09 1.52279644449749e-09 1.4691956540247e-09 1.43454659262687e-09 1.39931422005191e-09 1.28226962381461e-09 1.30702226819324e-09 1.44754908060207e-09 1.39506839413883e-09 1.28465316162618e-09 1.50595991232905e-09 1.93234916956442e-09 2.0194299565901e-09 1.97152894010344e-09 1.89298998698462e-09 1.89626825353173e-09 1.84703896621841e-09 1.78946457651818e-09 1.67388347627195e-09 1.54819723707789e-09 1.47961676244535e-09 1.46271539325227e-09 1.4385738156264e-09 1.41860356794865e-09 1.36998556943269e-09 1.38892930490186e-09 1.39069578075635e-09 1.31856603413638e-09 1.26602561767442e-09 1.20675314185803e-09 1.13715592497954e-09 1.12844000810242e-09 1.14876963497323e-09 1.13002551760388e-09 1.15270970546533e-09 1.15101894682113e-09 1.17217391348845e-09 1.22348220443769e-09 1.13366505072321e-09 1.07108077962437e-09 1.10991171808905e-09 1.12085429826436e-09
1.5331259595186e-09 1.54249035766441e-09 1.63661950658422e-09 1.68738756300968e-09 1.68785574405916e-09 1.6213840270396e-09 1.5372512152112e-09 1.54999402202094e-09 1.51351975397063e-09 1.45444345456269e-09 1.38767397572792e-09 1.26926258392501e-09 1.29493837874861e-09 1.42175782258391e-09 1.43287848253237e-09 1.32927713281106e-09 1.51177170781835e-09 1.81591464087916e-09 1.96674210251047e-09 2.03430983169994e-09 1.99332084171999e-09 1.9457744304674e-09 1.89943505368717e-09 1.83293324962364e-09 1.68940761380298e-09 1.5668902841881e-09 1.46597500805257e-09 1.40534495152167e-09 1.36330435829279e-09 1.37348576956242e-09 1.32941524455532e-09 1.25883214963096e-09 1.2848251351727e-09 1.23642529548107e-09 1.18298604245837e-09 1.1448770820266e-09 1.16260356897158e-09 1.21952636877865e-09 1.24984311788978e-09 1.20978838058505e-09 1.21531751329229e-09 1.21928300789165e-09 1.21690624244053e-09 1.18183740571709e-09 1.09692765981606e-09 1.05165276487185e-09 1.05572073305638e-09 1.04545327950234e-09
1.4976576645509e-09 1.57652668697494e-09 1.61538726839439e-09 1.597259435826e-09 1.57470447792463e-09 1.51596424302625e-09 1.50293610889918e-09 1.56700574738267e-09 1.51492685063204e-09 1.4502914424952e-09 1.38392464155146e-09 1.29665744807994e-09 1.31137323222674e-09 1.43914946626467e-09 1.47915524273401e-09 1.38122513426708e-09 1.429958373933e-09 1.74946068742798e-09 1.92162019629905e-09 1.96504545968423e-09 1.98202076973075e-09 1.93715776752867e-09 1.88915194598849e-09 1.85898085813818e-09 1.76345793523325e-09 1.61899071926541e-09 1.54072798963512e-09 1.44112777267225e-09 1.32268584973616e-09 1.278621541978e-09 1.24665944234437e-09 1.2191455622812e-09 1.18955501005047e-09 1.1808730659979e-09 1.14044662602453e-09 1.19185683544742e-09 1.29098887136081e-09 1.32269151187359e-09 1.30920829732872e-09 1.24302013126965e-09 1.19788978736324e-09 1.22552124004471e-09 1.24687216107588e-09 1.17859033643697e-09 1.12719655831484e-09 1.0726961541252e-09 1.04257846800238e-09 9.95117654944977e-10
1.47330248001509e-09 1.53504808864113e-09 1.5054075763743e-09 1.47398382388531e-09 1.4669458980876e-09 1.45843648269306e-09 1.47960887986187e-09 1.53623536114367e-09 1.53452450746272e-09 1.50123169451177e-09 1.44118916800551e-09 1.34222499781345e-09 1.33021704762371e-09 1.44046674588338e-09 1.49396195414653e-09 1.44098699639272e-09 1.35689059987953e-09 1.6908778821545e-09 1.88183113536411e-09 1.88426918512619e-09 1.93103000256656e-09 1.90843052472189e-09 1.85785642425884e-09 1.83273596299216e-09 1.80949888406445e-09 1.66879587926161e-09 1.53377432976498e-09 1.46020451285978e-09 1.36369082692767e-09 1.25225241287552e-09 1.25014931739997e-09 1.33570177140996e-09 1.2909928681637e-09 1.28017929590385e-09 1.24183596739158e-09 1.2828776929652e-09 1.34413136176903e-09 1.36962918784178e-09 1.31757815768907e-09 1.24502053111541e-09 1.16825193963166e-09 1.20967003081063e-09 1.26686428014722e-09 1.22800791757527e-09 1.17122123111102e-09 1.1233987073922e-09 1.07292341677834e-09 9.95332594122544e-10
1.39802835974479e-09 1.41429057354259e-09 1.40329003972539e-09 1.42257006174873e-09 1.49229184565058e-09 1.5117062046599e-09 1.5061515368231e-09 1.5121838226051e-09 1.55286816738709e-09 1.54310664246537e-09 1.49909251678793e-09 1.36139866047102e-09 1.32140876019093e-09 1.43862732837619e-09 1.54702883836677e-09 1.52748058646068e-09 1.40840339390991e-09 1.71022063177872e-09 1.90188864657159e-09 1.86934623336299e-09 1.8920200961503e-09 1.88588034077952e-09 1.84239401512798e-09 1.80063131072217e-09 1.79304759928556e-09 1.74056968837988e-09 1.58416002538075e-09 1.53375923073185e-09 1.43745626512981e-09 1.30472033177398e-09 1.27376797998124e-09 1.37354372320431e-09 1.37524991394855e-09 1.35888500452097e-09 1.33833855109344e-09 1.36106637071975e-09 1.3496034290128e-09 1.32854816037309e-09 1.30116195595775e-09 1.20452237073465e-09 1.13860731953963e-09 1.1958639634102e-09 1.26774812869712e-09 1.24403076728896e-09 1.17172194169513e-09 1.10631481753387e-09 1.0630976099435e-09 9.95168170092597e-10
1.46263390288226e-09 1.44367495735764e-09 1.46276379897614e-09 1.49401402360638e-09 1.52661183694391e-09 1.54926993456428e-09 1.55625079489852e-09 1.5557449772885e-09 1.5815920795248e-09 1.55547275060286e-09 1.53442414330129e-09 1.37486511064822e-09 1.33729638474023e-09 1.48417089729236e-09 1.65226832216092e-09 1.63559843446848e-09 1.58711688236224e-09 1.88811455359428e-09 2.00516270254525e-09 1.9245531834855e-09 1.88611259943627e-09 1.88252835542357e-09 1.84780390988237e-09 1.8037255022918e-09 1.77938941359201e-09 1.76169534515935e-09 1.69326863641572e-09 1.62949709281435e-09 1.52066848002619e-09 1.396315729707e-09 1.3182965830083e-09 1.35203859219502e-09 1.38340749966659e-09 1.37605216110614e-09 1.36052824561972e-09 1.36278222040431e-09 1.358832157905e-09 1.30309152357455e-09 1.23987076161569e-09 1.14113485327749e-09 1.11816300663037e-09 1.19766874195903e-09 1.21727694590845e-09 1.18106591173728e-09 1.13826059688904e-09 1.09774911383198e-09 1.01820096798377e-09 9.37675270762384e-10
1.56337454093602e-09 1.51460111119661e-09 1.51937817882697e-09 1.49276435656986e-09 1.51445755935953e-09 1.57477952900109e-09 1.61070323745349e-09 1.62462765462834e-09 1.60790258885157e-09 1.53176726858106e-09 1.52338364145521e-09 1.38831746099299e-09 1.36443012443976e-09 1.48765055829614e-09 1.72006264786972e-09 1.72650282959097e-09 1.81463455373176e-09 2.08959738401404e-09 2.03792072106523e-09 1.93165239359416e-09 1.87850757171759e-09 1.87921678218572e-09 1.87774373827665e-09 1.85634085880793e-09 1.78796033534212e-09 1.73837833017387e-09 1.70958291967338e-09 1.61760049799398e-09 1.51696555317216e-09 1.44869349849586e-09 1.38142253192086e-09 1.34090527570407e-09 1.3340759608127e-09 1.31295263550157e-09 1.2956545836218e-09 1.3305235802008e-09 1.38464473220523e-09 1.26615751216974e-09 1.15497778008233e-09 1.07482056588282e-09 1.08294451184321e-09 1.15165676994877e-09 1.15862397453981e-09 1.12840348176491e-09 1.08753184235866e-09 1.07651754177596e-09 9.82139813920924e-10 9.10962583144936e-10
1.42814460257767e-09 1.46919754140384e-09 1.49556023121278e-09 1.51787704627537e-09 1.53723012097373e-09 1.58136981287527e-09 1.65314351097123e-09 1.65793290207716e-09 1.56684254459805e-09 1.50329870773902e-09 1.50746215510367e-09 1.38562716855972e-09 1.39329281445555e-09 1.5550821741428e-09 1.71253622394119e-09 1.78226888802868e-09 2.03391614661541e-09 2.14879336546403e-09 2.03257144448798e-09 1.94527483010631e-09 1.93064164655254e-09 1.95037563877065e-09 1.95835281324719e-09 1.92334748128076e-09 1.84589010743252e-09 1.73732728203646e-09 1.67346148050029e-09 1.58897450752704e-09 1.5413719189894e-09 1.49856027586992e-09 1.42682377024528e-09 1.36033684317027e-09 1.32264810215332e-09 1.32130462127122e-09 1.30477251225614e-09 1.28034083335393e-09 1.25283527996345e-09 1.18108334223876e-09 1.10975939549007e-09 1.04121855581951e-09 1.03931829809056e-09 1.08086883887637e-09 1.10818476617425e-09 1.10768449967935e-09 1.04277009249643e-09 1.04278075063746e-09 9.53750411980536e-10 8.8310386781032e-10
1.40261757763938e-09 1.42925693502605e-09 1.48742251848688e-09 1.5380536844134e-09 1.58472412969957e-09 1.64599422980416e-09 1.68700808877986e-09 1.61007451815465e-09 1.51321022379136e-09 1.54539891994432e-09 1.70122338438716e-09 1.41837752654084e-09 1.39158440326526e-09 1.66044467064808e-09 1.87909354742999e-09 1.93342319931844e-09 2.16934981089878e-09 2.17274354064045e-09 2.01681293887646e-09 1.9488044511462e-09 2.01334970917344e-09 2.03029792977816e-09 2.02154337713978e-09 1.96841876132225e-09 1.9049775090707e-09 1.73850867035696e-09 1.64931512891542e-09 1.62611202281226e-09 1.55467749785032e-09 1.48963874568864e-09 1.43196932089751e-09 1.38231570634417e-09 1.36779898518569e-09 1.38163447349626e-09 1.28760835327313e-09 1.19209853099989e-09 1.14249942839706e-09 1.11780562583874e-09 1.06725661641605e-09 1.02155461867426e-09 9.89556325770025e-10 1.01045616318629e-09 1.04961406233173e-09 1.06416919720687e-09 1.01274189034939e-09 1.03469166568004e-09 9.6657226666963e-10 8.58347615206867e-10
1.4622839605849e-09 1.49821000050565e-09 1.53886048348539e-09 1.62826796490378e-09 1.68948821599457e-09 1.69999014865141e-09 1.62198132702684e-09 1.5312322521055e-09 1.52482559911959e-09 1.77204362294958e-09 2.00847738440757e-09 1.53161328064755e-09 1.46019496494176e-09 1.69098146596269e-09 1.9639079251732e-09 2.09366457504245e-09 2.18214313285614e-09 2.10407913314725e-09 2.02297489870773e-09 2.00881933309915e-09 2.05525552132713e-09 2.05840033906668e-09 2.08910266863427e-09 2.04007988280352e-09 1.95859328755432e-09 1.78865999789224e-09 1.63438240718961e-09 1.63102520378544e-09 1.60022994855069e-09 1.5134509201431e-09 1.45171530352428e-09 1.44846346028515e-09 1.48914836017866e-09 1.39187139591712e-09 1.20830845329323e-09 1.16739451438974e-09 1.1106124908622e-09 1.0803651306901e-09 1.07123188097802e-09 1.0384993975876e-09 9.84245795976335e-10 9.51836387486082e-10 9.91891235813114e-10 1.00149311066389e-09 9.90151183266619e-10 1.02529662537876e-09 9.66086322051751e-10 8.62168281212661e-10
1.46462919570212e-09 1.53202384112205e-09 1.62955482441163e-09 1.70029557100548e-09 1.69929159632431e-09 1.61497382134002e-09 1.56475510326715e-09 1.55913126853591e-09 1.73979219919573e-09 2.16908735417576e-09 2.13571138552027e-09 1.66478830720962e-09 1.68136826683707e-09 1.65703217813729e-09 1.72076852766878e-09 1.93730165243267e-09 2.06673234082189e-09 2.02305705521155e-09 2.02504657487168e-09 2.0662507260738e-09 2.02752437061804e-09 2.00896921320748e-09 2.0739463479913e-09 2.05735872782498e-09 1.98982652577229e-09 1.89194215849398e-09 1.70068814586699e-09 1.63608959713457e-09 1.61693192168855e-09 1.55118751177241e-09 1.50682222255227e-09 1.53960699744715e-09 1.52157741961645e-09 1.31323207863687e-09 1.1515454145794e-09 1.06896302920489e-09 1.03121489125613e-09 1.07549724681633e-09 1.10175057965733e-09 1.07913544766802e-09 1.03670416695678e-09 9.52674827914279e-10 9.34062494017951e-10 9.51803524884554e-10 9.74349823046339e-10 9.95697080341529e-10 9.51549838923427e-10 8.86262008226169e-10
1.47588674614951e-09 1.54964130416602e-09 1.63114688422894e-09 1.65352120884421e-09 1.5881294057607e-09 1.59676205591097e-09 1.64266678037706e-09 1.69383296277914e-09 2.08777128918314e-09 2.44321607389963e-09 2.05482320048134e-09 1.92470062110317e-09 2.07917394412505e-09 1.78753811752586e-09 1.59514135233962e-09 1.70019753831241e-09 1.86826953907371e-09 1.97018068526233e-09 2.02313632513551e-09 2.04348160615098e-09 2.02225436396475e-09 2.0137582712465e-09 2.05469019576299e-09 2.07120698370034e-09 1.99418481727776e-09 1.91239335478599e-09 1.7730544810135e-09 1.69372638136878e-09 1.64849400796641e-09 1.62969049366524e-09 1.65693059273053e-09 1.59121948950514e-09 1.40689604410937e-09 1.19052800950925e-09 1.0237657388501e-09 9.53806811310187e-10 9.93765181256379e-10 1.06375175334961e-09 1.06079522943503e-09 1.06531483634598e-09 1.05924080617825e-09 9.8913999213579e-10 9.07196484600803e-10 9.20983178609447e-10 9.65314828071939e-10 9.50066358917923e-10 9.11368258638134e-10 8.87876439037427e-10
1.45721579247748e-09 1.55510604393783e-09 1.6178631767616e-09 1.54735813051587e-09 1.5374044259886e-09 1.60797286596903e-09 1.66912805799058e-09 1.93710691931415e-09 2.48893483600909e-09 2.46518649937855e-09 2.03745664784094e-09 2.17835727234217e-09 2.25846918944228e-09 2.01753458384246e-09 1.71413683247579e-09 1.58190227583788e-09 1.732960552836e-09 1.88181403792953e-09 1.8664434442428e-09 1.90565208058047e-09 1.9959498498423e-09 2.03120253949862e-09 2.03621208783034e-09 2.01782746067636e-09 1.99140770540396e-09 1.93077820398457e-09 1.81939141530307e-09 1.79898373975362e-09 1.80272496930201e-09 1.83349946336619e-09 1.90821780599038e-09 1.65710689614684e-09 1.27487209677923e-09 1.07261100001921e-09 9.56770218607517e-10 9.26391907629665e-10 9.94851090396764e-10 1.05266828587247e-09 1.02486319430994e-09 1.01662178675355e-09 1.02655517419947e-09 1.0001275363436e-09 9.36897004422121e-10 8.88323914427502e-10 9.06783925724852e-10 8.99515073538026e-10 8.76599848265158e-10 8.72710181898384e-10
1.37458666671364e-09 1.52603019110131e-09 1.56650081795107e-09 1.5164040023663e-09 1.52994672486528e-09 1.55545865077045e-09 1.73161551764167e-09 2.32155006330004e-09 2.70907452026847e-09 2.45858555736334e-09 2.16546292008957e-09 2.29486296632331e-09 2.3263677650931e-09 2.30961028080401e-09 2.06166461680368e-09 1.61827817812821e-09 1.57965984737274e-09 1.83131809716741e-09 1.82590786934611e-09 1.69913505487784e-09 1.75697867366154e-09 1.89858329058268e-09 1.9966348574485e-09 1.99019845048554e-09 1.96312210931637e-09 1.90256499443819e-09 1.83094628347646e-09 1.91588145348476e-09 2.04091654687488e-09 2.11042605613443e-09 2.0363863928452e-09 1.58968693764194e-09 1.12154763254324e-09 9.58489065894241e-10 9.18699727403549e-10 9.32277588461261e-10 1.00854780082926e-09 1.04162800607099e-09 1.00840269467994e-09 9.77318448391884e-10 9.86835280158971e-10 9.6044028286002e-10 9.50967304902406e-10 9.06547725776363e-10 8.67770799661827e-10 8.66939187105231e-10 8.5041912400996e-10 8.37473146386714e-10
1.33854982653503e-09 1.47210832412981e-09 1.52326362634625e-09 1.54361223803079e-09 1.52945578424379e-09 1.57903456976527e-09 1.9991821531562e-09 2.63369748232378e-09 2.69126010365994e-09 2.49893594705952e-09 2.18308637833786e-09 2.32197261418321e-09 2.37230346478157e-09 2.35219821398402e-09 2.35023822625635e-09 1.91367610646864e-09 1.66249680688679e-09 1.89913618164894e-09 2.05387662433054e-09 1.70518832387501e-09 1.47672163386403e-09 1.56210744339802e-09 1.75172298888526e-09 1.87128268436254e-09 1.88814808232962e-09 1.81575399160749e-09 1.90537141619984e-09 2.15475459697245e-09 2.36416508592185e-09 2.28625873788246e-09 1.84591697482972e-09 1.33853672590334e-09 1.0046449228085e-09 9.13739472974129e-10 8.99756047445521e-10 9.37205535400665e-10 9.9002051001662e-10 1.03526931471976e-09 1.02195740758759e-09 9.73786606905946e-10 9.38582878085015e-10 9.13756736942162e-10 9.2590884959165e-10 9.3108187826374e-10 9.04528341116873e-10 8.76154315765376e-10 8.66867744253597e-10 8.65819582696048e-10
1.38680344985431e-09 1.49461565346343e-09 1.55794999123771e-09 1.5556278487594e-09 1.55709733995479e-09 1.7859441703294e-09 2.40667441531173e-09 2.75395484194974e-09 2.60173016464194e-09 2.33307062558197e-09 2.00243555070756e-09 2.32781327547116e-09 2.41285369462219e-09 2.31979790932257e-09 2.39113173705618e-09 2.23810392441237e-09 1.97090233022834e-09 2.04376426893305e-09 2.22164153740323e-09 2.02568894991373e-09 1.48563938928703e-09 1.29554600380999e-09 1.42559297700018e-09 1.63509972228582e-09 1.73818381909996e-09 1.78054038180164e-09 2.16825557508571e-09 2.4677315746402e-09 2.44718045827597e-09 2.07313788358476e-09 1.50768542095392e-09 1.12155873477349e-09 9.54889611826104e-10 9.02781460698776e-10 8.77469874538406e-10 9.16394182759461e-10 9.75110103773602e-10 1.058129250886e-09 1.05595421295845e-09 9.91215554080327e-10 9.39846089842433e-10 8.90798268482484e-10 8.95436447212461e-10 9.2815632957155e-10 9.23717990986006e-10 9.1392121648326e-10 9.41475675197978e-10 9.31036414630881e-10
1.45626410930078e-09 1.53039458883342e-09 1.56017887498194e-09 1.54004542451958e-09 1.62011359883252e-09 2.02013916705823e-09 2.56435073175965e-09 2.63193355998226e-09 2.37577002515366e-09 2.04809524895211e-09 1.93574223317228e-09 2.3763762069251e-09 2.44259168447059e-09 2.31733565669856e-09 2.31568475506094e-09 2.28667218493683e-09 2.10393080735116e-09 2.04503836087611e-09 2.08196171413988e-09 2.07467976132136e-09 1.79801395994161e-09 1.4008331161719e-09 1.25511745441287e-09 1.39374622953881e-09 1.64606972496983e-09 1.86637416632607e-09 2.26424345939336e-09 2.35323538433363e-09 2.04501504619259e-09 1.56337964796194e-09 1.23066423718399e-09 1.0301949293634e-09 9.44463618424152e-10 9.10579722734894e-10 8.6834173185224e-10 9.05727326472316e-10 1.00479424780531e-09 1.04536201916972e-09 1.03288733122042e-09 9.79217484875505e-10 9.4114349646901e-10 9.16048292776139e-10 8.72163341547605e-10 9.02281471759636e-10 8.96208329770332e-10 8.93341844943052e-10 9.46125733314318e-10 9.45552303122099e-10
1.55240587051964e-09 1.54194379486938e-09 1.54903478932766e-09 1.54534940399742e-09 1.71956260341943e-09 2.21611395900823e-09 2.50664200507345e-09 2.33558994366945e-09 2.13483586364305e-09 2.01582661674138e-09 2.07376316119223e-09 2.40871078638349e-09 2.38424613385746e-09 2.30031460546343e-09 2.27225926963115e-09 2.25526397557019e-09 2.06356309817579e-09 1.9015913288456e-09 1.85092752236216e-09 1.81599735249449e-09 1.83734649716882e-09 1.72084124727689e-09 1.40740874510215e-09 1.32941491148841e-09 1.5858167001781e-09 1.73058956054462e-09 1.79591475024665e-09 1.67174307730278e-09 1.35740518825145e-09 1.18323351117056e-09 1.08993181147099e-09 9.89096027304015e-10 9.65369451044751e-10 9.5934338251169e-10 9.1391672008001e-10 9.16622444613324e-10 9.90051263194403e-10 9.89309412169348e-10 1.01772812399759e-09 9.75042047102193e-10 9.06016761614836e-10 9.14315845257363e-10 8.79849693102841e-10 8.71296090831919e-10 8.74373462522726e-10 9.10333086689974e-10 9.64018864735294e-10 9.78438885468336e-10
1.61107227558688e-09 1.56178103782878e-09 1.57790769339528e-09 1.64334335028826e-09 1.88306326087684e-09 2.37168462646764e-09 2.41796938027505e-09 2.09787387461802e-09 1.99417482527053e-09 1.98172278587094e-09 2.2303956459524e-09 2.38577091415948e-09 2.31102359471436e-09 2.27706364874791e-09 2.22451124187728e-09 2.1759647417241e-09 1.9816983609644e-09 1.77434344994509e-09 1.72208536319829e-09 1.66403402168669e-09 1.63906732630892e-09 1.68934199962223e-09 1.64465496776955e-09 1.56088675318244e-09 1.49227874501889e-09 1.38166145191576e-09 1.265560767294e-09 1.1659138099418e-09 1.06885533757151e-09 1.03266895035148e-09 9.87065873481185e-10 9.53740864062524e-10 9.36382638094813e-10 9.45557632192617e-10 9.3005936285806e-10 8.83964401676707e-10 9.38137789674443e-10 9.38954469731357e-10 9.81732140026281e-10 9.65052815438128e-10 8.91274665182351e-10 8.78383754621126e-10 8.81283268583388e-10 8.50903292270999e-10 8.70140792752494e-10 9.29913090974566e-10 9.64682889126323e-10 9.90585058424642e-10
