R_scripts/int_process_data/Bio_08_2001.2020.asc
NCOLS 281 
NROWS 577 
XLLCORNER 81175.2677831308 
YLLCORNER -911.770678700996 
CELLSIZE 1000 
NODATA_value -3.4e+38 
[rows 23 to 45 of 577, columns 208 to 259 of 281]
280.538330078125 280.778472900391 280.439880371094 280.258514404297 280.073089599609 280.0234375 280.512969970703 280.842071533203 280.796264648438 280.810882568359 280.738067626953 280.522613525391 280.155456542969 279.809753417969 279.715850830078 280.023559570312 280.430725097656 280.528442382812 279.864318847656 279.261291503906 279.387268066406 279.765838623047 279.741241455078 280.086822509766 280.071411132812 279.934020996094 280.494567871094 280.993347167969 281.297515869141 281.197875976562 281.170928955078 281.316375732422 281.259307861328 281.345397949219 281.272125244141 281.323028564453 281.545318603516 281.513153076172 281.200500488281 281.309112548828 281.438934326172 281.411743164062 281.613708496094 -3.4e+38 -3.4e+38 -3.4e+38 -3.4e+38 -3.4e+38 -3.4e+38 -3.4e+38 -3.4e+38 -3.4e+38
280.203125 280.306732177734 279.964233398438 279.884490966797 279.626831054688 279.903717041016 280.452941894531 280.664123535156 280.878326416016 281.11376953125 280.9921875 280.570617675781 280.307739257812 280.122436523438 279.958374023438 280.083709716797 280.535278320312 280.407196044922 280.051422119141 279.888458251953 279.783416748047 280.068420410156 280.172882080078 280.381988525391 280.222015380859 280.141693115234 280.570068359375 281.068237304688 281.084564208984 281.311492919922 281.198486328125 281.369293212891 281.472564697266 281.402252197266 281.248718261719 281.387329101562 281.680511474609 281.603942871094 281.293823242188 281.376434326172 281.609558105469 281.531280517578 281.656433105469 -3.4e+38 -3.4e+38 -3.4e+38 -3.4e+38 -3.4e+38 -3.4e+38 -3.4e+38 -3.4e+38 -3.4e+38
280.0654296875 280.045684814453 279.926116943359 279.752563476562 279.377075195312 279.749359130859 280.227416992188 280.500091552734 280.739654541016 281.127990722656 281.037109375 280.549377441406 280.411743164062 280.360473632812 280.205413818359 280.353485107422 280.69189453125 280.450897216797 280.143646240234 280.257598876953 280.18310546875 280.327423095703 280.537384033203 280.692352294922 280.662750244141 280.642791748047 280.690124511719 281.311004638672 281.047210693359 281.283081054688 281.480377197266 281.363739013672 281.520843505859 281.465881347656 281.236694335938 281.384033203125 281.729431152344 281.696502685547 281.396759033203 281.427825927734 281.671600341797 281.804901123047 -3.4e+38 -3.4e+38 -3.4e+38 -3.4e+38 -3.4e+38 -3.4e+38 -3.4e+38 -3.4e+38 -3.4e+38 -3.4e+38
280.377258300781 280.350769042969 280.232177734375 279.859405517578 279.420288085938 279.564849853516 279.905426025391 280.350708007812 280.787872314453 281.251037597656 281.26171875 280.831939697266 280.598449707031 280.545928955078 280.38525390625 280.458709716797 280.760162353516 280.771728515625 280.503753662109 280.468444824219 280.400939941406 280.550201416016 280.788543701172 280.763610839844 280.779602050781 281.027587890625 281.187622070312 281.649749755859 281.366424560547 281.217803955078 281.558776855469 281.412811279297 281.481903076172 281.578735351562 281.370727539062 281.592132568359 281.889953613281 281.5869140625 281.382995605469 281.618957519531 281.769744873047 281.916870117188 -3.4e+38 -3.4e+38 -3.4e+38 -3.4e+38 -3.4e+38 -3.4e+38 -3.4e+38 -3.4e+38 -3.4e+38 -3.4e+38
280.681793212891 280.605224609375 280.407745361328 280.033203125 279.745483398438 279.756530761719 279.878326416016 280.377380371094 280.953338623047 281.335968017578 281.444580078125 281.061431884766 280.686920166016 280.689117431641 280.617889404297 280.543487548828 280.813018798828 281.00048828125 280.896087646484 280.664367675781 280.352966308594 280.37060546875 280.565704345703 280.381500244141 280.383392333984 280.992797851562 281.412475585938 281.671112060547 281.396911621094 281.430938720703 281.636566162109 281.492553710938 281.610168457031 281.588653564453 281.493225097656 281.856689453125 281.966888427734 281.531799316406 281.246154785156 281.442718505859 281.584503173828 281.662200927734 -3.4e+38 -3.4e+38 -3.4e+38 -3.4e+38 -3.4e+38 -3.4e+38 -3.4e+38 -3.4e+38 -3.4e+38 -3.4e+38
280.846374511719 280.855194091797 280.572723388672 280.280578613281 280.128082275391 280.110443115234 279.993072509766 280.282836914062 280.719024658203 281.09521484375 281.406890869141 281.167114257812 280.715209960938 280.767822265625 280.873046875 280.706390380859 280.946441650391 280.941619873047 280.862945556641 280.847290039062 280.622802734375 280.435668945312 280.45947265625 280.582824707031 280.635620117188 281.054565429688 281.640441894531 281.685821533203 281.475555419922 281.694305419922 281.718231201172 281.659759521484 281.753570556641 281.529022216797 281.673248291016 282.029266357422 281.843017578125 281.590972900391 281.258575439453 281.212158203125 281.307373046875 281.438934326172 -3.4e+38 -3.4e+38 -3.4e+38 -3.4e+38 -3.4e+38 -3.4e+38 -3.4e+38 -3.4e+38 -3.4e+38 -3.4e+38
281.068267822266 281.076110839844 280.825927734375 280.536315917969 280.376312255859 280.279479980469 280.075500488281 280.047180175781 280.279907226562 280.755462646484 281.34912109375 281.194213867188 280.715576171875 280.805480957031 281.063934326172 280.992767333984 281.095581054688 280.825958251953 280.654235839844 280.730072021484 280.801574707031 280.683685302734 280.767883300781 281.049285888672 281.245697021484 281.459320068359 281.770141601562 281.642120361328 281.652893066406 281.850738525391 281.786956787109 281.906982421875 281.860107421875 281.655609130859 281.903198242188 282.093048095703 281.876068115234 281.707916259766 281.590698242188 281.382507324219 281.294586181641 281.527374267578 281.747741699219 281.924743652344 282.127136230469 -3.4e+38 -3.4e+38 -3.4e+38 -3.4e+38 -3.4e+38 -3.4e+38 -3.4e+38
281.378021240234 281.302093505859 281.088134765625 280.736999511719 280.573120117188 280.396850585938 280.290405273438 280.233337402344 280.481384277344 280.907653808594 281.414215087891 281.254119873047 280.716339111328 280.766235351562 281.273162841797 281.280609130859 281.034057617188 280.83203125 280.682800292969 280.622619628906 280.729156494141 280.820556640625 280.873748779297 281.281494140625 281.588043212891 281.827972412109 281.887664794922 281.853851318359 281.900512695312 281.914703369141 281.880981445312 282.056274414062 281.953094482422 281.842987060547 282.063049316406 282.031494140625 281.935882568359 281.787445068359 281.633972167969 281.440673828125 281.451782226562 281.731689453125 281.859802246094 281.948669433594 282.237854003906 -3.4e+38 -3.4e+38 -3.4e+38 -3.4e+38 -3.4e+38 -3.4e+38 -3.4e+38
281.514282226562 281.236724853516 281.087371826172 281.001312255859 280.829956054688 280.531768798828 280.497009277344 280.543975830078 280.797210693359 281.21728515625 281.571746826172 281.320159912109 280.939392089844 280.811431884766 281.278747558594 281.409210205078 281.093017578125 280.930694580078 280.797302246094 280.674835205078 280.745086669922 280.939056396484 281.035797119141 281.23828125 281.539733886719 281.772857666016 282.015808105469 281.999755859375 281.967620849609 281.921051025391 281.995483398438 282.0673828125 282.00537109375 282.097717285156 282.178619384766 281.970001220703 281.725646972656 281.528533935547 281.411346435547 281.392120361328 281.516021728516 281.808013916016 281.950164794922 282.038238525391 282.309692382812 -3.4e+38 -3.4e+38 -3.4e+38 -3.4e+38 -3.4e+38 -3.4e+38 -3.4e+38
281.369232177734 281.050537109375 281.094970703125 281.310546875 281.112152099609 280.644653320312 280.589050292969 280.777252197266 281.068023681641 281.4697265625 281.679473876953 281.491394042969 281.241882324219 281.091888427734 281.263885498047 281.519744873047 281.249969482422 280.936004638672 280.782348632812 280.729431152344 280.822418212891 281.043243408203 281.172515869141 281.254119873047 281.493194580078 281.809417724609 282.054107666016 282.038909912109 282.023345947266 282.020843505859 282.144348144531 282.142303466797 282.196075439453 282.212982177734 282.048004150391 281.827087402344 281.675323486328 281.467346191406 281.232360839844 281.326293945312 281.617584228516 281.760925292969 281.872833251953 282.177154541016 282.363616943359 -3.4e+38 -3.4e+38 -3.4e+38 -3.4e+38 -3.4e+38 -3.4e+38 -3.4e+38
281.362884521484 281.211608886719 281.280792236328 281.494201660156 281.417144775391 280.996917724609 280.799468994141 280.982666015625 281.203460693359 281.669097900391 281.823669433594 281.533294677734 281.46337890625 281.579528808594 281.613006591797 281.407257080078 281.111999511719 280.854827880859 280.709228515625 280.832336425781 280.90869140625 281.106292724609 281.291381835938 281.305358886719 281.603454589844 281.923614501953 282.080352783203 282.060577392578 282.054656982422 282.115783691406 282.221405029297 282.291076660156 282.284820556641 282.019744873047 281.7080078125 281.501312255859 281.482727050781 281.626556396484 281.353485107422 281.387725830078 281.71337890625 281.879852294922 281.924530029297 282.173431396484 282.387878417969 -3.4e+38 -3.4e+38 -3.4e+38 -3.4e+38 -3.4e+38 -3.4e+38 -3.4e+38
281.563140869141 281.539154052734 281.641662597656 281.755004882812 281.698425292969 281.649749755859 281.372222900391 281.364013671875 281.454925537109 281.85791015625 281.818511962891 281.742553710938 281.830322265625 281.781341552734 281.62060546875 281.217864990234 280.950286865234 280.863647460938 280.753479003906 280.924438476562 281.0869140625 281.247955322266 281.472900390625 281.500244140625 281.800842285156 282.074340820312 282.132751464844 282.007537841797 282.015625 282.162628173828 282.318084716797 282.406280517578 282.285186767578 281.918548583984 281.474609375 281.213531494141 281.211273193359 281.368804931641 281.431549072266 281.554565429688 281.769714355469 281.925445556641 282.088317871094 282.249969482422 282.446472167969 -3.4e+38 -3.4e+38 -3.4e+38 -3.4e+38 -3.4e+38 -3.4e+38 -3.4e+38
281.594329833984 281.768035888672 281.857177734375 281.867553710938 281.96044921875 282.151977539062 282.028045654297 281.626129150391 281.726257324219 282.038635253906 281.857116699219 281.662963867188 281.617919921875 281.419799804688 281.293670654297 281.041351318359 280.7958984375 280.750183105469 280.958526611328 281.138732910156 281.264984130859 281.373962402344 281.623016357422 281.836456298828 281.93798828125 282.081176757812 282.193603515625 282.109710693359 282.150787353516 282.299621582031 282.450927734375 282.408843994141 282.149200439453 281.830963134766 281.547698974609 281.277069091797 281.325439453125 281.378631591797 281.460144042969 281.692443847656 281.861022949219 281.937377929688 282.209533691406 282.474670410156 282.486328125 -3.4e+38 -3.4e+38 -3.4e+38 -3.4e+38 -3.4e+38 -3.4e+38 -3.4e+38
281.507629394531 281.944671630859 281.897216796875 281.850402832031 282.212432861328 282.523406982422 282.393249511719 281.887634277344 281.916473388672 281.95703125 281.774200439453 281.684875488281 281.44921875 281.226531982422 281.016418457031 280.70751953125 280.514068603516 280.617034912109 280.9765625 281.283447265625 281.437133789062 281.479309082031 281.679931640625 281.874053955078 281.820220947266 282.013671875 282.246490478516 282.277557373047 282.303161621094 282.406555175781 282.57275390625 282.402862548828 281.933349609375 281.586486816406 281.473571777344 281.442932128906 281.448760986328 281.567138671875 281.63330078125 281.747039794922 281.952880859375 282.129791259766 282.386047363281 282.616760253906 -3.4e+38 -3.4e+38 -3.4e+38 -3.4e+38 -3.4e+38 -3.4e+38 -3.4e+38 -3.4e+38
282.038879394531 282.06982421875 281.676940917969 281.782958984375 282.505737304688 282.572052001953 281.953887939453 281.855224609375 281.897430419922 281.588836669922 281.392364501953 281.657318115234 281.643676757812 281.371673583984 281.029510498047 280.629943847656 280.357666015625 280.5712890625 280.853118896484 281.169250488281 281.505126953125 281.609008789062 281.649963378906 281.780975341797 281.777374267578 281.9169921875 282.084838867188 282.252685546875 282.382354736328 282.540435791016 282.683471679688 282.419342041016 282.014923095703 281.735748291016 281.509429931641 281.526519775391 281.600769042969 281.708160400391 281.835113525391 281.873748779297 282.049346923828 282.306976318359 282.535247802734 -3.4e+38 -3.4e+38 -3.4e+38 -3.4e+38 -3.4e+38 -3.4e+38 -3.4e+38 -3.4e+38 -3.4e+38
282.447814941406 282.211456298828 281.921722412109 282.234619140625 282.615814208984 282.519500732422 281.859832763672 281.428405761719 281.453643798828 281.438507080078 281.216125488281 281.394622802734 281.665618896484 281.582275390625 281.163269042969 280.651062011719 280.288330078125 280.47998046875 280.853485107422 281.177093505859 281.453857421875 281.653045654297 281.712005615234 281.801177978516 281.818817138672 281.643798828125 281.861145019531 282.21630859375 282.356994628906 282.549468994141 282.617462158203 282.518463134766 282.309539794922 282.111999511719 281.739166259766 281.677520751953 281.699615478516 281.772491455078 281.956207275391 282.036468505859 282.147674560547 282.275543212891 282.533081054688 -3.4e+38 -3.4e+38 -3.4e+38 -3.4e+38 -3.4e+38 -3.4e+38 -3.4e+38 -3.4e+38 -3.4e+38
282.4677734375 282.624542236328 282.629333496094 282.691833496094 282.51953125 282.274047851562 282.044372558594 281.569396972656 281.200408935547 281.135559082031 281.125732421875 281.294036865234 281.42578125 281.413055419922 281.263305664062 280.819305419922 280.436096191406 280.461883544922 280.870788574219 281.265747070312 281.535095214844 281.697296142578 281.807647705078 281.744201660156 281.642059326172 281.583709716797 281.897155761719 282.269683837891 282.382690429688 282.411834716797 282.297210693359 282.531036376953 282.522277832031 282.140350341797 281.929565429688 281.924835205078 281.863372802734 281.891662597656 282.094940185547 282.219177246094 282.192352294922 282.22119140625 282.543395996094 -3.4e+38 -3.4e+38 -3.4e+38 -3.4e+38 -3.4e+38 -3.4e+38 -3.4e+38 -3.4e+38 -3.4e+38
282.798248291016 282.589141845703 282.338287353516 282.083282470703 281.922058105469 281.709899902344 281.614776611328 281.729675292969 281.19873046875 280.699096679688 280.832916259766 281.005615234375 281.137237548828 281.147247314453 281.286315917969 281.034057617188 280.688171386719 280.425842285156 280.73095703125 281.240264892578 281.521514892578 281.702850341797 281.791351318359 281.632385253906 281.464904785156 281.62451171875 281.808074951172 282.104949951172 282.544860839844 282.632690429688 282.447692871094 282.542205810547 282.568878173828 282.23095703125 282.186248779297 282.145965576172 282.057312011719 281.978240966797 282.139892578125 282.314697265625 282.355895996094 282.38720703125 282.644805908203 -3.4e+38 -3.4e+38 -3.4e+38 -3.4e+38 -3.4e+38 -3.4e+38 -3.4e+38 -3.4e+38 -3.4e+38
282.563903808594 281.948547363281 281.639434814453 281.539184570312 281.451171875 281.288909912109 281.151153564453 281.303039550781 281.2978515625 280.975677490234 280.691040039062 280.630767822266 280.799530029297 281.037994384766 281.061828613281 280.850067138672 280.662963867188 280.388702392578 280.475219726562 281.048889160156 281.485961914062 281.658294677734 281.697662353516 281.571044921875 281.464965820312 281.588134765625 281.651519775391 281.974731445312 282.561553955078 282.833190917969 282.632934570312 282.549987792969 282.624084472656 282.435577392578 282.333679199219 282.226928710938 282.119964599609 282.006866455078 282.166595458984 282.373046875 282.435821533203 282.613800048828 282.769226074219 -3.4e+38 -3.4e+38 -3.4e+38 -3.4e+38 -3.4e+38 -3.4e+38 -3.4e+38 -3.4e+38 -3.4e+38
282.354278564453 281.858642578125 281.613739013672 281.625396728516 281.546020507812 281.296447753906 281.164733886719 281.138732910156 281.118011474609 281.028533935547 280.909118652344 280.694946289062 280.660064697266 280.786682128906 280.648590087891 280.548889160156 280.446899414062 280.327209472656 280.572052001953 281.012908935547 281.399078369141 281.565399169922 281.626770019531 281.620574951172 281.619598388672 281.733123779297 281.865417480469 282.258728027344 282.719665527344 282.755584716797 282.658935546875 282.649078369141 282.626495361328 282.4404296875 282.254791259766 282.080413818359 281.943298339844 281.99755859375 282.246673583984 282.475219726562 282.448699951172 282.748840332031 -3.4e+38 -3.4e+38 -3.4e+38 -3.4e+38 -3.4e+38 -3.4e+38 -3.4e+38 -3.4e+38 -3.4e+38 -3.4e+38
282.395538330078 282.193420410156 281.882995605469 281.807983398438 281.615814208984 281.328063964844 281.248809814453 281.37158203125 281.156982421875 280.916778564453 280.907165527344 280.859985351562 280.757080078125 280.650390625 280.455413818359 280.250701904297 280.155700683594 280.354431152344 280.822052001953 281.263366699219 281.489929199219 281.627136230469 281.656219482422 281.703582763672 281.784545898438 281.970550537109 282.141204833984 282.488555908203 282.648590087891 282.233978271484 282.288757324219 282.686950683594 282.803527832031 282.5185546875 282.327209472656 282.128387451172 281.957092285156 282.082183837891 282.36279296875 282.548553466797 282.608123779297 282.840301513672 -3.4e+38 -3.4e+38 -3.4e+38 -3.4e+38 -3.4e+38 -3.4e+38 -3.4e+38 -3.4e+38 -3.4e+38 -3.4e+38
281.960754394531 282.077911376953 282.054382324219 281.7998046875 281.580261230469 281.363708496094 281.265289306641 281.503845214844 281.343780517578 281.079650878906 281.0390625 280.907592773438 280.931976318359 280.836242675781 280.563842773438 280.200164794922 279.998291015625 280.290069580078 280.778106689453 281.256622314453 281.54248046875 281.558807373047 281.67529296875 281.777008056641 281.962677001953 282.19384765625 282.280975341797 282.529174804688 282.299407958984 281.816650390625 281.923065185547 282.348571777344 282.786987304688 282.382965087891 282.151947021484 282.029113769531 281.972229003906 282.154693603516 282.414520263672 282.630126953125 282.747894287109 282.841339111328 -3.4e+38 -3.4e+38 -3.4e+38 -3.4e+38 -3.4e+38 -3.4e+38 -3.4e+38 -3.4e+38 -3.4e+38 -3.4e+38
282.197662353516 281.855163574219 281.803436279297 281.779144287109 281.582336425781 281.344146728516 281.331268310547 281.648406982422 281.578430175781 281.269256591797 281.406921386719 281.303344726562 281.156524658203 281.048706054688 280.686950683594 280.290893554688 279.974334716797 280.136871337891 280.744049072266 281.098480224609 281.500701904297 281.614624023438 281.731506347656 281.904571533203 282.093933105469 282.02880859375 282.167999267578 282.248779296875 281.793975830078 281.653564453125 281.896942138672 282.134124755859 282.56396484375 282.44140625 281.919525146484 281.861206054688 281.931274414062 282.150482177734 282.431762695312 282.671936035156 282.627136230469 282.678619384766 -3.4e+38 -3.4e+38 -3.4e+38 -3.4e+38 -3.4e+38 -3.4e+38 -3.4e+38 -3.4e+38 -3.4e+38 -3.4e+38
