R_scripts/int_process_data/Bio_15_2001.2020.asc
NCOLS 281 
NROWS 577 
XLLCORNER 81175.2677831308 
YLLCORNER -911.770678700996 
CELLSIZE 1000 
NODATA_value -3.4e+38 
[rows 460 to 482 of 577, columns 50 to 99 of 281]
-3.4e+38 -3.4e+38 -3.4e+38 -3.4e+38 -3.4e+38 -3.4e+38 0.982448518276215 0.979919970035553 0.977628707885742 0.975309669971466 0.972960770130157 0.97065544128418 0.968284130096436 0.965945303440094 0.963873267173767 0.963033139705658 0.962419211864471 0.961676895618439 0.96070271730423 0.959612190723419 0.95859968662262 0.958377540111542 0.958018600940704 0.957391858100891 0.956892311573029 0.956626772880554 0.956074416637421 0.955675423145294 0.95560359954834 0.955566823482513 0.95552659034729 0.955227553844452 0.954171001911163 0.953020036220551 0.952648401260376 0.952438414096832 0.952422797679901 0.9527667760849 0.953517436981201 0.954467117786407 0.955638825893402 0.95621657371521 0.955907464027405 0.956006586551666 0.956621885299683 0.95727676153183 0.958700001239777 0.959026396274567 0.958818256855011 0.958788514137268
-3.4e+38 -3.4e+38 -3.4e+38 -3.4e+38 -3.4e+38 -3.4e+38 0.982653379440308 0.980213761329651 0.977907657623291 0.975579798221588 0.973224699497223 0.970928311347961 0.968555927276611 0.966228783130646 0.963914096355438 0.962697625160217 0.961990833282471 0.961157560348511 0.959975838661194 0.958678841590881 0.957939028739929 0.957908511161804 0.957797586917877 0.957337021827698 0.956659734249115 0.956359207630157 0.955960154533386 0.955524623394012 0.95521354675293 0.95501309633255 0.954887270927429 0.954931735992432 0.954392611980438 0.953415930271149 0.953002512454987 0.952669501304626 0.952556073665619 0.952885627746582 0.953835308551788 0.954874455928802 0.955357134342194 0.955141067504883 0.955193281173706 0.955823659896851 0.956649005413055 0.957418143749237 0.959171175956726 0.959476351737976 0.95948326587677 0.959390819072723
-3.4e+38 -3.4e+38 -3.4e+38 -3.4e+38 -3.4e+38 0.985478639602661 0.982962906360626 0.980639278888702 0.97832328081131 0.97594678401947 0.973570466041565 0.971276640892029 0.968905031681061 0.966530799865723 0.964098930358887 0.962799608707428 0.962067842483521 0.961203634738922 0.959822237491608 0.958263099193573 0.957804083824158 0.957897245883942 0.957879543304443 0.957700431346893 0.957206904888153 0.956677079200745 0.956373989582062 0.955836713314056 0.955608904361725 0.955276668071747 0.95482736825943 0.954756021499634 0.954794526100159 0.954363942146301 0.954096138477325 0.953554689884186 0.953464806079865 0.953626155853271 0.954389095306396 0.954908311367035 0.954456210136414 0.954564988613129 0.955292701721191 0.956006407737732 0.956742405891418 0.957837760448456 0.95917546749115 0.958876609802246 0.959090173244476 0.959550261497498
-3.4e+38 -3.4e+38 -3.4e+38 -3.4e+38 0.98804384469986 0.98578804731369 0.983350038528442 0.981115937232971 0.978807628154755 0.976392805576324 0.974002778530121 0.971683084964752 0.969265580177307 0.966747343540192 0.964224338531494 0.962889552116394 0.962135016918182 0.961143374443054 0.959633111953735 0.958268523216248 0.95804089307785 0.958030462265015 0.957962393760681 0.957885444164276 0.9577397108078 0.957267105579376 0.956859648227692 0.956474423408508 0.956057906150818 0.955906569957733 0.955191671848297 0.954660892486572 0.954577565193176 0.954384684562683 0.954526245594025 0.954452693462372 0.954452335834503 0.954580962657928 0.954567134380341 0.954040825366974 0.953995823860168 0.954712092876434 0.955745935440063 0.95667177438736 0.957460403442383 0.958648562431335 0.958990335464478 0.958326101303101 0.958183228969574 0.958792626857758
-3.4e+38 -3.4e+38 0.993114531040192 0.990703821182251 0.988340020179749 0.985821664333344 0.983404815196991 0.98121178150177 0.979072511196136 0.976776659488678 0.974434852600098 0.972084820270538 0.969558537006378 0.966963768005371 0.964406847953796 0.963090002536774 0.962334752082825 0.961076080799103 0.959392488002777 0.958709955215454 0.958579659461975 0.958410441875458 0.958268761634827 0.958080768585205 0.957867026329041 0.957704901695251 0.957436501979828 0.957088828086853 0.95631742477417 0.956147253513336 0.955898940563202 0.955327987670898 0.955051779747009 0.954490423202515 0.954016149044037 0.954210340976715 0.954162836074829 0.954099178314209 0.953618705272675 0.953127801418304 0.953778862953186 0.954778254032135 0.955829322338104 0.956985533237457 0.958203732967377 0.959054470062256 0.958465158939362 0.957926690578461 0.957801520824432 0.958317220211029
-3.4e+38 -3.4e+38 0.99357283115387 0.991199672222137 0.988662540912628 0.986044406890869 0.983364582061768 0.981132686138153 0.979360461235046 0.977178990840912 0.974810004234314 0.972369074821472 0.969755709171295 0.967162787914276 0.964648425579071 0.963438510894775 0.962624251842499 0.961244225502014 0.959554374217987 0.959135949611664 0.959061682224274 0.958884298801422 0.958431303501129 0.957935392856598 0.957668304443359 0.957625925540924 0.957721889019012 0.957730114459991 0.957008361816406 0.956308364868164 0.956131279468536 0.956170797348022 0.956221997737885 0.955537974834442 0.954392433166504 0.953661322593689 0.953214049339294 0.953156888484955 0.953194916248322 0.953288793563843 0.953496992588043 0.954397261142731 0.955681443214417 0.956793963909149 0.958192050457001 0.959098756313324 0.958158075809479 0.957546472549438 0.957740545272827 0.958089828491211
-3.4e+38 -3.4e+38 0.994065880775452 0.991925835609436 0.989549815654755 0.986987411975861 0.984179496765137 0.981772005558014 0.979912400245667 0.977652490139008 0.975130617618561 0.972665429115295 0.970069468021393 0.967456161975861 0.965000927448273 0.963753223419189 0.962845623493195 0.961497843265533 0.959883987903595 0.959340572357178 0.959322571754456 0.958887696266174 0.958132088184357 0.957709789276123 0.957588970661163 0.95739072561264 0.957434356212616 0.95770400762558 0.957732915878296 0.957116305828094 0.956371665000916 0.956217646598816 0.956500470638275 0.95641678571701 0.955413699150085 0.954168736934662 0.953502416610718 0.953321099281311 0.953624665737152 0.953684628009796 0.953910648822784 0.954729318618774 0.955685019493103 0.956478357315063 0.957959771156311 0.959257900714874 0.958684265613556 0.95801830291748 0.958059132099152 0.958085238933563
-3.4e+38 -3.4e+38 0.994339108467102 -3.4e+38 0.989976644515991 0.988002121448517 0.985491931438446 0.983068943023682 0.9807488322258 0.978306829929352 0.97569614648819 0.973116457462311 0.970480978488922 0.967862188816071 0.965386569499969 0.964076936244965 0.9631068110466 0.961453139781952 0.959786891937256 0.959347188472748 0.959308087825775 0.958697140216827 0.958156228065491 0.95794278383255 0.957763135433197 0.957496762275696 0.957493305206299 0.957538902759552 0.957902312278748 0.958094954490662 0.95755809545517 0.956608772277832 0.956485688686371 0.956810057163239 0.956374943256378 0.955278217792511 0.954452395439148 0.953824639320374 0.953972399234772 0.954179167747498 0.954543828964233 0.955104231834412 0.955764830112457 0.956315517425537 0.957568168640137 0.958993017673492 0.958740293979645 0.958924531936646 0.958526611328125 0.9581378698349
-3.4e+38 -3.4e+38 -3.4e+38 -3.4e+38 -3.4e+38 0.988767445087433 -3.4e+38 -3.4e+38 0.981694638729095 0.979104042053223 0.976329743862152 0.973655641078949 0.970920026302338 0.968153536319733 0.965541183948517 0.964212894439697 0.963182330131531 0.961507797241211 0.959922552108765 0.959357798099518 0.959143996238708 0.958790123462677 0.958681762218475 0.95850670337677 0.958333551883698 0.958275556564331 0.958015263080597 0.958197414875031 0.95825183391571 0.958085834980011 0.958222031593323 0.957788646221161 0.957430481910706 0.957171380519867 0.956903159618378 0.956515908241272 0.955761075019836 0.954629123210907 0.954373776912689 0.954756081104279 0.955131471157074 0.955449223518372 0.955865204334259 0.956059157848358 0.95741868019104 0.958553552627563 0.957470536231995 0.95871889591217 0.959004700183868 0.958351254463196
-3.4e+38 -3.4e+38 -3.4e+38 -3.4e+38 -3.4e+38 -3.4e+38 -3.4e+38 -3.4e+38 -3.4e+38 0.979510128498077 0.976823329925537 0.973942220211029 0.971072137355804 0.968273222446442 0.965708673000336 0.964351832866669 0.963186085224152 0.961376011371613 0.959961771965027 0.95932400226593 0.958974242210388 0.959058463573456 0.959160685539246 0.959101676940918 0.959094524383545 0.959116697311401 0.958948016166687 0.958890795707703 0.957944393157959 0.957655549049377 0.957675099372864 0.95761102437973 0.956870973110199 0.956142842769623 0.955852389335632 0.956057250499725 0.956440567970276 0.956180393695831 0.955429434776306 0.955089628696442 0.955393254756927 0.955753922462463 0.956011414527893 0.956480205059052 0.958096385002136 0.958162248134613 0.956477522850037 0.957711756229401 0.95923638343811 0.95869904756546
-3.4e+38 -3.4e+38 -3.4e+38 -3.4e+38 -3.4e+38 -3.4e+38 -3.4e+38 -3.4e+38 -3.4e+38 0.979407012462616 0.977375090122223 0.974289178848267 0.971421897411346 0.968599498271942 0.965964138507843 0.964605152606964 0.963520467281342 0.961908638477325 0.960588574409485 0.959363698959351 0.958517849445343 0.958774745464325 0.958893060684204 0.958932101726532 0.959111332893372 0.95930677652359 0.959471523761749 0.958829939365387 0.957595527172089 0.957231104373932 0.957319915294647 0.957442104816437 0.956488072872162 0.955578029155731 0.955369353294373 0.955649852752686 0.955990016460419 0.95678848028183 0.956898629665375 0.955837190151215 0.955788969993591 0.955874025821686 0.956150472164154 0.9573854804039 0.958153784275055 0.956847727298737 0.955977976322174 0.956954598426819 0.958991587162018 0.958855867385864
-3.4e+38 -3.4e+38 -3.4e+38 -3.4e+38 -3.4e+38 -3.4e+38 -3.4e+38 -3.4e+38 -3.4e+38 0.979887068271637 0.977668225765228 0.974742412567139 0.971817851066589 0.968924045562744 0.966280043125153 0.965081334114075 0.964067697525024 0.962919414043427 0.961423933506012 0.959453940391541 0.95821475982666 0.958309948444366 0.958552896976471 0.958973050117493 0.959237217903137 0.959417045116425 0.959519267082214 0.958376884460449 0.95729523897171 0.957006275653839 0.957293152809143 0.957339107990265 0.956782698631287 0.956185698509216 0.95581841468811 0.955589473247528 0.955419778823853 0.955985724925995 0.957057893276215 0.957417190074921 0.956935584545135 0.956531345844269 0.956663429737091 0.95806759595871 0.957459986209869 0.955606162548065 0.955762088298798 0.956846833229065 0.95881712436676 0.959117412567139
-3.4e+38 -3.4e+38 -3.4e+38 -3.4e+38 -3.4e+38 -3.4e+38 -3.4e+38 -3.4e+38 -3.4e+38 -3.4e+38 0.977801263332367 0.975017905235291 0.971823215484619 0.968985021114349 0.96639746427536 0.965145528316498 0.96417635679245 0.963056445121765 0.961232125759125 0.959438979625702 0.958876550197601 0.958744525909424 0.95869392156601 0.95890873670578 0.959136307239532 0.959326863288879 0.958920180797577 0.958379864692688 0.95750218629837 0.957214295864105 0.957234740257263 0.957295477390289 0.957355797290802 0.956938505172729 0.956537306308746 0.956179678440094 0.955626666545868 0.955713152885437 0.956463217735291 0.957360327243805 0.958171367645264 0.957925081253052 0.957592666149139 0.958451449871063 0.957484185695648 0.955446004867554 0.955596268177032 0.956767797470093 0.958641111850739 0.958860158920288
-3.4e+38 -3.4e+38 -3.4e+38 -3.4e+38 -3.4e+38 -3.4e+38 -3.4e+38 -3.4e+38 -3.4e+38 -3.4e+38 0.978156566619873 0.97525429725647 0.971901714801788 0.968994975090027 0.966243803501129 0.964633464813232 0.963484466075897 0.962276041507721 0.96087509393692 0.959818363189697 0.959716379642487 0.959733963012695 0.959554433822632 0.959421515464783 0.959385931491852 0.959259450435638 0.958625853061676 0.958129405975342 0.957862675189972 0.957770049571991 0.95758730173111 0.957573294639587 0.95768404006958 0.957324743270874 0.957012534141541 0.957003116607666 0.9565749168396 0.956575870513916 0.956950724124908 0.957211792469025 0.957967221736908 0.958652913570404 0.959005832672119 0.958686530590057 0.956735670566559 0.955578327178955 0.955644309520721 0.956949651241302 0.95857185125351 0.958402037620544
-3.4e+38 -3.4e+38 -3.4e+38 -3.4e+38 -3.4e+38 -3.4e+38 -3.4e+38 -3.4e+38 -3.4e+38 -3.4e+38 0.978485345840454 0.975464820861816 0.972019374370575 0.968995213508606 0.966002404689789 0.963981091976166 0.961982250213623 0.960951745510101 0.960544288158417 0.960366368293762 0.960128486156464 0.960230648517609 0.9602872133255 0.960151970386505 0.959862470626831 0.959523737430573 0.958918273448944 0.958090126514435 0.957897007465363 0.958173990249634 0.958124399185181 0.957984983921051 0.957736313343048 0.957295060157776 0.956970751285553 0.957058191299438 0.956972658634186 0.956898093223572 0.957215309143066 0.957469999790192 0.957563579082489 0.958650410175323 0.959269762039185 0.95790308713913 0.956226766109467 0.955720782279968 0.955779552459717 0.956857740879059 0.958470702171326 0.958087921142578
-3.4e+38 -3.4e+38 -3.4e+38 -3.4e+38 -3.4e+38 -3.4e+38 -3.4e+38 -3.4e+38 -3.4e+38 -3.4e+38 0.978916227817535 0.975683808326721 0.972088098526001 0.969041109085083 0.965864062309265 0.963393688201904 0.961296737194061 0.96037620306015 0.960438668727875 0.960675120353699 0.960615992546082 0.960480868816376 0.960188508033752 0.960428774356842 0.96064966917038 0.960090756416321 0.959308683872223 0.958715438842773 0.95815247297287 0.958409547805786 0.958669066429138 0.958517491817474 0.958027303218842 0.957333207130432 0.956900894641876 0.956809520721436 0.956681609153748 0.956548869609833 0.956681728363037 0.956783413887024 0.957264482975006 0.959038913249969 0.958982348442078 0.956988036632538 0.95607328414917 0.955757617950439 0.95593935251236 0.957032680511475 0.958624422550201 0.957806885242462
-3.4e+38 -3.4e+38 -3.4e+38 -3.4e+38 -3.4e+38 -3.4e+38 -3.4e+38 -3.4e+38 -3.4e+38 -3.4e+38 0.979194939136505 0.975952625274658 0.972358405590057 0.969326376914978 0.966009140014648 0.963178634643555 0.961202263832092 0.960511207580566 0.960604667663574 0.960733354091644 0.960916697978973 0.960984706878662 0.960266590118408 0.960472702980042 0.961193740367889 0.960759162902832 0.95992237329483 0.959554851055145 0.959124565124512 0.959005534648895 0.959102094173431 0.958806574344635 0.958111703395844 0.957435250282288 0.956979870796204 0.956814169883728 0.956548929214478 0.956481099128723 0.956499457359314 0.956865668296814 0.958061754703522 0.959411799907684 0.959047853946686 0.957143068313599 0.95608788728714 0.955742061138153 0.956000864505768 0.957461535930634 0.958843648433685 0.957316339015961
-3.4e+38 -3.4e+38 -3.4e+38 -3.4e+38 -3.4e+38 -3.4e+38 -3.4e+38 -3.4e+38 -3.4e+38 -3.4e+38 0.979530274868011 0.976219832897186 0.972656071186066 0.969615638256073 0.966338336467743 0.963226854801178 0.961159825325012 0.96035498380661 0.960443794727325 0.960878968238831 0.961197376251221 0.961467564105988 0.961184203624725 0.961055219173431 0.961263537406921 0.961108565330505 0.960639595985413 0.96028596162796 0.959706008434296 0.959644913673401 0.959508180618286 0.958773851394653 0.958070516586304 0.957755506038666 0.957485318183899 0.956964492797852 0.956998586654663 0.957213044166565 0.957444667816162 0.958428084850311 0.959258139133453 0.959042131900787 0.959042191505432 0.957671701908112 0.956257820129395 0.955859959125519 0.956288695335388 0.957950532436371 0.958856642246246 0.956839382648468
-3.4e+38 -3.4e+38 -3.4e+38 -3.4e+38 -3.4e+38 -3.4e+38 -3.4e+38 -3.4e+38 -3.4e+38 -3.4e+38 0.980004131793976 0.976741790771484 0.972918629646301 0.969792246818542 0.966672301292419 0.964117527008057 0.961630642414093 0.960149526596069 0.960249423980713 0.960820376873016 0.961175441741943 0.961069881916046 0.961285829544067 0.961327254772186 0.960658490657806 0.960453271865845 0.960883557796478 0.961208283901215 0.960497975349426 0.960133135318756 0.959757030010223 0.958911597728729 0.958645045757294 0.958355307579041 0.958432376384735 0.95791482925415 0.958318471908569 0.958868265151978 0.959087908267975 0.95943295955658 0.958642780780792 0.957870960235596 0.958747208118439 0.958232223987579 0.956606507301331 0.956133425235748 0.956551671028137 0.958191394805908 0.959027349948883 0.956994414329529
-3.4e+38 -3.4e+38 -3.4e+38 -3.4e+38 -3.4e+38 -3.4e+38 -3.4e+38 -3.4e+38 -3.4e+38 0.982784450054169 0.98062938451767 0.977109670639038 0.97337406873703 0.970188796520233 0.967006087303162 0.964565753936768 0.961149871349335 0.959673881530762 0.960037708282471 0.960646152496338 0.961133360862732 0.961251437664032 0.961393058300018 0.960915625095367 0.959161221981049 0.959400594234467 0.960415363311768 0.961165726184845 0.961377084255219 0.960729837417603 0.96007913351059 0.959445416927338 0.959452569484711 0.959450483322144 0.959673523902893 0.959604382514954 0.959683239459991 0.959458529949188 0.958981812000275 0.958454549312592 0.957535922527313 0.957453310489655 0.958546280860901 0.958522796630859 0.956884562969208 0.956489384174347 0.956741213798523 0.958284735679626 0.959413290023804 0.957643210887909
-3.4e+38 -3.4e+38 -3.4e+38 -3.4e+38 -3.4e+38 -3.4e+38 -3.4e+38 -3.4e+38 -3.4e+38 -3.4e+38 0.980722963809967 0.977396905422211 0.973731458187103 0.970442891120911 0.967100560665131 0.964078545570374 0.96073442697525 0.959263384342194 0.959115624427795 0.960179328918457 0.961049735546112 0.961074471473694 0.961023092269897 0.960277438163757 0.958571255207062 0.958116710186005 0.959114491939545 0.960103631019592 0.96089905500412 0.961315810680389 0.961182177066803 0.9606032371521 0.960658371448517 0.9605393409729 0.960023045539856 0.959702730178833 0.958804309368134 0.95818430185318 0.957697331905365 0.957468807697296 0.957580327987671 0.958177328109741 0.959162056446075 0.958841681480408 0.957582235336304 0.956942677497864 0.956931710243225 0.958286881446838 0.959745228290558 0.95845091342926
-3.4e+38 -3.4e+38 -3.4e+38 -3.4e+38 -3.4e+38 -3.4e+38 -3.4e+38 -3.4e+38 -3.4e+38 -3.4e+38 0.980705320835114 0.97736918926239 0.97356390953064 0.970367848873138 0.967142462730408 0.964056611061096 0.960977137088776 0.95848548412323 0.95730185508728 0.958821713924408 0.959745585918427 0.960224568843842 0.960199773311615 0.959570169448853 0.958973109722137 0.957375645637512 0.957395553588867 0.959063053131104 0.960146546363831 0.960858881473541 0.961057662963867 0.960851848125458 0.960652709007263 0.960004329681396 0.959123015403748 0.959068477153778 0.957984983921051 0.957457900047302 0.957474708557129 0.957817912101746 0.958519995212555 0.959182322025299 0.959679007530212 0.95914101600647 0.957964301109314 0.957287311553955 0.957017958164215 0.957960546016693 0.959549009799957 0.958596467971802
-3.4e+38 -3.4e+38 -3.4e+38 -3.4e+38 -3.4e+38 -3.4e+38 -3.4e+38 -3.4e+38 -3.4e+38 -3.4e+38 0.980755031108856 0.977152824401855 0.973412573337555 0.970121085643768 0.966932773590088 0.963548064231873 0.959591150283813 0.95695161819458 0.955780565738678 0.956825017929077 0.958784103393555 0.959348380565643 0.958968579769135 0.959173560142517 0.959100723266602 0.957564771175385 0.956342995166779 0.957814812660217 0.959400594234467 0.96003133058548 0.959777891635895 0.959656298160553 0.95936781167984 0.959302365779877 0.958574771881104 0.958694934844971 0.957955300807953 0.957763612270355 0.958002030849457 0.958481729030609 0.958514034748077 0.959436357021332 0.959762215614319 0.959116578102112 0.958261966705322 0.957234442234039 0.957111120223999 0.958066523075104 0.959176242351532 0.958766102790833
