R_scripts/int_process_data/Bio_11.asc
NCOLS 281 
NROWS 576 
XLLCORNER 81175.2677831308 
YLLCORNER 88.2293212990044 
CELLSIZE 1000 
NODATA_value -3.4e+38 
[rows 437 to 459 of 576, columns 52 to 103 of 281]
-3.4e+38 -3.4e+38 -3.4e+38 -3.4e+38 -3.4e+38 -3.4e+38 -3.4e+38 -3.4e+38 -3.4e+38 -3.4e+38 12.2119388580322 12.1699161529541 12.1317319869995 12.0968828201294 12.0649509429932 12.0355834960938 12.0084848403931 11.9793968200684 11.9332590103149 11.8871212005615 11.8409833908081 11.7948455810547 11.7487077713013 11.7025699615479 11.6564321517944 11.610294342041 11.5641565322876 11.5246410369873 11.5225009918213 11.520359992981 11.5182199478149 11.5160789489746 11.5139389038086 11.5117979049683 11.5096578598022 11.5075168609619 11.5053768157959 11.5006408691406 11.4764251708984 11.4522094726562 11.4279937744141 11.4037780761719 11.3795623779297 11.3553466796875 11.3311309814453 11.3069162368774 11.2827005386353 11.2603950500488 11.2587566375732 11.2571172714233 11.2554788589478 11.2538394927979
-3.4e+38 -3.4e+38 -3.4e+38 -3.4e+38 -3.4e+38 -3.4e+38 -3.4e+38 -3.4e+38 -3.4e+38 -3.4e+38 12.1794910430908 12.1340522766113 12.0941905975342 12.0589389801025 12.0275411605835 11.9993982315063 11.9740285873413 11.9466333389282 11.9005060195923 11.8543787002563 11.8082513809204 11.7621240615845 11.7159967422485 11.6698703765869 11.623743057251 11.577615737915 11.5314884185791 11.4922876358032 11.4921712875366 11.4920558929443 11.4919404983521 11.4918241500854 11.4917087554932 11.4915933609009 11.4914770126343 11.491361618042 11.4912462234497 11.4885568618774 11.4665517807007 11.4445457458496 11.4225406646729 11.4005355834961 11.3785305023193 11.3565254211426 11.3345203399658 11.3125152587891 11.290509223938 11.2700023651123 11.265697479248 11.2613925933838 11.2570886611938 11.2527837753296
-3.4e+38 -3.4e+38 -3.4e+38 -3.4e+38 -3.4e+38 -3.4e+38 -3.4e+38 -3.4e+38 -3.4e+38 -3.4e+38 12.1321153640747 12.0718259811401 12.0516872406006 12.01731300354 11.9876356124878 11.9617557525635 11.9389867782593 11.9138689041138 11.8677530288696 11.8216361999512 11.7755193710327 11.7294034957886 11.6832866668701 11.6371698379517 11.5910539627075 11.5449371337891 11.4988212585449 11.4599332809448 11.4618425369263 11.4637517929077 11.4656610488892 11.4675703048706 11.4694786071777 11.4713878631592 11.4732971191406 11.4752063751221 11.4771156311035 11.4764728546143 11.4566774368286 11.4368829727173 11.417088508606 11.3972930908203 11.377498626709 11.3577032089233 11.337908744812 11.3181142807007 11.298318862915 11.2796096801758 11.2726392745972 11.2656688690186 11.2586975097656 11.251727104187
-3.4e+38 -3.4e+38 -3.4e+38 -3.4e+38 -3.4e+38 -3.4e+38 -3.4e+38 -3.4e+38 -3.4e+38 -3.4e+38 12.059253692627 12.02073097229 12.0031690597534 11.9714403152466 11.9449758529663 11.9225645065308 11.9033432006836 11.8811054229736 11.8349990844727 11.788893699646 11.7427883148193 11.6966819763184 11.6505765914917 11.6044702529907 11.5583648681641 11.5122585296631 11.4661531448364 11.4275798797607 11.4315137863159 11.4354476928711 11.4393815994263 11.4433155059814 11.4472494125366 11.4511833190918 11.455117225647 11.4590501785278 11.462984085083 11.4643878936768 11.4468040466309 11.4292192459106 11.4116353988647 11.3940505981445 11.3764667510986 11.3588819503784 11.3412971496582 11.3237133026123 11.3061285018921 11.2892169952393 11.279580116272 11.269944190979 11.2603073120117 11.2506713867188
-3.4e+38 -3.4e+38 -3.4e+38 -3.4e+38 -3.4e+38 -3.4e+38 -3.4e+38 -3.4e+38 -3.4e+38 -3.4e+38 12.0059871673584 11.9656658172607 11.9472599029541 11.9206371307373 11.8992652893066 11.8817291259766 11.8670816421509 11.8483419418335 11.80224609375 11.7561511993408 11.7100563049316 11.6639604568481 11.617865562439 11.5717706680298 11.5256757736206 11.4795799255371 11.4334850311279 11.3952255249023 11.4011840820312 11.4071426391602 11.4131011962891 11.4190607070923 11.4250192642212 11.4309778213501 11.436936378479 11.4428949356079 11.4488534927368 11.4523038864136 11.4369306564331 11.4215564727783 11.4061822891235 11.3908081054688 11.375433921814 11.3600606918335 11.3446865081787 11.3293123245239 11.3139381408691 11.2988243103027 11.2865219116211 11.2742195129395 11.2619171142578 11.2496147155762
-3.4e+38 -3.4e+38 -3.4e+38 -3.4e+38 -3.4e+38 -3.4e+38 -3.4e+38 -3.4e+38 -3.4e+38 -3.4e+38 11.948127746582 11.9035520553589 11.8821325302124 11.8640632629395 11.8501644134521 11.8391427993774 11.8301877975464 11.815577507019 11.7694931030273 11.7234086990356 11.6773242950439 11.6312398910522 11.5851554870605 11.5390710830688 11.4929866790771 11.4469022750854 11.4008178710938 11.3628711700439 11.3708553314209 11.3788385391235 11.3868217468262 11.3948059082031 11.4027891159058 11.4107723236084 11.4187564849854 11.426739692688 11.4347229003906 11.4402198791504 11.427056312561 11.4138927459717 11.4007291793823 11.387565612793 11.3744020462036 11.3612384796143 11.3480749130249 11.3349113464355 11.3217477798462 11.3084316253662 11.2934637069702 11.2784948348999 11.2635269165039 11.2485589981079
-3.4e+38 -3.4e+38 -3.4e+38 -3.4e+38 -3.4e+38 -3.4e+38 -3.4e+38 -3.4e+38 -3.4e+38 -3.4e+38 11.9246654510498 11.8732662200928 11.8053035736084 11.8006753921509 11.7972831726074 11.7946901321411 11.7926435470581 11.7828140258789 11.7367401123047 11.6906661987305 11.6445922851562 11.598518371582 11.5524444580078 11.5063714981079 11.4602975845337 11.4142236709595 11.3681497573853 11.3305177688599 11.3405256271362 11.3505344390869 11.3605422973633 11.370551109314 11.3805589675903 11.390567779541 11.4005756378174 11.4105844497681 11.4205923080444 11.4281358718872 11.4171829223633 11.4062299728394 11.3952760696411 11.3843231201172 11.3733701705933 11.3624172210693 11.3514633178711 11.3405103683472 11.3295574188232 11.3180389404297 11.300404548645 11.2827701568604 11.26513671875 11.2475023269653
-3.4e+38 -3.4e+38 -3.4e+38 -3.4e+38 -3.4e+38 -3.4e+38 -3.4e+38 -3.4e+38 -3.4e+38 11.9696931838989 11.9568548202515 11.9073448181152 11.8335943222046 11.8173904418945 11.8052320480347 11.7957735061646 11.7882041931152 11.7748880386353 11.7303457260132 11.6858024597168 11.6412601470947 11.5967168807983 11.5521745681763 11.5076313018799 11.4630889892578 11.4185457229614 11.374002456665 11.337550163269 11.3467493057251 11.3559484481812 11.3651475906372 11.3743467330933 11.3835468292236 11.3927459716797 11.4019451141357 11.4111442565918 11.4203443527222 11.4272956848145 11.4173831939697 11.407470703125 11.397557258606 11.3876447677612 11.3777313232422 11.3678188323975 11.3579063415527 11.3479928970337 11.338080406189 11.3274507522583 11.309063911438 11.2906770706177 11.2722902297974 11.2539043426514
-3.4e+38 -3.4e+38 -3.4e+38 -3.4e+38 -3.4e+38 -3.4e+38 -3.4e+38 -3.4e+38 -3.4e+38 12.0291080474854 12.0021152496338 11.9558963775635 11.8934154510498 11.8601808547974 11.8340816497803 11.8130435943604 11.7957239151001 11.7759084701538 11.7334442138672 11.6909799575806 11.6485157012939 11.6060514450073 11.5635871887207 11.5211229324341 11.4786586761475 11.4361944198608 11.3937311172485 11.3587675094604 11.3661375045776 11.3735074996948 11.380877494812 11.3882465362549 11.3956165313721 11.4029865264893 11.4103565216064 11.4177255630493 11.4250955581665 11.4305067062378 11.4212121963501 11.4119186401367 11.402624130249 11.3933305740356 11.3840360641479 11.3747425079346 11.3654479980469 11.3561544418335 11.3468599319458 11.3367910385132 11.318341255188 11.2998914718628 11.2814416885376 11.2629919052124
-3.4e+38 -3.4e+38 -3.4e+38 -3.4e+38 -3.4e+38 -3.4e+38 -3.4e+38 -3.4e+38 -3.4e+38 12.0849990844727 12.0450210571289 11.9993162155151 11.9444398880005 11.8984842300415 11.8609018325806 11.8295955657959 11.8031139373779 11.7769289016724 11.7365436553955 11.6961574554443 11.6557722091675 11.6153869628906 11.5750007629395 11.5346155166626 11.4942293167114 11.4538440704346 11.4134588241577 11.3799858093262 11.3855257034302 11.3910665512085 11.3966064453125 11.4021463394165 11.4076871871948 11.4132270812988 11.4187669754028 11.4243078231812 11.4298477172852 11.4337167739868 11.4250411987305 11.4163656234741 11.4076910018921 11.3990154266357 11.3903408050537 11.3816652297974 11.3729906082153 11.364315032959 11.355640411377 11.3461322784424 11.327618598938 11.3091058731079 11.2905921936035 11.2720794677734
-3.4e+38 -3.4e+38 -3.4e+38 -3.4e+38 -3.4e+38 -3.4e+38 -3.4e+38 -3.4e+38 -3.4e+38 12.1981229782104 12.0878267288208 12.0390710830688 11.9884757995605 11.93297290802 11.8859004974365 11.8454732894897 11.810378074646 11.7779493331909 11.7396421432495 11.7013349533081 11.663028717041 11.6247215270996 11.5864143371582 11.5481071472168 11.5097999572754 11.471492767334 11.4331865310669 11.4012041091919 11.404914855957 11.4086256027222 11.412335395813 11.4160461425781 11.4197568893433 11.4234676361084 11.4271783828735 11.4308891296387 11.4345998764038 11.4369268417358 11.4288702011108 11.4208135604858 11.4127578735352 11.4047012329102 11.3966445922852 11.3885889053345 11.3805322647095 11.3724756240845 11.3644199371338 11.3554735183716 11.3368968963623 11.318320274353 11.2997436523438 11.2811670303345
-3.4e+38 -3.4e+38 -3.4e+38 -3.4e+38 -3.4e+38 -3.4e+38 -3.4e+38 -3.4e+38 12.3357028961182 12.2365121841431 12.1513481140137 12.0782165527344 12.0268659591675 11.9641885757446 11.9092569351196 11.8607187271118 11.8175182342529 11.7789697647095 11.7427415847778 11.7065134048462 11.6702842712402 11.6340560913086 11.597827911377 11.5615997314453 11.5253705978394 11.4891424179077 11.4529142379761 11.4224224090576 11.4243030548096 11.4261837005615 11.4280652999878 11.4299459457397 11.431827545166 11.433708190918 11.4355888366699 11.4374704360962 11.4393510818481 11.4401369094849 11.4326992034912 11.4252614974976 11.4178247451782 11.4103870391846 11.4029493331909 11.3955116271973 11.3880748748779 11.3806371688843 11.3731994628906 11.3648138046265 11.3461742401123 11.3275346755981 11.3088941574097 11.2902545928955
-3.4e+38 -3.4e+38 -3.4e+38 -3.4e+38 -3.4e+38 -3.4e+38 -3.4e+38 -3.4e+38 12.4260454177856 12.3171291351318 12.2213315963745 12.136417388916 12.0606317520142 11.9925765991211 11.9311275482178 11.8753662109375 11.8245391845703 11.779990196228 11.7458400726318 11.71169090271 11.6775407791138 11.6433906555176 11.6092414855957 11.5750913619995 11.5409412384033 11.5067911148071 11.4726419448853 11.443639755249 11.4436912536621 11.4437427520752 11.4437942504883 11.4438457489014 11.4438972473145 11.4439487457275 11.4440002441406 11.4440517425537 11.4441032409668 11.4433469772339 11.4365282058716 11.4297094345093 11.422890663147 11.416072845459 11.4092540740967 11.4024353027344 11.3956165313721 11.3887977600098 11.3819789886475 11.3741550445557 11.3554515838623 11.3367490768433 11.3180456161499 11.2993421554565
-3.4e+38 -3.4e+38 -3.4e+38 -3.4e+38 -3.4e+38 -3.4e+38 -3.4e+38 -3.4e+38 12.4451723098755 12.3448066711426 12.252908706665 12.1684484481812 12.0905599594116 12.0185041427612 11.9516496658325 11.8894519805908 11.8314428329468 11.7810106277466 11.7489395141602 11.7168684005737 11.6847972869873 11.6527261734009 11.6206541061401 11.5885829925537 11.5565118789673 11.5244407653809 11.4923696517944 11.4648580551147 11.463080406189 11.4613018035889 11.4595241546631 11.457745552063 11.4559679031372 11.4541893005371 11.4524116516113 11.4506330490112 11.4488544464111 11.4465570449829 11.440357208252 11.434157371521 11.42795753479 11.4217576980591 11.4155578613281 11.4093580245972 11.4031591415405 11.3969593048096 11.3907594680786 11.3834962844849 11.3647298812866 11.3459634780884 11.3271970748901 11.3084306716919
-3.4e+38 -3.4e+38 -3.4e+38 -3.4e+38 -3.4e+38 -3.4e+38 -3.4e+38 12.5584211349487 12.4601049423218 12.3672523498535 12.2794198989868 12.1962118148804 12.1172704696655 12.0422782897949 11.9709444046021 11.9030075073242 11.8382320404053 11.7820310592651 11.7520380020142 11.7220458984375 11.6920528411865 11.6620607376099 11.6320676803589 11.6020755767822 11.5720825195312 11.5420894622803 11.5120973587036 11.4860763549805 11.4824686050415 11.4788608551025 11.4752531051636 11.4716453552246 11.4680376052856 11.4644298553467 11.4608221054077 11.4572143554688 11.4536066055298 11.4497671127319 11.4441862106323 11.4386053085327 11.4330244064331 11.4274435043335 11.4218626022339 11.4162817001343 11.4107007980347 11.4051198959351 11.3995389938354 11.3928365707397 11.3740072250366 11.3551778793335 11.3363475799561 11.3175182342529
-3.4e+38 -3.4e+38 -3.4e+38 -3.4e+38 -3.4e+38 -3.4e+38 -3.4e+38 12.5608978271484 12.4720869064331 12.3858213424683 12.3019952774048 12.2205057144165 12.1412563323975 12.0641555786133 11.9891185760498 11.9160623550415 11.8449096679688 11.7830514907837 11.7551374435425 11.7272233963013 11.6993093490601 11.6713953018188 11.6434812545776 11.6155672073364 11.5876531600952 11.559739112854 11.5318250656128 11.5072946548462 11.501856803894 11.4964199066162 11.4909820556641 11.4855451583862 11.4801082611084 11.4746704101562 11.4692335128784 11.4637956619263 11.4583587646484 11.452977180481 11.4480152130127 11.4430532455444 11.4380912780762 11.4331293106079 11.4281673431396 11.4232053756714 11.4182424545288 11.4132804870605 11.4083185195923 11.4021778106689 11.3832845687866 11.3643913269043 11.3454990386963 11.326605796814
-3.4e+38 -3.4e+38 -3.4e+38 -3.4e+38 -3.4e+38 -3.4e+38 -3.4e+38 12.5628776550293 12.481912612915 12.4014387130737 12.3214492797852 12.2419424057007 12.1629123687744 12.0843553543091 12.0062675476074 11.9286432266235 11.8514795303345 11.7840719223022 11.7582368850708 11.732400894165 11.7065658569336 11.6807298660278 11.6548948287964 11.6290588378906 11.6032238006592 11.5773878097534 11.551552772522 11.5285120010376 11.5212459564209 11.5139789581299 11.5067119598389 11.4994449615479 11.4921779632568 11.4849109649658 11.4776439666748 11.4703769683838 11.4631099700928 11.45618724823 11.4518442153931 11.4475011825562 11.4431581497192 11.438814163208 11.4344711303711 11.4301280975342 11.4257850646973 11.4214420318604 11.4170989990234 11.4115190505981 11.3925628662109 11.3736057281494 11.3546495437622 11.335693359375
-3.4e+38 -3.4e+38 -3.4e+38 -3.4e+38 -3.4e+38 -3.4e+38 -3.4e+38 12.562388420105 12.4796190261841 12.3980712890625 12.3177175521851 12.2385330200195 12.1604909896851 12.0835676193237 12.007740020752 11.9329833984375 11.8592758178711 11.7952117919922 11.7699060440063 11.7446002960205 11.7192945480347 11.6939888000488 11.668683052063 11.6433773040771 11.618070602417 11.5927648544312 11.5674591064453 11.544732093811 11.5365571975708 11.5283813476562 11.520206451416 11.5120315551758 11.5038557052612 11.495680809021 11.4875059127808 11.4793300628662 11.471155166626 11.4633522033691 11.4583396911621 11.4533271789551 11.448314666748 11.4433031082153 11.4382905960083 11.4332780838013 11.4282655715942 11.4232530593872 11.4182415008545 11.4119729995728 11.3921146392822 11.372257232666 11.3523988723755 11.3325414657593
-3.4e+38 -3.4e+38 -3.4e+38 -3.4e+38 -3.4e+38 -3.4e+38 12.5804653167725 12.5606746673584 12.4714403152466 12.3856840133667 12.3032064437866 12.2238216400146 12.1473608016968 12.0736637115479 12.0025844573975 11.933985710144 11.8677387237549 11.8106422424316 11.7852096557617 11.7597761154175 11.7343435287476 11.7089099884033 11.6834774017334 11.6580448150635 11.6326112747192 11.6071786880493 11.5817461013794 11.5588321685791 11.5501394271851 11.541446685791 11.532753944397 11.5240612030029 11.5153675079346 11.5066747665405 11.4979820251465 11.4892892837524 11.4805955886841 11.4721927642822 11.4659652709961 11.45973777771 11.4535102844238 11.4472827911377 11.4410552978516 11.4348278045654 11.4286003112793 11.4223728179932 11.416145324707 11.4086580276489 11.3875436782837 11.3664293289185 11.3453140258789 11.3241996765137
-3.4e+38 -3.4e+38 -3.4e+38 -3.4e+38 -3.4e+38 -3.4e+38 12.5804653167725 12.5585060119629 12.4613847732544 12.3708629608154 12.2862892150879 12.2070970535278 12.1327877044678 12.0629234313965 11.9971170425415 11.9350252151489 11.8763418197632 11.8260726928711 11.8005123138428 11.7749528884888 11.7493925094604 11.7238321304321 11.6982727050781 11.6727123260498 11.6471519470215 11.6215925216675 11.5960321426392 11.5729331970215 11.5637226104736 11.5545120239258 11.5453014373779 11.5360898971558 11.5268793106079 11.5176687240601 11.5084581375122 11.4992475509644 11.4900369644165 11.4810342788696 11.4735918045044 11.4661483764648 11.4587059020996 11.4512634277344 11.4438209533691 11.4363784790039 11.4289350509644 11.4214925765991 11.4140501022339 11.4053440093994 11.3829727172852 11.3606004714966 11.3382291793823 11.3158578872681
-3.4e+38 -3.4e+38 -3.4e+38 -3.4e+38 -3.4e+38 12.5804653167725 12.5804653167725 12.5556764602661 12.4487228393555 12.3528108596802 12.2663145065308 12.1879119873047 12.1165189743042 12.0512351989746 11.9913082122803 11.9361057281494 11.8850889205933 11.8415031433105 11.8158159255981 11.7901287078857 11.7644414901733 11.7387542724609 11.7130670547485 11.6873798370361 11.6616926193237 11.6360054016113 11.6103181838989 11.5870332717896 11.5773048400879 11.5675764083862 11.5578479766846 11.5481195449829 11.5383911132812 11.5286626815796 11.5189342498779 11.5092058181763 11.4994773864746 11.4898748397827 11.4812173843384 11.472559928894 11.4639015197754 11.4552440643311 11.4465856552124 11.4379281997681 11.4292697906494 11.4206123352051 11.4119539260864 11.4020299911499 11.3784008026123 11.354772567749 11.3311443328857 11.3075160980225
-3.4e+38 -3.4e+38 -3.4e+38 -3.4e+38 -3.4e+38 12.5804653167725 12.5804653167725 12.5518274307251 12.4322891235352 12.3303422927856 12.2423706054688 12.1656837463379 12.0982427597046 12.0384683609009 11.985125541687 11.9372282028198 11.8939838409424 11.85693359375 11.8311195373535 11.8053045272827 11.7794904708862 11.7536764144897 11.7278623580933 11.7020473480225 11.676233291626 11.6504192352295 11.624605178833 11.6011343002319 11.5908880233765 11.580641746521 11.5703954696655 11.5601491928101 11.5499029159546 11.5396575927734 11.529411315918 11.5191650390625 11.508918762207 11.4987163543701 11.4888429641724 11.4789705276489 11.4690971374512 11.4592237472534 11.44935131073 11.4394779205322 11.4296045303345 11.419732093811 11.4098587036133 11.3987150192261 11.3738298416138 11.3489446640015 11.3240594863892 11.2991743087769
-3.4e+38 -3.4e+38 -3.4e+38 -3.4e+38 12.5018930435181 12.5401849746704 12.5233955383301 12.4561128616333 12.3482503890991 12.2564029693604 12.1780881881714 12.103949546814 12.0775594711304 12.0244665145874 11.9785308837891 11.9383964538574 11.9030294418335 11.8723640441895 11.8464221954346 11.820481300354 11.7945394515991 11.7685985565186 11.7426567077637 11.7167158126831 11.6907739639282 11.6648330688477 11.6388912200928 11.615234375 11.6044702529907 11.5937070846558 11.5829429626465 11.5721788406372 11.5614147186279 11.550651550293 11.5398874282837 11.5291233062744 11.5183591842651 11.5075578689575 11.4964694976807 11.4853811264038 11.474292755127 11.4632043838501 11.4521160125732 11.4410276412964 11.4299392700195 11.418851852417 11.4077634811401 11.3954010009766 11.3692588806152 11.3431167602539 11.3169746398926 11.2908325195312
