R_scripts/int_process_data/Bio_17.asc
NCOLS 281 
NROWS 576 
XLLCORNER 81175.2677831308 
YLLCORNER 88.2293212990044 
CELLSIZE 1000 
NODATA_value -3.4e+38 
[rows 483 to 505 of 576, columns 52 to 103 of 281]
-3.4e+38 -3.4e+38 -3.4e+38 -3.4e+38 -3.4e+38 -3.4e+38 -3.4e+38 -3.4e+38 0.499560236930847 0.501960456371307 0.504341244697571 0.506702840328217 0.509045481681824 0.511369347572327 0.513674676418304 0.515961766242981 0.518230736255646 0.520199596881866 0.520905017852783 0.5216104388237 0.522315859794617 0.523021280765533 0.523726642131805 0.524432063102722 0.525137484073639 0.525842905044556 0.526548326015472 0.527061760425568 0.526491701602936 0.525921642780304 0.525351583957672 0.52478152513504 0.524211466312408 0.523641407489777 0.523071348667145 0.522501289844513 0.521931231021881 0.521226644515991 0.519512176513672 0.517797768115997 0.516083359718323 0.514368951320648 0.512654483318329 0.510940074920654 0.50922566652298 0.507511258125305 0.505796849727631 0.503903687000275 0.500077188014984 0.496250718832016 0.492424249649048 0.488597750663757
-3.4e+38 -3.4e+38 -3.4e+38 -3.4e+38 -3.4e+38 -3.4e+38 -3.4e+38 -3.4e+38 0.49968495965004 0.501915574073792 0.504146218299866 0.506376802921295 0.508607447147369 0.510838031768799 0.513068675994873 0.515299260616302 0.517529904842377 0.519485056400299 0.520214319229126 0.520943641662598 0.521672904491425 0.522402226924896 0.523131489753723 0.523860812187195 0.524590075016022 0.525319397449493 0.52604866027832 0.52658486366272 0.526031196117401 0.525477588176727 0.524923920631409 0.524370312690735 0.523816704750061 0.523263037204742 0.522709429264069 0.52215576171875 0.521602153778076 0.520914554595947 0.519221484661102 0.517528474330902 0.515835464000702 0.514142453670502 0.512449443340302 0.510756433010101 0.509063422679901 0.507370412349701 0.505677402019501 0.503807663917542 0.500025928020477 0.496244251728058 0.492462575435638 0.488680899143219
-3.4e+38 -3.4e+38 -3.4e+38 -3.4e+38 -3.4e+38 -3.4e+38 -3.4e+38 -3.4e+38 0.50024950504303 0.502457082271576 0.504664599895477 0.506872177124023 0.509079694747925 0.511287271976471 0.513494849205017 0.515702366828918 0.517909944057465 0.519827663898468 0.520455539226532 0.521083474159241 0.521711349487305 0.522339284420013 0.522967159748077 0.523595094680786 0.524223029613495 0.524850904941559 0.525478839874268 0.525940418243408 0.525463581085205 0.524986743927002 0.524509847164154 0.524033010005951 0.523556172847748 0.523079335689545 0.522602498531342 0.522125601768494 0.521648764610291 0.521036386489868 0.519406974315643 0.517777502536774 0.516148090362549 0.514518618583679 0.512889206409454 0.511259734630585 0.50963032245636 0.50800085067749 0.506371438503265 0.504574775695801 0.500969648361206 0.497364491224289 0.493759334087372 0.490154176950455
-3.4e+38 -3.4e+38 -3.4e+38 -3.4e+38 -3.4e+38 -3.4e+38 -3.4e+38 -3.4e+38 0.500814080238342 0.502998530864716 0.505183041095734 0.507367551326752 0.509552001953125 0.511736512184143 0.513921022415161 0.516105473041534 0.518289983272552 0.520170271396637 0.520696818828583 0.521223306655884 0.52174985408783 0.522276341915131 0.522802889347076 0.523329377174377 0.523855924606323 0.524382412433624 0.52490895986557 0.525295972824097 0.524895906448364 0.524495840072632 0.524095773696899 0.523695766925812 0.523295700550079 0.522895634174347 0.522495567798615 0.522095501422882 0.52169543504715 0.521158277988434 0.51959240436554 0.518026530742645 0.516460657119751 0.514894783496857 0.513328909873962 0.511763095855713 0.510197222232819 0.508631348609924 0.50706547498703 0.505341947078705 0.50191330909729 0.498484700918198 0.495056092739105 0.49162745475769
-3.4e+38 -3.4e+38 -3.4e+38 -3.4e+38 -3.4e+38 -3.4e+38 -3.4e+38 0.499217182397842 0.50137859582901 0.5035400390625 0.50570148229599 0.50786292552948 0.510024309158325 0.512185752391815 0.514347195625305 0.51650857925415 0.51867002248764 0.520512878894806 0.520938038825989 0.521363139152527 0.52178829908371 0.522213399410248 0.522638559341431 0.523063659667969 0.523488819599152 0.52391391992569 0.524339079856873 0.524651527404785 0.524328291416168 0.524004995822906 0.52368175983429 0.523358464241028 0.523035168647766 0.522711932659149 0.522388637065887 0.522065341472626 0.521742105484009 0.521280169487 0.519777894020081 0.518275558948517 0.516773283481598 0.515270948410034 0.513768672943115 0.512266397476196 0.510764062404633 0.509261786937714 0.50775945186615 0.506109118461609 0.502857029438019 0.499604910612106 0.496352821588516 0.493100762367249
-3.4e+38 -3.4e+38 -3.4e+38 -3.4e+38 -3.4e+38 -3.4e+38 -3.4e+38 0.499804824590683 0.501943171024323 0.504081547260284 0.506219923496246 0.508358240127563 0.510496616363525 0.512634992599487 0.514773368835449 0.516911685466766 0.519050061702728 0.520855486392975 0.521179258823395 0.52150297164917 0.52182674407959 0.522150456905365 0.522474229335785 0.522798001766205 0.52312171459198 0.5234454870224 0.523769199848175 0.524007141590118 0.523760616779327 0.523514151573181 0.523267686367035 0.523021161556244 0.522774696350098 0.522528171539307 0.52228170633316 0.522035241127014 0.521788716316223 0.521402060985565 0.519963324069977 0.518524587154388 0.5170858502388 0.515647172927856 0.514208436012268 0.51276969909668 0.511330962181091 0.509892225265503 0.508453488349915 0.506876230239868 0.503800690174103 0.500725150108337 0.49764958024025 0.494574040174484
-3.4e+38 -3.4e+38 -3.4e+38 -3.4e+38 -3.4e+38 -3.4e+38 -3.4e+38 0.500392436981201 0.502507746219635 0.504623055458069 0.506738305091858 0.508853614330292 0.510968923568726 0.513084232807159 0.515199542045593 0.517314851284027 0.519430100917816 0.521198093891144 0.521420478820801 0.521642863750458 0.52186518907547 0.522087574005127 0.522309899330139 0.522532284259796 0.522754609584808 0.522976994514465 0.523199319839478 0.523362696170807 0.523193001747131 0.523023307323456 0.52285361289978 0.52268385887146 0.522514164447784 0.522344470024109 0.522174775600433 0.522005081176758 0.521835386753082 0.521523952484131 0.520148813724518 0.51877361536026 0.517398476600647 0.516023337841034 0.514648139476776 0.513273000717163 0.51189786195755 0.510522663593292 0.509147524833679 0.507643401622772 0.504744350910187 0.501845359802246 0.498946338891983 0.49604731798172
-3.4e+38 -3.4e+38 -3.4e+38 -3.4e+38 -3.4e+38 -3.4e+38 -3.4e+38 -3.4e+38 0.503072261810303 0.505164504051208 0.507256746292114 0.50934898853302 0.511441230773926 0.513533473014832 0.515625715255737 0.517717957496643 0.519810199737549 0.521540760993958 0.521661698818207 0.521782696247101 0.52190363407135 0.522024631500244 0.522145569324493 0.522266566753387 0.522387504577637 0.522508502006531 0.522629499435425 0.522718250751495 0.522625327110291 0.522532403469086 0.522439539432526 0.522346615791321 0.522253692150116 0.522160768508911 0.522067844867706 0.521974921226501 0.521882057189941 0.521645843982697 0.520334243774414 0.519022643566132 0.517711043357849 0.516399502754211 0.515087902545929 0.513776302337646 0.512464702129364 0.511153101921082 0.509841561317444 0.508410573005676 0.505688071250916 0.502965569496155 0.500243127346039 0.497520625591278
-3.4e+38 -3.4e+38 -3.4e+38 -3.4e+38 -3.4e+38 -3.4e+38 -3.4e+38 -3.4e+38 -3.4e+38 0.505706012248993 0.507775187492371 0.509844362735748 0.511913537979126 0.513982713222504 0.516051888465881 0.518121063709259 0.520190238952637 0.521883368492126 0.521902918815613 0.521922528743744 0.52194207906723 0.521961688995361 0.521981298923492 0.522000849246979 0.52202045917511 0.522040009498596 0.522059619426727 0.522073805332184 0.522057712078094 0.52204155921936 0.522025465965271 0.522009313106537 0.521993160247803 0.521977066993713 0.521960914134979 0.52194482088089 0.521928668022156 0.521767735481262 0.52051967382431 0.519271671772003 0.518023669719696 0.516775667667389 0.515527606010437 0.51427960395813 0.513031601905823 0.511783599853516 0.510535538196564 0.509177684783936 0.506631731987 0.504085779190063 0.501539826393127 0.498993903398514
-3.4e+38 -3.4e+38 -3.4e+38 -3.4e+38 -3.4e+38 -3.4e+38 -3.4e+38 -3.4e+38 -3.4e+38 0.506247520446777 0.508293628692627 0.510339736938477 0.512385845184326 0.514431953430176 0.516478061676025 0.518524169921875 0.520570278167725 0.522225975990295 0.522144138813019 0.522062361240387 0.521980583667755 0.521898746490479 0.521816968917847 0.52173513174057 0.521653354167938 0.521571516990662 0.52148973941803 0.521429359912872 0.521490037441254 0.521550714969635 0.521611392498016 0.521672010421753 0.521732687950134 0.521793365478516 0.521853983402252 0.521914660930634 0.521975338459015 0.521889626979828 0.520705163478851 0.519520699977875 0.518336236476898 0.517151832580566 0.51596736907959 0.514782905578613 0.513598501682281 0.512414038181305 0.511229574680328 0.50994485616684 0.507575452327728 0.505206048488617 0.502836585044861 0.50046718120575
-3.4e+38 -3.4e+38 -3.4e+38 -3.4e+38 -3.4e+38 -3.4e+38 -3.4e+38 -3.4e+38 -3.4e+38 0.506788969039917 0.508812010288239 0.510835111141205 0.512858152389526 0.514881193637848 0.516904234886169 0.518927276134491 0.520950317382812 0.522568583488464 0.52238541841507 0.52220219373703 0.522019028663635 0.521835803985596 0.521652638912201 0.521469414234161 0.521286249160767 0.521103084087372 0.520919859409332 0.520784974098206 0.520922422409058 0.52105987071991 0.521197319030762 0.521334767341614 0.521472215652466 0.521609663963318 0.52174711227417 0.521884560585022 0.522022008895874 0.522011458873749 0.520890593528748 0.519769728183746 0.518648862838745 0.517527997493744 0.516407132148743 0.515286207199097 0.514165341854095 0.513044476509094 0.511923611164093 0.510712027549744 0.508519113063812 0.506326258182526 0.504133343696594 0.501940488815308
-3.4e+38 -3.4e+38 -3.4e+38 -3.4e+38 -3.4e+38 -3.4e+38 -3.4e+38 -3.4e+38 0.504597187042236 0.506577789783478 0.508558452129364 0.51053911447525 0.512519776821136 0.514500439167023 0.516481101512909 0.51846170425415 0.520442366600037 0.522021293640137 0.521812498569489 0.521603643894196 0.521394789218903 0.52118593454361 0.520977139472961 0.520768284797668 0.520559430122375 0.520350575447083 0.520141780376434 0.519995152950287 0.520199656486511 0.52040421962738 0.520608723163605 0.520813286304474 0.521017789840698 0.521222352981567 0.521426856517792 0.521631419658661 0.521835923194885 0.5218905210495 0.52081960439682 0.519748747348785 0.518677890300751 0.517607033252716 0.516536176204681 0.515465259552002 0.514394402503967 0.513323545455933 0.512252688407898 0.511100947856903 0.509074866771698 0.507048785686493 0.505022704601288 0.502996623516083
-3.4e+38 -3.4e+38 -3.4e+38 -3.4e+38 -3.4e+38 -3.4e+38 -3.4e+38 -3.4e+38 -3.4e+38 0.505799889564514 0.50772362947464 0.509647309780121 0.511570990085602 0.513494670391083 0.515418410301208 0.517342090606689 0.51926577091217 0.520803987979889 0.520626485347748 0.520449042320251 0.520271599292755 0.520094096660614 0.519916653633118 0.519739210605621 0.519561767578125 0.519384264945984 0.519206821918488 0.519095838069916 0.519360184669495 0.519624471664429 0.519888758659363 0.520153105258942 0.520417392253876 0.52068167924881 0.520946025848389 0.521210312843323 0.521474599838257 0.521586656570435 0.520555555820465 0.519524455070496 0.518493413925171 0.517462313175201 0.516431272029877 0.515400171279907 0.514369070529938 0.513338029384613 0.512306928634644 0.51120513677597 0.50933849811554 0.507471919059753 0.505605280399323 0.503738641738892
-3.4e+38 -3.4e+38 -3.4e+38 -3.4e+38 -3.4e+38 -3.4e+38 -3.4e+38 -3.4e+38 0.503155291080475 0.505021989345551 0.506888747215271 0.508755505084991 0.510622203350067 0.512488961219788 0.514355719089508 0.516222476959229 0.518089175224304 0.519586622714996 0.519440531730652 0.519294440746307 0.519148349761963 0.519002318382263 0.518856227397919 0.518710136413574 0.51856404542923 0.518417954444885 0.518271863460541 0.518196582794189 0.518520653247833 0.518844723701477 0.519168853759766 0.519492924213409 0.519816994667053 0.520141065120697 0.520465195178986 0.520789265632629 0.521113336086273 0.521282732486725 0.520291447639465 0.519300222396851 0.518308937549591 0.517317652702332 0.516326367855072 0.515335083007812 0.514343798160553 0.513352513313293 0.512361228466034 0.511309325695038 0.509602189064026 0.507894992828369 0.506187856197357 0.5044806599617
-3.4e+38 -3.4e+38 -3.4e+38 -3.4e+38 -3.4e+38 -3.4e+38 -3.4e+38 -3.4e+38 0.502434313297272 0.504244089126587 0.506053864955902 0.507863700389862 0.509673476219177 0.511483252048492 0.513293027877808 0.515102803707123 0.516912579536438 0.518369257450104 0.518254578113556 0.518139898777008 0.518025159835815 0.517910480499268 0.517795741558075 0.517681062221527 0.517566382884979 0.517451643943787 0.517336964607239 0.517297267913818 0.517681181430817 0.51806503534317 0.518448889255524 0.518832743167877 0.519216597080231 0.519600450992584 0.519984304904938 0.520368158817291 0.520752012729645 0.52097886800766 0.52002739906311 0.519075930118561 0.518124401569366 0.517172932624817 0.516221463680267 0.515269935131073 0.514318466186523 0.513366997241974 0.51241546869278 0.511413514614105 0.509865820407867 0.50831812620163 0.506770431995392 0.505222678184509
-3.4e+38 -3.4e+38 -3.4e+38 -3.4e+38 -3.4e+38 -3.4e+38 -3.4e+38 -3.4e+38 0.501713395118713 0.503466188907623 0.505219042301178 0.506971836090088 0.508724689483643 0.510477542877197 0.512230336666107 0.513983190059662 0.515735983848572 0.517151951789856 0.51706862449646 0.516985297203064 0.516901969909668 0.516818642616272 0.516735315322876 0.51665198802948 0.516568660736084 0.516485333442688 0.516402006149292 0.516398012638092 0.516841650009155 0.517285287380219 0.517728924751282 0.518172562122345 0.518616199493408 0.519059836864471 0.519503474235535 0.519947111606598 0.520390748977661 0.520675003528595 0.519763350486755 0.518851637840271 0.517939925193787 0.517028212547302 0.516116559505463 0.515204846858978 0.514293134212494 0.51338142156601 0.51246976852417 0.511517703533173 0.510129451751709 0.508741199970245 0.507353007793427 0.505964756011963
-3.4e+38 -3.4e+38 -3.4e+38 -3.4e+38 -3.4e+38 -3.4e+38 -3.4e+38 -3.4e+38 0.50099241733551 0.50268828868866 0.504384160041809 0.506080031394958 0.507775902748108 0.509471774101257 0.511167645454407 0.512863516807556 0.514559388160706 0.515934586524963 0.515882670879364 0.51583069562912 0.515778779983521 0.515726804733276 0.515674889087677 0.515622913837433 0.515570998191833 0.515519022941589 0.51546710729599 0.515498757362366 0.516002118587494 0.516505539417267 0.51700896024704 0.517512381076813 0.518015801906586 0.518519222736359 0.519022643566132 0.519526064395905 0.520029425621033 0.52037113904953 0.519499242305756 0.518627345561981 0.517755448818207 0.516883552074432 0.516011655330658 0.515139758586884 0.514267802238464 0.51339590549469 0.512524008750916 0.51162189245224 0.510393142700195 0.509164333343506 0.507935523986816 0.506706774234772
-3.4e+38 -3.4e+38 -3.4e+38 -3.4e+38 -3.4e+38 -3.4e+38 -3.4e+38 0.498632550239563 0.500271439552307 0.501910388469696 0.50354927778244 0.505188226699829 0.506827116012573 0.508466064929962 0.510104954242706 0.511743903160095 0.513382792472839 0.514717280864716 0.514696717262268 0.514676153659821 0.514655530452728 0.514634966850281 0.514614403247833 0.514593839645386 0.514573276042938 0.514552712440491 0.514532148838043 0.514599442481995 0.515162646770477 0.51572585105896 0.516288995742798 0.516852200031281 0.517415404319763 0.517978608608246 0.518541753292084 0.519104957580566 0.519668161869049 0.520067274570465 0.519235193729401 0.518403053283691 0.517570972442627 0.516738831996918 0.515906751155853 0.515074610710144 0.51424252986908 0.51341038942337 0.512578308582306 0.511726081371307 0.510656774044037 0.509587466716766 0.508518099784851 0.507448792457581
-3.4e+38 -3.4e+38 -3.4e+38 -3.4e+38 -3.4e+38 -3.4e+38 -3.4e+38 0.497968554496765 0.499550521373749 0.501132488250732 0.502714455127716 0.5042964220047 0.505878388881683 0.507460355758667 0.509042322635651 0.510624289512634 0.512206196784973 0.513499915599823 0.513510704040527 0.513521552085876 0.513532340526581 0.51354318857193 0.513553977012634 0.513564765453339 0.513575613498688 0.513586401939392 0.513597190380096 0.513700187206268 0.514323115348816 0.514946103096008 0.515569090843201 0.516192018985748 0.516815006732941 0.517437994480133 0.518060922622681 0.518683910369873 0.519306838512421 0.5197634100914 0.518971085548401 0.518178761005402 0.517386496067047 0.516594171524048 0.515801846981049 0.515009522438049 0.51421719789505 0.513424873352051 0.512632548809052 0.511830270290375 0.510920405387878 0.510010540485382 0.509100675582886 0.508190810680389
-3.4e+38 -3.4e+38 -3.4e+38 -3.4e+38 -3.4e+38 -3.4e+38 -3.4e+38 0.497304558753967 0.498829573392868 0.500354588031769 0.501879572868347 0.50340461730957 0.504929602146149 0.506454586982727 0.50797963142395 0.509504616260529 0.511029660701752 0.51228255033493 0.512324750423431 0.512366950511932 0.512409150600433 0.512451350688934 0.512493550777435 0.512535691261292 0.512577891349792 0.512620091438293 0.512662291526794 0.512800872325897 0.513483643531799 0.514166355133057 0.514849126338959 0.515531837940216 0.516214609146118 0.516897320747375 0.517580091953278 0.518262803554535 0.518945574760437 0.519459545612335 0.518707036972046 0.517954528331757 0.517201960086823 0.516449451446533 0.515696942806244 0.51494437456131 0.514191865921021 0.513439357280731 0.512686848640442 0.511934459209442 0.511184096336365 0.510433673858643 0.50968325138092 0.508932828903198
-3.4e+38 -3.4e+38 -3.4e+38 -3.4e+38 -3.4e+38 -3.4e+38 -3.4e+38 0.496640563011169 0.498108625411987 0.499576658010483 0.501044750213623 0.502512753009796 0.503980815410614 0.505448877811432 0.50691694021225 0.508385002613068 0.509853065013885 0.511065244674683 0.511138796806335 0.511212348937988 0.511285960674286 0.511359512805939 0.511433064937592 0.511506617069244 0.511580228805542 0.511653780937195 0.511727333068848 0.511901617050171 0.512644112110138 0.51338666677475 0.514129161834717 0.514871656894684 0.515614211559296 0.516356706619263 0.517099261283875 0.517841756343842 0.518584251403809 0.51915568113327 0.518442928791046 0.517730236053467 0.517017483711243 0.516304731369019 0.515592038631439 0.514879286289215 0.514166533946991 0.513453841209412 0.512741088867188 0.51203864812851 0.511447727680206 0.510856747627258 0.510265827178955 0.509674906730652
-3.4e+38 -3.4e+38 -3.4e+38 -3.4e+38 -3.4e+38 -3.4e+38 -3.4e+38 0.49584698677063 0.497259557247162 0.498672097921371 0.500084638595581 0.501497209072113 0.502909779548645 0.504322350025177 0.505734860897064 0.507147431373596 0.508560001850128 0.509731471538544 0.509829998016357 0.509928524494171 0.51002711057663 0.510125637054443 0.510224163532257 0.510322690010071 0.510421276092529 0.510519802570343 0.510618329048157 0.510821223258972 0.511612772941589 0.512404382228851 0.513195991516113 0.51398754119873 0.514779150485992 0.515570759773254 0.516362309455872 0.517153918743134 0.517945468425751 0.518561780452728 0.517862200737 0.517162680625916 0.516463100910187 0.515763580799103 0.515064060688019 0.51436448097229 0.513664960861206 0.512965440750122 0.512265861034393 0.511587142944336 0.511133670806885 0.510680198669434 0.510226786136627 0.509773313999176
-3.4e+38 -3.4e+38 -3.4e+38 -3.4e+38 -3.4e+38 -3.4e+38 0.494647949934006 0.494941920042038 0.496300250291824 0.497658550739288 0.499016880989075 0.500375211238861 0.501733481884003 0.503091812133789 0.504450142383575 0.505808472633362 0.507166743278503 0.508297502994537 0.508415520191193 0.508533537387848 0.508651554584503 0.508769512176514 0.508887529373169 0.509005546569824 0.509123563766479 0.509241580963135 0.50935959815979 0.509584963321686 0.510416388511658 0.511247873306274 0.512079298496246 0.512910723686218 0.51374214887619 0.514573633670807 0.515405058860779 0.516236484050751 0.517067968845367 0.517718255519867 0.51700896024704 0.516299724578857 0.515590488910675 0.514881253242493 0.51417201757431 0.513462781906128 0.512753546237946 0.512044310569763 0.511335074901581 0.510657489299774 0.510322630405426 0.509987711906433 0.50965279340744 0.509317934513092
