R_scripts/int_process_data/Bio_03_2001.2020.asc
NCOLS 281 
NROWS 577 
XLLCORNER 81175.2677831308 
YLLCORNER -911.770678700996 
CELLSIZE 1000 
NODATA_value -3.4e+38 
[rows 46 to 68 of 577, columns 104 to 155 of 281]
50.6023941040039 50.7899436950684 50.8796653747559 50.6214637756348 50.2814674377441 49.8031845092773 49.3692970275879 49.1170425415039 49.1938591003418 48.6414604187012 48.1149291992188 48.1707229614258 48.9975090026855 48.3595428466797 47.2663726806641 47.0935668945312 46.894775390625 46.9065818786621 46.9970092773438 47.4230728149414 47.1395606994629 47.4816093444824 47.9920921325684 48.3420562744141 48.2048301696777 47.943904876709 48.216007232666 47.561466217041 46.7915229797363 46.1315116882324 45.7980728149414 45.9998397827148 46.1412353515625 46.4561195373535 46.6654586791992 46.7725410461426 46.7826118469238 46.7000885009766 46.5157203674316 46.3744354248047 46.2315902709961 46.225399017334 46.2603225708008 46.0762481689453 45.8396263122559 45.587646484375 45.5076370239258 45.8458786010742 46.0398368835449 46.2195053100586 46.5620193481445 46.5086708068848
51.0343971252441 50.9257736206055 50.4768600463867 49.9148330688477 49.3903579711914 48.8003158569336 48.3937072753906 48.808048248291 49.2326240539551 48.4372825622559 48.1845436096191 48.7521324157715 49.341869354248 48.2652893066406 47.5590133666992 47.6791496276855 47.5746612548828 47.6044311523438 47.8099098205566 47.7207183837891 47.5957069396973 47.9709548950195 48.7291679382324 49.0731773376465 48.3159523010254 48.1162567138672 48.324649810791 47.6403160095215 46.7806968688965 46.2669448852539 46.1873664855957 46.4926986694336 46.6458053588867 46.9511451721191 47.1228523254395 47.0181770324707 46.8390045166016 46.5217971801758 46.1748695373535 45.9704933166504 45.7924270629883 45.7792739868164 45.8298873901367 45.6335067749023 45.5820007324219 45.6723251342773 45.6606521606445 45.892692565918 46.2265625 46.3115882873535 46.5579032897949 46.4463729858398
50.9521865844727 50.4366760253906 49.7868270874023 49.2555122375488 48.6761894226074 48.2935409545898 48.1744842529297 49.082103729248 49.5421981811523 48.8470039367676 48.5112113952637 49.323299407959 49.5446548461914 48.3067016601562 47.886833190918 48.2613182067871 48.4335975646973 48.3803367614746 48.6334609985352 48.1103668212891 47.9745178222656 48.3119506835938 48.9846725463867 49.0212478637695 48.2067642211914 48.2870712280273 48.588249206543 47.8322830200195 46.9286727905273 46.620361328125 46.7018737792969 46.9312286376953 47.1502571105957 47.2456512451172 47.1076812744141 46.7131576538086 46.3064002990723 46.1230621337891 45.817081451416 45.5452194213867 45.4234085083008 45.5539932250977 45.5776100158691 45.496223449707 45.590202331543 45.7275123596191 45.8066177368164 45.949275970459 46.2877960205078 46.4523506164551 46.5526008605957 46.4281196594238
50.5718803405762 50.0030860900879 49.3253517150879 48.7568740844727 48.4378852844238 48.4184608459473 48.3333549499512 49.2226295471191 49.9913063049316 49.5882568359375 49.3149871826172 50.0274658203125 49.7083282470703 48.6011810302734 48.3934631347656 48.7654495239258 49.2929267883301 49.259521484375 49.0620803833008 48.7211799621582 48.5159721374512 48.7059020996094 49.1880187988281 49.1293983459473 48.780158996582 48.8459739685059 48.5597038269043 47.6613388061523 47.104175567627 47.0499305725098 47.2055549621582 47.3319931030273 47.2851867675781 47.0765266418457 46.6516914367676 46.1033973693848 45.816234588623 45.6890029907227 45.4990158081055 45.2942314147949 45.3501586914062 45.5725860595703 45.7302627563477 45.7486877441406 45.7577285766602 45.8263740539551 45.8817138671875 46.0683403015137 46.3391990661621 46.6094017028809 46.5612449645996 46.4189567565918
50.0049209594727 49.7012023925781 49.0588340759277 48.464729309082 48.4789009094238 48.6301193237305 48.2691879272461 48.7267265319824 49.8818893432617 50.1659812927246 49.9404754638672 50.4252738952637 49.8738212585449 49.2039909362793 49.1515350341797 49.435359954834 49.8344306945801 49.4974212646484 49.35888671875 49.447135925293 49.2633819580078 49.1995658874512 49.2802886962891 49.2147521972656 49.1038856506348 48.6734199523926 48.0131988525391 47.3424491882324 47.1689300537109 47.3374671936035 47.4446334838867 47.235050201416 46.8981742858887 46.7049140930176 46.4017677307129 45.9598350524902 45.6267929077148 45.3410987854004 45.0525436401367 45.1311378479004 45.4626693725586 45.6692085266113 45.8855400085449 45.8943519592285 45.7966423034668 45.8624496459961 45.8501892089844 46.0616111755371 46.4337043762207 46.7093353271484 46.5852279663086 46.4242095947266
49.3208427429199 49.3307189941406 49.2381553649902 48.8051490783691 48.7832679748535 48.8284873962402 48.332088470459 48.377613067627 49.3480644226074 50.3569145202637 50.510627746582 50.5718078613281 50.2030334472656 50.0272064208984 50.0448608398438 50.0935211181641 49.9791297912598 49.6497344970703 49.3585662841797 49.2932243347168 49.3362236022949 49.0589599609375 48.7130928039551 48.5321388244629 48.6954879760742 48.4638137817383 47.8572273254395 47.3027305603027 47.2438850402832 47.4957275390625 47.2851905822754 46.7777938842773 46.5073699951172 46.3664855957031 46.0888366699219 45.679759979248 45.2952651977539 45.1870994567871 45.0891799926758 45.3253784179688 45.7463417053223 45.8340950012207 46.0073089599609 45.8681602478027 45.7324905395508 45.8586387634277 45.8525619506836 46.0654487609863 46.4223022460938 46.7052917480469 46.695442199707 46.6638641357422
49.6127281188965 49.6447715759277 49.9241333007812 49.6804237365723 49.4546699523926 49.2510986328125 48.7363128662109 48.6560554504395 49.077075958252 50.0199890136719 50.6785926818848 50.7198143005371 50.453182220459 50.2827262878418 50.0657157897949 49.6465873718262 49.2449073791504 48.9936599731445 48.6103858947754 48.3883209228516 48.662223815918 48.6714057922363 48.3681449890137 48.0323066711426 47.8114585876465 47.5998382568359 47.5175971984863 47.5703506469727 47.5377426147461 47.5974235534668 47.2600021362305 46.7352828979492 46.6041259765625 46.4365577697754 46.058235168457 45.6305274963379 45.3616600036621 45.4005393981934 45.4161415100098 45.7699775695801 46.1582527160645 45.9883804321289 46.1093597412109 45.9592933654785 45.8480682373047 45.9855499267578 45.914852142334 46.0262603759766 46.3377304077148 46.6526641845703 46.6885414123535 46.6637649536133
50.4253311157227 50.2909049987793 50.4593544006348 50.5947761535645 50.2331237792969 49.8706588745117 49.5721588134766 49.4406890869141 49.3222579956055 49.7930450439453 50.5768775939941 50.5273132324219 49.8763542175293 49.2119102478027 48.8805274963379 48.5458450317383 48.1424331665039 47.9766044616699 47.7289848327637 47.5838470458984 47.9867820739746 48.1910629272461 48.1843719482422 47.9121246337891 47.4730072021484 47.186637878418 47.1826858520508 47.3837013244629 47.3347663879395 47.364086151123 47.1890563964844 46.9040641784668 46.7365341186523 46.4992065429688 46.1628227233887 45.9238548278809 45.9091415405273 46.0582542419434 46.0418739318848 46.5274353027344 46.5690040588379 46.2713584899902 46.2754783630371 46.1675338745117 46.0406227111816 46.0481910705566 45.8585548400879 45.9813766479492 46.3809928894043 46.6379241943359 46.559627532959 46.4254760742188
50.9934043884277 50.990608215332 51.0345687866211 51.1547050476074 51.0075340270996 50.7059097290039 50.4375457763672 50.4444007873535 50.1604156494141 50.2427177429199 50.6365013122559 50.1987724304199 49.3136520385742 48.4914932250977 48.1572151184082 48.1360168457031 47.7034225463867 47.6622352600098 47.4956245422363 47.406909942627 47.5023994445801 47.3683738708496 47.4280433654785 47.5442848205566 47.2000617980957 47.0505027770996 47.0803298950195 47.1306686401367 46.9572334289551 46.9569473266602 46.9654273986816 46.8810234069824 46.5993919372559 46.219181060791 46.1097984313965 46.384937286377 46.4995460510254 46.5883483886719 46.6119346618652 47.011417388916 46.792121887207 46.6244812011719 46.6269874572754 46.320426940918 46.1640930175781 45.9444808959961 45.7394981384277 45.934814453125 46.4144706726074 46.6780662536621 46.6354598999023 46.403377532959
51.3676643371582 51.3243675231934 51.3343811035156 51.344367980957 51.2626457214355 51.1881484985352 50.9234313964844 50.8415603637695 50.7686195373535 50.683219909668 50.3678817749023 49.6181144714355 48.9538726806641 48.7622184753418 48.804759979248 48.7762184143066 48.3755378723145 48.3773002624512 48.2210655212402 47.9283752441406 47.3205718994141 46.5137100219727 46.4871864318848 46.9406967163086 46.7430076599121 46.7827911376953 46.9844932556152 47.022388458252 46.970100402832 46.9365692138672 46.9576606750488 46.8423461914062 46.5916366577148 46.2482528686523 46.0718460083008 46.2585563659668 46.643367767334 46.9325637817383 47.0228652954102 47.2048301696777 46.9612808227539 47.0368919372559 46.9341430664062 46.569019317627 46.3637580871582 45.9888954162598 45.7493019104004 45.9737815856934 46.5457191467285 46.8152961730957 46.6786079406738 46.2894744873047
51.4639930725098 51.3445930480957 51.0954971313477 50.9201812744141 50.6184158325195 50.7978668212891 50.6661338806152 50.2554206848145 50.1962585449219 50.0681266784668 49.7131538391113 49.2136764526367 49.1430015563965 49.451847076416 49.534725189209 49.3880767822266 49.1354446411133 48.8449287414551 48.5959205627441 47.9187927246094 47.0749588012695 46.2150421142578 45.9470863342285 46.3584175109863 46.3362808227539 46.6321182250977 46.8440933227539 46.7861061096191 46.7661476135254 46.8572998046875 47.0084648132324 46.8806991577148 46.5444717407227 46.2425804138184 46.2675514221191 46.3179588317871 46.5694236755371 47.0398292541504 47.3155174255371 47.3962135314941 47.2102546691895 47.2576904296875 47.2892570495605 47.1228713989258 46.7429313659668 46.1966667175293 46.0266990661621 46.6049690246582 47.0477867126465 46.9193801879883 46.4592742919922 46.2081909179688
51.4010696411133 51.2663917541504 50.8610420227051 50.4646148681641 49.9219284057617 49.8542213439941 49.9887619018555 49.5632591247559 49.4335060119629 49.4218482971191 49.4225616455078 49.3770980834961 49.4744834899902 49.5885200500488 49.6982307434082 49.5247840881348 49.155029296875 48.7406349182129 48.4192581176758 47.7615432739258 47.0854072570801 46.414909362793 45.9579010009766 46.0914154052734 46.2199401855469 46.5460243225098 46.7037582397461 46.6212539672852 46.6156158447266 46.7716674804688 46.9886741638184 46.8425788879395 46.362850189209 46.0756340026855 46.3469696044922 46.7433128356934 47.0309066772461 47.2872467041016 47.5022125244141 47.3756217956543 47.1666297912598 47.2523040771484 47.5782775878906 47.6080169677734 47.2108535766602 46.580150604248 46.5713920593262 47.3328018188477 47.4413681030273 46.8369178771973 46.1276054382324 46.2512092590332
51.4219703674316 51.211181640625 50.801643371582 50.2983512878418 49.9354515075684 49.5276107788086 49.5939102172852 49.5258255004883 49.4488487243652 49.3726348876953 49.2511444091797 49.2264289855957 49.4092903137207 49.5236625671387 49.7107582092285 49.597297668457 49.1827507019043 48.7625045776367 48.3726654052734 48.0320892333984 47.4529457092285 46.7906074523926 46.3723793029785 46.4143905639648 46.4509658813477 46.4926338195801 46.5176200866699 46.4920806884766 46.4292755126953 46.6176681518555 46.8937492370605 46.7276077270508 46.1930809020996 46.0389366149902 46.3231964111328 46.6533889770508 47.0474281311035 47.2756690979004 47.5022010803223 47.5464515686035 47.1709098815918 47.1633911132812 47.7551727294922 47.9142913818359 47.6347122192383 47.1319923400879 47.097469329834 47.6548004150391 47.5815391540527 46.7453918457031 46.1288757324219 46.4490356445312
51.4029312133789 51.1405754089355 50.6613311767578 50.3379936218262 50.3161697387695 50.0196838378906 49.7967720031738 49.6865844726562 49.6082420349121 49.374397277832 49.0269165039062 48.9180488586426 49.1627044677734 49.5703239440918 49.7998695373535 49.5925140380859 49.2412223815918 48.7965545654297 48.5604591369629 48.420223236084 47.8868865966797 47.2379722595215 46.9656219482422 46.9329376220703 46.7524528503418 46.4138832092285 46.3103218078613 46.3455619812012 46.2268943786621 46.5209808349609 46.8161659240723 46.5790748596191 46.1205177307129 45.9363136291504 46.2753868103027 46.6976127624512 47.0141830444336 47.1482734680176 47.1982650756836 47.4400634765625 47.6002044677734 47.2658042907715 47.814395904541 48.0692443847656 47.7108840942383 47.2447280883789 47.3326568603516 47.8053894042969 47.5960426330566 46.7453880310059 46.641529083252 47.1057357788086
51.2937355041504 51.1449966430664 50.6063041687012 50.5365982055664 50.6058654785156 50.4196929931641 49.9910507202148 49.8236122131348 49.7422790527344 49.5275497436523 49.287971496582 49.1329154968262 49.1199188232422 49.5039901733398 49.7993507385254 49.6430397033691 49.5163841247559 49.1747055053711 48.9316062927246 48.5733337402344 48.1679458618164 47.7945823669434 47.6039428710938 47.2614860534668 46.8259429931641 46.380069732666 46.1470108032227 46.1259918212891 46.1234169006348 46.312442779541 46.5898323059082 46.3719749450684 46.2810287475586 46.001091003418 45.7996063232422 46.2872352600098 47.0643997192383 47.4529304504395 47.5602836608887 47.4619445800781 47.8227920532227 47.4159851074219 47.7028045654297 48.0515823364258 47.5683708190918 47.4301910400391 47.7254180908203 47.7971267700195 47.2619819641113 46.8753204345703 47.4552917480469 48.0701522827148
51.2281761169434 51.1676635742188 50.772647857666 50.7179679870605 50.7089805603027 50.4861946105957 50.1703872680664 50.0859870910645 49.8290748596191 49.6448822021484 49.5172576904297 49.4101753234863 49.3630256652832 49.6108551025391 49.8617134094238 49.8300361633301 49.5929565429688 49.2175521850586 48.8524398803711 48.6059150695801 48.3859748840332 48.2615165710449 47.9258499145508 47.3231773376465 46.9308471679688 46.6570014953613 46.3034439086914 46.0434341430664 46.1724853515625 46.352466583252 46.4616737365723 46.215934753418 46.3558959960938 46.2621536254883 45.7309150695801 45.7399063110352 46.6150779724121 47.5180587768555 47.9489402770996 48.0629539489746 48.1537399291992 47.7775192260742 47.9576950073242 48.0483741760254 47.6163558959961 47.8674011230469 47.8598899841309 47.5309867858887 47.2146186828613 47.485897064209 48.400691986084 48.5232391357422
50.805362701416 50.7503471374512 50.7782249450684 50.8648490905762 50.7778091430664 50.6230812072754 50.5555725097656 50.518383026123 50.0557022094727 49.8589401245117 49.9229927062988 49.9057540893555 49.8302803039551 49.7371711730957 49.9214744567871 49.9131889343262 49.6469573974609 49.2083282470703 48.988037109375 49.0335960388184 48.8410034179688 48.4643821716309 48.0890502929688 47.6394577026367 47.3187789916992 47.0858001708984 46.7883834838867 46.413387298584 46.4010314941406 46.8747787475586 46.8010330200195 46.3359565734863 46.5587882995605 46.4760284423828 45.9253082275391 45.8239440917969 46.3847045898438 46.8852844238281 47.2676963806152 47.8011131286621 48.2586135864258 48.2983016967773 48.3929977416992 48.228816986084 48.0469665527344 47.857795715332 47.5680999755859 47.5365791320801 47.7829818725586 48.1816673278809 48.7827644348145 48.5910720825195
50.2031364440918 50.4951324462891 50.9145622253418 51.081844329834 51.0073585510254 50.9446449279785 50.9735908508301 50.7680625915527 50.379753112793 50.3721618652344 50.4851608276367 50.5357475280762 50.4031028747559 50.1739158630371 50.0387001037598 49.8937454223633 49.7588882446289 49.5133476257324 49.4230117797852 49.3094635009766 48.8438568115234 48.4260063171387 48.3054046630859 48.1784591674805 47.7315711975098 47.4480056762695 47.2980918884277 46.8553619384766 46.7594528198242 47.4348335266113 47.0497741699219 46.4540634155273 46.829029083252 46.5703887939453 46.0323905944824 45.9649276733398 46.1132507324219 46.2806205749512 46.8238677978516 47.3468704223633 47.9883308410645 48.5430488586426 48.3822021484375 48.1040306091309 47.9566955566406 47.7379188537598 47.7380256652832 47.8846130371094 48.3873176574707 48.6855850219727 48.6152839660645 48.3278007507324
50.1949195861816 50.5414237976074 50.9240646362305 51.1609878540039 51.1002349853516 51.0653495788574 51.1007919311523 50.8361892700195 50.7449798583984 50.8099250793457 50.7817230224609 50.6730995178223 50.4825782775879 50.2521476745605 49.9970664978027 49.7494125366211 49.7009925842285 49.5108604431152 49.0932197570801 48.8260879516602 48.5802574157715 48.3909873962402 48.4912948608398 48.5803260803223 48.2416114807129 47.7723999023438 47.4694900512695 47.1134033203125 47.3305168151855 47.9464378356934 47.0156669616699 46.5390548706055 47.2412605285645 46.932487487793 46.2692070007324 46.1315231323242 46.1976318359375 46.6935615539551 47.4055633544922 47.8180046081543 48.0218048095703 48.5073356628418 48.2376594543457 48.0242652893066 48.0497207641602 48.170711517334 48.3420295715332 48.5388603210449 48.7094459533691 48.4226608276367 47.9070053100586 47.4068183898926
50.1798286437988 50.2532920837402 50.5760650634766 51.0635604858398 51.1381454467773 51.1252059936523 51.2247009277344 51.0694274902344 51.0137939453125 50.7998046875 50.4829216003418 50.4442176818848 50.257625579834 49.786750793457 49.3486976623535 49.1116638183594 49.1661033630371 49.317985534668 48.7171745300293 48.2573585510254 48.1378936767578 47.96435546875 48.2146492004395 48.6764030456543 48.3998031616211 47.8692665100098 47.7169799804688 47.4390258789062 48.0598449707031 48.2793121337891 47.0183258056641 46.8126106262207 47.7205123901367 47.4570159912109 46.7007064819336 46.5552749633789 46.5435791015625 46.936450958252 47.6105537414551 48.4043579101562 48.5810890197754 48.5096473693848 47.930061340332 48.1256790161133 48.659912109375 48.782039642334 48.8857727050781 48.9085807800293 48.6601104736328 48.0924682617188 47.5545234680176 46.8104972839355
50.2815551757812 50.4358253479004 50.7402648925781 51.1311988830566 51.3458862304688 51.3400955200195 51.3541145324707 51.2740783691406 51.0506134033203 50.6493072509766 50.1361427307129 49.9607353210449 49.6460952758789 49.0359077453613 48.4356231689453 48.1749534606934 48.273796081543 48.7370796203613 48.6103286743164 48.0524101257324 47.8584327697754 47.8538208007812 48.0608520507812 48.6439056396484 48.6941452026367 48.5222358703613 48.1887588500977 47.9308700561523 48.6623764038086 48.339183807373 47.3209495544434 47.5133056640625 48.3149642944336 47.9234428405762 47.3739471435547 47.4635314941406 47.2957916259766 47.3081321716309 47.9612808227539 48.8161773681641 48.7737083435059 48.4544258117676 48.3308219909668 48.6169815063477 49.0983963012695 49.1592063903809 48.8297920227051 48.2155303955078 47.9632682800293 47.4092140197754 46.7947883605957 45.9052658081055
50.5522079467773 50.8950843811035 51.1526374816895 51.3420562744141 51.5 51.4614791870117 51.3724937438965 51.2526779174805 51.1191673278809 50.6720008850098 50.0745849609375 49.6175346374512 49.1007385253906 48.4464950561523 48.070011138916 47.8983192443848 47.7881813049316 48.0467758178711 48.3856315612793 48.1315040588379 47.903377532959 47.9252052307129 48.1932830810547 48.6996002197266 49.056568145752 49.137279510498 48.582347869873 48.4536170959473 48.9926490783691 48.2201271057129 47.8560104370117 48.1801528930664 48.7625350952148 48.2975769042969 48.0332908630371 48.3027687072754 48.0181999206543 47.9544448852539 48.5670318603516 49.087230682373 48.8132629394531 48.7671699523926 49.0859642028809 49.2766876220703 49.2229042053223 48.8747329711914 48.411075592041 47.4029846191406 46.9604759216309 46.5487785339355 45.7296447753906 45.1860237121582
50.9438552856445 51.1993598937988 51.3750038146973 51.4503479003906 51.4450073242188 51.2427444458008 50.9873695373535 50.918830871582 51.0141220092773 50.5557708740234 49.8118209838867 49.2835693359375 48.9159202575684 48.5764694213867 48.359992980957 48.0625228881836 47.793270111084 47.9594917297363 48.2940101623535 48.3097038269043 48.1619529724121 48.0246963500977 48.2199325561523 48.783763885498 49.2863731384277 49.3925399780273 49.0789947509766 48.9786148071289 49.1048698425293 48.3808250427246 48.4500045776367 48.4691162109375 48.886157989502 48.693473815918 48.6772193908691 48.8848304748535 48.479175567627 48.486515045166 49.1126556396484 49.3503532409668 49.1694946289062 49.391674041748 49.4682769775391 49.3846549987793 48.8989753723145 48.062126159668 47.9250946044922 47.3410949707031 46.3469467163086 45.7396469116211 45.2360153198242 45.2411766052246
