R_scripts/int_process_data/Bio_02.asc
NCOLS 281 
NROWS 576 
XLLCORNER 81175.2677831308 
YLLCORNER 88.2293212990044 
CELLSIZE 1000 
NODATA_value -3.4e+38 
[rows 368 to 390 of 576, columns 52 to 103 of 281]
8.3247652053833 8.56625080108643 8.80773639678955 9.04922294616699 9.29070854187012 9.53219413757324 9.77368068695068 9.97399806976318 10.0252647399902 10.0765314102173 10.1277980804443 10.1790647506714 10.2303314208984 10.2815980911255 10.3328647613525 10.3841314315796 10.4353981018066 10.4809074401855 10.5007982254028 10.5206899642944 10.5405807495117 10.560471534729 10.5803623199463 10.6002531051636 10.6201438903809 10.6400346755981 10.6599254608154 10.6793336868286 10.6960153579712 10.7126979827881 10.7293796539307 10.7460622787476 10.7627439498901 10.779426574707 10.7961091995239 10.8127908706665 10.8294734954834 10.8453121185303 10.8548250198364 10.8643379211426 10.8738508224487 10.8833627700806 10.8928756713867 10.9023885726929 10.911901473999 10.9214143753052 10.9309272766113 10.9373369216919 10.9101877212524 10.8830394744873 10.8558902740479 10.8287410736084
8.17886352539062 8.43742752075195 8.69599056243896 8.95455360412598 9.21311664581299 9.4716796875 9.73024368286133 9.94398593902588 9.99545288085938 10.0469207763672 10.0983877182007 10.1498556137085 10.201322555542 10.2527894973755 10.3042573928833 10.3557243347168 10.4071912765503 10.4533252716064 10.4757223129272 10.4981203079224 10.5205173492432 10.5429153442383 10.5653123855591 10.5877103805542 10.610107421875 10.6325054168701 10.6549024581909 10.6764802932739 10.6934289932251 10.7103786468506 10.7273283004761 10.7442770004272 10.7612266540527 10.7781763076782 10.7951250076294 10.8120746612549 10.8290243148804 10.8450469970703 10.854115486145 10.8631830215454 10.8722515106201 10.8813199996948 10.8903884887695 10.8994569778442 10.9085254669189 10.9175939559937 10.9266624450684 10.9324741363525 10.9030637741089 10.8736534118652 10.8442420959473 10.8148317337036
8.03296279907227 8.30860328674316 8.58424377441406 8.85988426208496 9.13552474975586 9.41116619110107 9.68680667877197 9.91397380828857 9.96564197540283 10.0173101425171 10.068977355957 10.1206455230713 10.1723136901855 10.2239818572998 10.2756490707397 10.327317237854 10.3789854049683 10.4257431030273 10.4506464004517 10.4755506515503 10.5004549026489 10.5253591537476 10.5502634048462 10.5751667022705 10.6000709533691 10.6249752044678 10.6498794555664 10.6736259460449 10.690842628479 10.7080593109131 10.7252759933472 10.7424926757812 10.759708404541 10.7769250869751 10.7941417694092 10.8113584518433 10.8285751342773 10.844780921936 10.8534049987793 10.8620290756226 10.8706531524658 10.8792772293091 10.8879013061523 10.8965253829956 10.9051494598389 10.9137735366821 10.9223976135254 10.9276113510132 10.895938873291 10.8642673492432 10.832594871521 10.8009223937988
7.88706207275391 8.17978000640869 8.47249794006348 8.76521587371826 9.05793380737305 9.35065174102783 9.64336967468262 9.88396167755127 9.93583011627197 9.98769855499268 10.0395669937134 10.0914363861084 10.1433048248291 10.1951732635498 10.2470417022705 10.2989101409912 10.3507785797119 10.3981599807739 10.4255704879761 10.4529819488525 10.4803924560547 10.5078029632568 10.535213470459 10.5626239776611 10.5900344848633 10.6174459457397 10.6448564529419 10.6707725524902 10.6882562637329 10.7057399749756 10.7232236862183 10.7407073974609 10.7581911087036 10.7756748199463 10.793158531189 10.8106422424316 10.8281259536743 10.8445158004761 10.8526954650879 10.8608751296997 10.8690547943115 10.8772344589233 10.8854141235352 10.893593788147 10.9017734527588 10.9099531173706 10.9181327819824 10.9227485656738 10.8888149261475 10.8548803329468 10.8209466934204 10.787013053894
7.74116134643555 8.05095672607422 8.36075115203857 8.67054653167725 8.98034191131592 9.29013729095459 9.59993267059326 9.85394954681396 9.90601825714111 9.95808792114258 10.010157585144 10.0622262954712 10.1142959594727 10.1663646697998 10.2184343338013 10.2705030441284 10.3225727081299 10.3705778121948 10.4004945755005 10.4304122924805 10.4603290557861 10.4902467727661 10.5201644897461 10.5500812530518 10.5799989700317 10.6099157333374 10.6398334503174 10.6679191589355 10.6856698989868 10.7034206390381 10.7211713790894 10.7389221191406 10.7566728591919 10.7744235992432 10.7921752929688 10.80992603302 10.8276767730713 10.8442497253418 10.8519849777222 10.8597202301025 10.8674554824829 10.8751916885376 10.882926940918 10.8906621932983 10.8983974456787 10.9061326980591 10.9138679504395 10.9178857803345 10.8816900253296 10.8454942703247 10.8092994689941 10.7731037139893
7.59526014328003 7.92213296890259 8.24900531768799 8.57587814331055 8.90275001525879 9.22962284088135 9.55649471282959 9.82393741607666 9.87620735168457 9.92847728729248 9.98074722290039 10.0330171585083 10.0852870941162 10.1375570297241 10.189826965332 10.2420969009399 10.2943668365479 10.3429956436157 10.3754186630249 10.4078426361084 10.4402666091919 10.4726905822754 10.5051145553589 10.5375385284424 10.5699625015259 10.6023864746094 10.6348104476929 10.6650657653809 10.6830835342407 10.7011013031006 10.7191190719604 10.7371377944946 10.7551555633545 10.7731733322144 10.7911911010742 10.8092098236084 10.8272275924683 10.8439846038818 10.8512754440308 10.8585662841797 10.8658571243286 10.8731479644775 10.8804388046265 10.8877305984497 10.8950214385986 10.9023122787476 10.9096031188965 10.9130229949951 10.8745651245117 10.8361082077026 10.7976512908936 10.7591943740845
7.6381402015686 7.95869874954224 8.27925682067871 8.59981536865234 8.92037487030029 9.24093341827393 9.56149196624756 9.82384586334229 9.87547016143799 9.92709350585938 9.97871685028076 10.0303411483765 10.0819644927979 10.1335878372192 10.1852111816406 10.2368354797363 10.2884588241577 10.3363265991211 10.3674793243408 10.3986320495605 10.429783821106 10.4609365463257 10.4920892715454 10.5232419967651 10.5543947219849 10.5855464935303 10.61669921875 10.6458835601807 10.6639614105225 10.6820383071899 10.7001161575317 10.7181940078735 10.736270904541 10.7543487548828 10.7724266052246 10.7905035018921 10.8085813522339 10.8254194259644 10.8329524993896 10.8404865264893 10.8480195999146 10.8555526733398 10.8630867004395 10.8706197738647 10.8781538009644 10.8856868743896 10.8932209014893 10.8969831466675 10.859956741333 10.8229312896729 10.7859048843384 10.7488784790039
7.68769693374634 8.00111484527588 8.31453227996826 8.62794876098633 8.94136619567871 9.25478363037109 9.56820106506348 9.82481384277344 9.87576103210449 9.92670822143555 9.9776554107666 10.028603553772 10.079550743103 10.1304979324341 10.1814451217651 10.2323923110962 10.2833404541016 10.330397605896 10.3601455688477 10.389892578125 10.4196405410767 10.4493885040283 10.4791355133057 10.5088834762573 10.5386304855347 10.5683784484863 10.5981254577637 10.626124382019 10.6442546844482 10.6623840332031 10.680513381958 10.6986427307129 10.7167730331421 10.734902381897 10.7530317306519 10.7711620330811 10.7892913818359 10.806206703186 10.8140068054199 10.8218069076538 10.829607963562 10.8374080657959 10.8452081680298 10.8530082702637 10.8608093261719 10.8686094284058 10.8764095306396 10.8805484771729 10.8450841903687 10.8096189498901 10.7741546630859 10.7386903762817
7.73725414276123 8.04353046417236 8.3498067855835 8.65608215332031 8.96235847473145 9.26863479614258 9.57491111755371 9.82578086853027 9.876051902771 9.92632293701172 9.97659492492676 10.0268659591675 10.0771369934082 10.1274080276489 10.1776790618896 10.2279500961304 10.2782211303711 10.3244686126709 10.3528118133545 10.3811540603638 10.409496307373 10.4378395080566 10.4661817550659 10.4945249557495 10.5228672027588 10.5512094497681 10.5795526504517 10.6063652038574 10.6245470046997 10.642728805542 10.6609106063843 10.6790924072266 10.6972742080688 10.7154560089111 10.7336378097534 10.7518196105957 10.770001411438 10.7869939804077 10.7950611114502 10.8031282424927 10.8111953735352 10.8192625045776 10.8273296356201 10.8353967666626 10.8434638977051 10.8515310287476 10.85959815979 10.8641138076782 10.83021068573 10.7963075637817 10.7624044418335 10.7285013198853
7.78681135177612 8.08594608306885 8.38508129119873 8.6842155456543 8.98335075378418 9.28248500823975 9.58162021636963 9.82674884796143 9.87634372711182 9.92593860626221 9.9755334854126 10.025128364563 10.0747232437134 10.1243181228638 10.1739130020142 10.2235078811646 10.2731027603149 10.3185405731201 10.3454780578613 10.3724155426025 10.3993530273438 10.426290512085 10.4532279968262 10.4801654815674 10.5071039199829 10.5340414047241 10.5609788894653 10.5866060256958 10.6048402786255 10.6230745315552 10.6413078308105 10.6595420837402 10.6777763366699 10.6960096359253 10.714243888855 10.7324781417847 10.75071144104 10.7677812576294 10.7761154174805 10.7844495773315 10.7927837371826 10.8011178970337 10.8094511032104 10.8177852630615 10.8261194229126 10.8344535827637 10.8427877426147 10.8476791381836 10.8153371810913 10.7829961776733 10.7506542205811 10.7183132171631
7.83636856079102 8.12836170196533 8.42035579681396 8.71234893798828 9.00434303283691 9.29633617401123 9.58833026885986 9.82771587371826 9.87663459777832 9.92555332183838 9.97447204589844 10.0233907699585 10.0723094940186 10.1212272644043 10.1701459884644 10.2190647125244 10.2679834365845 10.312611579895 10.3381443023682 10.3636770248413 10.3892097473145 10.4147424697876 10.4402742385864 10.4658069610596 10.4913396835327 10.5168724060059 10.542405128479 10.5668468475342 10.5851335525513 10.603419303894 10.6217050552368 10.6399917602539 10.6582775115967 10.6765632629395 10.6948499679565 10.7131357192993 10.7314214706421 10.7485694885254 10.7571697235107 10.7657709121704 10.7743711471558 10.7829723358154 10.7915735244751 10.8001737594604 10.8087749481201 10.8173751831055 10.8259763717651 10.831244468689 10.800464630127 10.7696838378906 10.7389039993286 10.7081241607666
7.88592576980591 8.17077827453613 8.4556303024292 8.74048233032227 9.02533435821533 9.31018733978271 9.59503936767578 9.82868385314941 9.87692642211914 9.92516803741455 9.97341060638428 10.021653175354 10.0698957443237 10.1181373596191 10.1663799285889 10.2146224975586 10.2628650665283 10.3066825866699 10.330810546875 10.3549375534058 10.3790655136108 10.4031934738159 10.427321434021 10.4514484405518 10.4755764007568 10.4997043609619 10.5238313674927 10.5470876693726 10.5654258728027 10.5837640762329 10.6021022796631 10.6204404830933 10.6387786865234 10.6571168899536 10.6754560470581 10.6937942504883 10.7121324539185 10.7293567657471 10.738224029541 10.7470922470093 10.7559595108032 10.7648267745972 10.7736949920654 10.7825622558594 10.7914295196533 10.8002977371216 10.8091650009155 10.8148097991943 10.7855911254883 10.7563724517822 10.7271537780762 10.6979360580444
7.93548250198364 8.21319389343262 8.49090480804443 8.76861572265625 9.04632663726807 9.32403755187988 9.60174942016602 9.82965087890625 9.87721729278564 9.92478370666504 9.97234916687012 10.0199155807495 10.0674819946289 10.115047454834 10.1626138687134 10.2101793289185 10.2577457427979 10.3007535934448 10.3234767913818 10.3461990356445 10.3689222335815 10.3916444778442 10.4143676757812 10.4370899200439 10.459813117981 10.4825353622437 10.5052585601807 10.5273284912109 10.5457191467285 10.5641098022461 10.5824995040894 10.6008901596069 10.6192808151245 10.6376714706421 10.6560611724854 10.6744518280029 10.6928424835205 10.7101440429688 10.7192783355713 10.7284126281738 10.7375478744507 10.7466821670532 10.7558164596558 10.7649507522583 10.7740850448608 10.7832193374634 10.7923536300659 10.7983751296997 10.7707176208496 10.7430610656738 10.7154035568237 10.6877470016479
7.98503971099854 8.2556095123291 8.52617931365967 8.79674911499023 9.0673189163208 9.33788871765137 9.60845851898193 9.8306188583374 9.87750816345215 9.92439842224121 9.97128772735596 10.018177986145 10.0650672912598 10.1119575500488 10.1588478088379 10.2057371139526 10.2526273727417 10.2948246002197 10.3161430358887 10.3374605178833 10.3587779998779 10.3800964355469 10.4014139175415 10.4227313995361 10.4440488815308 10.4653673171997 10.4866847991943 10.5075693130493 10.5260124206543 10.544454574585 10.5628976821899 10.5813398361206 10.5997819900513 10.6182250976562 10.6366672515869 10.6551094055176 10.6735525131226 10.6909322738647 10.7003326416016 10.7097339630127 10.7191352844238 10.728536605835 10.7379379272461 10.7473392486572 10.7567405700684 10.7661418914795 10.7755432128906 10.7819395065308 10.7558441162109 10.7297487258911 10.7036542892456 10.6775588989258
8.03459644317627 8.29802513122559 8.5614538192749 8.82488250732422 9.08831119537354 9.35173988342285 9.61516761779785 9.83158588409424 9.87779998779297 9.92401313781738 9.97022724151611 10.0164403915405 10.0626535415649 10.1088676452637 10.1550807952881 10.2012948989868 10.2475080490112 10.2888965606689 10.3088092803955 10.3287220001221 10.3486347198486 10.3685474395752 10.3884601593018 10.4083728790283 10.4282855987549 10.4481983184814 10.468111038208 10.4878101348877 10.5063047409058 10.5248003005981 10.5432949066162 10.5617895126343 10.5802841186523 10.5987787246704 10.6172733306885 10.6357679367065 10.6542625427246 10.6717195510864 10.6813869476318 10.6910552978516 10.7007236480713 10.7103910446167 10.7200593948364 10.7297277450562 10.7393951416016 10.7490634918213 10.758731842041 10.7655048370361 10.7409715652466 10.7164373397827 10.6919040679932 10.6673698425293
8.08415412902832 8.34044075012207 8.59672832489014 8.8530158996582 9.10930347442627 9.36559009552002 9.62187767028809 9.83255386352539 9.87809085845947 9.92362785339355 9.96916580200195 10.014702796936 10.0602397918701 10.1057777404785 10.1513147354126 10.1968517303467 10.2423896789551 10.2829675674438 10.3014755249023 10.3199825286865 10.338490486145 10.3569984436035 10.375506401062 10.3940143585205 10.412522315979 10.4310302734375 10.4495372772217 10.4680509567261 10.4865980148315 10.505145072937 10.5236921310425 10.5422382354736 10.5607852935791 10.5793323516846 10.59787940979 10.6164255142212 10.6349725723267 10.6525068283081 10.6624422073364 10.6723766326904 10.6823110580444 10.6922464370728 10.7021808624268 10.7121162414551 10.7220506668091 10.7319860458374 10.7419204711914 10.7490701675415 10.7260980606079 10.7031259536743 10.6801538467407 10.6571817398071
8.05905532836914 8.30746936798096 8.55588340759277 8.80429840087891 9.05271244049072 9.30112743377686 9.54954147338867 9.75411128997803 9.79994010925293 9.84576797485352 9.89159679412842 9.937424659729 9.98325347900391 10.0290813446045 10.0749101638794 10.1207389831543 10.1665668487549 10.2080926895142 10.2304677963257 10.2528429031372 10.2752180099487 10.2975931167603 10.3199682235718 10.3423433303833 10.3647184371948 10.387092590332 10.4094676971436 10.4315366744995 10.4518785476685 10.4722194671631 10.4925603866577 10.5129022598267 10.5332431793213 10.5535840988159 10.5739250183105 10.5942668914795 10.6146078109741 10.6336507797241 10.6429481506348 10.6522455215454 10.6615428924561 10.6708402633667 10.6801376342773 10.689435005188 10.6987323760986 10.7080297470093 10.7173271179199 10.7241640090942 10.7043914794922 10.6846179962158 10.6648454666138 10.6450729370117
8.02858543395996 8.26907444000244 8.50956344604492 8.7500524520874 8.99054145812988 9.23102951049805 9.47151851654053 9.66995620727539 9.71614551544189 9.7623348236084 9.8085241317749 9.85471248626709 9.90090179443359 9.9470911026001 9.9932804107666 10.0394687652588 10.0856580734253 10.1282567977905 10.154878616333 10.1815004348755 10.208122253418 10.2347440719604 10.2613658905029 10.2879877090454 10.3146085739136 10.3412303924561 10.3678522109985 10.3938179016113 10.4160785675049 10.4383392333984 10.460599899292 10.4828605651855 10.5051221847534 10.527382850647 10.5496435165405 10.5719041824341 10.5941648483276 10.6148195266724 10.6234140396118 10.6320095062256 10.640604019165 10.6491985321045 10.6577939987183 10.6663885116577 10.6749839782715 10.6835784912109 10.6921739578247 10.6986484527588 10.6821928024292 10.6657371520996 10.64928150177 10.6328258514404
7.99811601638794 8.23067951202393 8.46324253082275 8.69580554962158 8.92836952209473 9.16093254089355 9.3934965133667 9.58580207824707 9.63235187530518 9.67890167236328 9.72545146942139 9.77200126647949 9.81855010986328 9.86509990692139 9.91164970397949 9.9581995010376 10.0047492980957 10.0484218597412 10.0792903900146 10.1101589202881 10.1410264968872 10.1718950271606 10.2027635574341 10.2336311340332 10.2644996643066 10.2953681945801 10.3262367248535 10.3560981750488 10.3802785873413 10.4044589996338 10.4286394119263 10.4528198242188 10.4770002365112 10.501181602478 10.5253620147705 10.549542427063 10.5737228393555 10.5959882736206 10.6038808822632 10.6117734909058 10.6196660995483 10.6275577545166 10.6354503631592 10.6433429718018 10.6512355804443 10.6591281890869 10.6670198440552 10.6731328964233 10.6599941253662 10.6468553543091 10.6337175369263 10.6205787658691
7.96764612197876 8.19228363037109 8.41692161560059 8.64155960083008 8.86619758605957 9.09083557128906 9.31547355651855 9.50164699554443 9.54855728149414 9.59546756744385 9.64237785339355 9.68928909301758 9.73619937896729 9.78310966491699 9.8300199508667 9.87693023681641 9.92384052276611 9.96858692169189 10.0037021636963 10.0388164520264 10.0739316940308 10.1090459823608 10.1441612243652 10.1792755126953 10.2143907546997 10.2495059967041 10.2846202850342 10.3183784484863 10.3444786071777 10.3705787658691 10.3966789245605 10.422779083252 10.4488792419434 10.4749794006348 10.5010795593262 10.5271806716919 10.5532808303833 10.5771570205688 10.5843477249146 10.5915374755859 10.5987272262573 10.6059169769287 10.6131067276001 10.6202974319458 10.6274871826172 10.6346769332886 10.64186668396 10.6476173400879 10.6377954483032 10.6279745101929 10.6181526184082 10.6083316802979
7.93717670440674 8.15388870239258 8.37060165405273 8.58731365203857 8.80402565002441 9.02073860168457 9.23745059967041 9.4174919128418 9.46476364135742 9.51203441619873 9.55930519104004 9.60657691955566 9.65384769439697 9.70111846923828 9.74839019775391 9.79566097259521 9.84293270111084 9.88875198364258 9.92811393737793 9.96747493743896 10.0068359375 10.0461978912354 10.0855588912964 10.1249198913574 10.1642818450928 10.2036428451538 10.2430047988892 10.2806587219238 10.3086786270142 10.3366985321045 10.3647184371948 10.3927383422852 10.4207582473755 10.4487781524658 10.4767980575562 10.5048179626465 10.5328378677368 10.5583267211914 10.5648136138916 10.5713014602661 10.5777883529663 10.5842761993408 10.5907640457153 10.5972509384155 10.60373878479 10.6102256774902 10.6167135238647 10.6221017837524 10.6155977249146 10.6090927124023 10.6025886535645 10.5960845947266
7.90670680999756 8.11549377441406 8.32428073883057 8.53306770324707 8.74185466766357 8.95064163208008 9.15942859649658 9.33333683013916 9.38096904754639 9.42860126495361 9.47623252868652 9.52386474609375 9.57149600982666 9.61912822723389 9.6667594909668 9.71439170837402 9.76202392578125 9.80891704559326 9.85252475738525 9.89613342285156 9.93974113464355 9.98334884643555 10.0269565582275 10.0705642700195 10.1141729354858 10.1577806472778 10.2013883590698 10.2429389953613 10.2728786468506 10.3028182983398 10.3327579498291 10.3626976013184 10.3926372528076 10.4225769042969 10.4525165557861 10.4824562072754 10.5123958587646 10.5394954681396 10.545280456543 10.5510654449463 10.5568504333496 10.5626354217529 10.5684204101562 10.5742053985596 10.5799903869629 10.5857753753662 10.5915603637695 10.596586227417 10.5933990478516 10.5902118682861 10.5870246887207 10.5838375091553
7.87623739242554 8.07709884643555 8.2779598236084 8.47882175445557 8.67968273162842 8.88054466247559 9.08140563964844 9.24918270111084 9.29717540740967 9.34516716003418 9.39315986633301 9.44115257263184 9.48914527893066 9.53713703155518 9.585129737854 9.63312244415283 9.68111515045166 9.72908210754395 9.77693653106689 9.82479095458984 9.87264537811279 9.92049980163574 9.96835422515869 10.0162086486816 10.0640640258789 10.1119184494019 10.1597728729248 10.2052192687988 10.237078666687 10.2689380645752 10.3007974624634 10.3326568603516 10.3645162582397 10.3963756561279 10.4282350540161 10.4600944519043 10.4919528961182 10.5206642150879 10.52574634552 10.5308294296265 10.5359115600586 10.540994644165 10.5460767745972 10.5511589050293 10.5562419891357 10.5613241195679 10.5664072036743 10.5710706710815 10.5712003707886 10.5713300704956 10.571460723877 10.571590423584
