R_scripts/int_process_data/Bio_13_2001.2020.asc
NCOLS 281 
NROWS 577 
XLLCORNER 81175.2677831308 
YLLCORNER -911.770678700996 
CELLSIZE 1000 
NODATA_value -3.4e+38 
[rows 294 to 314 of 577, columns 144 to 191 of 281]
7.20082127259047e-08 7.3401203337653e-08 7.39344727662683e-08 7.44676142971912e-08 7.49072697203701e-08 7.48308011111476e-08 7.41583079388874e-08 7.35089003001121e-08 7.27150464285842e-08 7.22688753285183e-08 7.22851254408852e-08 7.21762347666299e-08 7.20208461757466e-08 7.19010841976342e-08 7.1776796062295e-08 7.14736856366471e-08 7.11888930027271e-08 7.10454628460866e-08 7.08628107304321e-08 7.06950800122286e-08 7.07916427700184e-08 7.06924510041063e-08 6.97070490218721e-08 6.93987303179711e-08 6.97914757097351e-08 7.02223488247e-08 7.03457772033289e-08 7.00977906831213e-08 6.99948188298549e-08 6.97192490406451e-08 6.89582222435092e-08 6.8963998955951e-08 6.92478110408956e-08 6.91644075345721e-08 6.83413929891685e-08 6.7576557682969e-08 6.7558318050942e-08 6.6938859788479e-08 6.52122196242999e-08 -3.4e+38 -3.4e+38 -3.4e+38 -3.4e+38 -3.4e+38 -3.4e+38 -3.4e+38 -3.4e+38 -3.4e+38
7.21249691082448e-08 7.34996419282652e-08 7.3945791712049e-08 7.40689216627288e-08 7.42291135225059e-08 7.41525738590099e-08 7.36230418851846e-08 7.32744425135934e-08 7.29836884261204e-08 7.24046032019032e-08 7.21113551094277e-08 7.20811428323032e-08 7.20708115409252e-08 7.21039157269843e-08 7.18998194315645e-08 7.16992900606783e-08 7.11678609377486e-08 7.08821588091268e-08 7.08855552034038e-08 7.06830007857207e-08 7.05370766240776e-08 7.06792775417853e-08 7.01968332350589e-08 6.9304526562064e-08 6.91509427497294e-08 6.95355666380237e-08 6.98956057476607e-08 7.00536091358117e-08 7.00710884871114e-08 6.9939702029842e-08 6.9552541503981e-08 6.93799648843196e-08 6.93224393444325e-08 6.96602953098591e-08 6.91495856131041e-08 6.84776608750326e-08 6.82692373743521e-08 6.74889975016413e-08 6.60211441072533e-08 6.51610605473252e-08 6.49172591238312e-08 -3.4e+38 6.46571933771156e-08 -3.4e+38 -3.4e+38 -3.4e+38 -3.4e+38 -3.4e+38
7.21984889651139e-08 7.24614324099093e-08 7.32630809352486e-08 7.36739025342104e-08 7.3411058565398e-08 7.32388159008224e-08 7.30270315330017e-08 7.28515061609869e-08 7.28757569845584e-08 7.25375315369092e-08 7.20842621149131e-08 7.1917412469702e-08 7.19650543601347e-08 7.20218267247219e-08 7.18695787327306e-08 7.16586754379023e-08 7.11271823661264e-08 7.06094596125695e-08 7.05692002611613e-08 7.05745435425342e-08 7.0417527808786e-08 7.0365409499118e-08 7.03732041529292e-08 6.96152397949845e-08 6.90982275841634e-08 6.90107171408272e-08 6.94726338679175e-08 6.98805138199532e-08 7.0281501507452e-08 7.02331988122751e-08 7.00784994478454e-08 6.99254059099985e-08 6.94009330004519e-08 6.97939128713188e-08 6.96083830575844e-08 6.90548205284358e-08 6.89910280016193e-08 6.86303707198022e-08 6.777086269949e-08 6.73614906077091e-08 6.7099506395607e-08 6.61961010450796e-08 6.59253487356182e-08 -3.4e+38 -3.4e+38 -3.4e+38 -3.4e+38 -3.4e+38
7.09504988094523e-08 7.12704135708009e-08 7.24165190035819e-08 7.2793170602381e-08 7.2834559716739e-08 7.32069125319867e-08 7.3072975226296e-08 7.28376008396481e-08 7.2694994912581e-08 7.24534601204141e-08 7.22562631949586e-08 7.20678059451529e-08 7.18985901926317e-08 7.1758911701636e-08 7.16362791308711e-08 7.15576788934413e-08 7.12107990352706e-08 7.06370428815717e-08 7.02353446513371e-08 7.01717084439224e-08 7.02700262422695e-08 7.01674949254993e-08 7.02390323681357e-08 6.96423541057811e-08 6.91477239911364e-08 6.86916479253341e-08 6.87880472582947e-08 6.93745718649552e-08 7.00511151308092e-08 7.04487419511679e-08 7.05781602050592e-08 7.04663563055874e-08 6.96711381920068e-08 6.98872426596608e-08 7.00859672519982e-08 6.94649031629524e-08 6.92956660941491e-08 6.91981085765292e-08 6.88266652559832e-08 6.82578971122894e-08 6.86677950056946e-08 6.77419293992898e-08 6.73862743383324e-08 6.72293580805672e-08 6.63240840026447e-08 -3.4e+38 -3.4e+38 -3.4e+38
7.10251057967071e-08 7.18438144531319e-08 7.24956876752003e-08 7.2400922590532e-08 7.27172988490565e-08 7.3009253753753e-08 7.27908044950709e-08 7.27316091797547e-08 7.26482056734312e-08 7.23469213426142e-08 7.21767037248355e-08 7.20277242294287e-08 7.16621784135896e-08 7.13186096845675e-08 7.11608905135108e-08 7.11122964958122e-08 7.10822760652263e-08 7.0728667367348e-08 7.01851305962009e-08 6.98657771636135e-08 7.00044324730698e-08 6.98855942005139e-08 6.98396931397838e-08 6.95432831321341e-08 6.94544510793094e-08 6.8788907015005e-08 6.83658072375692e-08 6.8920861906463e-08 6.96726445426066e-08 7.05202367612401e-08 7.11128933517102e-08 7.10560570382768e-08 7.0034658961049e-08 7.0201544133397e-08 7.04516622818119e-08 6.96120281418189e-08 6.93965134246355e-08 6.92808939106726e-08 6.91703760935525e-08 6.84827199393112e-08 6.8846908618525e-08 6.83088927644349e-08 6.83788954347619e-08 6.86050469766997e-08 6.84896761526943e-08 6.71489601700159e-08 6.55755343359488e-08 -3.4e+38
7.25520550304282e-08 7.28841555996951e-08 7.29236759866581e-08 7.25588336081273e-08 7.2719473109828e-08 7.26670847939204e-08 7.22944335507236e-08 7.24454238820726e-08 7.23531314861248e-08 7.21608870435375e-08 7.19732966558695e-08 7.16782082577083e-08 7.11184000579124e-08 7.08000555960098e-08 7.05621587826499e-08 7.05827929436964e-08 7.05389169297632e-08 7.04169380583153e-08 7.0065198087832e-08 6.95522786031688e-08 6.94047486149429e-08 6.92726516149378e-08 6.92283848024999e-08 6.92537724944486e-08 6.97270436944564e-08 6.94460950967368e-08 6.87087293727018e-08 6.92268784519001e-08 6.97509179303779e-08 7.01645603840007e-08 7.11509144935007e-08 7.14074559482469e-08 7.01738898101212e-08 7.02198903468343e-08 7.06549130313761e-08 6.99276299087614e-08 6.99110671575909e-08 6.96270348043981e-08 6.91109676154156e-08 6.85452192783487e-08 6.86286369955269e-08 6.85609506945184e-08 6.91254271600883e-08 6.91099444338761e-08 6.94188102556836e-08 6.84199932265983e-08 6.67584387770148e-08 -3.4e+38
7.29907227992044e-08 7.29002778143695e-08 7.27323197224905e-08 7.26127069583526e-08 7.25563324976974e-08 7.22037043487944e-08 7.2102558590359e-08 7.25094153608552e-08 7.23809208125203e-08 7.19534156701229e-08 7.15601231604523e-08 7.10849192842034e-08 7.04439102605647e-08 7.01355986620911e-08 6.99593414310584e-08 6.99130993098152e-08 6.987019673943e-08 6.98903690476982e-08 6.95924242677393e-08 6.92467949647835e-08 6.90832493432936e-08 6.89298715883524e-08 6.88569272710993e-08 6.90847983264575e-08 6.96439030889451e-08 6.95587516474916e-08 6.88392987058251e-08 6.95754067692178e-08 7.00849440704587e-08 7.01147797599333e-08 7.09693992462235e-08 7.15289729669166e-08 7.06176876974496e-08 7.04774905102568e-08 7.07655800624707e-08 7.06072214029518e-08 7.04738170043129e-08 7.04384390814994e-08 6.96237165698221e-08 6.86314933773247e-08 6.85705074943144e-08 6.90909800482586e-08 6.98639084362185e-08 6.98023541190196e-08 7.00675286680053e-08 6.84070400325254e-08 6.70738913299829e-08 -3.4e+38
7.26506357295875e-08 7.2540785822639e-08 7.22878823466999e-08 7.19798052273291e-08 7.17379933234952e-08 7.17024164487157e-08 7.19409811722471e-08 7.22279196452291e-08 7.21408000003976e-08 7.15341030854688e-08 7.08234182411616e-08 7.0393824103121e-08 7.02574567412739e-08 7.01378013445719e-08 6.96342397077387e-08 6.9367274591059e-08 6.94088910790924e-08 6.94435726700249e-08 6.9229955101946e-08 6.90858428242791e-08 6.90607606657068e-08 6.88659582692708e-08 6.87597747628388e-08 6.89993910896192e-08 6.94883723895146e-08 6.9390324597407e-08 6.87263934651128e-08 6.94735859951834e-08 7.0350388625684e-08 7.03796487755426e-08 7.10385918978318e-08 7.19358297374129e-08 7.13222121362378e-08 7.11991319235494e-08 7.15120833660876e-08 7.15540195983522e-08 7.1056895478705e-08 7.09602616666416e-08 7.01536322367247e-08 6.91475463554525e-08 6.9251932188763e-08 6.98306479307576e-08 7.04976557130976e-08 7.075426111669e-08 7.00849938084502e-08 6.81199097130047e-08 6.73676368023735e-08 -3.4e+38
7.23279711678515e-08 7.22089907867485e-08 7.19974764251674e-08 7.14238339583062e-08 7.11423666643896e-08 7.15075927359976e-08 7.17433721320049e-08 7.20391000186282e-08 7.16085750696038e-08 7.06491789514985e-08 7.02864397794656e-08 7.04568208220735e-08 7.04714295807207e-08 7.02565827737089e-08 6.96227218099921e-08 6.9215730036376e-08 6.92151402859054e-08 6.91501895744295e-08 6.91014463427564e-08 6.90925787694141e-08 6.9124368451412e-08 6.88041836838238e-08 6.85349874629537e-08 6.8782291862135e-08 6.91891273163492e-08 6.9155802862042e-08 6.86941916683281e-08 6.93603681156674e-08 7.04527991501891e-08 7.06871858824343e-08 7.14764425424619e-08 7.28940463545769e-08 7.26348829971357e-08 7.23564923532649e-08 7.24510229588304e-08 7.22591693147479e-08 7.18447026315516e-08 7.1539808743637e-08 7.03346358932322e-08 6.9858693052538e-08 7.03839262428119e-08 7.06122094129569e-08 7.10547212179335e-08 7.15928436534341e-08 6.98925290976149e-08 6.82682568253767e-08 6.76885676398342e-08 -3.4e+38
7.18445463121498e-08 7.19461752396455e-08 7.17614341283479e-08 7.10636669509768e-08 7.09428675804702e-08 7.11640879558217e-08 7.13315060352215e-08 7.14175598659494e-08 7.07248375420022e-08 7.03457132544827e-08 7.03563287629549e-08 7.03853970662749e-08 7.01962434845882e-08 7.00077507076458e-08 6.96594781857129e-08 6.91729198365465e-08 6.92014197056778e-08 6.91858019763458e-08 6.9216682163642e-08 6.92055621698273e-08 6.92576378469312e-08 6.87501469087692e-08 6.84580214738162e-08 6.88384673708242e-08 6.92381902922534e-08 6.91411088382665e-08 6.89830841338335e-08 6.91739572289407e-08 7.02092677329347e-08 7.07833578417194e-08 7.19382811098512e-08 7.491700415585e-08 7.57789422323185e-08 7.48554924712153e-08 7.41330694609132e-08 7.38912859787888e-08 7.39062429033766e-08 7.33165279598325e-08 7.15109607085651e-08 7.18707582336719e-08 7.23015105563718e-08 7.21028285965986e-08 7.18851538294984e-08 7.19054895625959e-08 7.03226277209978e-08 6.88936268034013e-08 6.79252352142612e-08 -3.4e+38
7.13243011318809e-08 7.16083903284925e-08 7.13322805268035e-08 7.08337708488216e-08 7.08769505308737e-08 7.11182650547926e-08 7.11038126155472e-08 7.07804943544943e-08 7.04190341593858e-08 7.0645334915298e-08 7.05506693066127e-08 7.00367479566921e-08 6.97224535883834e-08 6.96864645988171e-08 6.96326054594465e-08 6.92775330435325e-08 6.91908255134877e-08 6.91031374344675e-08 6.92816826131093e-08 6.93206558821657e-08 6.93043062938159e-08 6.86760159851474e-08 6.84609631207422e-08 6.88041126295502e-08 6.9246468115125e-08 6.93606949653258e-08 6.9490944554218e-08 6.92037360749964e-08 6.99659068459368e-08 7.09324226022545e-08 7.17150641094122e-08 7.47355386465642e-08 7.84094638106581e-08 7.84520750585216e-08 7.6572547413889e-08 7.61459375553386e-08 7.77191218048756e-08 7.68622356872584e-08 7.48809370065828e-08 7.59267493322113e-08 7.48713731013595e-08 7.35048146793815e-08 7.28082838463706e-08 7.18722574788444e-08 7.04562594933122e-08 6.92711381589106e-08 6.86274219674488e-08 -3.4e+38
7.10019634198034e-08 7.08513923086684e-08 7.04471787571492e-08 7.07587801684895e-08 7.10717813490191e-08 7.09251963826318e-08 7.07012759448844e-08 7.04271769791376e-08 7.06270597561343e-08 7.0623777048695e-08 7.03146056935111e-08 6.97508113489675e-08 6.97140976058108e-08 6.97812936323317e-08 6.97263971005668e-08 6.93578812160922e-08 6.91681876219263e-08 6.88726089492775e-08 6.89455887936674e-08 6.91011194930979e-08 6.915266226315e-08 6.8738458480766e-08 6.85991423665655e-08 6.88081058797252e-08 6.93280028940535e-08 6.9688788073563e-08 6.98410644872638e-08 6.98422510936325e-08 6.97997109000426e-08 7.11660561591998e-08 7.1671387047445e-08 7.30141067606382e-08 7.64086252047491e-08 7.85643408107717e-08 7.92691210449448e-08 7.857926931365e-08 7.81024311891088e-08 7.80298492486509e-08 7.72000987581123e-08 7.91023353485798e-08 7.85580382967055e-08 7.50821698147774e-08 7.32311633555582e-08 7.17652213211295e-08 7.02912927863508e-08 6.97176858466264e-08 6.93749768743146e-08 -3.4e+38
7.04952825003602e-08 7.00501487926886e-08 7.02357283444144e-08 7.07980660763496e-08 7.05939626755026e-08 7.0336817259431e-08 7.03090350384628e-08 7.02277702657739e-08 7.02354014947559e-08 7.00814410947714e-08 6.98261928278043e-08 6.96313051662401e-08 6.96839563829599e-08 6.97354423095931e-08 6.95515609550057e-08 6.93651713845611e-08 6.92251163059154e-08 6.87555754552704e-08 6.84940886230834e-08 6.85029704072804e-08 6.87510066654795e-08 6.88337351562041e-08 6.88370889179168e-08 6.9045803741119e-08 6.95944919471003e-08 7.01087117249699e-08 7.00596629599204e-08 7.0597984347387e-08 6.99315378938081e-08 7.06122236238116e-08 7.15570536158339e-08 7.22569239997028e-08 7.34656779854959e-08 7.48587183352356e-08 7.78426354486328e-08 8.0367264843062e-08 7.77123645434585e-08 7.58505649400831e-08 7.55770415139523e-08 7.64326628654999e-08 7.78003084178636e-08 7.5737702331935e-08 7.2929715599912e-08 7.1560812386906e-08 7.0922496320236e-08 -3.4e+38 -3.4e+38 -3.4e+38
6.94103547971281e-08 6.96427022717216e-08 7.0283824982198e-08 7.03686993119845e-08 6.9899584786981e-08 6.9741979302762e-08 6.97631037382962e-08 7.03523213019253e-08 7.04178759747265e-08 6.97947157846102e-08 6.95026329822213e-08 6.94363038178381e-08 6.92722821327152e-08 6.91080970227631e-08 6.90603982889115e-08 6.9247619194357e-08 6.93458588330031e-08 6.89473651505068e-08 6.85836525349259e-08 6.84946144247078e-08 6.85725751736754e-08 6.87220591544246e-08 6.9006283354156e-08 6.9317501072419e-08 6.9968493221495e-08 7.06937228756033e-08 7.03939306845314e-08 7.06863971799976e-08 7.04325344713652e-08 6.97349733513875e-08 7.06361902302888e-08 7.10846848051006e-08 7.20177197877092e-08 7.26239122172956e-08 7.43245962553374e-08 7.89754750485372e-08 8.14274798699444e-08 7.73988020341676e-08 7.45665076351543e-08 7.47199777606511e-08 7.61231433443754e-08 7.52637205891915e-08 7.40497370088633e-08 7.39389633963583e-08 7.29321882886325e-08 -3.4e+38 -3.4e+38 -3.4e+38
6.94099284714866e-08 7.00534315001278e-08 6.99353606137265e-08 6.93818833497062e-08 6.91922750206686e-08 6.94546713475575e-08 6.96674788969176e-08 7.01083209264652e-08 7.05363589759145e-08 7.016085135092e-08 6.96616311302023e-08 6.93208335178497e-08 6.91152095555481e-08 6.90275783199468e-08 6.90742538722589e-08 6.92437609473018e-08 6.91309978151367e-08 6.89818264731912e-08 6.8721369927971e-08 6.84859671196136e-08 6.85798937638538e-08 6.86517509507212e-08 6.88378634094988e-08 6.91795278839891e-08 6.97166697705143e-08 7.05030913650262e-08 7.07180163317389e-08 7.06175953268939e-08 7.08241074676152e-08 6.99893334399349e-08 7.03277152069859e-08 7.04773484017096e-08 7.1087931985403e-08 7.1913319743544e-08 7.33191427571001e-08 7.73697692579844e-08 8.15798770759102e-08 7.95176404722042e-08 7.59692895258013e-08 7.48377999570948e-08 7.71140804545212e-08 7.88536240747817e-08 7.75179174183904e-08 7.64142953357805e-08 7.48158299757051e-08 7.66285737086037e-08 -3.4e+38 -3.4e+38
6.94208353024806e-08 6.94026311975904e-08 6.90870507469299e-08 6.90148240778399e-08 6.93004835738975e-08 6.96116870813057e-08 6.99618780686251e-08 7.00067985803798e-08 6.9985560458008e-08 6.98314153169122e-08 6.95972914854792e-08 6.94136303991399e-08 6.9257396262401e-08 6.90282249138363e-08 6.89456740587957e-08 6.8874129510732e-08 6.87305146129802e-08 6.84995669075761e-08 6.81638780974936e-08 6.82135095075864e-08 6.85009098333467e-08 6.8312630219225e-08 6.84046028709417e-08 6.891452386526e-08 6.94584230132023e-08 7.00714082313425e-08 7.07919411979674e-08 7.11863705760152e-08 7.13763270709933e-08 7.0611257285691e-08 7.09698255718649e-08 7.14296390924574e-08 7.11131491470951e-08 7.13509464844719e-08 7.25852302707608e-08 7.58888774043953e-08 7.99440726950706e-08 7.91930858667911e-08 7.74952866322565e-08 7.54854383444581e-08 7.5710460123446e-08 7.84812570486793e-08 8.06650390927643e-08 7.93223264849985e-08 7.70789156945284e-08 7.79875861667279e-08 -3.4e+38 -3.4e+38
6.84794159155899e-08 6.86830858853682e-08 6.92015902359344e-08 6.94091539799047e-08 6.96246758025154e-08 6.98325308690073e-08 6.99077560284422e-08 6.99631144129853e-08 6.99790874136852e-08 6.96996309557107e-08 6.93235051585361e-08 6.90511754442014e-08 6.88988848196459e-08 6.87101291418912e-08 6.85397907318475e-08 6.85277825596131e-08 6.83187195704704e-08 6.79109888324092e-08 6.76760407714028e-08 6.79940512782196e-08 6.82327510048708e-08 6.77144456062706e-08 6.79365754763239e-08 6.84409329210212e-08 6.8976596878656e-08 6.95522501814594e-08 7.03648197486473e-08 7.12651768708383e-08 7.17353003665266e-08 7.0830083132023e-08 7.10454557406592e-08 7.21565882599862e-08 7.2050241328725e-08 7.12978973638201e-08 7.2271809870017e-08 7.5438862268129e-08 7.95591432734e-08 7.97353791881505e-08 7.96038008843425e-08 7.70960681961697e-08 7.54218163478981e-08 7.57552385266536e-08 7.73012516219751e-08 8.0188179651941e-08 8.115213745441e-08 7.96028913896407e-08 7.89013512303427e-08 -3.4e+38
6.83452867633605e-08 6.87835282064952e-08 6.91883954573314e-08 6.91169290689686e-08 6.92798991508425e-08 6.95126445293681e-08 6.96416151413359e-08 6.97892588163995e-08 6.98638942253638e-08 6.95994160082591e-08 6.93280597374724e-08 6.91401567110006e-08 6.89150567723118e-08 6.86324383991632e-08 6.86814161099392e-08 6.84039491716248e-08 6.77725964237652e-08 6.74875835215971e-08 6.76544544830904e-08 6.78476865800803e-08 6.76820448575199e-08 6.74128415312225e-08 6.76929303722318e-08 6.80751099935151e-08 6.85506051922857e-08 6.8802300745574e-08 6.92769361876344e-08 7.04087099734352e-08 7.16353270036052e-08 7.10234999701242e-08 7.1026754255854e-08 7.18507351393782e-08 7.22129342989319e-08 7.15544601348483e-08 7.20874950843609e-08 7.53596864910833e-08 7.96217634047025e-08 8.06921818252704e-08 8.10164308973071e-08 7.89240530707502e-08 7.74905046796448e-08 7.67841115134615e-08 7.57488791691685e-08 7.79253142013658e-08 8.23636128188809e-08 8.33435223057677e-08 8.29138926405903e-08 -3.4e+38
6.8879096204455e-08 6.89680632603995e-08 6.89502854811508e-08 6.90610022502369e-08 6.9254554091458e-08 6.9412955383541e-08 6.96850293024909e-08 6.98485678185534e-08 6.98017004197027e-08 6.93872976853527e-08 6.90678305659276e-08 6.90196984010072e-08 6.90982489004455e-08 6.89042565227282e-08 6.87581973579654e-08 6.79287026628117e-08 6.73870275136323e-08 6.76633362672874e-08 6.77781528679589e-08 6.75639313385545e-08 6.74340014938934e-08 6.74001014999703e-08 6.74006770395863e-08 6.75819293860513e-08 6.79131346714712e-08 6.79440148587673e-08 6.83891130393022e-08 6.92032955385002e-08 7.06659051274983e-08 7.16539858558463e-08 7.22720514545472e-08 7.25006330526412e-08 7.295938075913e-08 7.22415265386189e-08 7.20886035310286e-08 7.56752953634532e-08 7.89609018170268e-08 8.00440531634194e-08 8.11524500932137e-08 8.11687570489994e-08 7.96721764118047e-08 8.00402233380737e-08 7.8196777053563e-08 7.71110535424668e-08 7.84379281526526e-08 8.29762285547986e-08 8.6484511996332e-08 -3.4e+38
6.9533385271825e-08 6.9449853867809e-08 6.90148524995493e-08 6.90225903099417e-08 6.8957582755047e-08 6.91621764303818e-08 6.96438604563809e-08 6.98561137824072e-08 6.98557656164667e-08 6.9192779506011e-08 6.87409524857685e-08 6.88900101408763e-08 6.89772363671182e-08 6.89863952629821e-08 6.8271063469183e-08 6.74248283871748e-08 6.74281395163234e-08 6.77957885386604e-08 6.76593856496766e-08 6.74690880941853e-08 6.75524844950814e-08 6.73768809633657e-08 6.70180639872342e-08 6.71912303573663e-08 6.75239064662492e-08 6.77849811836495e-08 6.82403040741519e-08 6.86158116991464e-08 6.93639492510556e-08 7.12648571266072e-08 7.35879623903202e-08 7.41089181133248e-08 7.46560999687063e-08 7.35450313982255e-08 7.21879516163426e-08 7.43205390563162e-08 7.61299645546387e-08 7.76328619167543e-08 8.01352371126995e-08 8.24526225073896e-08 8.23111605541271e-08 8.35584046399163e-08 8.30103203952604e-08 7.89324801075963e-08 7.70922810033881e-08 7.72398749404601e-08 8.2226492281734e-08 8.34814102290693e-08
6.86761580936945e-08 6.84423540064927e-08 6.80971155020416e-08 6.82927350226237e-08 6.83268908119317e-08 6.88277808080784e-08 6.92972292881677e-08 6.94953428137524e-08 6.92822297310158e-08 6.83570462456373e-08 6.81407854585814e-08 6.84339980239201e-08 6.83286387470616e-08 6.81282088521584e-08 6.74901983188647e-08 6.73492763780814e-08 6.75045015441356e-08 6.75862423804574e-08 6.74960745072894e-08 6.73430378128614e-08 6.71624817982774e-08 6.6844677348854e-08 6.69048674240003e-08 6.71741844371354e-08 6.74376039455638e-08 6.77428957374104e-08 6.80379272921527e-08 6.84549164020609e-08 6.91355168669361e-08 7.01508255929184e-08 7.1957728664529e-08 7.32484295440372e-08 7.4815012851559e-08 7.46605479662321e-08 7.32989704488318e-08 7.64059393532079e-08 7.79111957172063e-08 7.86412570619177e-08 8.01955692963929e-08 8.23700361252122e-08 8.49564472105158e-08 8.8515413665391e-08 8.76053505294294e-08 8.14321055031542e-08 7.78807205392695e-08 7.49909574437879e-08 7.5812849331669e-08 7.97435291133297e-08
