R_scripts/int_process_data/Bio_12_2001.2020.asc
NCOLS 281 
NROWS 577 
XLLCORNER 81175.2677831308 
YLLCORNER -911.770678700996 
CELLSIZE 1000 
NODATA_value -3.4e+38 
[rows 189 to 209 of 577, columns 192 to 239 of 281]
2.56391707864623e-08 2.47726124058545e-08 2.41335129658182e-08 2.40854181043915e-08 2.40869226786344e-08 2.40896476100261e-08 2.41423325775258e-08 2.40881359303557e-08 2.40359749881236e-08 2.39905144638897e-08 2.39619168951322e-08 2.38905819571755e-08 2.38472122049416e-08 2.38298412114091e-08 2.38190498436097e-08 2.37893402754707e-08 2.3737142029745e-08 2.36731967362402e-08 2.36107258189122e-08 2.35268267090305e-08 2.34325323589246e-08 2.33311201469633e-08 2.3216367495138e-08 2.31688090934767e-08 2.32007479894492e-08 2.32316619275252e-08 2.32610020134416e-08 2.32890862150725e-08 2.33187478215768e-08 2.33566677110275e-08 2.34299886159306e-08 2.35353887489964e-08 2.35892727573628e-08 2.36704575939939e-08 2.37784796297547e-08 2.3803362836361e-08 2.37993873497544e-08 -3.4e+38 -3.4e+38 -3.4e+38 -3.4e+38 -3.4e+38 -3.4e+38 -3.4e+38 -3.4e+38 -3.4e+38 -3.4e+38 -3.4e+38
2.55150922612302e-08 2.4601629178278e-08 2.41988225013756e-08 2.42422739660242e-08 2.42254660776098e-08 2.43069901983972e-08 2.42909745651332e-08 2.42348452417218e-08 2.42475461931235e-08 2.4195168535357e-08 2.41675799372842e-08 2.41132482869943e-08 2.40528539308116e-08 2.40416788699349e-08 2.40099122805759e-08 2.39450770322946e-08 2.38789503725911e-08 2.37846897732652e-08 2.37181669859865e-08 2.36255104368865e-08 2.3552383154879e-08 2.34761330375477e-08 2.33719603670579e-08 2.33203625299438e-08 2.33445778263786e-08 2.33742980526586e-08 2.34064536641654e-08 2.34484751615582e-08 2.34898216433521e-08 2.35021602179586e-08 2.35646275825729e-08 2.36925412622213e-08 2.37625670251873e-08 2.37977015871138e-08 2.39132464940894e-08 2.39352697661843e-08 2.3912487989719e-08 -3.4e+38 -3.4e+38 -3.4e+38 -3.4e+38 -3.4e+38 -3.4e+38 -3.4e+38 -3.4e+38 -3.4e+38 -3.4e+38 -3.4e+38
2.52399914302259e-08 2.47987994583809e-08 2.46461500097439e-08 2.45352378414054e-08 2.43717845904712e-08 2.44038211860698e-08 2.43589486359497e-08 2.43402435984308e-08 2.43838034208466e-08 2.43855104997692e-08 2.43483881945394e-08 2.43159643531499e-08 2.42650344262074e-08 2.42018440843594e-08 2.4122233099888e-08 2.40445832133673e-08 2.3981474583934e-08 2.39019524173045e-08 2.38416077991133e-08 2.376770247281e-08 2.36917347962162e-08 2.36027180022802e-08 2.35112231905532e-08 2.34718786629173e-08 2.34963426493096e-08 2.35299246753584e-08 2.35606147924727e-08 2.36054003011077e-08 2.36621513494129e-08 2.36600694591971e-08 2.37145592052457e-08 2.38292177101584e-08 2.3918826030922e-08 2.39462973894433e-08 2.40404016693674e-08 2.40853488264747e-08 2.41006397061483e-08 -3.4e+38 -3.4e+38 -3.4e+38 -3.4e+38 -3.4e+38 -3.4e+38 -3.4e+38 -3.4e+38 -3.4e+38 -3.4e+38 -3.4e+38
2.52272922551811e-08 2.51025529252047e-08 2.50801388546051e-08 2.48329694585436e-08 2.46215616783729e-08 2.4571820134156e-08 2.45604816484501e-08 2.45668712040015e-08 2.4558138633779e-08 2.45394140563349e-08 2.45294593526069e-08 2.44776732216678e-08 2.43808848665594e-08 2.42799771399405e-08 2.42194122535011e-08 2.41717650339979e-08 2.4106206808483e-08 2.40326532008339e-08 2.39775506116757e-08 2.39082424968728e-08 2.38230217775026e-08 2.37323884988427e-08 2.36533317377052e-08 2.36218795635068e-08 2.36471322523357e-08 2.36860806523964e-08 2.37200161734563e-08 2.37562396421254e-08 2.38174013844628e-08 2.38181154799122e-08 2.38632260618488e-08 2.39366659826601e-08 2.40253488215103e-08 2.40849686861111e-08 2.41491822094986e-08 2.42229383218273e-08 2.42594708765864e-08 -3.4e+38 -3.4e+38 -3.4e+38 -3.4e+38 -3.4e+38 -3.4e+38 -3.4e+38 -3.4e+38 -3.4e+38 -3.4e+38 -3.4e+38
2.54861056703248e-08 2.55082408529006e-08 2.54248178066518e-08 2.50937599588497e-08 2.4834015732722e-08 2.47238052253351e-08 2.46726248320783e-08 2.46831302064265e-08 2.46531826064711e-08 2.46574334283878e-08 2.4663027176075e-08 2.46071536480486e-08 2.44916922298444e-08 2.44132998261648e-08 2.43721363091254e-08 2.43189539617106e-08 2.42620643575719e-08 2.41937136991055e-08 2.41272335443909e-08 2.40454660627165e-08 2.39629596165969e-08 2.38789397144501e-08 2.3804203053146e-08 2.37777637579484e-08 2.38110349215503e-08 2.38484201275924e-08 2.38879263037006e-08 2.39257378353841e-08 2.39711344107718e-08 2.39681980929163e-08 2.40014621510909e-08 2.40863595735163e-08 2.41829187785925e-08 2.42588260590537e-08 2.43046827108628e-08 2.43885178718983e-08 2.44716460429117e-08 2.45953266642118e-08 -3.4e+38 -3.4e+38 -3.4e+38 -3.4e+38 -3.4e+38 -3.4e+38 -3.4e+38 -3.4e+38 -3.4e+38 -3.4e+38
2.58553587428878e-08 2.581729674489e-08 2.57372683165613e-08 2.54077114902884e-08 2.51442777710054e-08 2.49762415194255e-08 2.48144953474139e-08 2.47570017819498e-08 2.47506299899669e-08 2.47749589732393e-08 2.47569751365972e-08 2.4718984192873e-08 2.46209896914706e-08 2.45559004241613e-08 2.45028708434347e-08 2.44448532527031e-08 2.44008155902975e-08 2.4339611215396e-08 2.4265681020097e-08 2.4181662894307e-08 2.41001991696521e-08 2.40200286327763e-08 2.39466046991765e-08 2.39227020415456e-08 2.39724808892561e-08 2.40184352406914e-08 2.40648549976186e-08 2.40938575757355e-08 2.41167104064743e-08 2.41213626850367e-08 2.41818831625551e-08 2.42954900642189e-08 2.43749074257948e-08 2.44282993833167e-08 2.44601530141608e-08 2.4553603594768e-08 2.46813165460935e-08 2.48059706109416e-08 2.49205758251492e-08 -3.4e+38 -3.4e+38 -3.4e+38 -3.4e+38 -3.4e+38 -3.4e+38 -3.4e+38 -3.4e+38 -3.4e+38
2.62387604976766e-08 2.6074658876496e-08 2.58482710790986e-08 2.56321044389551e-08 2.54170355873384e-08 2.52531915378995e-08 2.50591050132698e-08 2.49686902265012e-08 2.4935067344245e-08 2.49004337149472e-08 2.48671785385568e-08 2.48398706048647e-08 2.47811762221772e-08 2.47052671653591e-08 2.46422082739173e-08 2.45861055958585e-08 2.45385578523383e-08 2.44805118398972e-08 2.44096458601462e-08 2.43284663525856e-08 2.42463915611779e-08 2.41697630798399e-08 2.4103629314709e-08 2.4092491557326e-08 2.41578526072317e-08 2.42057662802608e-08 2.42533140237811e-08 2.42884947709854e-08 2.43108733144481e-08 2.43079032458127e-08 2.43703279778629e-08 2.44895570489234e-08 2.45599238724026e-08 2.45751561323004e-08 2.46198013087451e-08 2.47176874523802e-08 2.48371474498299e-08 2.49483100844827e-08 2.50666065682026e-08 2.5160961314441e-08 -3.4e+38 -3.4e+38 -3.4e+38 -3.4e+38 -3.4e+38 -3.4e+38 -3.4e+38 -3.4e+38
2.64991033560591e-08 2.62307349174762e-08 2.59226684562464e-08 2.58107029083021e-08 2.55752805600196e-08 2.545122868014e-08 2.53576697417657e-08 2.52334420025591e-08 2.51092977521239e-08 2.50409577517985e-08 2.50128771028812e-08 2.49961864540182e-08 2.49600002888428e-08 2.48870399843781e-08 2.48206202257961e-08 2.47583837875709e-08 2.46966216366218e-08 2.46305216222709e-08 2.45635867202054e-08 2.44896529721927e-08 2.44069013888293e-08 2.43247058051566e-08 2.42602791189483e-08 2.42615048051675e-08 2.43441178326975e-08 2.43969733304539e-08 2.44476687782935e-08 2.44976821051068e-08 2.45093207951186e-08 2.45236666529536e-08 2.45633362538911e-08 2.46616185251014e-08 2.47573854750271e-08 2.47638105577153e-08 2.48149305548395e-08 2.49220164505459e-08 2.50023077796868e-08 2.50550140634687e-08 2.51624285851904e-08 2.52920955290392e-08 2.54174299385568e-08 -3.4e+38 -3.4e+38 -3.4e+38 -3.4e+38 -3.4e+38 -3.4e+38 -3.4e+38
2.67147957089264e-08 2.64807287209123e-08 2.62054253852284e-08 2.59739980634777e-08 2.57432350991849e-08 2.57253240931732e-08 2.56851020452586e-08 2.55136249904808e-08 2.53134064820415e-08 2.52050664784065e-08 2.51837519726905e-08 2.51766021364119e-08 2.51432883402458e-08 2.5070827192053e-08 2.50023557413215e-08 2.49323193202144e-08 2.48606024655373e-08 2.47914684337047e-08 2.47376163997615e-08 2.46703706352491e-08 2.45874698379112e-08 2.45038869195469e-08 2.44392950321526e-08 2.44414213312893e-08 2.45276776666969e-08 2.45954030475559e-08 2.46485214461245e-08 2.46974032336311e-08 2.47109639417431e-08 2.47874734071729e-08 2.48084184306663e-08 2.48604941077701e-08 2.49959519749154e-08 2.50361260611953e-08 2.50232066179024e-08 2.51566945053128e-08 2.52753586948984e-08 2.5297937966684e-08 2.53443754871796e-08 2.54760461615433e-08 2.56565524381358e-08 2.58218335602578e-08 -3.4e+38 -3.4e+38 -3.4e+38 -3.4e+38 -3.4e+38 -3.4e+38
2.68762416766322e-08 2.66409845295357e-08 2.63892960816747e-08 2.61515076260821e-08 2.59807446667537e-08 2.59878518704681e-08 2.58911860839817e-08 2.56624410610584e-08 2.54650807107737e-08 2.54024641321848e-08 2.53799861127391e-08 2.53489851331778e-08 2.52996255056814e-08 2.5229560662865e-08 2.51594638456254e-08 2.50839473636688e-08 2.50145770763766e-08 2.4950839616622e-08 2.49026346210712e-08 2.48455886975307e-08 2.47621585458546e-08 2.46787656976721e-08 2.46257325642318e-08 2.46340974285886e-08 2.47234765993198e-08 2.47997373747921e-08 2.48497151744687e-08 2.48975631222947e-08 2.49211673519767e-08 2.50267255808012e-08 2.50804479406952e-08 2.51085818803176e-08 2.52193306238269e-08 2.52547422974203e-08 2.52224410246527e-08 2.53685126239134e-08 2.55358205691891e-08 2.55629402090563e-08 2.56418015709414e-08 2.58049706047814e-08 2.59500954058467e-08 -3.4e+38 -3.4e+38 -3.4e+38 -3.4e+38 -3.4e+38 -3.4e+38 -3.4e+38
2.70094879795124e-08 2.67566306888511e-08 2.65586947989505e-08 2.64094914825819e-08 2.62905874848229e-08 2.61565862302859e-08 2.59608707864345e-08 2.57055852159738e-08 2.55993857223302e-08 2.5598536623761e-08 2.55761190004478e-08 2.55246934699471e-08 2.54604461957797e-08 2.53893848167763e-08 2.53196201782657e-08 2.52425795821409e-08 2.51815972518443e-08 2.51182701305197e-08 2.507072771607e-08 2.5034093908971e-08 2.49689282583176e-08 2.48891112164529e-08 2.48379894429718e-08 2.48685640968915e-08 2.4980206347891e-08 2.50581493332902e-08 2.50865070938744e-08 2.51412082263869e-08 2.51636702586211e-08 2.5254447422185e-08 2.53968863717091e-08 2.54518699449591e-08 2.54909693353511e-08 2.54684984213327e-08 2.54577567915248e-08 2.5635623401854e-08 2.57941152881358e-08 2.58723176216336e-08 2.59731933738294e-08 2.60829473575086e-08 2.61563162240463e-08 -3.4e+38 -3.4e+38 -3.4e+38 -3.4e+38 -3.4e+38 -3.4e+38 -3.4e+38
2.7108143285659e-08 2.68253153024034e-08 2.66092676781682e-08 2.64758224233219e-08 2.63482657913983e-08 2.61563606329673e-08 2.59872194874333e-08 2.58694932142589e-08 2.58229082561456e-08 2.57925858448971e-08 2.57466545861007e-08 2.56829704170514e-08 2.56182595137489e-08 2.55525733905415e-08 2.54831498125441e-08 2.54018051037974e-08 2.53511434067377e-08 2.52925485000333e-08 2.52408689505046e-08 2.52097684949604e-08 2.5167388173486e-08 2.51175720222818e-08 2.50754013109145e-08 2.51039811161036e-08 2.52089407126732e-08 2.52884522211616e-08 2.53468641631116e-08 2.54135148480827e-08 2.54519463283032e-08 2.55509409186061e-08 2.57517154267362e-08 2.58572931954859e-08 2.58308414657904e-08 2.5730978236993e-08 2.5703791095566e-08 2.59025121351897e-08 2.60590589107323e-08 2.61159005532363e-08 2.61521524436148e-08 2.61781849530962e-08 2.62257575656122e-08 -3.4e+38 -3.4e+38 -3.4e+38 -3.4e+38 -3.4e+38 -3.4e+38 -3.4e+38
2.7158204574107e-08 2.68246935775096e-08 2.66035158347222e-08 2.65208548455576e-08 2.63994603955098e-08 2.62399151296222e-08 2.61317687488827e-08 2.60783163952283e-08 2.60444323885167e-08 2.59813095482286e-08 2.59166057503535e-08 2.58567673938614e-08 2.57978935991332e-08 2.57371901568604e-08 2.56614889337925e-08 2.55709391439041e-08 2.55220591327543e-08 2.54789114251253e-08 2.54336498528573e-08 2.53937777472402e-08 2.5329814690167e-08 2.52925911325974e-08 2.5255054936224e-08 2.5267532066664e-08 2.53543337436213e-08 2.54336800509236e-08 2.5559746319459e-08 2.57206664855403e-08 2.58308539002883e-08 2.59651322664922e-08 2.61910830801071e-08 2.62904009673548e-08 2.62057930910942e-08 2.61148365154895e-08 2.60952237596257e-08 2.62360710934217e-08 2.62747281709608e-08 2.62762682723405e-08 2.6300607913754e-08 2.63305803827052e-08 2.63583093129682e-08 -3.4e+38 -3.4e+38 -3.4e+38 -3.4e+38 -3.4e+38 -3.4e+38 -3.4e+38
2.7207635255877e-08 2.69217110826503e-08 2.67523549979387e-08 2.66432973461406e-08 2.65174922020606e-08 2.64040771469354e-08 2.63172506009823e-08 2.6263377250757e-08 2.62120263272436e-08 2.61393910960805e-08 2.60816417352316e-08 2.60364121373868e-08 2.59860719609151e-08 2.59038834826697e-08 2.58300847377768e-08 2.57411585380396e-08 2.56711025770073e-08 2.56325325409534e-08 2.56004089038697e-08 2.55444110308645e-08 2.54611816075112e-08 2.54217198403239e-08 2.53642955527766e-08 2.53703245078896e-08 2.54461021143015e-08 2.55316088271229e-08 2.57256651536864e-08 2.5924066449079e-08 2.6086249604873e-08 2.63269495093255e-08 2.6635904148975e-08 2.67222741712203e-08 2.66485731259536e-08 2.65677293498356e-08 2.65714632519121e-08 2.65317297021284e-08 2.64878163847015e-08 2.6519389351165e-08 2.65174708857785e-08 2.65028656798449e-08 -3.4e+38 -3.4e+38 -3.4e+38 -3.4e+38 -3.4e+38 -3.4e+38 -3.4e+38 -3.4e+38
2.73354920921065e-08 2.71042299715418e-08 2.69209898817735e-08 2.67687525479232e-08 2.66861164277543e-08 2.65868305149297e-08 2.65044999281372e-08 2.64379966807837e-08 2.63692161439621e-08 2.63087169827259e-08 2.627074380257e-08 2.62368580195016e-08 2.61669690360122e-08 2.60298111953716e-08 2.59916976830254e-08 2.59411176983804e-08 2.58470915781572e-08 2.5786802027028e-08 2.57369521250439e-08 2.56835477330242e-08 2.56569610002089e-08 2.56334047321616e-08 2.55500260948338e-08 2.55224748002547e-08 2.55691876560604e-08 2.56687560096225e-08 2.58393484386943e-08 2.60573003174613e-08 2.63046917581278e-08 2.65534083609964e-08 2.67783857310633e-08 2.6975502720461e-08 2.70761457699109e-08 2.70518079048543e-08 2.69735735969334e-08 2.69110191908339e-08 2.68793343138896e-08 2.677674082463e-08 2.67484505656057e-08 -3.4e+38 -3.4e+38 -3.4e+38 -3.4e+38 -3.4e+38 -3.4e+38 -3.4e+38 -3.4e+38 -3.4e+38
2.74854468074182e-08 2.7245208755744e-08 2.70459175055748e-08 2.69290936216748e-08 2.68431321615026e-08 2.67459832059558e-08 2.6663876440125e-08 2.65915662822636e-08 2.65352717576661e-08 2.64879478351077e-08 2.64499782076655e-08 2.64083048762132e-08 2.63140442768872e-08 2.61359485165258e-08 2.61299835102591e-08 2.61423043212972e-08 2.60396451068345e-08 2.59997463558648e-08 2.5927649360824e-08 2.58482852899533e-08 2.58340193681761e-08 2.58421550825005e-08 2.58469885494605e-08 2.58085126603191e-08 2.58405759012703e-08 2.5881217169399e-08 2.59999488605445e-08 2.62361936620437e-08 2.64085215917476e-08 2.65618815831203e-08 2.67717936708323e-08 2.70087596732083e-08 2.71228373094345e-08 2.7167086358304e-08 2.7318264983478e-08 2.73986682230998e-08 2.72690421354582e-08 -3.4e+38 -3.4e+38 -3.4e+38 -3.4e+38 -3.4e+38 -3.4e+38 -3.4e+38 -3.4e+38 -3.4e+38 -3.4e+38 -3.4e+38
2.7580892236756e-08 2.73390305949306e-08 2.71646456440067e-08 2.70660258649968e-08 2.69749218517745e-08 2.68851785278912e-08 2.68049085150324e-08 2.67330388936671e-08 2.6668367070215e-08 2.6601549407701e-08 2.65586042047516e-08 2.65166981705534e-08 2.63872497185957e-08 2.62300687836614e-08 2.62458410560384e-08 2.63104418252169e-08 2.62513850657342e-08 2.61974317794511e-08 2.61735468853885e-08 2.61605510587515e-08 2.61681680768788e-08 2.62337511713895e-08 2.62626258518139e-08 2.61636809995025e-08 2.61322981032208e-08 2.61351758013006e-08 2.61556678538e-08 2.62829153996336e-08 2.64083350742794e-08 2.66146127358979e-08 2.68983146867185e-08 2.70904028099039e-08 2.71365383497368e-08 2.72303157800025e-08 2.76354246153687e-08 2.77414144989052e-08 -3.4e+38 -3.4e+38 -3.4e+38 -3.4e+38 -3.4e+38 -3.4e+38 -3.4e+38 -3.4e+38 -3.4e+38 -3.4e+38 -3.4e+38 -3.4e+38
2.76716285441125e-08 2.74342077943857e-08 2.72782987309483e-08 2.71898255022052e-08 2.71148934416487e-08 2.70441837812996e-08 2.69417217424461e-08 2.68465392139206e-08 2.6766100447162e-08 2.67131046172153e-08 2.66812012483797e-08 2.66526498649e-08 2.6492788407495e-08 2.63637076614032e-08 2.64747992417824e-08 2.65380073471988e-08 2.64906638847151e-08 2.64514863346221e-08 2.64482178380376e-08 2.64716160103262e-08 2.65576645119836e-08 2.66784727642744e-08 2.66613042754216e-08 2.64918647019385e-08 2.65326178805481e-08 2.65132023002934e-08 2.6460226010272e-08 2.65143373923138e-08 2.66007447180527e-08 2.67402224807256e-08 2.69043276546199e-08 2.70691717929594e-08 2.71966484888253e-08 2.76150160516409e-08 2.80864789203861e-08 -3.4e+38 -3.4e+38 -3.4e+38 -3.4e+38 -3.4e+38 -3.4e+38 -3.4e+38 -3.4e+38 -3.4e+38 -3.4e+38 -3.4e+38 -3.4e+38 -3.4e+38
2.7813001679533e-08 2.75729519216839e-08 2.74060703020496e-08 2.73241731463258e-08 2.72671929479884e-08 2.71660169914867e-08 2.70365312360354e-08 2.69635922478528e-08 2.69117066409308e-08 2.68649689161293e-08 2.68235957889829e-08 2.67863171643512e-08 2.66542503624123e-08 2.64585509057724e-08 2.65257700249322e-08 2.67258375430401e-08 2.67522448638147e-08 2.6729123803193e-08 2.67960960087521e-08 2.68400075498221e-08 2.68352309262809e-08 2.68453277385561e-08 2.68266457936761e-08 2.68031410399772e-08 2.69131597008254e-08 2.68817093029838e-08 2.69127014007609e-08 2.68832422989362e-08 2.69550657350237e-08 2.69623274817832e-08 2.70032280980104e-08 2.72177356208658e-08 2.7483313402854e-08 2.79859584395581e-08 2.86215833256165e-08 -3.4e+38 -3.4e+38 -3.4e+38 -3.4e+38 -3.4e+38 -3.4e+38 -3.4e+38 -3.4e+38 -3.4e+38 -3.4e+38 -3.4e+38 -3.4e+38 -3.4e+38
2.79635301581038e-08 2.77108274104876e-08 2.7532014001963e-08 2.74532165889241e-08 2.73640274883746e-08 2.72332858486379e-08 2.71338613799799e-08 2.70862532403271e-08 2.70692126491667e-08 2.70442637173574e-08 2.69072550906913e-08 2.6781806994336e-08 2.67334421266696e-08 2.6545283304813e-08 2.65208317529186e-08 2.66898414480465e-08 2.67595225977857e-08 2.67997783964802e-08 2.69387392393128e-08 2.69478359626873e-08 2.69453082069049e-08 2.70086726317231e-08 2.7029512850163e-08 2.6836513455919e-08 2.69077347070379e-08 2.71367053272797e-08 2.72794711264623e-08 2.72807323398183e-08 2.73128311079063e-08 2.72895555042396e-08 2.73455214028218e-08 2.76722165182264e-08 2.80055711954219e-08 2.83397039169131e-08 2.88702661777052e-08 -3.4e+38 -3.4e+38 -3.4e+38 -3.4e+38 -3.4e+38 -3.4e+38 -3.4e+38 -3.4e+38 -3.4e+38 -3.4e+38 -3.4e+38 -3.4e+38 -3.4e+38
2.80936784946562e-08 2.78285785526577e-08 2.76628231432596e-08 2.75668963212183e-08 2.74483760165367e-08 2.73286424601338e-08 2.72444200533073e-08 2.71984674782288e-08 2.71431410681089e-08 2.70603806029612e-08 2.69205742142731e-08 2.68345949905324e-08 2.67852282576087e-08 2.67037698620243e-08 2.67226933914344e-08 2.66457469422221e-08 2.66675517224257e-08 2.67643880391688e-08 2.68497561961567e-08 2.69376787542797e-08 2.70632352084021e-08 2.713273161703e-08 2.71732929491009e-08 2.68585225171591e-08 2.68012723125821e-08 2.7050052864297e-08 2.74139306810639e-08 2.74943499078972e-08 2.73852549526055e-08 2.73791922467126e-08 2.75606222288616e-08 2.78349094884334e-08 2.79664362778931e-08 2.82907883786265e-08 2.8694202569568e-08 -3.4e+38 -3.4e+38 -3.4e+38 -3.4e+38 -3.4e+38 -3.4e+38 -3.4e+38 -3.4e+38 -3.4e+38 -3.4e+38 -3.4e+38 -3.4e+38 -3.4e+38
