R_scripts/int_process_data/Bio_06_2001.2020.asc
NCOLS 281 
NROWS 577 
XLLCORNER 81175.2677831308 
YLLCORNER -911.770678700996 
CELLSIZE 1000 
NODATA_value -3.4e+38 
[rows 69 to 91 of 577, columns 52 to 103 of 281]
-3.4e+38 -3.4e+38 -3.4e+38 -3.4e+38 -3.4e+38 -3.4e+38 -3.4e+38 -3.4e+38 -3.4e+38 -3.4e+38 -3.4e+38 285.876220703125 285.818450927734 285.745025634766 285.616546630859 285.47021484375 285.369293212891 285.312774658203 285.194641113281 285.119476318359 285.156829833984 285.108642578125 284.971557617188 284.888153076172 285.016204833984 285.026580810547 284.927337646484 284.858245849609 284.833038330078 284.781158447266 284.631164550781 284.3955078125 284.146820068359 283.909423828125 283.627685546875 283.628204345703 283.850708007812 283.949432373047 283.884124755859 283.785400390625 283.756469726562 283.778503417969 283.68212890625 283.427124023438 283.061096191406 282.55029296875 282.289215087891 282.612640380859 282.685699462891 283.154602050781 283.466033935547 283.364196777344
-3.4e+38 -3.4e+38 -3.4e+38 -3.4e+38 -3.4e+38 -3.4e+38 -3.4e+38 -3.4e+38 -3.4e+38 -3.4e+38 -3.4e+38 285.888610839844 285.81640625 285.754730224609 285.683197021484 285.576782226562 285.513122558594 285.431427001953 285.22314453125 285.163299560547 285.154876708984 285.110809326172 285.090850830078 285.092437744141 285.078948974609 284.967559814453 284.781463623047 284.567932128906 284.584442138672 284.744232177734 284.651763916016 284.245727539062 283.603576660156 283.170104980469 283.107574462891 283.410064697266 283.546295166016 283.740753173828 283.814300537109 283.838562011719 283.8388671875 283.750915527344 283.721954345703 283.314025878906 282.573120117188 282.331848144531 282.889923095703 283.328125 283.335144042969 283.392364501953 283.644409179688 283.667785644531
-3.4e+38 -3.4e+38 -3.4e+38 -3.4e+38 -3.4e+38 -3.4e+38 -3.4e+38 -3.4e+38 -3.4e+38 -3.4e+38 -3.4e+38 -3.4e+38 285.816345214844 285.745269775391 285.689422607422 285.594024658203 285.562835693359 285.512023925781 285.323974609375 285.249542236328 285.156677246094 285.103973388672 285.090393066406 284.983154296875 284.845642089844 284.865417480469 284.694366455078 284.3427734375 284.372955322266 284.671325683594 284.676239013672 284.244049072266 283.650421142578 283.386993408203 283.455780029297 283.54638671875 283.614440917969 283.876159667969 283.908233642578 283.874267578125 283.787078857422 283.746978759766 283.732330322266 283.251098632812 282.559143066406 282.548583984375 283.190368652344 283.547271728516 283.667907714844 283.600250244141 283.716857910156 283.770446777344
-3.4e+38 -3.4e+38 -3.4e+38 -3.4e+38 -3.4e+38 -3.4e+38 -3.4e+38 -3.4e+38 -3.4e+38 -3.4e+38 -3.4e+38 -3.4e+38 285.848876953125 285.766052246094 285.695953369141 285.604888916016 285.565490722656 285.533599853516 285.443786621094 285.359405517578 285.273315429688 285.178405761719 285.093292236328 284.722259521484 284.368835449219 284.724670410156 284.700103759766 284.269317626953 284.035308837891 284.423767089844 284.681915283203 284.443603515625 284.047119140625 283.799896240234 283.799987792969 283.876861572266 283.949401855469 283.997863769531 283.907989501953 283.731506347656 283.449737548828 283.673583984375 283.759216308594 283.390228271484 282.954162597656 282.643371582031 282.802185058594 283.501190185547 283.800476074219 283.810455322266 283.834289550781 283.815490722656
-3.4e+38 -3.4e+38 -3.4e+38 -3.4e+38 -3.4e+38 -3.4e+38 -3.4e+38 -3.4e+38 -3.4e+38 -3.4e+38 -3.4e+38 -3.4e+38 285.911956787109 285.824310302734 285.742767333984 285.642791748047 285.575744628906 285.539306640625 285.488800048828 285.441864013672 285.296234130859 285.212188720703 285.09326171875 284.543334960938 284.108673095703 284.576568603516 284.610229492188 284.257568359375 284.005554199219 284.382446289062 284.651885986328 284.476318359375 284.199310302734 284.057159423828 284.149047851562 284.154479980469 283.972442626953 283.7939453125 283.769561767578 283.495178222656 283.25927734375 283.582702636719 283.760009765625 283.483612060547 282.975738525391 282.546234130859 282.836120605469 283.663360595703 283.892028808594 283.922515869141 283.886322021484 283.758361816406
-3.4e+38 -3.4e+38 -3.4e+38 -3.4e+38 -3.4e+38 -3.4e+38 -3.4e+38 -3.4e+38 -3.4e+38 -3.4e+38 -3.4e+38 -3.4e+38 -3.4e+38 285.880065917969 285.777069091797 285.678527832031 285.590545654297 285.540313720703 285.527984619141 285.483093261719 285.326507568359 285.211883544922 285.063415527344 284.606750488281 284.211669921875 284.494995117188 284.552490234375 284.288299560547 284.164978027344 284.453674316406 284.565887451172 284.461395263672 284.313659667969 284.248229980469 284.255798339844 284.082183837891 283.819000244141 283.829833984375 283.865142822266 283.623168945312 283.369049072266 283.481872558594 283.487274169922 283.054138183594 282.978729248047 282.839721679688 283.123443603516 283.742004394531 283.954986572266 283.972259521484 283.858428955078 283.750427246094
-3.4e+38 -3.4e+38 -3.4e+38 -3.4e+38 -3.4e+38 -3.4e+38 -3.4e+38 -3.4e+38 -3.4e+38 -3.4e+38 -3.4e+38 -3.4e+38 -3.4e+38 285.929809570312 285.797973632812 285.704528808594 285.603729248047 285.537994384766 285.53466796875 285.482208251953 285.371887207031 285.207244873047 285.022521972656 284.753814697266 284.554443359375 284.722778320312 284.682220458984 284.442657470703 284.36279296875 284.451782226562 284.529510498047 284.526031494141 284.451049804688 284.425384521484 284.320922851562 284.134796142578 283.98779296875 283.993804931641 283.808624267578 283.250457763672 283.083953857422 283.193908691406 282.983489990234 282.744750976562 283.141693115234 283.294555664062 283.393707275391 283.675323486328 283.958343505859 284.032196044922 283.925933837891 283.717468261719
-3.4e+38 -3.4e+38 -3.4e+38 -3.4e+38 -3.4e+38 -3.4e+38 -3.4e+38 -3.4e+38 -3.4e+38 -3.4e+38 -3.4e+38 -3.4e+38 -3.4e+38 285.966278076172 285.843902587891 285.726684570312 285.620788574219 285.530975341797 285.483062744141 285.392547607422 285.286193847656 285.231781005859 284.980895996094 284.698211669922 284.722900390625 284.929382324219 284.851715087891 284.651916503906 284.404876708984 284.253662109375 284.477752685547 284.575561523438 284.581848144531 284.488433837891 284.205535888672 283.966491699219 283.804290771484 283.703735351562 283.479614257812 283.083587646484 283.31103515625 283.181457519531 282.857330322266 283.001647949219 283.394256591797 283.407745361328 283.614044189453 283.82373046875 283.957305908203 284.085357666016 283.968017578125 283.752349853516
-3.4e+38 -3.4e+38 -3.4e+38 -3.4e+38 -3.4e+38 -3.4e+38 -3.4e+38 -3.4e+38 -3.4e+38 -3.4e+38 -3.4e+38 -3.4e+38 -3.4e+38 286.000274658203 285.880157470703 285.761474609375 285.633544921875 285.516021728516 285.445556640625 285.345886230469 285.167022705078 285.09765625 285.023620605469 284.875061035156 284.913116455078 285.046508789062 284.969146728516 284.617126464844 284.268920898438 284.086456298828 284.455291748047 284.664459228516 284.701873779297 284.530487060547 284.160095214844 283.810394287109 283.650543212891 283.715118408203 283.745819091797 283.752960205078 283.767333984375 283.278045654297 283.153472900391 283.483459472656 283.735748291016 283.538452148438 283.763214111328 284.058898925781 284.117919921875 284.159606933594 283.933959960938 283.705993652344
-3.4e+38 -3.4e+38 -3.4e+38 -3.4e+38 -3.4e+38 -3.4e+38 -3.4e+38 -3.4e+38 -3.4e+38 -3.4e+38 -3.4e+38 -3.4e+38 -3.4e+38 286.033111572266 285.906555175781 285.797943115234 285.675659179688 285.495788574219 285.331512451172 285.320037841797 285.221832275391 285.089782714844 285.104644775391 285.091796875 285.055755615234 285.095916748047 284.943725585938 284.691284179688 284.609954833984 284.450744628906 284.602630615234 284.788299560547 284.752807617188 284.554626464844 284.218109130859 283.938140869141 283.868865966797 284.068206787109 284.122283935547 283.989379882812 283.655822753906 283.363250732422 283.634796142578 283.896087646484 284.006805419922 283.976501464844 284.075592041016 284.189056396484 284.163513183594 284.069885253906 283.970825195312 283.848114013672
-3.4e+38 -3.4e+38 -3.4e+38 -3.4e+38 -3.4e+38 -3.4e+38 -3.4e+38 -3.4e+38 -3.4e+38 -3.4e+38 -3.4e+38 -3.4e+38 286.155151367188 286.055023193359 285.92138671875 285.7880859375 285.690551757812 285.519012451172 285.223510742188 285.237640380859 285.357208251953 285.293060302734 285.240966796875 285.253967285156 285.205535888672 285.139251708984 284.943786621094 284.878631591797 284.856719970703 284.716278076172 284.772583007812 284.861236572266 284.751403808594 284.602996826172 284.429809570312 284.177581787109 284.102325439453 284.273315429688 284.093872070312 283.630065917969 283.326141357422 283.564086914062 284.055755615234 284.162200927734 284.144104003906 284.245025634766 284.299987792969 284.131408691406 283.968292236328 283.893707275391 284.018402099609 283.990447998047
-3.4e+38 -3.4e+38 -3.4e+38 -3.4e+38 -3.4e+38 -3.4e+38 -3.4e+38 -3.4e+38 -3.4e+38 -3.4e+38 -3.4e+38 -3.4e+38 286.178131103516 286.062927246094 285.936614990234 285.803649902344 285.674652099609 285.542114257812 285.311096191406 285.179840087891 285.268829345703 285.387512207031 285.383209228516 285.382446289062 285.337890625 285.186798095703 285.038238525391 285.045989990234 284.992431640625 284.857177734375 284.881103515625 284.838439941406 284.661071777344 284.582244873047 284.454254150391 284.374908447266 284.406341552734 284.351379394531 283.992370605469 283.589935302734 283.735717773438 284.094116210938 284.259674072266 284.089996337891 284.028900146484 284.253784179688 284.339447021484 284.099639892578 284.033752441406 283.982330322266 283.905944824219 283.804016113281
-3.4e+38 -3.4e+38 -3.4e+38 -3.4e+38 -3.4e+38 -3.4e+38 -3.4e+38 -3.4e+38 -3.4e+38 -3.4e+38 -3.4e+38 -3.4e+38 286.212066650391 286.090606689453 285.970062255859 285.855804443359 285.718719482422 285.498565673828 285.382598876953 285.347625732422 285.251281738281 285.366760253906 285.488464355469 285.480102539062 285.419647216797 285.290100097656 285.206115722656 285.137512207031 285.006011962891 284.908355712891 284.894927978516 284.674041748047 284.465942382812 284.499389648438 284.571746826172 284.596374511719 284.526184082031 284.437561035156 284.144317626953 284.009735107422 284.263305664062 284.41552734375 284.293090820312 283.935424804688 283.849822998047 284.219787597656 284.4169921875 284.248931884766 284.039215087891 283.780181884766 283.635650634766 283.650695800781
-3.4e+38 -3.4e+38 -3.4e+38 -3.4e+38 -3.4e+38 -3.4e+38 -3.4e+38 -3.4e+38 -3.4e+38 -3.4e+38 -3.4e+38 -3.4e+38 286.271484375 286.155395507812 286.033416748047 285.921783447266 285.796356201172 285.577331542969 285.484710693359 285.507720947266 285.479614257812 285.455627441406 285.534301757812 285.534362792969 285.473205566406 285.404968261719 285.322174072266 285.142456054688 284.851165771484 284.710418701172 284.756134033203 284.502227783203 284.327484130859 284.584014892578 284.734405517578 284.669555664062 284.563781738281 284.619934082031 284.472412109375 284.404998779297 284.474792480469 284.4208984375 284.145233154297 283.984405517578 284.163940429688 284.430877685547 284.476715087891 284.255065917969 283.788391113281 283.417938232422 283.545867919922 283.681488037109
-3.4e+38 -3.4e+38 -3.4e+38 -3.4e+38 -3.4e+38 -3.4e+38 -3.4e+38 -3.4e+38 -3.4e+38 -3.4e+38 -3.4e+38 -3.4e+38 286.311798095703 286.220397949219 286.092376708984 285.977874755859 285.860748291016 285.740051269531 285.648651123047 285.607788085938 285.639495849609 285.627868652344 285.579010009766 285.450500488281 285.403656005859 285.3505859375 285.237976074219 285.095184326172 284.819488525391 284.634460449219 284.743377685547 284.612915039062 284.463470458984 284.726959228516 284.82421875 284.710571289062 284.644653320312 284.708862304688 284.608581542969 284.569671630859 284.528289794922 284.324951171875 284.045043945312 284.162200927734 284.467559814453 284.521118164062 284.394561767578 284.227111816406 283.835754394531 283.552276611328 283.780120849609 283.738037109375
-3.4e+38 -3.4e+38 -3.4e+38 -3.4e+38 -3.4e+38 -3.4e+38 -3.4e+38 -3.4e+38 -3.4e+38 -3.4e+38 -3.4e+38 -3.4e+38 -3.4e+38 286.268829345703 286.132934570312 286.022857666016 285.916046142578 285.853698730469 285.794097900391 285.763305664062 285.746520996094 285.657928466797 285.456420898438 285.182159423828 285.270477294922 285.322875976562 285.206268310547 285.104858398438 284.973266601562 284.799652099609 284.845062255859 284.859832763672 284.728179931641 284.7880859375 284.87841796875 284.807586669922 284.800048828125 284.810333251953 284.732727050781 284.660278320312 284.533050537109 284.374481201172 284.264251708984 284.376220703125 284.556457519531 284.440155029297 284.261322021484 284.269256591797 284.073577880859 283.967376708984 283.937561035156 283.85791015625
-3.4e+38 -3.4e+38 -3.4e+38 -3.4e+38 -3.4e+38 -3.4e+38 -3.4e+38 -3.4e+38 -3.4e+38 -3.4e+38 -3.4e+38 -3.4e+38 -3.4e+38 286.312530517578 286.203796386719 286.079132080078 285.977508544922 285.941497802734 285.925933837891 285.859283447266 285.755889892578 285.603302001953 285.297454833984 285.161407470703 285.295562744141 285.395812988281 285.383422851562 285.309204101562 285.208068847656 284.988616943359 284.870086669922 284.972808837891 284.897308349609 284.797332763672 284.911407470703 284.920471191406 284.936279296875 284.932647705078 284.829254150391 284.678009033203 284.598327636719 284.545043945312 284.530517578125 284.570892333984 284.539733886719 284.252990722656 284.189788818359 284.356567382812 284.257904052734 284.18603515625 284.034881591797 283.969390869141
-3.4e+38 -3.4e+38 -3.4e+38 -3.4e+38 -3.4e+38 -3.4e+38 -3.4e+38 -3.4e+38 -3.4e+38 -3.4e+38 -3.4e+38 -3.4e+38 -3.4e+38 286.360382080078 286.272369384766 286.126495361328 286.045471191406 286.048645019531 286.048278808594 285.952026367188 285.774230957031 285.616851806641 285.371551513672 285.430114746094 285.395935058594 285.402313232422 285.542694091797 285.491058349609 285.367279052734 285.113128662109 285.073333740234 285.1044921875 284.980895996094 284.885498046875 284.944366455078 285.001159667969 285.030303955078 284.977508544922 284.829956054688 284.689849853516 284.7138671875 284.686370849609 284.675720214844 284.684173583984 284.5498046875 284.415344238281 284.430480957031 284.455871582031 284.395538330078 284.285675048828 284.012054443359 283.989349365234
-3.4e+38 -3.4e+38 -3.4e+38 -3.4e+38 -3.4e+38 -3.4e+38 -3.4e+38 -3.4e+38 -3.4e+38 -3.4e+38 -3.4e+38 -3.4e+38 -3.4e+38 286.396545410156 286.316864013672 286.172180175781 286.119812011719 286.132904052734 286.068206787109 285.951995849609 285.840728759766 285.699371337891 285.599731445312 285.627349853516 285.552276611328 285.488494873047 285.5908203125 285.574127197266 285.457244873047 285.294860839844 285.320831298828 285.302520751953 285.162689208984 285.067718505859 285.111236572266 285.076629638672 285.067779541016 284.974243164062 284.842651367188 284.837280273438 284.8671875 284.825714111328 284.787780761719 284.708099365234 284.65625 284.595489501953 284.535491943359 284.532165527344 284.413970947266 284.133697509766 283.734558105469 283.633392333984
-3.4e+38 -3.4e+38 -3.4e+38 -3.4e+38 -3.4e+38 -3.4e+38 -3.4e+38 -3.4e+38 -3.4e+38 -3.4e+38 -3.4e+38 -3.4e+38 -3.4e+38 -3.4e+38 286.360412597656 286.261962890625 286.193176269531 286.113311767578 285.992340087891 285.887237548828 285.876861572266 285.844665527344 285.781677246094 285.725250244141 285.696655273438 285.644317626953 285.640594482422 285.654144287109 285.595184326172 285.52001953125 285.501220703125 285.441253662109 285.357299804688 285.265930175781 285.269805908203 285.207214355469 285.159240722656 285.133392333984 285.055053710938 285.053955078125 284.832183837891 284.646423339844 284.739807128906 284.729187011719 284.579498291016 284.253173828125 284.322082519531 284.422729492188 284.341766357422 283.934356689453 283.394165039062 283.145874023438
-3.4e+38 -3.4e+38 -3.4e+38 -3.4e+38 -3.4e+38 -3.4e+38 -3.4e+38 -3.4e+38 -3.4e+38 -3.4e+38 -3.4e+38 -3.4e+38 -3.4e+38 -3.4e+38 -3.4e+38 286.34619140625 286.231842041016 286.113006591797 286.002899169922 285.905151367188 285.854339599609 285.880096435547 285.837768554688 285.751983642578 285.721252441406 285.722015380859 285.709350585938 285.727416992188 285.710784912109 285.661743164062 285.59521484375 285.524383544922 285.458251953125 285.375 285.276245117188 285.181457519531 285.075378417969 285.105682373047 285.148101806641 285.010345458984 284.572113037109 284.226806640625 284.190582275391 284.18994140625 284.178771972656 283.814636230469 284.049255371094 284.157684326172 283.992370605469 283.678070068359 283.025970458984 282.814178466797
-3.4e+38 -3.4e+38 -3.4e+38 -3.4e+38 -3.4e+38 -3.4e+38 -3.4e+38 -3.4e+38 -3.4e+38 -3.4e+38 -3.4e+38 -3.4e+38 -3.4e+38 -3.4e+38 -3.4e+38 286.398651123047 286.299774169922 286.179718017578 286.091156005859 285.976470947266 285.872924804688 285.836853027344 285.786651611328 285.625885009766 285.446655273438 285.529113769531 285.716857910156 285.685211181641 285.689331054688 285.697509765625 285.622802734375 285.513122558594 285.425262451172 285.30126953125 285.136352539062 285.076568603516 284.981628417969 285.058929443359 285.130584716797 284.846282958984 284.147766113281 283.640625 283.449951171875 283.438873291016 283.520141601562 283.236053466797 283.336669921875 283.552795410156 283.441802978516 283.121276855469 282.809204101562 282.66748046875
-3.4e+38 -3.4e+38 -3.4e+38 -3.4e+38 -3.4e+38 -3.4e+38 -3.4e+38 -3.4e+38 -3.4e+38 -3.4e+38 -3.4e+38 -3.4e+38 -3.4e+38 -3.4e+38 -3.4e+38 -3.4e+38 286.348480224609 286.205169677734 286.122192382812 286.040802001953 285.91259765625 285.750366210938 285.692077636719 285.607727050781 285.218414306641 285.330780029297 285.664733886719 285.556671142578 285.508514404297 285.662811279297 285.638244628906 285.472930908203 285.289733886719 285.159210205078 284.988159179688 284.889068603516 284.919372558594 285.026489257812 285.104705810547 284.817169189453 283.847595214844 283.240295410156 283.237670898438 283.184906005859 283.037322998047 282.756958007812 282.806671142578 283.004089355469 283.024688720703 283.000854492188 282.854064941406 282.631408691406
