R_scripts/int_process_data/Bio_19.asc
NCOLS 281 
NROWS 576 
XLLCORNER 81175.2677831308 
YLLCORNER 88.2293212990044 
CELLSIZE 1000 
NODATA_value -3.4e+38 
[rows 207 to 229 of 576, columns 52 to 103 of 281]
-3.4e+38 -3.4e+38 -3.4e+38 -3.4e+38 -3.4e+38 10.3031435012817 10.3031406402588 10.3031368255615 10.3031301498413 10.3031158447266 10.3030776977539 10.3029289245605 10.3018627166748 10.3018627166748 10.3018627166748 10.3018627166748 10.3018627166748 10.3008861541748 10.2955627441406 10.2902383804321 10.2849149703979 10.2795915603638 10.2742681503296 10.2689437866211 10.2636203765869 10.2582969665527 10.2529735565186 10.2537221908569 10.2887372970581 10.3237533569336 10.3587694168091 10.3937845230103 10.4288005828857 10.4638166427612 10.4988327026367 10.5338478088379 10.5688638687134 10.6051645278931 10.6511087417603 10.6970529556274 10.7429962158203 10.7889404296875 10.8348846435547 10.8808288574219 10.9267721176147 10.9727163314819 11.0186605453491 11.0638370513916 11.1007165908813 11.1375961303711 11.1744747161865 11.2113542556763
-3.4e+38 -3.4e+38 -3.4e+38 -3.4e+38 10.3057193756104 10.3057174682617 10.3057155609131 10.3057117462158 10.3057050704956 10.3056898117065 10.3056526184082 10.3055028915405 10.3044366836548 10.3044366836548 10.3044366836548 10.3044366836548 10.3044366836548 10.3038787841797 10.3008346557617 10.2977905273438 10.2947473526001 10.2917032241821 10.2886590957642 10.2856159210205 10.2825717926025 10.2795276641846 10.2764844894409 10.2790451049805 10.3132371902466 10.3474292755127 10.3816213607788 10.4158124923706 10.4500045776367 10.4841966629028 10.5183877944946 10.5525798797607 10.5867719650269 10.6223735809326 10.6685590744019 10.7147445678711 10.7609300613403 10.8071146011353 10.8533000946045 10.8994855880737 10.945671081543 10.9918556213379 11.0380411148071 11.083475112915 11.1207857131958 11.1580953598022 11.1954050064087 11.2327156066895
-3.4e+38 -3.4e+38 -3.4e+38 -3.4e+38 10.3082933425903 10.308292388916 10.3082895278931 10.3082857131958 10.3082790374756 10.3082647323608 10.3082265853882 10.3080778121948 10.3070116043091 10.3070116043091 10.3070116043091 10.3070116043091 10.3070116043091 10.3068714141846 10.3061075210571 10.3053426742554 10.3045787811279 10.3038148880005 10.303050994873 10.3022871017456 10.3015232086182 10.3007593154907 10.2999954223633 10.3043689727783 10.3377370834351 10.3711051940918 10.4044723510742 10.437840461731 10.4712085723877 10.5045766830444 10.5379438400269 10.5713119506836 10.6046800613403 10.6395826339722 10.6860094070435 10.7324361801147 10.778862953186 10.825288772583 10.8717155456543 10.9181423187256 10.9645690917969 11.0109958648682 11.0574216842651 11.1031131744385 11.1408538818359 11.1785945892334 11.2163352966309 11.2540760040283
-3.4e+38 -3.4e+38 -3.4e+38 -3.4e+38 10.3108673095703 10.310866355896 10.310863494873 10.3108596801758 10.3108530044556 10.3108386993408 10.3108005523682 10.3106517791748 10.3095855712891 10.3095855712891 10.3095855712891 10.3095855712891 10.3095855712891 10.3098640441895 10.3113794326782 10.3128957748413 10.3144111633301 10.3159275054932 10.3174428939819 10.318959236145 10.3204746246338 10.3219909667969 10.3235063552856 10.3296928405762 10.3622369766235 10.3947811126709 10.4273242950439 10.4598684310913 10.4924125671387 10.5249557495117 10.5574998855591 10.5900440216064 10.6225872039795 10.6567916870117 10.7034597396851 10.7501277923584 10.7967958450317 10.8434638977051 10.8901309967041 10.9367990493774 10.9834671020508 11.0301351547241 11.0768032073975 11.1227512359619 11.1609230041504 11.1990947723389 11.237265586853 11.2754373550415
-3.4e+38 -3.4e+38 -3.4e+38 10.3134422302246 10.3134412765503 10.313440322876 10.313437461853 10.3134336471558 10.3134269714355 10.3134126663208 10.3133745193481 10.3132257461548 10.312159538269 10.312159538269 10.312159538269 10.312159538269 10.312159538269 10.31285572052 10.3166522979736 10.3204479217529 10.3242435455322 10.3280391693115 10.3318347930908 10.3356304168701 10.3394260406494 10.3432216644287 10.3470182418823 10.355016708374 10.386736869812 10.41845703125 10.4501762390137 10.4818964004517 10.5136165618896 10.5453357696533 10.5770559310913 10.6087760925293 10.640495300293 10.6740016937256 10.7209100723267 10.7678194046021 10.8147287368774 10.8616380691528 10.9085474014282 10.9554557800293 11.0023651123047 11.0492744445801 11.0961837768555 11.1423892974854 11.1809921264648 11.21959400177 11.2581958770752 11.2967987060547
-3.4e+38 -3.4e+38 -3.4e+38 10.3153839111328 10.3153839111328 10.3153829574585 10.3153820037842 10.3153800964355 10.3153762817383 10.3153686523438 10.3153495788574 10.3152742385864 10.314733505249 10.314733505249 10.314733505249 10.314733505249 10.314733505249 10.3158483505249 10.3219242095947 10.3280000686646 10.3340759277344 10.3401508331299 10.3462266921997 10.3523025512695 10.358377456665 10.3644533157349 10.3705291748047 10.3803405761719 10.4112367630005 10.4421319961548 10.4730281829834 10.503924369812 10.5348196029663 10.5657157897949 10.5966119766235 10.6275072097778 10.6584033966064 10.6912107467651 10.7383604049683 10.7855110168457 10.8326616287231 10.8798122406006 10.926962852478 10.9741125106812 11.0212631225586 11.068413734436 11.1155643463135 11.1620273590088 11.201060295105 11.2400932312012 11.2791261672974 11.3181591033936
-3.4e+38 -3.4e+38 -3.4e+38 10.3160390853882 10.3160390853882 10.3160390853882 10.3160390853882 10.3160390853882 10.3160390853882 10.3160390853882 10.3160390853882 10.3160390853882 10.3160390853882 10.3160390853882 10.3160390853882 10.3160390853882 10.3160390853882 10.3173656463623 10.3245973587036 10.3318290710449 10.3390598297119 10.3462915420532 10.3535232543945 10.3607549667358 10.3679857254028 10.3752174377441 10.3824491500854 10.3931798934937 10.4236574172974 10.4541358947754 10.4846134185791 10.5150918960571 10.5455703735352 10.5760478973389 10.6065263748169 10.6370038986206 10.6674823760986 10.6999349594116 10.7472076416016 10.7944803237915 10.8417530059814 10.8890266418457 10.9362993240356 10.9835720062256 11.0308446884155 11.0781173706055 11.1253900527954 11.1719837188721 11.2112350463867 11.2504863739014 11.289737701416 11.3289890289307
-3.4e+38 -3.4e+38 10.3160390853882 10.3160390853882 10.3160390853882 10.3160390853882 10.3160390853882 10.3160390853882 10.3160390853882 10.3160390853882 10.3160390853882 10.3160390853882 10.3160390853882 10.3160390853882 10.3160390853882 10.3160390853882 10.3160390853882 10.3173656463623 10.3245973587036 10.3318290710449 10.3390598297119 10.3462915420532 10.3535232543945 10.3607549667358 10.3679857254028 10.3752174377441 10.3824491500854 10.3931798934937 10.4236574172974 10.4541358947754 10.4846134185791 10.5150918960571 10.5455703735352 10.5760478973389 10.6065263748169 10.6370038986206 10.6674823760986 10.6999349594116 10.7472076416016 10.7944803237915 10.8417530059814 10.8890266418457 10.9362993240356 10.9835720062256 11.0308446884155 11.0781173706055 11.1253900527954 11.1719837188721 11.2112350463867 11.2504863739014 11.289737701416 11.3289890289307
-3.4e+38 -3.4e+38 10.3160390853882 10.3160390853882 10.3160390853882 10.3160390853882 10.3160390853882 10.3160390853882 10.3160390853882 10.3160390853882 10.3160390853882 10.3160390853882 10.3160390853882 10.3160390853882 10.3160390853882 10.3160390853882 10.3160390853882 10.3173656463623 10.3245973587036 10.3318290710449 10.3390598297119 10.3462915420532 10.3535232543945 10.3607549667358 10.3679857254028 10.3752174377441 10.3824491500854 10.3931798934937 10.4236574172974 10.4541358947754 10.4846134185791 10.5150918960571 10.5455703735352 10.5760478973389 10.6065263748169 10.6370038986206 10.6674823760986 10.6999349594116 10.7472076416016 10.7944803237915 10.8417530059814 10.8890266418457 10.9362993240356 10.9835720062256 11.0308446884155 11.0781173706055 11.1253900527954 11.1719837188721 11.2112350463867 11.2504863739014 11.289737701416 11.3289890289307
-3.4e+38 10.3160390853882 10.3160390853882 10.3160390853882 10.3160390853882 10.3160390853882 10.3160390853882 10.3160390853882 10.3160390853882 10.3160390853882 10.3160390853882 10.3160390853882 10.3160390853882 10.3160390853882 10.3160390853882 10.3160390853882 10.3160390853882 10.3173656463623 10.3245973587036 10.3318290710449 10.3390598297119 10.3462915420532 10.3535232543945 10.3607549667358 10.3679857254028 10.3752174377441 10.3824491500854 10.3931798934937 10.4236574172974 10.4541358947754 10.4846134185791 10.5150918960571 10.5455703735352 10.5760478973389 10.6065263748169 10.6370038986206 10.6674823760986 10.6999349594116 10.7472076416016 10.7944803237915 10.8417530059814 10.8890266418457 10.9362993240356 10.9835720062256 11.0308446884155 11.0781173706055 11.1253900527954 11.1719837188721 11.2112350463867 11.2504863739014 11.289737701416 11.3289890289307
-3.4e+38 10.3160390853882 10.3160390853882 10.3160390853882 10.3160390853882 10.3160390853882 10.3160390853882 10.3160390853882 10.3160390853882 10.3160390853882 10.3160390853882 10.3160390853882 10.3160390853882 10.3160390853882 10.3160390853882 10.3160390853882 10.3160390853882 10.3173656463623 10.3245973587036 10.3318290710449 10.3390598297119 10.3462915420532 10.3535232543945 10.3607549667358 10.3679857254028 10.3752174377441 10.3824491500854 10.3931798934937 10.4236574172974 10.4541358947754 10.4846134185791 10.5150918960571 10.5455703735352 10.5760478973389 10.6065263748169 10.6370038986206 10.6674823760986 10.6999349594116 10.7472076416016 10.7944803237915 10.8417530059814 10.8890266418457 10.9362993240356 10.9835720062256 11.0308446884155 11.0781173706055 11.1253900527954 11.1719837188721 11.2112350463867 11.2504863739014 11.289737701416 11.3289890289307
-3.4e+38 10.3160390853882 10.3160390853882 10.3160390853882 10.3160390853882 10.3160390853882 10.3160390853882 10.3160390853882 10.3160390853882 10.3160390853882 10.3160390853882 10.3160390853882 10.3160390853882 10.3160390853882 10.3160390853882 10.3160390853882 10.3160390853882 10.3173656463623 10.3245973587036 10.3318290710449 10.3390598297119 10.3462915420532 10.3535232543945 10.3607549667358 10.3679857254028 10.3752174377441 10.3824491500854 10.3931798934937 10.4236574172974 10.4541358947754 10.4846134185791 10.5150918960571 10.5455703735352 10.5760478973389 10.6065263748169 10.6370038986206 10.6674823760986 10.6999349594116 10.7472076416016 10.7944803237915 10.8417530059814 10.8890266418457 10.9362993240356 10.9835720062256 11.0308446884155 11.0781173706055 11.1253900527954 11.1719837188721 11.2112350463867 11.2504863739014 11.289737701416 11.3289890289307
-3.4e+38 -3.4e+38 10.3160390853882 10.3160390853882 10.3160390853882 10.3160390853882 10.3160390853882 10.3160390853882 10.3160390853882 10.3160390853882 10.3160390853882 10.3160390853882 10.3160390853882 10.3160390853882 10.3160390853882 10.3160390853882 10.3160390853882 10.3173656463623 10.3245973587036 10.3318290710449 10.3390598297119 10.3462915420532 10.3535232543945 10.3607549667358 10.3679857254028 10.3752174377441 10.3824491500854 10.3931798934937 10.4236574172974 10.4541358947754 10.4846134185791 10.5150918960571 10.5455703735352 10.5760478973389 10.6065263748169 10.6370038986206 10.6674823760986 10.6999349594116 10.7472076416016 10.7944803237915 10.8417530059814 10.8890266418457 10.9362993240356 10.9835720062256 11.0308446884155 11.0781173706055 11.1253900527954 11.1719837188721 11.2112350463867 11.2504863739014 11.289737701416 11.3289890289307
-3.4e+38 -3.4e+38 -3.4e+38 10.3160390853882 10.3160390853882 10.3160390853882 10.3160390853882 10.3160390853882 10.3160390853882 10.3160390853882 10.3160390853882 10.3160390853882 10.3160390853882 10.3160390853882 10.3160390853882 10.3160390853882 10.3160390853882 10.3173656463623 10.3245973587036 10.3318290710449 10.3390598297119 10.3462915420532 10.3535232543945 10.3607549667358 10.3679857254028 10.3752174377441 10.3824491500854 10.3931798934937 10.4236574172974 10.4541358947754 10.4846134185791 10.5150918960571 10.5455703735352 10.5760478973389 10.6065263748169 10.6370038986206 10.6674823760986 10.6999349594116 10.7472076416016 10.7944803237915 10.8417530059814 10.8890266418457 10.9362993240356 10.9835720062256 11.0308446884155 11.0781173706055 11.1253900527954 11.1719837188721 11.2112350463867 11.2504863739014 11.289737701416 11.3289890289307
-3.4e+38 -3.4e+38 -3.4e+38 -3.4e+38 10.3160390853882 10.3160390853882 10.3160390853882 10.3160390853882 10.3160390853882 10.3160390853882 10.3160390853882 10.3160390853882 10.3160390853882 10.3160390853882 10.3160390853882 10.3160390853882 10.3160390853882 10.3173656463623 10.3245973587036 10.3318290710449 10.3390598297119 10.3462915420532 10.3535232543945 10.3607549667358 10.3679857254028 10.3752174377441 10.3824491500854 10.3931798934937 10.4236574172974 10.4541358947754 10.4846134185791 10.5150918960571 10.5455703735352 10.5760478973389 10.6065263748169 10.6370038986206 10.6674823760986 10.6999349594116 10.7472076416016 10.7944803237915 10.8417530059814 10.8890266418457 10.9362993240356 10.9835720062256 11.0308446884155 11.0781173706055 11.1253900527954 11.1719837188721 11.2112350463867 11.2504863739014 11.289737701416 11.3289890289307
-3.4e+38 -3.4e+38 -3.4e+38 -3.4e+38 10.3061571121216 10.3061685562134 10.3061866760254 10.3062152862549 10.3062686920166 10.3063793182373 10.3066711425781 10.3078203201294 10.3160390853882 10.3160390853882 10.3160390853882 10.3160390853882 10.3160390853882 10.3173656463623 10.3245973587036 10.3318290710449 10.3390598297119 10.3462915420532 10.3535232543945 10.3607549667358 10.3679857254028 10.3752174377441 10.3824491500854 10.3931798934937 10.4236574172974 10.4541358947754 10.4846134185791 10.5150918960571 10.5455703735352 10.5760478973389 10.6065263748169 10.6370038986206 10.6674823760986 10.6999349594116 10.7472076416016 10.7944803237915 10.8417530059814 10.8890266418457 10.9362993240356 10.9835720062256 11.0308446884155 11.0781173706055 11.1253900527954 11.1719837188721 11.2112350463867 11.2504863739014 11.289737701416 11.3289890289307
-3.4e+38 -3.4e+38 -3.4e+38 -3.4e+38 -3.4e+38 10.169921875 10.1822853088379 10.1956224441528 10.2103595733643 10.2253942489624 10.2410097122192 10.2585334777832 10.2961978912354 10.2961978912354 10.2961978912354 10.2961978912354 10.2961978912354 10.297872543335 10.3069972991943 10.3161220550537 10.3252468109131 10.3343715667725 10.3434972763062 10.3526220321655 10.3617467880249 10.3708715438843 10.3799962997437 10.3923826217651 10.4231758117676 10.4539680480957 10.4847602844238 10.5155534744263 10.5463457107544 10.5771389007568 10.607931137085 10.6387243270874 10.6695165634155 10.7022647857666 10.7496919631958 10.7971200942993 10.8445472717285 10.8919744491577 10.9394016265869 10.9868288040161 11.0342559814453 11.0816831588745 11.1291103363037 11.175856590271 11.2152404785156 11.2546243667603 11.2940082550049 11.3333921432495
-3.4e+38 -3.4e+38 -3.4e+38 -3.4e+38 -3.4e+38 10.1294717788696 10.1413774490356 10.1542911529541 10.1686658859253 10.1833353042603 10.1985940933228 10.2157821655273 10.2530717849731 10.2530717849731 10.2530717849731 10.2530717849731 10.2530717849731 10.2555017471313 10.268741607666 10.281982421875 10.2952222824097 10.3084630966187 10.3217039108276 10.3349437713623 10.3481845855713 10.3614253997803 10.3746652603149 10.3906507492065 10.4221267700195 10.4536037445068 10.4850797653198 10.5165567398071 10.5480327606201 10.5795087814331 10.6109857559204 10.6424617767334 10.6739377975464 10.707329750061 10.7550926208496 10.8028554916382 10.8506193161011 10.8983821868896 10.9461450576782 10.9939079284668 11.0416707992554 11.0894346237183 11.1371974945068 11.1842756271362 11.2239475250244 11.2636194229126 11.3032913208008 11.342963218689
-3.4e+38 -3.4e+38 -3.4e+38 -3.4e+38 -3.4e+38 10.0893459320068 10.1007471084595 10.1131896972656 10.1271619796753 10.1414232254028 10.1562795639038 10.1730852127075 10.2099456787109 10.2099456787109 10.2099456787109 10.2099456787109 10.2099456787109 10.2131299972534 10.2304859161377 10.2478427886963 10.2651987075806 10.2825546264648 10.2999105453491 10.3172664642334 10.3346223831177 10.351978302002 10.3693342208862 10.3889188766479 10.4210786819458 10.453239440918 10.4853992462158 10.5175590515137 10.5497198104858 10.5818796157837 10.6140394210815 10.6462001800537 10.6783599853516 10.7123937606812 10.7604932785034 10.8085918426514 10.8566904067993 10.9047899246216 10.9528884887695 11.0009870529175 11.0490865707397 11.0971851348877 11.1452836990356 11.1926946640015 11.2326545715332 11.2726135253906 11.3125734329224 11.3525333404541
-3.4e+38 -3.4e+38 -3.4e+38 -3.4e+38 10.0394344329834 10.0496072769165 10.0604496002197 10.0723686218262 10.0858898162842 10.0996913909912 10.1140899658203 10.1304569244385 10.1668195724487 10.1668195724487 10.1668195724487 10.1668195724487 10.1668195724487 10.1707592010498 10.1922311782837 10.2137022018433 10.2351741790771 10.2566452026367 10.2781171798706 10.2995891571045 10.3210601806641 10.3425321578979 10.3640031814575 10.3871870040894 10.4200305938721 10.4528751373291 10.4857187271118 10.5185623168945 10.5514059066772 10.5842504501343 10.617094039917 10.6499376296997 10.6827812194824 10.7174587249756 10.7658929824829 10.8143281936646 10.8627624511719 10.9111976623535 10.9596319198608 11.0080671310425 11.0565013885498 11.1049365997314 11.1533708572388 11.2011127471924 11.2413606643677 11.281608581543 11.3218564987183 11.3621044158936
-3.4e+38 -3.4e+38 -3.4e+38 -3.4e+38 10.0007877349854 10.0103349685669 10.0205554962158 10.0318870544434 10.0449028015137 10.058180809021 10.0720558166504 10.0879144668579 10.1236934661865 10.1236934661865 10.1236934661865 10.1236934661865 10.1236934661865 10.1283884048462 10.1539754867554 10.1795625686646 10.2051496505737 10.2307367324829 10.2563238143921 10.2819108963013 10.3074979782104 10.3330850601196 10.3586730957031 10.3854551315308 10.4189825057983 10.4525098800659 10.4860382080078 10.5195655822754 10.553092956543 10.5866203308105 10.6201477050781 10.6536750793457 10.6872034072876 10.7225227355957 10.7712936401367 10.8200635910034 10.8688344955444 10.9176054000854 10.9663753509521 11.0151462554932 11.0639171600342 11.1126871109009 11.1614580154419 11.2095317840576 11.2500677108765 11.2906036376953 11.3311395645142 11.371675491333
-3.4e+38 -3.4e+38 -3.4e+38 -3.4e+38 9.96278095245361 9.97163200378418 9.98115730285645 9.99182796478271 10.0042705535889 10.0169496536255 10.030219078064 10.045482635498 10.0805673599243 10.0805673599243 10.0805673599243 10.0805673599243 10.0805673599243 10.0860166549683 10.1157197952271 10.1454229354858 10.1751251220703 10.2048282623291 10.2345304489136 10.2642335891724 10.2939367294312 10.3236389160156 10.3533420562744 10.3837232589722 10.4179344177246 10.4521455764771 10.4863567352295 10.5205678939819 10.5547800064087 10.5889911651611 10.6232023239136 10.657413482666 10.6916246414185 10.7275876998901 10.7766933441162 10.8257999420166 10.874906539917 10.9240131378174 10.9731187820435 11.0222253799438 11.0713319778442 11.1204385757446 11.1695442199707 11.2179498672485 11.2587738037109 11.2995977401733 11.3404216766357 11.3812456130981
-3.4e+38 -3.4e+38 -3.4e+38 9.91807746887207 9.92556095123291 9.93363666534424 9.94237995147705 9.95230197906494 9.96409034729004 9.97607898712158 9.98863792419434 10.0031957626343 10.0374412536621 10.0374412536621 10.0374412536621 10.0374412536621 10.0374412536621 10.0436458587646 10.0774641036987 10.1112823486328 10.1451005935669 10.178918838501 10.2127370834351 10.2465562820435 10.2803745269775 10.3141927719116 10.3480110168457 10.3819913864136 10.4168863296509 10.4517812728882 10.4866762161255 10.5215711593628 10.5564661026001 10.5913610458374 10.6262559890747 10.661150932312 10.6960458755493 10.7326517105103 10.78209400177 10.8315362930298 10.8809785842896 10.9304208755493 10.9798631668091 11.0293045043945 11.0787467956543 11.1281890869141 11.1776313781738 11.2263689041138 11.2674808502197 11.3085927963257 11.3497047424316 11.3908166885376
