R_scripts/int_process_data/Bio_17_2001.2020.asc
NCOLS 281 
NROWS 577 
XLLCORNER 81175.2677831308 
YLLCORNER -911.770678700996 
CELLSIZE 1000 
NODATA_value -3.4e+38 
[rows 294 to 314 of 577, columns 144 to 191 of 281]
3.01212987885435e-09 3.20784332430435e-09 3.28274474270529e-09 3.35883565405481e-09 3.42196382341342e-09 3.41082895261025e-09 3.31286553745258e-09 3.21955195836665e-09 3.13056980338899e-09 3.10196157649045e-09 3.1409757017542e-09 3.161669814844e-09 3.17536619220959e-09 3.19494763978412e-09 3.21304804984379e-09 3.20550341825765e-09 3.19972226492382e-09 3.21632454003407e-09 3.22547077935553e-09 3.23854099093523e-09 3.29024896217334e-09 3.31357563609913e-09 3.20050186353171e-09 3.19226778344728e-09 3.28992078024726e-09 3.39481354139082e-09 3.45199580031874e-09 3.45274520086036e-09 3.47558470892295e-09 3.46306716636491e-09 3.3601108562209e-09 3.37584649123812e-09 3.43493278265328e-09 3.43636963329175e-09 3.323858077664e-09 3.22051163514914e-09 3.23338111840599e-09 3.15296233566187e-09 2.90346013898102e-09 -3.4e+38 -3.4e+38 -3.4e+38 -3.4e+38 -3.4e+38 -3.4e+38 -3.4e+38 -3.4e+38 -3.4e+38
3.06332781363494e-09 3.25458660022093e-09 3.31647731499629e-09 3.33329119861503e-09 3.3555935807783e-09 3.34462946227632e-09 3.26850191356698e-09 3.2116103110269e-09 3.1812636969164e-09 3.1330946725916e-09 3.12725378925904e-09 3.15938120110104e-09 3.19398951731387e-09 3.23579496530613e-09 3.24231330672831e-09 3.25027427194868e-09 3.20810600307198e-09 3.20351212224068e-09 3.24027582543351e-09 3.24796922690496e-09 3.26290483521063e-09 3.32245475576087e-09 3.28645266556293e-09 3.1902085417812e-09 3.2041755915202e-09 3.30092730926879e-09 3.39310113339764e-09 3.4562952500039e-09 3.49122730725071e-09 3.48440032382769e-09 3.43944739356061e-09 3.42829586941207e-09 3.43436501459848e-09 3.50029960571874e-09 3.43715944595147e-09 3.34906746779495e-09 3.33218408421487e-09 3.2282012618623e-09 3.02086533565671e-09 2.90520341117428e-09 2.88378698698466e-09 -3.4e+38 2.87283707933739e-09 -3.4e+38 -3.4e+38 -3.4e+38 -3.4e+38 -3.4e+38
3.09615622029469e-09 3.1315980919544e-09 3.24138338392288e-09 3.29766591811165e-09 3.26041038611891e-09 3.23560223058905e-09 3.20006465770462e-09 3.16106807396466e-09 3.17604187394238e-09 3.16319681559207e-09 3.13441450572327e-09 3.1466471650532e-09 3.1894553664813e-09 3.23434479199136e-09 3.24821525232721e-09 3.25474558415806e-09 3.213363797272e-09 3.17522630410849e-09 3.20533533049172e-09 3.24347215752141e-09 3.25639892828633e-09 3.28659144344101e-09 3.3241058794431e-09 3.24936988427282e-09 3.20887760807409e-09 3.23376725397395e-09 3.3402240973146e-09 3.43640627065156e-09 3.51149553878827e-09 3.51014506350111e-09 3.50263684723018e-09 3.49629059037682e-09 3.43217365639248e-09 3.50541151661332e-09 3.49189943626982e-09 3.42304251610415e-09 3.42805051012363e-09 3.38804673205573e-09 3.27419824586173e-09 3.22739368563418e-09 3.2031206576022e-09 3.08381387092993e-09 3.05608938155899e-09 -3.4e+38 -3.4e+38 -3.4e+38 -3.4e+38 -3.4e+38
2.94889002105947e-09 2.99026736705343e-09 3.14550452351625e-09 3.19619353206235e-09 3.20086557259458e-09 3.24925419903366e-09 3.21708459871672e-09 3.16833936864214e-09 3.15992432220469e-09 3.16109449727264e-09 3.1689915136468e-09 3.17811243988331e-09 3.18975934554544e-09 3.20622750571431e-09 3.22433524324595e-09 3.24970161891258e-09 3.2354781076549e-09 3.1898073071801e-09 3.1675442269119e-09 3.19538040471912e-09 3.24519611183405e-09 3.26754134860607e-09 3.31406502240839e-09 3.26427307406618e-09 3.22784265982534e-09 3.19851922725434e-09 3.24844262600266e-09 3.35577654553276e-09 3.45973782955866e-09 3.52471829501155e-09 3.55956153441639e-09 3.5605947079631e-09 3.45856565608926e-09 3.50454132380662e-09 3.54811979796921e-09 3.47037376613457e-09 3.45983153238194e-09 3.45922712696733e-09 3.41880079801626e-09 3.34930816414669e-09 3.42370221062538e-09 3.30175220497608e-09 3.26425531049779e-09 3.25553917157606e-09 3.13663695017397e-09 -3.4e+38 -3.4e+38 -3.4e+38
2.98147728727827e-09 3.09020320443665e-09 3.1770841513179e-09 3.16347370521441e-09 3.20432058664721e-09 3.23385185296843e-09 3.18677262356459e-09 3.16313664150414e-09 3.16272852352029e-09 3.15558046359854e-09 3.16740056405251e-09 3.1820885926237e-09 3.16620707430104e-09 3.15386139426721e-09 3.1667957145487e-09 3.19609250176711e-09 3.22693560761422e-09 3.21319859608593e-09 3.17103587832435e-09 3.16223913721103e-09 3.21736393082972e-09 3.23715632077892e-09 3.2661315874094e-09 3.26027738140056e-09 3.28311289266026e-09 3.22362292415335e-09 3.18634296725406e-09 3.27377858155842e-09 3.38654149167894e-09 3.51714390944835e-09 3.61915186708472e-09 3.62796281905275e-09 3.49600703941633e-09 3.53496987237634e-09 3.58532892263952e-09 3.47704620651257e-09 3.4597755771415e-09 3.45683548452769e-09 3.45504025389687e-09 3.36900884967406e-09 3.43594952489923e-09 3.37186412124879e-09 3.39590733311468e-09 3.44213990643993e-09 3.43957529125305e-09 3.26016347251823e-09 3.04938652107012e-09 -3.4e+38
3.20674664600062e-09 3.25014326563178e-09 3.25459681427276e-09 3.20444426549216e-09 3.2178362197044e-09 3.19493120848335e-09 3.12738657193279e-09 3.13242498606314e-09 3.13075698699095e-09 3.1386990784199e-09 3.14797898859354e-09 3.14246717536548e-09 3.10010350723644e-09 3.09139802645575e-09 3.09288883393322e-09 3.13133230456231e-09 3.1599067806809e-09 3.17880299860462e-09 3.1641671505156e-09 3.1282256784948e-09 3.14229442466285e-09 3.15984993726204e-09 3.18857606984579e-09 3.22856985590647e-09 3.33196936708191e-09 3.32113647694143e-09 3.22470894431603e-09 3.30245675250751e-09 3.38166472602097e-09 3.44800676899126e-09 3.60566954071828e-09 3.65945895808295e-09 3.49882567363125e-09 3.52153661786758e-09 3.59845508945966e-09 3.50749540523054e-09 3.5188640890027e-09 3.49159412493805e-09 3.43219319631771e-09 3.36510885823316e-09 3.39110917124685e-09 3.39464878429396e-09 3.48857742693554e-09 3.49984552450167e-09 3.55729157242024e-09 3.42927908292268e-09 3.20810134013527e-09 -3.4e+38
3.28397953275328e-09 3.27126947752276e-09 3.24826499031872e-09 3.22636761751482e-09 3.20408721776744e-09 3.14077652774358e-09 3.11021119969723e-09 3.14952064428553e-09 3.14281667357363e-09 3.11895531623918e-09 3.10055359165062e-09 3.07073411143222e-09 3.01759395249235e-09 3.01021518822608e-09 3.02014169228926e-09 3.04892999736239e-09 3.07706082836035e-09 3.11521586304764e-09 3.10829961769343e-09 3.09595660219486e-09 3.10747627629837e-09 3.12186032580541e-09 3.14617687457996e-09 3.21464255215176e-09 3.32490213139636e-09 3.32669647384876e-09 3.22853876966178e-09 3.33672312002875e-09 3.41281580773511e-09 3.42343686732249e-09 3.56022522574051e-09 3.65640251409616e-09 3.54356277654233e-09 3.53987172907466e-09 3.59641072478212e-09 3.58741836237186e-09 3.58239349296241e-09 3.59055474241643e-09 3.48956397111522e-09 3.36350369778415e-09 3.36877281625902e-09 3.45488815334249e-09 3.57690455032866e-09 3.58135743283583e-09 3.63198826569544e-09 3.41388251001717e-09 3.24128190953843e-09 -3.4e+38
3.25722515626126e-09 3.24225690739866e-09 3.20498494410515e-09 3.15169734754761e-09 3.10335201980649e-09 3.08225334144652e-09 3.09680925347777e-09 3.11965586696772e-09 3.1184874682566e-09 3.07114955688803e-09 3.01042213379787e-09 2.98672042653436e-09 3.00197156022364e-09 3.02019409481602e-09 2.98604541093539e-09 2.98459057468392e-09 3.02391223172549e-09 3.06360758983715e-09 3.06821790196921e-09 3.08366421286621e-09 3.11417425180593e-09 3.122806457867e-09 3.14278159052606e-09 3.2106410863264e-09 3.29565263967879e-09 3.28690097362028e-09 3.19821480410099e-09 3.30671467985155e-09 3.43357431376035e-09 3.44409856189998e-09 3.55140850061275e-09 3.69349040241218e-09 3.62365759620786e-09 3.62225027750185e-09 3.68185215648964e-09 3.70209751743289e-09 3.64667096519611e-09 3.6461473840177e-09 3.54794327250829e-09 3.4215343891475e-09 3.44940875862676e-09 3.54252516210352e-09 3.64811025832523e-09 3.6961964600124e-09 3.61780849722493e-09 3.36082495167034e-09 3.26508509118639e-09 -3.4e+38
3.23337445706784e-09 3.21566218097757e-09 3.17681658756896e-09 3.08656478154035e-09 3.03338443252699e-09 3.06489611467953e-09 3.07893088802302e-09 3.10245451551339e-09 3.05604586081643e-09 2.96266677857204e-09 2.94829538560748e-09 3.00432367872361e-09 3.03981484428562e-09 3.04549807594867e-09 2.99440605644463e-09 2.97440139185312e-09 3.0075468782087e-09 3.0334033063184e-09 3.06028202778919e-09 3.09396663844552e-09 3.13194425949348e-09 3.12374548450123e-09 3.12171155592011e-09 3.17876636124481e-09 3.23933191381798e-09 3.23872684226956e-09 3.17936321714285e-09 3.27545546241481e-09 3.43066264285596e-09 3.46957462760145e-09 3.59313512277026e-09 3.80505893460281e-09 3.78490883079508e-09 3.76161235493555e-09 3.79045772547215e-09 3.77920184035929e-09 3.73657549346262e-09 3.70768216129136e-09 3.55639651061779e-09 3.50396600623526e-09 3.58875174022444e-09 3.63272745218524e-09 3.70626263013207e-09 3.79221853918921e-09 3.57411966689369e-09 3.36699423897358e-09 3.29769900275778e-09 -3.4e+38
3.18864734616398e-09 3.1922371412918e-09 3.15277404183689e-09 3.04787883820268e-09 3.01606295494139e-09 3.02832092735628e-09 3.03309466431756e-09 3.02919511696587e-09 2.94907476217077e-09 2.93174839960386e-09 2.96645175090759e-09 3.00383273810212e-09 3.01228753052385e-09 3.02125435780454e-09 3.00837799116493e-09 2.97827984496735e-09 3.01506775102212e-09 3.0472440126772e-09 3.08450109898217e-09 3.1176399239996e-09 3.15804715711465e-09 3.12570502813969e-09 3.11302139621716e-09 3.17235149260853e-09 3.23029047955004e-09 3.22160786936365e-09 3.20424686783838e-09 3.23485505049348e-09 3.3805165333689e-09 3.46546946694559e-09 3.63743013487294e-09 4.05846778406271e-09 4.19003365337289e-09 4.07904909849321e-09 3.99601907119518e-09 3.97745569813424e-09 3.99387323213318e-09 3.92730781229034e-09 3.69723585080806e-09 3.75789710460595e-09 3.82914988605876e-09 3.81510245617278e-09 3.79911035963687e-09 3.81474007937754e-09 3.6150344939756e-09 3.43686190618087e-09 3.31625993332807e-09 -3.4e+38
3.13539505469862e-09 3.15603565503864e-09 3.1049933735261e-09 3.0261038119761e-09 3.01497804500173e-09 3.02982861022372e-09 3.01152569548435e-09 2.9551088243096e-09 2.91775936744898e-09 2.9788906896755e-09 2.99983415885663e-09 2.96673374755585e-09 2.95894242441364e-09 2.98769831097445e-09 3.01343328068526e-09 3.0008473483889e-09 3.02227798343324e-09 3.04491654112837e-09 3.10114933732564e-09 3.14056936012719e-09 3.17216630740802e-09 3.12092618415249e-09 3.10356673693946e-09 3.15288439800554e-09 3.21620596821504e-09 3.23597326712388e-09 3.25790683319838e-09 3.2238778313598e-09 3.33096839000291e-09 3.46779804871744e-09 3.58775431585912e-09 4.01065314292737e-09 4.51777770749118e-09 4.53565984770421e-09 4.29819868585923e-09 4.25483959176631e-09 4.47749393117647e-09 4.37647651452266e-09 4.12568468277641e-09 4.27659729851371e-09 4.1499941261236e-09 3.98141208890479e-09 3.90167276265174e-09 3.79023390451039e-09 3.61565644091399e-09 3.47205575401688e-09 3.39487282730033e-09 -3.4e+38
3.10180636731161e-09 3.06750358447516e-09 3.00090485794158e-09 3.02394709272846e-09 3.04690628283311e-09 3.01290103976726e-09 2.96808888577971e-09 2.91829982401737e-09 2.95254731774719e-09 2.98384650321282e-09 2.97749092048605e-09 2.93839752529834e-09 2.96599811377973e-09 3.00759817051244e-09 3.03313441030184e-09 3.01934632851442e-09 3.0274383000517e-09 3.02297142873442e-09 3.06513103787154e-09 3.11944736708369e-09 3.15757175961551e-09 3.12047854222897e-09 3.10646464107833e-09 3.1384914667143e-09 3.21150439575035e-09 3.26385163340603e-09 3.28884164346732e-09 3.29347416005987e-09 3.29296190315631e-09 3.4815110794284e-09 3.56238660792485e-09 3.75636988181327e-09 4.22272528055601e-09 4.52162129960243e-09 4.62595917127828e-09 4.54746862388333e-09 4.49965709137246e-09 4.50257342521354e-09 4.40612168972621e-09 4.66711513880114e-09 4.60722526796076e-09 4.16463397101552e-09 3.93569266066152e-09 3.75632325244624e-09 3.57634122316597e-09 3.51351170380099e-09 3.48064044253249e-09 -3.4e+38
3.04545721974137e-09 2.97511926206084e-09 2.98147773136748e-09 3.03527025735661e-09 2.99401547998457e-09 2.94642155118652e-09 2.92633006715448e-09 2.90115687029413e-09 2.91091817317124e-09 2.92288104830618e-09 2.92313973027092e-09 2.93087931702019e-09 2.96986080172701e-09 3.00931146668404e-09 3.01827340898342e-09 3.02760994053131e-09 3.04195357792025e-09 3.01548230829951e-09 3.01452685036452e-09 3.04931879746562e-09 3.10191383690039e-09 3.11816128473197e-09 3.12298276128331e-09 3.15495385372344e-09 3.23105942001689e-09 3.30300320428023e-09 3.30175620177897e-09 3.37721073329078e-09 3.29451599334618e-09 3.39107564251151e-09 3.52877060905143e-09 3.63564423011553e-09 3.80906728381092e-09 4.00606303685436e-09 4.40962510950271e-09 4.75008254952058e-09 4.41742376011689e-09 4.18980272698377e-09 4.16824175175634e-09 4.29208757424249e-09 4.48106396433445e-09 4.22554125023566e-09 3.87516330135895e-09 3.71037733870594e-09 3.64078411863034e-09 -3.4e+38 -3.4e+38 -3.4e+38
2.92000734702924e-09 2.93227064851465e-09 2.99422064919952e-09 2.98923463759593e-09 2.91563528875827e-09 2.88053203512106e-09 2.86651968828266e-09 2.92386137523692e-09 2.94027846514666e-09 2.8942757079875e-09 2.89031487632485e-09 2.91422308507094e-09 2.92564172887921e-09 2.93761748260124e-09 2.96337510086175e-09 3.01969538263336e-09 3.06397751614895e-09 3.04685787710923e-09 3.03304559245987e-09 3.04688030361433e-09 3.06505554270586e-09 3.08873615573191e-09 3.12985548589495e-09 3.17473558553161e-09 3.26330273914266e-09 3.36184258209471e-09 3.3284115463772e-09 3.37189298704743e-09 3.34362382226061e-09 3.25991744709597e-09 3.39067618426725e-09 3.46393513872556e-09 3.59943408412278e-09 3.69196628824398e-09 3.92598575871261e-09 4.537976661112e-09 4.86386042553022e-09 4.35922364871999e-09 4.01111721615166e-09 4.0437200254928e-09 4.23567447782602e-09 4.13793044273802e-09 3.99529609396154e-09 3.99289268315783e-09 3.87795884293496e-09 -3.4e+38 -3.4e+38 -3.4e+38
2.92627300169102e-09 2.9882054608521e-09 2.95822566442894e-09 2.8759710168913e-09 2.83671086620529e-09 2.85263390686907e-09 2.86189916209878e-09 2.90098078892242e-09 2.96147995015872e-09 2.94597790606588e-09 2.91673574182028e-09 2.90676971381743e-09 2.9130400314159e-09 2.93434321285702e-09 2.97171487417813e-09 3.02537972451944e-09 3.04319858202007e-09 3.05798830702031e-09 3.05312908288613e-09 3.03525182765441e-09 3.05137715095327e-09 3.06553582518632e-09 3.09408454413074e-09 3.14246251242878e-09 3.21571591577197e-09 3.32108296419165e-09 3.35353878000433e-09 3.34626482079159e-09 3.37781402848236e-09 3.27719584802821e-09 3.33400507201986e-09 3.36818906099268e-09 3.4613987232035e-09 3.58102481001765e-09 3.77433373444092e-09 4.30310942434176e-09 4.85105466907498e-09 4.60072246966092e-09 4.16437906380906e-09 4.03472055765519e-09 4.33449587333712e-09 4.56433557616265e-09 4.40801395384938e-09 4.28207735936326e-09 4.09407219237323e-09 4.32827151897186e-09 -3.4e+38 -3.4e+38
2.93454172073382e-09 2.91713053712783e-09 2.8632121118477e-09 2.83877255036202e-09 2.85670931354787e-09 2.87854251546094e-09 2.90438983974184e-09 2.89498003347433e-09 2.90066792807409e-09 2.91241120109476e-09 2.91564483667628e-09 2.92486990183249e-09 2.93720248123464e-09 2.94126012434504e-09 2.96254865084222e-09 2.98609470483768e-09 3.00008218268033e-09 3.00179037182602e-09 2.97527025239219e-09 2.98651281482876e-09 3.02700975396419e-09 3.00898261862415e-09 3.02538816221443e-09 3.0942135520462e-09 3.16739945382949e-09 3.24978866039771e-09 3.34583516448106e-09 3.4009892679876e-09 3.43057782181688e-09 3.34050920258733e-09 3.39881078836868e-09 3.4713265595343e-09 3.44599704327209e-09 3.49050277570484e-09 3.66029584419891e-09 4.08874045731977e-09 4.6105048667755e-09 4.52851267596088e-09 4.32839630803983e-09 4.09023570568934e-09 4.13223721906775e-09 4.48967396593503e-09 4.77242334540051e-09 4.61616167513057e-09 4.34991598297074e-09 4.47508252676698e-09 -3.4e+38 -3.4e+38
2.8296687215601e-09 2.8379689709368e-09 2.88288148908578e-09 2.89210166926068e-09 2.90179325013185e-09 2.91105139993419e-09 2.90396329205578e-09 2.89586643553719e-09 2.90550916659527e-09 2.90208657105495e-09 2.88847901153133e-09 2.88714629981257e-09 2.89992807545048e-09 2.90875101782717e-09 2.9191129513606e-09 2.94974711323448e-09 2.95523183702073e-09 2.92468027573989e-09 2.90192581076099e-09 2.94587376714617e-09 2.98027691414404e-09 2.92185253769617e-09 2.95410029771404e-09 3.02156433207301e-09 3.09296055434061e-09 3.16974624325894e-09 3.27629212648617e-09 3.39411010408242e-09 3.45837536386284e-09 3.35205529999882e-09 3.39182326669629e-09 3.5449996271808e-09 3.54571705329931e-09 3.46592998745621e-09 3.60132013099701e-09 4.00821420498687e-09 4.53205029060655e-09 4.5653387736877e-09 4.56117366098852e-09 4.26406865372542e-09 4.07063005525288e-09 4.12505318792e-09 4.32829017071867e-09 4.69327465779656e-09 4.82144990598954e-09 4.64486804574449e-09 4.56890347777517e-09 -3.4e+38
2.82039525068001e-09 2.85618106943275e-09 2.88765211742259e-09 2.86400725357794e-09 2.86719403774782e-09 2.87916601671157e-09 2.87822210509603e-09 2.88099277767628e-09 2.89751955762085e-09 2.89593504732011e-09 2.89488033544671e-09 2.90359158938713e-09 2.90759261112328e-09 2.90534263314157e-09 2.94200508399456e-09 2.94084334662159e-09 2.88738699616431e-09 2.86070012123218e-09 2.8855740019651e-09 2.91441981659091e-09 2.89952883925082e-09 2.87194801273927e-09 2.91101853733267e-09 2.96289659473814e-09 3.02616864900074e-09 3.06244163361669e-09 3.12608028352201e-09 3.27103855113364e-09 3.42787909168862e-09 3.35891336966654e-09 3.37198113875559e-09 3.48812756456596e-09 3.54674023483881e-09 3.47918183152274e-09 3.55858587042235e-09 3.97298238752342e-09 4.50834880538764e-09 4.65125671311739e-09 4.70287808695957e-09 4.45920234071195e-09 4.29689839265279e-09 4.22283141787716e-09 4.11038003633735e-09 4.38702096872134e-09 4.9371586818836e-09 5.0659298977962e-09 5.02172303740167e-09 -3.4e+38
2.88780177548631e-09 2.88297008488314e-09 2.86525581039143e-09 2.86285195549851e-09 2.86957080319894e-09 2.87277401866959e-09 2.88847679108528e-09 2.89304979972371e-09 2.89501556061111e-09 2.87595991466105e-09 2.86948820260591e-09 2.89467294578571e-09 2.9345048613294e-09 2.94271984557781e-09 2.95690827378792e-09 2.88489210298337e-09 2.83045520355074e-09 2.86847656738587e-09 2.88752444177476e-09 2.86744317179455e-09 2.85695089807803e-09 2.85814061307121e-09 2.86341528266121e-09 2.89060464453428e-09 2.93569124565352e-09 2.94464364003488e-09 3.00378899531495e-09 3.10844905371255e-09 3.29257243691927e-09 3.41976957862755e-09 3.50711659713454e-09 3.54889850839868e-09 3.61864516129629e-09 3.54486573428403e-09 3.54020501802665e-09 3.98928268197096e-09 4.40051328709501e-09 4.54301751773301e-09 4.68846428347547e-09 4.70105954164524e-09 4.5326253861333e-09 4.5882915244988e-09 4.37859126733997e-09 4.26097823691407e-09 4.43324532639622e-09 4.98942265281244e-09 5.41596767433816e-09 -3.4e+38
2.96788527087699e-09 2.94341151452215e-09 2.8781126371058e-09 2.86391865778057e-09 2.84084933355189e-09 2.84916912285382e-09 2.88875190435078e-09 2.89879920067904e-09 2.90609269981701e-09 2.85848544834266e-09 2.83674528311906e-09 2.88456036834361e-09 2.92513324673394e-09 2.95762592195103e-09 2.90298274308043e-09 2.8164817145182e-09 2.82182233135586e-09 2.87076296068278e-09 2.86006596184052e-09 2.84309153997242e-09 2.85822876477937e-09 2.8429283371878e-09 2.8052689060587e-09 2.83110002108344e-09 2.87588819425366e-09 2.91236079696944e-09 2.97222135792197e-09 3.02274427710358e-09 3.11844350342483e-09 3.35532535089555e-09 3.64813335096414e-09 3.7239911154785e-09 3.80290110513215e-09 3.68219876811793e-09 3.53251983220559e-09 3.80117715081951e-09 4.03173450180816e-09 4.22387946841241e-09 4.53451454163201e-09 4.82207340724017e-09 4.81609996327848e-09 4.9750434882867e-09 4.92118790162976e-09 4.44936443244615e-09 4.2435814862074e-09 4.27419299953158e-09 4.87672524585037e-09 5.0332795709096e-09
2.87518897579275e-09 2.8337399093914e-09 2.77896794464993e-09 2.78593881297695e-09 2.77401657200471e-09 2.81577228200547e-09 2.85354073703559e-09 2.86184653752741e-09 2.84451329157775e-09 2.76725709014158e-09 2.7726769769032e-09 2.83671020007148e-09 2.85492673945953e-09 2.8619453473766e-09 2.80512213457484e-09 2.79440137695985e-09 2.81794521050927e-09 2.83324275152097e-09 2.82814816010557e-09 2.81587508865755e-09 2.80023049192835e-09 2.76822742506511e-09 2.78030487521619e-09 2.81746248553816e-09 2.85384538223354e-09 2.89546897569437e-09 2.93582425037187e-09 2.99085312072123e-09 3.07717407110886e-09 3.20556936550531e-09 3.4341764987289e-09 3.60163276980074e-09 3.80121401022393e-09 3.79514109027923e-09 3.64591290491489e-09 4.02686550771136e-09 4.21726431554248e-09 4.31564828318187e-09 4.5121657521463e-09 4.7804027403231e-09 5.09558528705156e-09 5.52380541307684e-09 5.42770672851134e-09 4.71415084746241e-09 4.31015223512077e-09 3.98373600773994e-09 4.09311562421522e-09 4.56555282468685e-09
