R_scripts/int_process_data/Bio_16.asc
NCOLS 281 
NROWS 576 
XLLCORNER 81175.2677831308 
YLLCORNER 88.2293212990044 
CELLSIZE 1000 
NODATA_value -3.4e+38 
[rows 299 to 321 of 576, columns 0 to 51 of 281]
-3.4e+38 -3.4e+38 -3.4e+38 -3.4e+38 -3.4e+38 -3.4e+38 -3.4e+38 -3.4e+38 -3.4e+38 -3.4e+38 -3.4e+38 -3.4e+38 -3.4e+38 -3.4e+38 -3.4e+38 -3.4e+38 -3.4e+38 -3.4e+38 -3.4e+38 -3.4e+38 -3.4e+38 -3.4e+38 -3.4e+38 -3.4e+38 -3.4e+38 -3.4e+38 9.47484397888184 9.47484397888184 9.47484397888184 9.48314189910889 9.50751209259033 9.52928161621094 9.54884719848633 9.56652641296387 9.58257961273193 9.59722137451172 9.61063003540039 9.62295436859131 9.63432216644287 9.64981460571289 9.67766952514648 9.70552444458008 9.73337936401367 9.76123428344727 9.78908824920654 9.81694316864014 9.84479808807373 9.87265300750732 9.90050792694092 9.93701076507568 9.99954605102539 10.0620803833008
-3.4e+38 -3.4e+38 -3.4e+38 -3.4e+38 -3.4e+38 -3.4e+38 -3.4e+38 -3.4e+38 -3.4e+38 -3.4e+38 -3.4e+38 -3.4e+38 -3.4e+38 -3.4e+38 -3.4e+38 -3.4e+38 -3.4e+38 -3.4e+38 -3.4e+38 -3.4e+38 -3.4e+38 -3.4e+38 -3.4e+38 -3.4e+38 -3.4e+38 9.47484397888184 9.47484397888184 9.47484397888184 9.47484397888184 9.47994995117188 9.49536323547363 9.50968265533447 9.52302074432373 9.53547477722168 9.5471305847168 9.55806255340576 9.56833553314209 9.57800674438477 9.58712863922119 9.60096740722656 9.62790584564209 9.6548433303833 9.68178081512451 9.70871925354004 9.73565673828125 9.76259517669678 9.78953266143799 9.8164701461792 9.84340858459473 9.87884044647217 9.93983936309814 10.0008373260498
-3.4e+38 -3.4e+38 -3.4e+38 -3.4e+38 -3.4e+38 -3.4e+38 -3.4e+38 -3.4e+38 -3.4e+38 -3.4e+38 -3.4e+38 -3.4e+38 -3.4e+38 -3.4e+38 -3.4e+38 -3.4e+38 -3.4e+38 -3.4e+38 -3.4e+38 -3.4e+38 -3.4e+38 -3.4e+38 -3.4e+38 -3.4e+38 -3.4e+38 9.47484397888184 9.47484397888184 9.47484397888184 9.47484397888184 9.47750473022461 9.48570823669434 9.49357128143311 9.50111293792725 9.50835418701172 9.51531219482422 9.52200222015381 9.52844142913818 9.53464221954346 9.54061698913574 9.55212020874023 9.57814121246338 9.60416221618652 9.63018321990967 9.65620422363281 9.68222522735596 9.7082462310791 9.73426723480225 9.76028823852539 9.78630924224854 9.82067012786865 9.8801326751709 9.93959426879883
-3.4e+38 -3.4e+38 -3.4e+38 -3.4e+38 -3.4e+38 -3.4e+38 -3.4e+38 -3.4e+38 -3.4e+38 -3.4e+38 -3.4e+38 -3.4e+38 -3.4e+38 -3.4e+38 -3.4e+38 -3.4e+38 -3.4e+38 -3.4e+38 -3.4e+38 -3.4e+38 -3.4e+38 -3.4e+38 -3.4e+38 9.49391460418701 -3.4e+38 -3.4e+38 9.47484397888184 9.47484397888184 9.47484397888184 9.47557067871094 9.47785091400146 9.48009204864502 9.48229503631592 9.48446178436279 9.48659229278564 9.48868751525879 9.49074935913086 9.49277687072754 9.49477291107178 9.50327205657959 9.52837657928467 9.55348110198975 9.57858467102051 9.60368919372559 9.62879371643066 9.65389823913574 9.6790018081665 9.70410633087158 9.72921085357666 9.76249980926514 9.82042598724365 9.87835216522217
-3.4e+38 -3.4e+38 -3.4e+38 -3.4e+38 -3.4e+38 -3.4e+38 -3.4e+38 -3.4e+38 -3.4e+38 -3.4e+38 -3.4e+38 -3.4e+38 -3.4e+38 -3.4e+38 -3.4e+38 -3.4e+38 -3.4e+38 -3.4e+38 -3.4e+38 -3.4e+38 -3.4e+38 -3.4e+38 9.51814842224121 9.5014123916626 9.47980785369873 -3.4e+38 -3.4e+38 9.47489261627197 9.47393989562988 9.47276306152344 9.47075748443604 9.46875190734863 9.46674633026123 9.46474075317383 9.46273517608643 9.46072959899902 9.45872402191162 9.45671844482422 9.45471286773682 9.46004962921143 9.48405361175537 9.508056640625 9.53205966949463 9.55606365203857 9.5800666809082 9.60406970977783 9.62807369232178 9.65207672119141 9.67607975006104 9.7080545425415 9.76402568817139 9.81999588012695
-3.4e+38 -3.4e+38 -3.4e+38 -3.4e+38 -3.4e+38 -3.4e+38 -3.4e+38 -3.4e+38 -3.4e+38 -3.4e+38 -3.4e+38 -3.4e+38 -3.4e+38 -3.4e+38 -3.4e+38 -3.4e+38 -3.4e+38 -3.4e+38 -3.4e+38 -3.4e+38 -3.4e+38 9.56406879425049 9.54044246673584 9.52279949188232 9.50268363952637 9.49111747741699 -3.4e+38 9.47513294219971 9.46938037872314 9.46500492095947 9.46177101135254 9.45853710174561 9.45530319213867 9.45206928253174 9.4488353729248 9.44560146331787 9.44236755371094 9.439133644104 9.43589973449707 9.43983268737793 9.46198177337646 9.48413181304932 9.50628089904785 9.5284309387207 9.55058002471924 9.57273006439209 9.59487915039062 9.61702919006348 9.63917827606201 9.66884708404541 9.72114753723145 9.77344799041748
-3.4e+38 -3.4e+38 -3.4e+38 -3.4e+38 -3.4e+38 -3.4e+38 -3.4e+38 -3.4e+38 -3.4e+38 -3.4e+38 -3.4e+38 -3.4e+38 -3.4e+38 -3.4e+38 -3.4e+38 -3.4e+38 -3.4e+38 -3.4e+38 -3.4e+38 -3.4e+38 9.67147731781006 9.58754253387451 9.56099033355713 9.54156589508057 9.52220821380615 9.50318431854248 9.48790550231934 9.47536468505859 9.46488571166992 9.45724582672119 9.45278358459473 9.44832134246826 9.4438591003418 9.43939781188965 9.43493556976318 9.43047332763672 9.42601108551025 9.42154979705811 9.41708755493164 9.41961479187012 9.43991088867188 9.46020698547363 9.48050212860107 9.50079822540283 9.52109432220459 9.54138946533203 9.56168556213379 9.58198070526123 9.60227680206299 9.629638671875 9.6782693862915 9.72690010070801
-3.4e+38 -3.4e+38 -3.4e+38 -3.4e+38 -3.4e+38 -3.4e+38 -3.4e+38 -3.4e+38 -3.4e+38 -3.4e+38 -3.4e+38 -3.4e+38 -3.4e+38 -3.4e+38 -3.4e+38 -3.4e+38 -3.4e+38 -3.4e+38 -3.4e+38 9.74949550628662 9.68996238708496 9.6397066116333 9.58144664764404 9.55870056152344 9.53906726837158 9.51407337188721 9.49323177337646 9.47558689117432 9.46045589447021 9.44948673248291 9.44379615783691 9.43810653686523 9.43241596221924 9.42672634124756 9.42103576660156 9.41534519195557 9.40965557098389 9.40396499633789 9.39827442169189 9.39939785003662 9.41784000396729 9.43628120422363 9.4547233581543 9.47316551208496 9.49160766601562 9.51004981994629 9.52849102020264 9.5469331741333 9.56537532806396 9.59043025970459 9.63539123535156 9.68035221099854
-3.4e+38 -3.4e+38 -3.4e+38 -3.4e+38 -3.4e+38 -3.4e+38 -3.4e+38 -3.4e+38 -3.4e+38 -3.4e+38 -3.4e+38 -3.4e+38 -3.4e+38 -3.4e+38 -3.4e+38 -3.4e+38 -3.4e+38 9.83047580718994 9.81674194335938 9.77232456207275 9.71026420593262 9.65773582458496 9.61311912536621 9.57605171203613 9.55377197265625 9.52394866943359 9.49822235107422 9.47580146789551 9.45608901977539 9.44172763824463 9.43480968475342 9.42789077758789 9.42097282409668 9.41405391693115 9.40713596343994 9.40021705627441 9.3932991027832 9.38638019561768 9.37946224212646 9.37917995452881 9.39576816558838 9.41235637664795 9.42894458770752 9.44553279876709 9.46212100982666 9.47870922088623 9.4952974319458 9.51188564300537 9.52847385406494 9.55122184753418 9.59251308441162 9.63380432128906
-3.4e+38 -3.4e+38 -3.4e+38 -3.4e+38 -3.4e+38 -3.4e+38 -3.4e+38 -3.4e+38 -3.4e+38 -3.4e+38 9.85363101959229 -3.4e+38 -3.4e+38 -3.4e+38 -3.4e+38 9.85363101959229 9.85363101959229 9.85363101959229 9.85363101959229 9.82655620574951 9.7574462890625 9.69886589050293 9.64857769012451 9.60493755340576 9.56670951843262 9.53294563293457 9.50290679931641 9.47600841522217 9.4517822265625 9.43396854400635 9.42582225799561 9.41767597198486 9.4095287322998 9.40138244628906 9.39323616027832 9.38508892059326 9.37694263458252 9.36879634857178 9.36064910888672 9.35896301269531 9.37369728088379 9.38843154907227 9.40316581726074 9.41790008544922 9.4326343536377 9.44736957550049 9.46210384368896 9.47683811187744 9.49157238006592 9.51201438903809 9.54963493347168 9.58725643157959
-3.4e+38 -3.4e+38 -3.4e+38 -3.4e+38 -3.4e+38 -3.4e+38 -3.4e+38 -3.4e+38 -3.4e+38 9.85363101959229 9.85363101959229 9.85363101959229 9.85363101959229 -3.4e+38 9.85363101959229 9.85363101959229 9.85363101959229 9.85363101959229 9.85363101959229 9.83027935028076 9.76837062835693 9.713134765625 9.66354942321777 9.61878871917725 9.57818222045898 9.54117584228516 9.5073127746582 9.4762077331543 9.44753646850586 9.42621040344238 9.41683578491211 9.40746021270752 9.39808559417725 9.38871097564697 9.3793363571167 9.36996173858643 9.36058616638184 9.35121154785156 9.34183692932129 9.3387451171875 9.35162544250488 9.36450672149658 9.37738704681396 9.39026737213135 9.40314865112305 9.41602897644043 9.42890930175781 9.44179058074951 9.45467090606689 9.47280597686768 9.50675678253174 9.54070854187012
-3.4e+38 -3.4e+38 -3.4e+38 -3.4e+38 -3.4e+38 -3.4e+38 -3.4e+38 -3.4e+38 -3.4e+38 -3.4e+38 -3.4e+38 9.85363101959229 9.85363101959229 9.85363101959229 9.85363101959229 9.85363101959229 9.85363101959229 9.85363101959229 9.85363101959229 9.83301734924316 9.77679824829102 9.72462368011475 9.67607116699219 9.63077735900879 9.58842372894287 9.54873371124268 9.51146411895752 9.47639942169189 9.44334983825684 9.4184513092041 9.4078483581543 9.39724540710449 9.38664245605469 9.37603950500488 9.36543655395508 9.35483360290527 9.34423065185547 9.33362770080566 9.32302379608154 9.318528175354 9.32955455780029 9.3405818939209 9.35160827636719 9.36263561248779 9.37366199493408 9.38468933105469 9.39571571350098 9.40674304962158 9.41776943206787 9.43359756469727 9.4638786315918 9.49416065216064
-3.4e+38 -3.4e+38 -3.4e+38 -3.4e+38 -3.4e+38 -3.4e+38 -3.4e+38 -3.4e+38 -3.4e+38 -3.4e+38 -3.4e+38 -3.4e+38 -3.4e+38 9.85363101959229 9.85363101959229 9.85363101959229 9.85363101959229 9.85363101959229 9.85363101959229 9.83511543273926 9.78349876403809 9.73407173156738 9.68669891357422 9.64125442504883 9.59762287139893 9.55569934844971 9.51538276672363 9.47658538818359 9.4392204284668 9.41069221496582 9.39886093139648 9.38702964782715 9.37519836425781 9.36336803436279 9.35153675079346 9.33970546722412 9.32787418365479 9.31604290008545 9.30421161651611 9.29831027984619 9.3074836730957 9.3166561126709 9.32582950592041 9.33500289916992 9.34417533874512 9.35334873199463 9.36252212524414 9.37169456481934 9.38086795806885 9.39439010620117 9.42100143432617 9.44761276245117
-3.4e+38 -3.4e+38 -3.4e+38 -3.4e+38 -3.4e+38 -3.4e+38 -3.4e+38 -3.4e+38 -3.4e+38 -3.4e+38 -3.4e+38 -3.4e+38 -3.4e+38 9.85333919525146 9.85363101959229 9.85363101959229 9.85363101959229 9.85363101959229 9.85363101959229 9.8367748260498 9.7889518737793 9.74197864532471 9.69583129882812 9.65048980712891 9.60593128204346 9.56213760375977 9.51908779144287 9.47676467895508 9.43514823913574 9.40293312072754 9.38987445831299 9.37681484222412 9.36375522613525 9.35069561004639 9.33763694763184 9.32457733154297 9.3115177154541 9.29845809936523 9.28539943695068 9.2780933380127 9.2854118347168 9.29273128509521 9.30005073547363 9.30737018585205 9.31468963623047 9.32200908660889 9.32932758331299 9.33664703369141 9.34396648406982 9.35518169403076 9.37812328338623 9.40106391906738
-3.4e+38 -3.4e+38 -3.4e+38 -3.4e+38 -3.4e+38 -3.4e+38 -3.4e+38 -3.4e+38 -3.4e+38 -3.4e+38 -3.4e+38 -3.4e+38 -3.4e+38 9.85114097595215 9.85292625427246 9.85292625427246 9.85292625427246 9.85292625427246 9.85292625427246 9.83724403381348 9.79220867156982 9.74717426300049 9.70213890075684 9.65710353851318 9.61206817626953 9.56703281402588 9.52199745178223 9.47696304321289 9.43192768096924 9.39657688140869 9.3822603225708 9.36794376373291 9.35362720489502 9.33931159973145 9.32499504089355 9.31067848205566 9.29636192321777 9.28204536437988 9.26772880554199 9.25899791717529 9.26446533203125 9.26993179321289 9.27539920806885 9.2808666229248 9.28633308410645 9.2918004989624 9.29726791381836 9.302734375 9.30820178985596 9.31711483001709 9.33639812469482 9.35568237304688
-3.4e+38 -3.4e+38 -3.4e+38 -3.4e+38 -3.4e+38 -3.4e+38 -3.4e+38 -3.4e+38 -3.4e+38 -3.4e+38 -3.4e+38 -3.4e+38 -3.4e+38 -3.4e+38 9.84861660003662 9.84861660003662 9.84861660003662 9.84861660003662 9.84861660003662 9.83312797546387 9.78864765167236 9.74416732788086 9.69968700408936 9.65520668029785 9.61072635650635 9.56624698638916 9.52176666259766 9.47728633880615 9.43280601501465 9.39739227294922 9.38167190551758 9.36595058441162 9.35023021697998 9.33450889587402 9.31878852844238 9.30306720733643 9.28734683990479 9.27162551879883 9.25590515136719 9.24564552307129 9.24926853179932 9.25289154052734 9.25651454925537 9.2601375579834 9.26376056671143 9.26738357543945 9.27100658416748 9.27462959289551 9.27825260162354 9.28488445281982 9.30057430267334 9.31626415252686
-3.4e+38 -3.4e+38 -3.4e+38 -3.4e+38 -3.4e+38 -3.4e+38 -3.4e+38 -3.4e+38 -3.4e+38 -3.4e+38 -3.4e+38 -3.4e+38 -3.4e+38 -3.4e+38 9.84430694580078 9.84430694580078 9.84430694580078 9.84430694580078 9.84430694580078 9.82901096343994 9.7850866317749 9.74116134643555 9.69723606109619 9.65331077575684 9.60938549041748 9.56546020507812 9.52153491973877 9.47760963439941 9.43368434906006 9.39820861816406 9.38108348846436 9.36395740509033 9.34683227539062 9.32970714569092 9.31258201599121 9.2954568862915 9.27833080291748 9.26120567321777 9.24408054351807 9.23229217529297 9.23407077789307 9.23585033416748 9.23762893676758 9.23940849304199 9.24118709564209 9.24296569824219 9.2447452545166 9.2465238571167 9.2483024597168 9.25265407562256 9.26474952697754 9.27684497833252
-3.4e+38 -3.4e+38 -3.4e+38 -3.4e+38 -3.4e+38 -3.4e+38 -3.4e+38 -3.4e+38 -3.4e+38 -3.4e+38 -3.4e+38 -3.4e+38 -3.4e+38 -3.4e+38 9.83999729156494 9.83999729156494 9.83999729156494 9.83999729156494 9.83999729156494 9.82489490509033 9.78152465820312 9.73815441131592 9.69478416442871 9.6514139175415 9.6080436706543 9.56467342376709 9.52130317687988 9.47793292999268 9.43456268310547 9.39902400970459 9.38049411773682 9.36196422576904 9.34343528747559 9.32490539550781 9.30637550354004 9.28784561157227 9.26931571960449 9.25078582763672 9.23225593566895 9.21893978118896 9.21887397766113 9.21880912780762 9.2187442779541 9.21867847442627 9.21861362457275 9.21854877471924 9.21848392486572 9.21841812133789 9.21835327148438 9.22042465209961 9.22892570495605 9.2374267578125
-3.4e+38 -3.4e+38 -3.4e+38 -3.4e+38 -3.4e+38 -3.4e+38 -3.4e+38 -3.4e+38 -3.4e+38 -3.4e+38 -3.4e+38 -3.4e+38 -3.4e+38 -3.4e+38 9.8356876373291 9.8356876373291 9.8356876373291 9.8356876373291 9.8356876373291 9.82077884674072 9.77796363830566 9.73514842987061 9.69233322143555 9.64951801300049 9.60670280456543 9.56388759613037 9.521071434021 9.47825622558594 9.43544101715088 9.39983940124512 9.37990570068359 9.35997104644775 9.34003734588623 9.32010269165039 9.30016899108887 9.28023433685303 9.2603006362915 9.24036598205566 9.22043228149414 9.20558643341064 9.2036771774292 9.20176792144775 9.19985866546631 9.19794940948486 9.19604015350342 9.19413089752197 9.19222164154053 9.19031238555908 9.18840408325195 9.18819427490234 9.19310092926025 9.19800853729248
-3.4e+38 -3.4e+38 -3.4e+38 -3.4e+38 -3.4e+38 -3.4e+38 -3.4e+38 -3.4e+38 -3.4e+38 -3.4e+38 -3.4e+38 -3.4e+38 -3.4e+38 -3.4e+38 -3.4e+38 9.83137798309326 9.83137798309326 9.83137798309326 9.83137798309326 9.8166618347168 9.77440166473389 9.73214149475098 9.68988132476807 9.64762115478516 9.60536098480225 9.56310081481934 9.52084064483643 9.47858047485352 9.43632030487061 9.40065574645996 9.37931728363037 9.35797786712646 9.33663940429688 9.31530094146729 9.2939624786377 9.27262401580811 9.2512845993042 9.22994613647461 9.20860767364502 9.19223403930664 9.18848037719727 9.18472671508789 9.18097400665283 9.17722034454346 9.1734676361084 9.16971397399902 9.16596031188965 9.16220760345459 9.15845394134521 9.15596389770508 9.15727710723877 9.15858936309814
-3.4e+38 -3.4e+38 -3.4e+38 -3.4e+38 -3.4e+38 -3.4e+38 -3.4e+38 -3.4e+38 -3.4e+38 -3.4e+38 -3.4e+38 -3.4e+38 -3.4e+38 -3.4e+38 -3.4e+38 9.82706832885742 9.82706832885742 9.82706832885742 9.82706832885742 9.81254577636719 9.77084064483643 9.72913551330566 9.6874303817749 9.64572429656982 9.60401916503906 9.5623140335083 9.52060890197754 9.47890377044678 9.43719863891602 9.40147113800049 9.37872791290283 9.35598468780518 9.33324241638184 9.31049919128418 9.28775596618652 9.26501274108887 9.24226951599121 9.21952629089355 9.1967830657959 9.17888069152832 9.17328357696533 9.16768646240234 9.16208839416504 9.15649127960205 9.15089416503906 9.14529705047607 9.13969898223877 9.13410186767578 9.12850475311279 9.12373447418213 9.12145233154297 9.11917114257812
-3.4e+38 -3.4e+38 -3.4e+38 -3.4e+38 -3.4e+38 -3.4e+38 -3.4e+38 -3.4e+38 -3.4e+38 -3.4e+38 -3.4e+38 -3.4e+38 -3.4e+38 -3.4e+38 -3.4e+38 9.82275867462158 9.82275867462158 9.82275867462158 9.82275867462158 9.80842971801758 9.76727867126465 9.72612857818604 9.68497848510742 9.64382839202881 9.6026782989502 9.56152820587158 9.52037715911865 9.47922706604004 9.43807697296143 9.40228748321533 9.37813949584961 9.35399150848389 9.32984447479248 9.30569648742676 9.28154945373535 9.25740146636963 9.23325443267822 9.2091064453125 9.18495941162109 9.16552829742432 9.1580867767334 9.15064525604248 9.14320373535156 9.13576221466064 9.12832069396973 9.12087917327881 9.11343765258789 9.10599613189697 9.09855461120605 9.09150409698486 9.08562850952148 9.07975292205811
-3.4e+38 -3.4e+38 -3.4e+38 -3.4e+38 -3.4e+38 -3.4e+38 -3.4e+38 -3.4e+38 -3.4e+38 -3.4e+38 -3.4e+38 -3.4e+38 -3.4e+38 -3.4e+38 -3.4e+38 9.81844902038574 9.81844902038574 9.81844902038574 9.81844902038574 9.80431270599365 9.76371765136719 9.72312259674072 9.68252754211426 9.64193153381348 9.60133647918701 9.56074142456055 9.52014636993408 9.4795503616333 9.43895530700684 9.40310287475586 9.37755107879639 9.35199928283691 9.32644653320312 9.30089473724365 9.27534294128418 9.24979114532471 9.22423839569092 9.19868659973145 9.17313480377197 9.152174949646 9.14288997650146 9.13360404968262 9.12431812286377 9.11503314971924 9.10574722290039 9.09646224975586 9.08717632293701 9.07789134979248 9.06860542297363 9.0592737197876 9.04980373382568 9.04033374786377
