R_scripts/int_process_data/Bio_03_2001.2020.asc
NCOLS 281 
NROWS 577 
XLLCORNER 81175.2677831308 
YLLCORNER -911.770678700996 
CELLSIZE 1000 
NODATA_value -3.4e+38 
[rows 253 to 275 of 577, columns 52 to 103 of 281]
47.2149314880371 47.5840835571289 47.8886756896973 48.2254028320312 48.6479644775391 49.1781387329102 49.680835723877 50.1738777160645 50.6537322998047 51.084342956543 51.4855422973633 51.9672393798828 52.4681549072266 52.9784469604492 53.3113479614258 53.377082824707 53.2805366516113 53.1059608459473 52.9403381347656 52.8432655334473 52.9141006469727 53.0497741699219 52.8334121704102 52.4709396362305 52.228099822998 52.475170135498 52.6539039611816 52.7095909118652 52.6810035705566 52.6469192504883 52.5980911254883 52.5186653137207 52.3089485168457 52.0555839538574 52.0038070678711 52.2367706298828 52.4119758605957 52.4118614196777 52.2256851196289 51.9982261657715 51.7698936462402 51.435115814209 50.8601150512695 50.1054000854492 50.4824256896973 50.9043922424316 50.9075584411621 50.9936981201172 51.0715827941895 50.6928977966309 50.7132759094238 51.0464820861816
47.4752044677734 47.8016777038574 48.0738296508789 48.4362335205078 48.8133735656738 49.2605743408203 49.7330513000488 50.1753616333008 50.6088409423828 51.1811447143555 51.7486877441406 52.2417793273926 52.6954727172852 53.1958770751953 53.4427757263184 53.4102897644043 53.3302307128906 53.1460380554199 52.9886360168457 52.9547691345215 53.0855751037598 53.1045150756836 52.8740730285645 52.4644241333008 52.1758003234863 52.3349418640137 52.448802947998 52.5664024353027 52.5934677124023 52.5863571166992 52.4997062683105 52.3157653808594 52.0568542480469 51.9803085327148 52.1681327819824 52.2574462890625 52.4580574035645 52.420482635498 52.2053909301758 51.964771270752 51.7929458618164 51.442008972168 50.8086318969727 50.1405792236328 50.4819412231445 50.8382225036621 50.9016456604004 51.1245803833008 51.141773223877 50.9426651000977 50.6540145874023 50.5907669067383
47.7293472290039 48.029468536377 48.3067321777344 48.648063659668 49.0278930664062 49.3908882141113 49.8041496276855 50.2471961975098 50.6645050048828 51.1834907531738 51.7872886657715 52.310115814209 52.8485069274902 53.339168548584 53.5537376403809 53.4660835266113 53.3367881774902 53.1596870422363 53.0581321716309 53.1182403564453 53.1222152709961 53.00244140625 52.9435615539551 52.639045715332 52.3802947998047 52.3626976013184 52.323112487793 52.3652992248535 52.3204116821289 52.2247200012207 52.0901985168457 51.9451599121094 51.7863693237305 51.8520469665527 52.1854400634766 52.3106231689453 52.420654296875 52.4513206481934 52.2106437683105 52.0568885803223 51.8731956481934 51.4133796691895 50.6590232849121 50.1684226989746 50.3797035217285 50.5564575195312 50.8444747924805 51.1258163452148 51.1923522949219 50.9025115966797 50.1761894226074 49.9984664916992
47.9540214538574 48.2580986022949 48.5650978088379 48.9097328186035 49.3028717041016 49.5992240905762 49.9267730712891 50.3290557861328 50.7774353027344 51.2797241210938 51.7967643737793 52.246036529541 52.7946929931641 53.3557968139648 53.6076850891113 53.5078010559082 53.3421058654785 53.1965713500977 53.2054138183594 53.2657737731934 53.0414772033691 52.8242340087891 52.9121437072754 52.9194374084473 52.7752494812012 52.6191291809082 52.4544830322266 52.3401870727539 52.208137512207 51.9309692382812 51.8177185058594 51.8147850036621 51.797679901123 51.8655586242676 52.122917175293 52.4086303710938 52.4853477478027 52.5446968078613 52.2882881164551 52.1560707092285 51.9217910766602 51.4008483886719 50.5841903686523 50.0077781677246 50.3987045288086 50.6774978637695 50.85595703125 51.0219383239746 51.0785484313965 50.5454711914062 49.7417411804199 49.770435333252
48.1767654418945 48.4820747375488 48.8202209472656 49.1951637268066 49.5955963134766 49.8265075683594 50.0932083129883 50.3685493469238 50.8291130065918 51.3355484008789 51.8054733276367 52.2446250915527 52.7859420776367 53.4440727233887 53.7145729064941 53.559871673584 53.3636093139648 53.2412567138672 53.3337059020996 53.2916488647461 53.0100975036621 52.7364234924316 52.7950057983398 52.9455451965332 52.8755836486816 52.6740684509277 52.3959617614746 52.213981628418 52.1277656555176 52.0289649963379 51.9608879089355 51.8997344970703 51.8231964111328 51.8356857299805 52.0346412658691 52.3503761291504 52.4847259521484 52.6018486022949 52.4277801513672 52.2105827331543 52.0012893676758 51.452938079834 50.3954238891602 49.7218971252441 50.5820541381836 50.7613410949707 50.7207107543945 50.8983688354492 50.8973541259766 50.3415794372559 49.7011299133301 49.7126197814941
48.4498443603516 48.7592353820801 49.1224060058594 49.5085525512695 49.8835258483887 50.1249046325684 50.3212509155273 50.4751434326172 50.8603324890137 51.3355331420898 51.7897262573242 52.3386192321777 52.9062690734863 53.5739555358887 53.8005676269531 53.6615943908691 53.459529876709 53.3156394958496 53.3252105712891 53.2244987487793 52.965446472168 52.7879333496094 52.7175750732422 52.8085441589355 52.8259925842285 52.6359558105469 52.2571334838867 51.9660301208496 51.9824333190918 52.1330604553223 52.0113868713379 51.9409294128418 51.8796539306641 51.8197250366211 51.9339752197266 52.1841201782227 52.4030265808105 52.5840759277344 52.4344863891602 52.1835556030273 52.1374206542969 51.6226348876953 50.3985404968262 49.953800201416 50.8616333007812 50.8922843933105 50.6330528259277 50.7439231872559 50.740234375 50.3274421691895 49.9763488769531 49.9799613952637
48.7590827941895 49.0872535705566 49.436279296875 49.7592124938965 50.1064682006836 50.4652976989746 50.6394462585449 50.788387298584 51.0565872192383 51.4298400878906 51.8970184326172 52.4905548095703 53.108772277832 53.7217445373535 53.9780120849609 53.8825912475586 53.6617698669434 53.458324432373 53.2743072509766 53.1177711486816 52.9979133605957 52.9132843017578 52.6794776916504 52.6365661621094 52.6794662475586 52.590015411377 52.3199691772461 51.9691429138184 52.0579681396484 52.0982284545898 52.025390625 51.9812278747559 51.8887939453125 51.8693199157715 51.961181640625 52.0964088439941 52.2974243164062 52.4741401672363 52.4464721679688 52.2181625366211 52.1945877075195 51.8308486938477 50.8422698974609 50.4452590942383 51.0438690185547 51.003246307373 50.6365203857422 50.6728858947754 50.6270523071289 50.216178894043 50.1121597290039 50.2778739929199
49.0637702941895 49.3704490661621 49.6462936401367 49.9761962890625 50.3618011474609 50.7440299987793 51.023120880127 51.2279319763184 51.3910446166992 51.5740509033203 52.0349349975586 52.6533584594727 53.319637298584 53.826904296875 54.0973014831543 53.9927711486816 53.8400230407715 53.6759719848633 53.3646278381348 53.0713996887207 52.847526550293 52.8076438903809 52.8178749084473 52.6207962036133 52.4043159484863 52.3776893615723 52.2927551269531 52.0875663757324 52.1839179992676 52.0521583557129 51.9685707092285 51.917179107666 51.8947601318359 51.9787826538086 52.0698661804199 52.1294174194336 52.1762542724609 52.3562965393066 52.5369987487793 52.3778610229492 52.1587562561035 51.8300323486328 51.3067321777344 50.9568977355957 51.1043167114258 51.0065689086914 50.7691078186035 50.679931640625 50.571834564209 50.2277565002441 50.2798919677734 50.4131546020508
49.2805137634277 49.5794296264648 49.8984680175781 50.2643241882324 50.6145820617676 50.9840507507324 51.3289108276367 51.5682678222656 51.7629127502441 51.9238243103027 52.2530174255371 52.8474388122559 53.3935279846191 53.7990188598633 54.0149803161621 53.9123229980469 53.8027801513672 53.7547721862793 53.5636138916016 53.2920379638672 52.9738883972168 52.6507720947266 52.6845932006836 52.6182136535645 52.3463287353516 52.2543334960938 52.1778411865234 52.1676025390625 52.2071228027344 52.0080223083496 51.918571472168 51.8553352355957 51.9393882751465 52.1218452453613 52.1929130554199 52.2037353515625 52.2409172058105 52.4086265563965 52.607795715332 52.4734573364258 52.0730667114258 51.6282424926758 51.2146644592285 50.9370384216309 50.8796348571777 50.9130249023438 50.8903388977051 50.7283325195312 50.6384925842285 50.3923950195312 50.2454528808594 50.497486114502
49.4997673034668 49.8100051879883 50.1741828918457 50.5243301391602 50.8624610900879 51.2049674987793 51.5822868347168 51.8673286437988 52.112720489502 52.3485794067383 52.6168212890625 52.9815292358398 53.3599052429199 53.8026885986328 54.1000785827637 54.0344467163086 53.8737411499023 53.7070465087891 53.5385246276855 53.3435211181641 53.0447578430176 52.7421646118164 52.5140686035156 52.4280281066895 52.3516616821289 52.3042945861816 52.2229537963867 52.2070198059082 52.105770111084 52.0049514770508 52.0583953857422 52.0389862060547 52.0044860839844 52.1073684692383 52.3181037902832 52.3231315612793 52.3647537231445 52.4654579162598 52.6633682250977 52.4288177490234 51.9882926940918 51.5442390441895 51.1015357971191 50.8916664123535 50.824634552002 51.0121040344238 51.0012016296387 50.7936058044434 50.8047027587891 50.5703163146973 50.0371856689453 50.1042861938477
49.7369613647461 50.0657005310059 50.4298629760742 50.780647277832 51.096866607666 51.3410491943359 51.8008308410645 52.1460800170898 52.373363494873 52.6203269958496 52.8471336364746 53.0443878173828 53.4179954528809 53.9195709228516 54.2822875976562 54.1154479980469 53.9140129089355 53.7399826049805 53.5239486694336 53.2862968444824 53.0216751098633 52.8211898803711 52.6128807067871 52.6120719909668 52.6923904418945 52.5385665893555 52.2927665710449 52.1671104431152 52.1035194396973 52.1171684265137 52.1784706115723 52.232852935791 52.2067260742188 52.1745071411133 52.357349395752 52.5224151611328 52.4958877563477 52.5102500915527 52.6834754943848 52.4598617553711 52.0262184143066 51.567699432373 51.1147766113281 51.0445022583008 51.0724105834961 51.2199325561523 51.1616477966309 50.9960823059082 50.94970703125 50.637508392334 50.1277732849121 50.170280456543
49.9937515258789 50.338809967041 50.671875 51.0325660705566 51.2924499511719 51.566291809082 52.0634155273438 52.4148101806641 52.5905380249023 52.773021697998 53.0005111694336 53.1897773742676 53.5417175292969 54.1444625854492 54.4735565185547 54.1885261535645 54.050048828125 53.9484176635742 53.7210083007812 53.4536552429199 53.1879615783691 53.0818977355957 52.9909896850586 53.0509338378906 52.9581069946289 52.6269607543945 52.437858581543 52.3573226928711 52.3010406494141 52.264087677002 52.2519073486328 52.3098754882812 52.3285789489746 52.3505058288574 52.371898651123 52.5692405700684 52.6219444274902 52.5510025024414 52.6475296020508 52.5453834533691 52.0896148681641 51.6344146728516 51.3469734191895 51.2976036071777 51.3253631591797 51.2538986206055 51.2462730407715 51.087890625 50.7917785644531 50.5666961669922 50.2324981689453 50.2393226623535
50.2518577575684 50.5851058959961 50.9163703918457 51.2687225341797 51.505729675293 51.8650741577148 52.3577842712402 52.6855239868164 52.9046478271484 53.0770988464355 53.22998046875 53.5626449584961 54.0012893676758 54.4174880981445 54.6255340576172 54.3574447631836 54.242115020752 54.1814193725586 53.8870506286621 53.621696472168 53.4355201721191 53.4286460876465 53.3131294250488 53.2508010864258 53.0449638366699 52.7668113708496 52.6015281677246 52.6260643005371 52.5247192382812 52.4213523864746 52.4202995300293 52.4612274169922 52.491397857666 52.5620765686035 52.5376396179199 52.5769462585449 52.6348648071289 52.545280456543 52.6078300476074 52.5735816955566 52.1171646118164 51.7310752868652 51.6832733154297 51.5840034484863 51.417179107666 51.2713890075684 51.3009719848633 51.0125770568848 50.4050216674805 50.380012512207 50.2375984191895 50.0277900695801
50.4517021179199 50.7775764465332 51.1276397705078 51.4229545593262 51.7286567687988 52.1322021484375 52.5435218811035 52.8960456848145 53.1925239562988 53.4153289794922 53.5779037475586 53.9235649108887 54.2951698303223 54.4905776977539 54.6265029907227 54.3875617980957 54.1997604370117 54.2728576660156 53.9465026855469 53.7470321655273 53.6828079223633 53.5951156616211 53.3028106689453 53.0810508728027 52.915641784668 52.7903671264648 52.6613082885742 52.7682418823242 52.6357116699219 52.4962768554688 52.5418243408203 52.5528678894043 52.671085357666 52.740104675293 52.7255020141602 52.6546096801758 52.6255416870117 52.4882164001465 52.5740165710449 52.5778503417969 52.1983947753906 51.9747314453125 51.882495880127 51.6124877929688 51.4220352172852 51.3968772888184 51.2872772216797 50.9467506408691 50.3536186218262 50.2986335754395 50.4332695007324 50.043384552002
50.5434150695801 50.8791046142578 51.1934852600098 51.5080184936523 51.8631477355957 52.2103881835938 52.5382385253906 52.9500694274902 53.2687034606934 53.5398330688477 53.7965202331543 53.966423034668 54.2196922302246 54.3935050964355 54.3632392883301 54.1884384155273 54.0213890075684 54.1822814941406 54.0751914978027 53.9054527282715 53.7787284851074 53.5606803894043 53.2419509887695 52.9062156677246 52.7155952453613 52.7685928344727 52.683464050293 52.6792106628418 52.6651496887207 52.4750862121582 52.5283126831055 52.5243453979492 52.6451606750488 52.6646614074707 52.6586761474609 52.7207946777344 52.6811370849609 52.5171546936035 52.6020393371582 52.6223831176758 52.3361930847168 52.0470771789551 51.7663459777832 51.5441284179688 51.491527557373 51.3802795410156 51.2450523376465 50.9798469543457 50.6172065734863 50.4448928833008 50.5835418701172 50.1854515075684
50.5907669067383 50.9145889282227 51.2157554626465 51.5641098022461 51.8866577148438 52.1931190490723 52.5781326293945 52.9679145812988 53.2623710632324 53.5311851501465 53.8645286560059 53.976863861084 54.1531372070312 54.2751388549805 54.2630386352539 54.1361846923828 53.8839340209961 53.9598922729492 54.0336875915527 53.8331336975098 53.6163063049316 53.4103622436523 53.1630744934082 52.7301292419434 52.641429901123 52.8234825134277 52.8035659790039 52.7215232849121 52.7526092529297 52.606819152832 52.5422134399414 52.4785842895508 52.5142097473145 52.5484771728516 52.5753021240234 52.7608985900879 52.7451362609863 52.5698547363281 52.6525955200195 52.6436996459961 52.2889251708984 51.9257698059082 51.696662902832 51.6243209838867 51.5054397583008 51.3497009277344 51.3014526367188 51.0868759155273 50.8653793334961 50.6228828430176 50.6117820739746 50.3349456787109
50.6137237548828 50.9169120788574 51.2054672241211 51.539608001709 51.8942909240723 52.2451515197754 52.6293563842773 52.9898262023926 53.290714263916 53.512767791748 53.9164085388184 54.1331977844238 54.1882057189941 54.2793083190918 54.2407493591309 54.0330924987793 53.8855056762695 53.8597679138184 53.8985366821289 53.6547164916992 53.397632598877 53.195125579834 53.0114288330078 52.7547798156738 52.6522636413574 52.7729225158691 52.7468566894531 52.6807098388672 52.7204933166504 52.7085304260254 52.6722984313965 52.5450057983398 52.5100975036621 52.5797805786133 52.7020797729492 52.7761192321777 52.8027992248535 52.7341117858887 52.7276077270508 52.5839996337891 52.1860389709473 51.9241218566895 51.7009773254395 51.6589088439941 51.5577850341797 51.4601783752441 51.4090957641602 51.1305999755859 50.9845123291016 50.8271865844727 50.5168418884277 50.3873443603516
50.6218223571777 50.9013214111328 51.1824607849121 51.5096740722656 51.8680038452148 52.2030220031738 52.6237869262695 53.0809783935547 53.3450546264648 53.5289726257324 53.9270553588867 54.1382713317871 54.0650367736816 54.0657005310059 54.0112838745117 53.8895149230957 53.8494834899902 53.810417175293 53.7800788879395 53.6702270507812 53.4290733337402 53.2304191589355 53.0397415161133 52.8635711669922 52.6600456237793 52.6968154907227 52.7543716430664 52.6528739929199 52.6361885070801 52.5323944091797 52.5634155273438 52.6524353027344 52.6631240844727 52.6811294555664 52.640625 52.6003036499023 52.7238502502441 52.7626304626465 52.7049407958984 52.5888137817383 52.2932662963867 51.9928817749023 51.6908531188965 51.7364387512207 51.6379241943359 51.4777717590332 51.4707832336426 51.1513824462891 51.0095024108887 50.9623756408691 50.4475288391113 50.3550987243652
50.6344985961914 50.9171981811523 51.2014389038086 51.5039482116699 51.858039855957 52.2746162414551 52.732723236084 53.1900939941406 53.3530769348145 53.4985733032227 53.8936424255371 54.0124092102051 53.9220581054688 53.9048309326172 53.882869720459 53.7544288635254 53.6704368591309 53.6071891784668 53.5067481994629 53.4300155639648 53.3325576782227 53.2358627319336 53.0735015869141 52.8105087280273 52.6032638549805 52.6796340942383 52.7407073974609 52.6328468322754 52.6133003234863 52.5807151794434 52.5063552856445 52.5527305603027 52.6417503356934 52.6477165222168 52.5553817749023 52.5715103149414 52.6303558349609 52.5022125244141 52.4542083740234 52.5106582641602 52.396427154541 52.0020370483398 51.8266868591309 51.8173065185547 51.5956535339355 51.3961868286133 51.4577484130859 51.1739311218262 51.0594940185547 50.9522895812988 50.4006080627441 50.1911773681641
50.6814918518066 50.9872398376465 51.2858657836914 51.589542388916 51.9571990966797 52.3923683166504 52.8613319396973 53.2631416320801 53.3993911743164 53.4402847290039 53.7198219299316 53.9478607177734 53.8165130615234 53.6915016174316 53.6917343139648 53.510311126709 53.3592414855957 53.2526969909668 53.1267433166504 53.0934791564941 53.0677299499512 53.0472526550293 52.855396270752 52.6568222045898 52.573055267334 52.5484504699707 52.5347023010254 52.5137977600098 52.5219497680664 52.5986824035645 52.5326843261719 52.4765892028809 52.4208793640137 52.4744415283203 52.5799140930176 52.611686706543 52.4403686523438 52.3380851745605 52.338134765625 52.3807106018066 52.3636512756348 52.0325393676758 51.913257598877 51.6877784729004 51.531852722168 51.4899520874023 51.5112190246582 51.327320098877 51.0613632202148 50.6048889160156 49.9420204162598 49.7886505126953
50.7568244934082 51.0750427246094 51.4243812561035 51.78076171875 52.1338310241699 52.5248870849609 52.9364356994629 53.3088188171387 53.4431953430176 53.3697319030762 53.5018997192383 53.8532638549805 53.7131805419922 53.2290229797363 53.1695785522461 53.1574478149414 52.9727973937988 52.902946472168 52.7882804870605 52.7267227172852 52.778636932373 52.8175239562988 52.6262321472168 52.4278678894043 52.536060333252 52.5425300598145 52.49755859375 52.4889259338379 52.4661979675293 52.3803405761719 52.2713203430176 52.3101387023926 52.3620300292969 52.4161796569824 52.4824409484863 52.4880027770996 52.3613891601562 52.3943214416504 52.4552917480469 52.3990631103516 52.3543090820312 52.1476402282715 51.9350852966309 51.753002166748 51.6462745666504 51.594123840332 51.5616188049316 51.3413543701172 50.8617935180664 50.3503379821777 49.8274383544922 49.7412757873535
50.8103408813477 51.1484184265137 51.5224647521973 51.9013023376465 52.2653961181641 52.6064605712891 52.9116592407227 53.3008613586426 53.405647277832 53.2610282897949 53.4035987854004 53.7150115966797 53.5096015930176 52.8869514465332 52.7011909484863 52.8133811950684 52.6976547241211 52.6117210388184 52.5670967102051 52.471752166748 52.5581130981445 52.6182250976562 52.4991493225098 52.3778610229492 52.4021453857422 52.3514862060547 52.2986030578613 52.2252616882324 52.202033996582 52.1756782531738 52.2140693664551 52.3054122924805 52.4512481689453 52.5611915588379 52.5898017883301 52.5615921020508 52.5064506530762 52.5151329040527 52.3828010559082 52.1655883789062 52.2328758239746 52.246280670166 51.9883880615234 51.821949005127 51.8186988830566 51.6415481567383 51.4342231750488 51.2613563537598 50.8146133422852 50.4466705322266 50.0605621337891 49.935230255127
50.8724517822266 51.2164001464844 51.5812377929688 51.9151382446289 52.2512054443359 52.572193145752 52.8974571228027 53.2477836608887 53.2993965148926 53.1789779663086 53.3341026306152 53.57421875 53.2961807250977 52.6559829711914 52.4711036682129 52.4376106262207 52.4516143798828 52.3300819396973 52.2994194030762 52.2919464111328 52.3940849304199 52.5264434814453 52.5523452758789 52.482738494873 52.4271583557129 52.3658905029297 52.3662414550781 52.2238502502441 52.1268119812012 52.2336463928223 52.3213958740234 52.4243850708008 52.5557594299316 52.5467147827148 52.4713592529297 52.4815330505371 52.3772163391113 52.3251800537109 52.2174682617188 52.0317878723145 52.205394744873 52.3113670349121 52.1434173583984 52.017936706543 51.9695053100586 51.6258964538574 51.4042854309082 51.2507972717285 50.9425201416016 50.6456985473633 50.2753257751465 50.1697235107422
