R_scripts/int_process_data/Bio_06.asc
NCOLS 281 
NROWS 576 
XLLCORNER 81175.2677831308 
YLLCORNER 88.2293212990044 
CELLSIZE 1000 
NODATA_value -3.4e+38 
[rows 414 to 436 of 576, columns 104 to 155 of 281]
6.41866540908813 6.37867784500122 6.33868980407715 6.29870223999023 6.25871419906616 6.21935033798218 6.1914324760437 6.16351461410522 6.13559627532959 6.10767841339111 6.07976007461548 6.051842212677 6.02392435073853 5.99600601196289 5.96808815002441 5.94043064117432 5.92643308639526 5.91243553161621 5.89843797683716 5.88444042205811 5.87044286727905 5.8564453125 5.84244775772095 5.82845020294189 5.81445264816284 5.80045509338379 5.79094409942627 5.78149747848511 5.77205085754395 5.76260423660278 5.75315761566162 5.74371099472046 5.7342643737793 5.72481775283813 5.71537113189697 5.70592498779297 5.67468690872192 5.64237022399902 5.61005401611328 5.57773733139038 5.54542112350464 5.51310443878174 5.480788230896 5.4484715461731 5.41615533828735 5.38383865356445 5.34998035430908 5.31598806381226 5.28199529647827 5.24800300598145 5.21401023864746 5.18001794815063
6.40310955047607 6.36855840682983 6.33400726318359 6.29945611953735 6.26490449905396 6.23075675964355 6.20401000976562 6.1772632598877 6.15051651000977 6.12376976013184 6.09702301025391 6.07027626037598 6.04352951049805 6.01678276062012 5.99003601074219 5.96351957321167 5.94907999038696 5.9346399307251 5.92020034790039 5.90576028823853 5.89132070541382 5.87688112258911 5.86244106292725 5.84800148010254 5.83356142044067 5.81912183761597 5.80806159973145 5.79705047607422 5.78603935241699 5.77502775192261 5.76401662826538 5.75300550460815 5.74199390411377 5.73098278045654 5.71997165679932 5.70896005630493 5.67402982711792 5.63791561126709 5.60180139541626 5.56568670272827 5.52957248687744 5.49345827102661 5.45734405517578 5.42122936248779 5.38511514663696 5.34900093078613 5.31611347198486 5.28350734710693 5.250901222229 5.21829509735107 5.18568897247314 5.15308284759521
6.38755369186401 6.35843896865845 6.32932424545288 6.30020952224731 6.27109479904175 6.24216318130493 6.21658754348755 6.19101238250732 6.16543674468994 6.13986110687256 6.11428546905518 6.08871030807495 6.06313467025757 6.03755903244019 6.0119833946228 5.98660850524902 5.9717264175415 5.95684432983398 5.94196224212646 5.92708015441895 5.91219854354858 5.89731645584106 5.88243436813354 5.86755228042603 5.85267019271851 5.83778858184814 5.82517957687378 5.81260347366333 5.80002737045288 5.78745174407959 5.77487564086914 5.76229953765869 5.74972343444824 5.73714780807495 5.7245717048645 5.71199560165405 5.67337274551392 5.633460521698 5.59354829788208 5.55363607406616 5.51372385025024 5.47381162643433 5.43389987945557 5.39398765563965 5.35407543182373 5.31416320800781 5.2822470664978 5.25102710723877 5.21980714797974 5.1885871887207 5.15736770629883 5.12614774703979
6.37199783325195 6.34832000732422 6.32464170455933 6.30096340179443 6.27728509902954 6.25356960296631 6.22916507720947 6.20476102828979 6.18035697937012 6.15595245361328 6.1315484046936 6.10714387893677 6.08273983001709 6.05833530426025 6.03393125534058 6.00969696044922 5.99437284469604 5.97904872894287 5.9637246131897 5.94840049743652 5.93307590484619 5.91775178909302 5.90242767333984 5.88710355758667 5.87177896499634 5.85645484924316 5.84229755401611 5.82815647125244 5.81401586532593 5.79987525939941 5.7857346534729 5.77159404754639 5.75745296478271 5.7433123588562 5.72917175292969 5.71503114700317 5.67271566390991 5.62900543212891 5.58529567718506 5.54158544540405 5.49787569046021 5.4541654586792 5.41045570373535 5.36674547195435 5.3230357170105 5.27932548522949 5.24838018417358 5.21854686737061 5.18871307373047 5.15887975692749 5.12904596328735 5.09921264648438
6.35644245147705 6.33820056915283 6.31995868682861 6.30171728134155 6.28347539901733 6.26497602462769 6.24174308776855 6.21850967407227 6.19527673721313 6.172043800354 6.14881086349487 6.12557792663574 6.10234498977661 6.07911205291748 6.05587911605835 6.03278589248657 6.01701927185059 6.00125312805176 5.98548650741577 5.96972036361694 5.95395374298096 5.93818712234497 5.92242097854614 5.90665435791016 5.89088773727417 5.87512159347534 5.85941505432129 5.84370994567871 5.82800436019897 5.81229877471924 5.79659366607666 5.78088808059692 5.76518249511719 5.74947738647461 5.73377180099487 5.71806621551514 5.67205858230591 5.62455081939697 5.57704257965088 5.52953481674194 5.48202705383301 5.43451929092407 5.38701152801514 5.33950328826904 5.29199552536011 5.24448776245117 5.21451377868652 5.18606615066528 5.1576189994812 5.12917184829712 5.10072469711304 5.07227754592896
6.34088659286499 6.32808113098145 6.31527614593506 6.30247116088867 6.28966569900513 6.27638244628906 6.25432062149048 6.23225879669189 6.21019697189331 6.18813514709473 6.1660737991333 6.14401197433472 6.12195014953613 6.09988832473755 6.07782649993896 6.05587482452393 6.03966617584229 6.02345752716064 6.007248878479 5.99104022979736 5.97483158111572 5.95862293243408 5.94241428375244 5.9262056350708 5.90999698638916 5.89378833770752 5.87653303146362 5.85926294326782 5.84199285507202 5.82472276687622 5.80745267868042 5.79018211364746 5.77291202545166 5.75564193725586 5.73837184906006 5.72110176086426 5.6714015007019 5.62009572982788 5.56878995895386 5.51748418807983 5.46617841720581 5.41487264633179 5.36356735229492 5.3122615814209 5.26095581054688 5.20965003967285 5.1806468963623 5.15358591079712 5.12652492523193 5.09946441650391 5.07240343093872 5.04534244537354
6.32533073425293 6.31796216964722 6.3105936050415 6.30322456359863 6.29585599899292 6.28778839111328 6.2668981552124 6.24600744247437 6.22511720657349 6.20422697067261 6.18333625793457 6.16244602203369 6.14155530929565 6.12066507339478 6.09977436065674 6.07896327972412 6.06231260299683 6.04566144943237 6.02901077270508 6.01236009597778 5.99570894241333 5.97905826568604 5.96240711212158 5.94575643539429 5.92910575866699 5.91245460510254 5.89365100860596 5.87481594085693 5.85598134994507 5.83714628219604 5.81831169128418 5.79947662353516 5.78064155578613 5.76180696487427 5.74297189712524 5.72413730621338 5.6707444190979 5.61564064025879 5.56053733825684 5.50543355941772 5.45032978057861 5.39522647857666 5.34012269973755 5.2850193977356 5.22991561889648 5.17481231689453 5.14678001403809 5.12110567092896 5.09543085098267 5.06975650787354 5.04408168792725 5.01840734481812
6.30977487564087 6.30784273147583 6.30591058731079 6.30397844314575 6.30204629898071 6.29919481277466 6.27947568893433 6.25975656509399 6.24003744125366 6.22031831741333 6.20059871673584 6.18087959289551 6.16116046905518 6.14144134521484 6.12172222137451 6.10205221176147 6.08495903015137 6.06786584854126 6.05077266693115 6.0336799621582 6.0165867805481 5.99949359893799 5.98240041732788 5.96530723571777 5.94821453094482 5.93112134933472 5.91076850891113 5.89036893844604 5.86996936798096 5.84956979751587 5.82917022705078 5.80877065658569 5.78837108612061 5.76797151565552 5.74757194519043 5.72717237472534 5.67008686065674 5.6111855506897 5.55228424072266 5.49338293075562 5.43448162078857 5.37558031082153 5.31667852401733 5.25777721405029 5.19887590408325 5.13997459411621 5.11291360855103 5.08862495422363 5.0643367767334 5.04004859924316 5.01576042175293 4.9914722442627
6.29421901702881 6.29772329330444 6.30122804641724 6.30473232269287 6.30823659896851 6.31060123443604 6.29205322265625 6.27350521087646 6.25495767593384 6.23640966415405 6.21786165237427 6.19931364059448 6.1807656288147 6.16221761703491 6.14367008209229 6.12514114379883 6.10760545730591 6.09007024765015 6.07253503799438 6.05499982833862 6.0374641418457 6.01992893218994 6.00239372253418 5.98485851287842 5.96732330322266 5.94978761672974 5.92788648605347 5.90592241287231 5.883957862854 5.86199378967285 5.84002923965454 5.81806516647339 5.79610061645508 5.77413654327393 5.75217247009277 5.73020792007446 5.66942977905273 5.60673093795776 5.54403162002563 5.48133230209351 5.41863298416138 5.35593366622925 5.29323434829712 5.23053550720215 5.16783618927002 5.10513687133789 5.07904672622681 5.05614471435547 5.03324270248413 5.01034116744995 4.98743915557861 4.96453714370728
6.27866315841675 6.28760433197021 6.29654502868652 6.30548620223999 6.3144268989563 6.32200765609741 6.30463075637817 6.28725433349609 6.26987743377686 6.25250101089478 6.23512411117554 6.21774768829346 6.20037078857422 6.18299436569214 6.1656174659729 6.14822959899902 6.13025236129761 6.11227464675903 6.09429693222046 6.07631969451904 6.05834197998047 6.04036474227905 6.02238702774048 6.0044093132019 5.98643207550049 5.96845436096191 5.9450044631958 5.92147541046143 5.89794635772705 5.87441730499268 5.8508882522583 5.82735919952393 5.80383014678955 5.78030157089233 5.75677251815796 5.73324346542358 5.66877269744873 5.60227584838867 5.53577852249146 5.4692816734314 5.40278434753418 5.33628749847412 5.2697901725769 5.20329332351685 5.13679599761963 5.07029914855957 5.04517984390259 5.0236644744873 5.00214862823486 4.98063325881958 4.9591178894043 4.93760204315186
6.22873544692993 6.24053716659546 6.25233840942383 6.26414012908936 6.27594137191772 6.28631639480591 6.27051401138306 6.25471162796021 6.23890924453735 6.22310638427734 6.20730400085449 6.19150161743164 6.17569923400879 6.15989637374878 6.14409399032593 6.12826871871948 6.11125135421753 6.09423351287842 6.07721567153931 6.06019830703735 6.04318046569824 6.02616262435913 6.00914525985718 5.99212741851807 5.97511005401611 5.958092212677 5.93438100814819 5.91057300567627 5.8867654800415 5.86295747756958 5.83914995193481 5.81534194946289 5.79153442382812 5.7677264213562 5.74391889572144 5.72011089324951 5.6576099395752 5.59319353103638 5.52877712249756 5.46436023712158 5.39994382858276 5.33552742004395 5.27111101150513 5.20669460296631 5.14227819442749 5.07786178588867 5.0530834197998 5.03175687789917 5.01043081283569 4.98910427093506 4.96777772903442 4.94645166397095
6.1702733039856 6.18429613113403 6.19831848144531 6.21234130859375 6.22636365890503 6.23893165588379 6.22480344772339 6.21067476272583 6.19654655456543 6.18241834640503 6.16829013824463 6.15416193008423 6.14003372192383 6.12590503692627 6.11177682876587 6.09761905670166 6.0819091796875 6.0661997795105 6.05048990249634 6.03478050231934 6.01907062530518 6.00336122512817 5.98765134811401 5.97194194793701 5.95623207092285 5.94052219390869 5.91686964035034 5.89310264587402 5.86933517456055 5.84556770324707 5.82180070877075 5.79803323745728 5.77426624298096 5.75049877166748 5.72673177719116 5.70296430587769 5.64383840560913 5.58296203613281 5.52208566665649 5.46120929718018 5.40033292770386 5.3394570350647 5.27858066558838 5.21770429611206 5.15682792663574 5.09595155715942 5.07135772705078 5.04992341995239 5.028489112854 5.00705480575562 4.98562049865723 4.96418619155884
6.11181116104126 6.12805509567261 6.1442985534668 6.16054248809814 6.17678594589233 6.19154644012451 6.17909240722656 6.16663837432861 6.15418434143066 6.14173030853271 6.12927627563477 6.11682224273682 6.10436820983887 6.09191417694092 6.07945966720581 6.06696939468384 6.05256748199463 6.03816604614258 6.02376413345337 6.00936269760132 5.99496078491211 5.98055934906006 5.96615743637085 5.9517560005188 5.93735408782959 5.92295265197754 5.89935827255249 5.87563180923462 5.85190486907959 5.82817840576172 5.80445146560669 5.78072452545166 5.75699806213379 5.73327112197876 5.70954465866089 5.68581771850586 5.63006687164307 5.57273054122925 5.51539468765259 5.45805835723877 5.40072250366211 5.34338617324829 5.28605031967163 5.22871398925781 5.17137765884399 5.11404180526733 5.08963203430176 5.06808996200562 5.04654741287231 5.02500534057617 5.00346279144287 4.98192071914673
6.05334901809692 6.07181358337402 6.09027862548828 6.10874319076538 6.12720823287964 6.14416170120239 6.13338184356689 6.1226019859314 6.1118221282959 6.1010422706604 6.0902624130249 6.0794825553894 6.06870269775391 6.05792284011841 6.04714298248291 6.03631973266602 6.02322578430176 6.01013231277466 5.9970383644104 5.9839448928833 5.9708514213562 5.95775747299194 5.94466400146484 5.93157005310059 5.91847658157349 5.90538263320923 5.8818473815918 5.85816097259521 5.83447456359863 5.81078863143921 5.78710222244263 5.76341581344604 5.73972988128662 5.71604347229004 5.69235754013062 5.66867113113403 5.616295337677 5.56249952316284 5.50870323181152 5.45490741729736 5.4011116027832 5.34731578826904 5.29351949691772 5.23972368240356 5.1859278678894 5.13213205337524 5.10790634155273 5.08625602722168 5.06460571289062 5.04295587539673 5.02130556106567 4.99965524673462
5.99488687515259 6.0155725479126 6.03625869750977 6.05694437026978 6.07763051986694 6.09677648544312 6.08767080307007 6.07856512069702 6.06945943832397 6.06035375595093 6.05124807357788 6.04214286804199 6.03303718566895 6.0239315032959 6.01482582092285 6.00567007064819 5.99388408660889 5.98209857940674 5.97031259536743 5.95852708816528 5.94674158096313 5.93495559692383 5.92317008972168 5.91138458251953 5.89959859848022 5.88781309127808 5.86433601379395 5.84069013595581 5.81704425811768 5.7933988571167 5.76975297927856 5.74610710144043 5.72246170043945 5.69881582260132 5.67516994476318 5.65152454376221 5.60252380371094 5.55226802825928 5.50201225280762 5.45175647735596 5.4015007019043 5.35124492645264 5.30098915100098 5.25073337554932 5.20047760009766 5.150221824646 5.12618064880371 5.1044225692749 5.08266448974609 5.06090641021729 5.03914785385132 5.01738977432251
5.93642473220825 5.95933151245117 5.98223876953125 6.00514554977417 6.02805233001709 6.049391746521 6.0419602394104 6.0345287322998 6.02709722518921 6.01966571807861 6.01223421096802 6.00480270385742 5.99737167358398 5.98994016647339 5.98250865936279 5.97501993179321 5.96454238891602 5.95406484603882 5.94358682632446 5.93310928344727 5.92263174057007 5.91215419769287 5.90167617797852 5.89119863510132 5.88072109222412 5.87024307250977 5.84682464599609 5.82321929931641 5.79961442947388 5.77600908279419 5.7524037361145 5.72879838943481 5.70519351959229 5.6815881729126 5.65798282623291 5.63437795639038 5.58875226974487 5.54203653335571 5.49532079696655 5.44860553741455 5.40188980102539 5.35517454147339 5.30845880508423 5.26174306869507 5.21502780914307 5.16831207275391 5.14445495605469 5.12258911132812 5.1007227897644 5.07885646820068 5.05699062347412 5.0351243019104
5.87796258926392 5.90309047698975 5.92821884155273 5.95334672927856 5.97847461700439 6.00200653076172 5.99624919891357 5.99049234390259 5.98473501205444 5.9789776802063 5.97322034835815 5.96746301651001 5.96170616149902 5.95594882965088 5.95019149780273 5.94437026977539 5.93520069122314 5.9260311126709 5.91686153411865 5.90769147872925 5.898521900177 5.88935232162476 5.88018274307251 5.87101268768311 5.86184310913086 5.85267353057861 5.82931327819824 5.80574893951416 5.78218412399292 5.75861930847168 5.73505449295044 5.71149015426636 5.68792533874512 5.66436052322388 5.64079570770264 5.6172308921814 5.57498073577881 5.53180503845215 5.48862981796265 5.44545459747314 5.40227890014648 5.35910367965698 5.31592845916748 5.27275276184082 5.22957754135132 5.18640232086182 5.16272974014282 5.14075517654419 5.11878108978271 5.09680700302124 5.07483291625977 5.05285882949829
5.81950044631958 5.84684944152832 5.87419843673706 5.90154790878296 5.9288969039917 5.9546217918396 5.95053863525391 5.94645547866821 5.94237232208252 5.93828964233398 5.93420648574829 5.9301233291626 5.92604064941406 5.92195749282837 5.91787433624268 5.91372060775757 5.90585899353027 5.89799737930298 5.89013576507568 5.88227367401123 5.87441205978394 5.86655044555664 5.85868883132935 5.85082721710205 5.84296560287476 5.8351035118103 5.81180191040039 5.78827810287476 5.76475381851196 5.74122953414917 5.71770524978638 5.69418144226074 5.67065715789795 5.64713287353516 5.62360858917236 5.60008430480957 5.56120920181274 5.52157402038574 5.48193883895874 5.44230365753174 5.40266847610474 5.36303281784058 5.32339763641357 5.28376245498657 5.24412727355957 5.20449209213257 5.1810040473938 5.15892171859741 5.13683986663818 5.1147575378418 5.09267568588257 5.07059335708618
5.76103830337524 5.79060840606689 5.82017850875854 5.84974908828735 5.879319190979 5.90723657608032 5.90482759475708 5.902419090271 5.90001010894775 5.89760160446167 5.89519262313843 5.89278364181519 5.8903751373291 5.88796615600586 5.88555717468262 5.88307094573975 5.8765172958374 5.86996364593506 5.86340999603271 5.85685586929321 5.85030221939087 5.84374856948853 5.83719491958618 5.83064126968384 5.82408761978149 5.81753396987915 5.7942910194397 5.77080726623535 5.74732351303101 5.72383975982666 5.70035600662231 5.67687273025513 5.65338897705078 5.62990522384644 5.60642147064209 5.58293771743774 5.54743766784668 5.51134252548218 5.47524738311768 5.43915271759033 5.40305757522583 5.36696243286133 5.33086729049683 5.29477214813232 5.25867748260498 5.22258234024048 5.19927835464478 5.17708826065063 5.15489816665649 5.13270807266235 5.11051797866821 5.08832788467407
5.70257616043091 5.73436737060547 5.76615858078003 5.79794979095459 5.82974147796631 5.8598518371582 5.85911703109741 5.85838222503662 5.85764789581299 5.8569130897522 5.85617876052856 5.85544395446777 5.85470962524414 5.85397481918335 5.85324001312256 5.85242128372192 5.84717559814453 5.84192991256714 5.83668422698975 5.83143854141235 5.82619285583496 5.82094669342041 5.81570100784302 5.81045532226562 5.80520963668823 5.79996395111084 5.77677965164185 5.75333642959595 5.72989320755005 5.70644998550415 5.68300676345825 5.65956401824951 5.63612079620361 5.61267757415771 5.58923435211182 5.56579113006592 5.53366613388062 5.50111103057861 5.46855640411377 5.43600130081177 5.40344667434692 5.37089157104492 5.33833694458008 5.30578231811523 5.27322721481323 5.24067258834839 5.21755266189575 5.19525480270386 5.1729564666748 5.15065860748291 5.12836074829102 5.10606241226196
5.67620849609375 5.70251941680908 5.72883033752441 5.75514125823975 5.78145217895508 5.80637502670288 5.80582857131958 5.80528259277344 5.80473613739014 5.80419015884399 5.80364370346069 5.80309772491455 5.80255126953125 5.80200481414795 5.80145883560181 5.80089235305786 5.79925775527954 5.79762363433838 5.79598903656006 5.7943549156189 5.79272031784058 5.79108619689941 5.78945159912109 5.78781747817993 5.78618288040161 5.78454875946045 5.76214075088501 5.73943281173706 5.71672534942627 5.69401788711548 5.67131042480469 5.64860248565674 5.62589502334595 5.60318756103516 5.58047962188721 5.55777215957642 5.52859783172607 5.49910306930542 5.46960830688477 5.44011354446411 5.41061925888062 5.38112449645996 5.35162973403931 5.32213497161865 5.292640209198 5.2631459236145 5.24195384979248 5.22148466110229 5.20101547241211 5.18054676055908 5.1600775718689 5.13960886001587
5.65952825546265 5.67803382873535 5.69653987884521 5.71504592895508 5.73355150222778 5.75105953216553 5.75025320053101 5.74944686889648 5.74864053726196 5.74783420562744 5.74702787399292 5.7462215423584 5.74541521072388 5.74460887908936 5.74380207061768 5.74306106567383 5.7457332611084 5.74840545654297 5.75107765197754 5.75374984741211 5.75642204284668 5.75909471511841 5.76176691055298 5.76443910598755 5.76711130142212 5.76978349685669 5.74836874008179 5.72660636901855 5.70484399795532 5.68308162689209 5.66131973266602 5.63955736160278 5.61779499053955 5.59603261947632 5.57427072525024 5.55250835418701 5.52615642547607 5.49957704544067 5.47299766540527 5.44641828536987 5.41983890533447 5.39325952529907 5.36668014526367 5.34010076522827 5.31352138519287 5.28694200515747 5.26820421218872 5.25014877319336 5.232093334198 5.21403789520264 5.19598245620728 5.17792749404907
5.64284801483154 5.65354871749878 5.66424942016602 5.67495059967041 5.68565130233765 5.69574403762817 5.69467782974243 5.69361114501953 5.69254493713379 5.69147825241089 5.69041156768799 5.68934535980225 5.68827867507935 5.6872124671936 5.6861457824707 5.68522977828979 5.69220876693726 5.69918775558472 5.70616626739502 5.71314525604248 5.72012424468994 5.72710275650024 5.73408174514771 5.74106073379517 5.74803924560547 5.75501823425293 5.73459625244141 5.71377944946289 5.69296264648438 5.67214584350586 5.65132904052734 5.63051223754883 5.60969495773315 5.58887815475464 5.56806135177612 5.54724454879761 5.52371454238892 5.50005054473877 5.47638654708862 5.45272254943848 5.42905855178833 5.40539455413818 5.38173055648804 5.35806655883789 5.33440256118774 5.3107385635376 5.2944540977478 5.27881288528442 5.26317119598389 5.24752950668335 5.23188781738281 5.21624612808228
