R_scripts/int_process_data/Bio_13.asc
NCOLS 281 
NROWS 576 
XLLCORNER 81175.2677831308 
YLLCORNER 88.2293212990044 
CELLSIZE 1000 
NODATA_value -3.4e+38 
[rows 276 to 298 of 576, columns 52 to 103 of 281]
5.53870344161987 5.52103805541992 5.50337314605713 5.48570823669434 5.46804285049438 5.45037794113159 5.4327130317688 5.41893720626831 5.41924381256104 5.41955041885376 5.41985702514648 5.42016363143921 5.42046976089478 5.4207763671875 5.42108297348022 5.42138957977295 5.42169618606567 5.42199420928955 5.42225408554077 5.42251396179199 5.42277383804321 5.42303371429443 5.42329359054565 5.42355346679688 5.4238133430481 5.42407274246216 5.42433261871338 5.42454051971436 5.42445182800293 5.42436361312866 5.42427539825439 5.42418718338013 5.42409896850586 5.42401075363159 5.42392253875732 5.42383432388306 5.42374610900879 5.42477750778198 5.43421173095703 5.44364595413208 5.45308017730713 5.46251440048218 5.47194862365723 5.48138284683228 5.49081707000732 5.50025129318237 5.50968551635742 5.51963758468628 5.53518915176392 5.55074024200439 5.56629180908203 5.58184337615967
5.50895166397095 5.49505472183228 5.4811577796936 5.46726036071777 5.4533634185791 5.43946647644043 5.42556953430176 5.4146876335144 5.41472101211548 5.41475439071655 5.41478776931763 5.4148211479187 5.41485452651978 5.41488790512085 5.41492128372192 5.414954662323 5.41498804092407 5.41485118865967 5.41395950317383 5.41306734085083 5.41217517852783 5.41128301620483 5.41039085388184 5.40949869155884 5.40860652923584 5.40771484375 5.406822681427 5.40590000152588 5.40480470657349 5.40370941162109 5.4026141166687 5.40151882171631 5.40042304992676 5.39932775497437 5.39823246002197 5.39713716506958 5.39604187011719 5.39609479904175 5.40476274490356 5.41343116760254 5.42209959030151 5.43076753616333 5.4394359588623 5.44810390472412 5.4567723274231 5.46544027328491 5.47410869598389 5.48328256607056 5.49792289733887 5.51256370544434 5.52720403671265 5.54184484481812
5.47919988632202 5.46907091140747 5.45894193649292 5.44881296157837 5.43868398666382 5.42855548858643 5.41842651367188 5.4104380607605 5.41019821166992 5.40995836257935 5.40971851348877 5.40947866439819 5.40923881530762 5.40899896621704 5.40875911712646 5.40851926803589 5.40827941894531 5.40770864486694 5.40566444396973 5.40362071990967 5.40157651901245 5.39953231811523 5.39748859405518 5.39544439315796 5.39340019226074 5.39135646820068 5.38931226730347 5.3872594833374 5.38515710830688 5.38305473327637 5.38095235824585 5.37884998321533 5.37674760818481 5.3746452331543 5.37254285812378 5.3704400062561 5.36833763122559 5.36741161346436 5.37531423568726 5.383216381073 5.39111852645874 5.39902067184448 5.40692281723022 5.41482496261597 5.42272758483887 5.43062973022461 5.43853187561035 5.44692707061768 5.46065711975098 5.47438669204712 5.48811626434326 5.5018458366394
5.44944763183594 5.44308710098267 5.43672609329224 5.43036556243896 5.42400503158569 5.41764402389526 5.41128349304199 5.40618801116943 5.40567541122437 5.40516233444214 5.40464925765991 5.40413618087769 5.40362310409546 5.40311002731323 5.40259742736816 5.40208435058594 5.40157127380371 5.40056610107422 5.39736986160278 5.39417409896851 5.39097785949707 5.38778209686279 5.38458585739136 5.38139009475708 5.37819385528564 5.37499809265137 5.37180185317993 5.36861896514893 5.36550951004028 5.36240005493164 5.359290599823 5.35618114471436 5.35307168960571 5.34996223449707 5.34685277938843 5.34374332427979 5.34063386917114 5.33872890472412 5.34586524963379 5.35300159454346 5.36013746261597 5.36727380752563 5.3744101524353 5.38154649734497 5.38868236541748 5.39581871032715 5.40295505523682 5.41057205200195 5.42339086532593 5.4362096786499 5.44902849197388 5.46184730529785
5.41969585418701 5.41710329055786 5.41451072692871 5.41191816329956 5.40932559967041 5.4067325592041 5.40413999557495 5.40193843841553 5.40115213394165 5.40036630630493 5.39958000183105 5.39879369735718 5.39800786972046 5.39722156524658 5.39643526077271 5.39564895629883 5.39486312866211 5.39342308044434 5.38907527923584 5.38472747802734 5.38037919998169 5.37603139877319 5.3716835975647 5.36733531951904 5.36298751831055 5.35863971710205 5.3542914390564 5.34997844696045 5.34586191177368 5.34174537658691 5.33762884140015 5.33351230621338 5.32939577102661 5.32527923583984 5.32116270065308 5.31704616546631 5.31292963027954 5.31004619598389 5.31641626358032 5.32278633117676 5.32915687561035 5.33552694320679 5.34189701080322 5.34826755523682 5.35463762283325 5.36100816726685 5.36737823486328 5.37421703338623 5.38612508773804 5.39803266525269 5.40994071960449 5.42184829711914
5.38994407653809 5.39111948013306 5.39229488372803 5.39347076416016 5.39464616775513 5.3958215713501 5.39699697494507 5.39768886566162 5.39662933349609 5.39557027816772 5.3945107460022 5.39345121383667 5.3923921585083 5.39133262634277 5.3902735710144 5.38921403884888 5.38815450668335 5.38628053665161 5.3807806968689 5.37528085708618 5.36978101730347 5.36428070068359 5.35878086090088 5.35328102111816 5.34778118133545 5.34228134155273 5.33678150177002 5.33133792877197 5.32621431350708 5.32109069824219 5.31596708297729 5.3108434677124 5.30571985244751 5.30059623718262 5.29547262191772 5.29034900665283 5.28522539138794 5.28136301040649 5.28696727752686 5.29257154464722 5.29817581176758 5.30378007888794 5.3093843460083 5.31498861312866 5.32059288024902 5.32619714736938 5.33180141448975 5.33786201477051 5.34885883331299 5.35985612869263 5.37085294723511 5.38184976577759
5.36019229888916 5.36513566970825 5.3700795173645 5.37502288818359 5.37996673583984 5.38491010665894 5.38985395431519 5.39343929290771 5.39210653305054 5.39077425003052 5.38944149017334 5.38810920715332 5.38677644729614 5.38544416427612 5.38411140441895 5.38277912139893 5.38144636154175 5.37913799285889 5.37248611450195 5.36583423614502 5.35918235778809 5.35253047943115 5.34587860107422 5.33922672271729 5.33257484436035 5.32592296600342 5.31927108764648 5.3126974105835 5.30656671524048 5.30043601989746 5.29430532455444 5.28817462921143 5.28204393386841 5.27591323852539 5.26978254318237 5.26365184783936 5.25752115249634 5.25268030166626 5.25751829147339 5.26235675811768 5.26719522476196 5.27203321456909 5.27687168121338 5.28170967102051 5.28654813766479 5.29138612747192 5.29622459411621 5.30150699615479 5.3115930557251 5.32167911529541 5.33176517486572 5.34185123443604
5.33224201202393 5.34069108963013 5.34914016723633 5.35758924484253 5.36603832244873 5.37448740005493 5.38293600082397 5.38921689987183 5.38764762878418 5.38607788085938 5.38450860977173 5.38293933868408 5.38136959075928 5.37980031967163 5.37823057174683 5.37666130065918 5.37509202957153 5.37236976623535 5.36451864242554 5.35666751861572 5.34881591796875 5.34096479415894 5.33311367034912 5.32526206970215 5.31741094589233 5.30955982208252 5.30170822143555 5.29396724700928 5.28684949874878 5.27973175048828 5.27261352539062 5.26549577713013 5.25837802886963 5.25125980377197 5.24414205551147 5.23702383041382 5.22990608215332 5.2241039276123 5.22817659378052 5.23224878311157 5.23632144927979 5.240394115448 5.24446630477905 5.24853897094727 5.25261163711548 5.25668382644653 5.26075649261475 5.26526927947998 5.27454280853271 5.28381633758545 5.29308986663818 5.30236339569092
5.30935764312744 5.32057332992554 5.33178901672363 5.34300518035889 5.35422086715698 5.36543655395508 5.37665271759033 5.38507223129272 5.38336753845215 5.38166332244873 5.37995862960815 5.37825441360474 5.37654972076416 5.37484550476074 5.37314081192017 5.37143659591675 5.36973237991333 5.36665534973145 5.35747146606445 5.3482871055603 5.33910322189331 5.32991886138916 5.32073497772217 5.31155061721802 5.30236673355103 5.29318237304688 5.28399848937988 5.27498531341553 5.2669358253479 5.25888681411743 5.2508373260498 5.24278783798218 5.23473882675171 5.22668933868408 5.21864032745361 5.21059083938599 5.20254182815552 5.19582748413086 5.19913482666016 5.20244216918945 5.20574951171875 5.20905685424805 5.21236419677734 5.21567153930664 5.21897888183594 5.22228622436523 5.22559356689453 5.22936058044434 5.23809862136841 5.24683666229248 5.25557470321655 5.26431274414062
5.2864727973938 5.30045557022095 5.3144383430481 5.32842063903809 5.34240341186523 5.35638618469238 5.37036895751953 5.38092708587646 5.37908792495728 5.37724828720093 5.37540912628174 5.37356948852539 5.3717303276062 5.36989068984985 5.36805105209351 5.36621189117432 5.36437225341797 5.36094093322754 5.35042381286621 5.33990716934204 5.32939004898071 5.31887292861938 5.30835628509521 5.29783916473389 5.28732252120972 5.27680540084839 5.26628828048706 5.25600290298462 5.24702215194702 5.23804140090942 5.22906112670898 5.22008037567139 5.21109962463379 5.20211887359619 5.19313859939575 5.18415784835815 5.17517709732056 5.16755151748657 5.17009353637695 5.17263603210449 5.17517805099487 5.17772006988525 5.18026256561279 5.18280458450317 5.18534660339355 5.18788909912109 5.19043111801147 5.19345235824585 5.2016544342041 5.20985698699951 5.21805953979492 5.22626161575317
5.26358842849731 5.28033781051636 5.2970871925354 5.31383657455444 5.33058595657349 5.34733581542969 5.36408519744873 5.37678241729736 5.37480783462524 5.37283372879028 5.37085914611816 5.36888456344604 5.36691045761108 5.36493587493896 5.36296129226685 5.36098718643188 5.35901260375977 5.35522651672363 5.34337663650513 5.33152675628662 5.31967735290527 5.30782747268677 5.29597759246826 5.28412771224976 5.27227830886841 5.2604284286499 5.2485785484314 5.23702049255371 5.22710847854614 5.21719646453857 5.20728445053101 5.19737243652344 5.18746042251587 5.17754888534546 5.16763687133789 5.15772485733032 5.14781284332275 5.13927507400513 5.14105224609375 5.14282941818237 5.14460611343384 5.14638328552246 5.14816045761108 5.14993715286255 5.15171432495117 5.15349149703979 5.15526819229126 5.15754365921021 5.16521072387695 5.17287731170654 5.18054437637329 5.18821096420288
5.24070358276367 5.26022005081177 5.27973604202271 5.2992525100708 5.3187689781189 5.33828496932983 5.35780143737793 5.3726372718811 5.37052822113037 5.36841869354248 5.36630916595459 5.36420011520386 5.36209058761597 5.35998106002808 5.35787153244019 5.35576248168945 5.35365295410156 5.34951210021973 5.33632946014404 5.32314682006836 5.30996417999268 5.29678153991699 5.28359889984131 5.27041625976562 5.25723361968994 5.24405097961426 5.23086881637573 5.2180380821228 5.20719480514526 5.19635152816772 5.18550825119019 5.17466497421265 5.16382169723511 5.15297842025757 5.14213514328003 5.13129186630249 5.12044811248779 5.11099910736084 5.11201095581055 5.11302280426025 5.11403465270996 5.11504650115967 5.11605834960938 5.11707019805908 5.11808204650879 5.1190938949585 5.1201057434082 5.12163543701172 5.12876653671265 5.13589763641357 5.14302921295166 5.15016031265259
5.21781921386719 5.24010229110718 5.26238536834717 5.28466844558716 5.30695152282715 5.32923460006714 5.35151767730713 5.368492603302 5.36624813079834 5.36400365829468 5.36175966262817 5.35951519012451 5.35727071762085 5.35502624511719 5.35278177261353 5.35053777694702 5.34829330444336 5.34379768371582 5.3292818069458 5.31476640701294 5.30025100708008 5.28573560714722 5.27122020721436 5.25670480728149 5.24218940734863 5.22767400741577 5.21315860748291 5.19905567169189 5.18728113174438 5.17550659179688 5.16373205184937 5.1519570350647 5.14018249511719 5.12840795516968 5.11663341522217 5.1048583984375 5.09308385848999 5.08272266387939 5.08296918869019 5.08321619033813 5.08346271514893 5.08370923995972 5.08395624160767 5.08420276641846 5.08444976806641 5.0846962928772 5.08494281768799 5.08572673797607 5.09232234954834 5.09891796112061 5.10551404953003 5.11210966110229
5.19493436813354 5.21998453140259 5.24503421783447 5.27008438110352 5.2951340675354 5.32018423080444 5.34523391723633 5.3643479347229 5.36196851730347 5.35958909988403 5.3572096824646 5.35483026504517 5.35245084762573 5.3500714302063 5.34769201278687 5.34531307220459 5.34293365478516 5.33808279037476 5.32223463058472 5.30638647079468 5.29053831100464 5.2746901512146 5.2588415145874 5.24299335479736 5.22714519500732 5.21129703521729 5.19544887542725 5.18007373809814 5.16736745834351 5.15466165542603 5.14195537567139 5.12924957275391 5.11654329299927 5.10383749008179 5.09113121032715 5.07842540740967 5.06571960449219 5.05444622039795 5.05392789840698 5.05340957641602 5.05289125442505 5.05237245559692 5.05185413360596 5.05133581161499 5.05081701278687 5.0502986907959 5.04978036880493 5.04981851577759 5.05587863922119 5.06193876266479 5.06799840927124 5.07405853271484
5.17204999923706 5.199866771698 5.22768354415894 5.25550031661987 5.28331708908081 5.31113386154175 5.33895063400269 5.36020278930664 5.35768842697144 5.35517406463623 5.35265970230103 5.35014533996582 5.34763097763062 5.34511661529541 5.34260225296021 5.34008836746216 5.33757400512695 5.33236837387085 5.31518745422363 5.29800653457642 5.28082513809204 5.26364421844482 5.24646329879761 5.22928190231323 5.21210098266602 5.1949200630188 5.17773866653442 5.16109132766724 5.14745378494263 5.13381671905518 5.12017917633057 5.10654163360596 5.09290456771851 5.0792670249939 5.06562948226929 5.05199241638184 5.03835487365723 5.02617025375366 5.02488660812378 5.0236029624939 5.02231931686401 5.02103567123413 5.01975202560425 5.01846837997437 5.01718473434448 5.0159010887146 5.01461744308472 5.0139102935791 5.01943445205688 5.02495908737183 5.03048324584961 5.03600788116455
5.14916515350342 5.17974901199341 5.21033239364624 5.24091577529907 5.27149963378906 5.30208301544189 5.33266687393188 5.35605812072754 5.35340881347656 5.35075950622559 5.34811019897461 5.34546089172363 5.34281158447266 5.34016227722168 5.33751249313354 5.33486318588257 5.33221387863159 5.32665395736694 5.30814027786255 5.289626121521 5.2711124420166 5.25259828567505 5.23408460617065 5.2155704498291 5.19705677032471 5.17854261398315 5.16002893447876 5.14210891723633 5.12754011154175 5.11297130584717 5.09840297698975 5.08383417129517 5.06926536560059 5.05469655990601 5.04012775421143 5.025559425354 5.01099061965942 4.99789381027222 4.99584531784058 4.99379634857178 4.99174737930298 4.98969888687134 4.98764991760254 4.98560094833374 4.9835524559021 4.9815034866333 4.97945499420166 4.97800159454346 4.98299026489258 4.98797941207886 4.99296808242798 4.99795722961426
5.12628078460693 5.15963077545166 5.19298124313354 5.22633171081543 5.25968217849731 5.2930326461792 5.32638311386108 5.35191297531128 5.34912872314453 5.34634447097778 5.34356021881104 5.34077596664429 5.33799171447754 5.33520746231079 5.33242273330688 5.32963848114014 5.32685422897339 5.32093954086304 5.30109262466431 5.28124618530273 5.261399269104 5.24155282974243 5.2217059135437 5.20185899734497 5.1820125579834 5.16216564178467 5.1423192024231 5.12312650680542 5.10762643814087 5.09212636947632 5.07662630081177 5.06112623214722 5.04562616348267 5.03012609481812 5.01462602615356 4.99912595748901 4.98362588882446 4.96961784362793 4.96680355072021 4.96398973464966 4.9611759185791 4.95836162567139 4.95554780960083 4.95273399353027 4.94992017745972 4.947105884552 4.94429206848145 4.94209337234497 4.94654655456543 4.95099973678589 4.95545291900635 4.95990610122681
5.10218381881714 5.13755130767822 5.17291831970215 5.20828580856323 5.24365329742432 5.27902030944824 5.31438779830933 5.34144639968872 5.33842182159424 5.33539772033691 5.33237361907959 5.32934904098511 5.32632493972778 5.32330083847046 5.32027626037598 5.31725215911865 5.31422805786133 5.30794715881348 5.28717517852783 5.26640319824219 5.24563121795654 5.2248592376709 5.20408725738525 5.18331527709961 5.16254329681396 5.14177131652832 5.12099933624268 5.10090780258179 5.08465671539307 5.06840562820435 5.05215454101562 5.0359034538269 5.01965284347534 5.00340175628662 4.9871506690979 4.97089958190918 4.95464849472046 4.93990325927734 4.93645906448364 4.9330153465271 4.9295711517334 4.9261269569397 4.922682762146 4.91923856735229 4.91579484939575 4.91235065460205 4.90890645980835 4.90610313415527 4.91022825241089 4.91435384750366 4.91847896575928 4.92260408401489
5.07401609420776 5.10888147354126 5.14374685287476 5.17861223220825 5.21347808837891 5.2483434677124 5.2832088470459 5.30974578857422 5.30612897872925 5.30251216888428 5.29889535903931 5.29527854919434 5.29166173934937 5.28804492950439 5.28442811965942 5.28081130981445 5.27719449996948 5.27051115036011 5.25018262863159 5.22985458374023 5.20952606201172 5.1891975402832 5.16886901855469 5.14854049682617 5.12821197509766 5.1078839302063 5.08755540847778 5.0678186416626 5.05142259597778 5.03502655029297 5.018630027771 5.00223398208618 4.98583793640137 4.96944189071655 4.95304536819458 4.93664932250977 4.92025327682495 4.90535926818848 4.90173816680908 4.89811754226685 4.89449691772461 4.89087581634521 4.88725519180298 4.88363456726074 4.88001346588135 4.87639284133911 4.87277221679688 4.86983823776245 4.87433290481567 4.8788275718689 4.88332223892212 4.8878173828125
5.04584789276123 5.0802116394043 5.11457538604736 5.14893913269043 5.18330240249634 5.2176661491394 5.25202989578247 5.27804565429688 5.27383613586426 5.26962661743164 5.26541709899902 5.26120758056641 5.25699853897095 5.25278902053833 5.24857950210571 5.2443699836731 5.24016046524048 5.23307514190674 5.21319055557251 5.19330549240112 5.17342042922974 5.15353584289551 5.13365077972412 5.11376619338989 5.09388113021851 5.07399606704712 5.05411148071289 5.03472995758057 5.0181884765625 5.00164699554443 4.98510551452637 4.96856451034546 4.95202302932739 4.93548154830933 4.91894054412842 4.90239906311035 4.88585758209229 4.87081480026245 4.86701726913452 4.86321973800659 4.85942220687866 4.85562467575073 4.85182762145996 4.84803009033203 4.8442325592041 4.84043502807617 4.83663749694824 4.83357334136963 4.83843755722046 4.84330177307129 4.84816598892212 4.85303020477295
5.01768016815186 5.05154180526733 5.08540391921997 5.11926555633545 5.15312719345093 5.18698930740356 5.22085094451904 5.24634504318237 5.24154281616211 5.236741065979 5.23193883895874 5.22713708877563 5.22233486175537 5.21753311157227 5.212730884552 5.2079291343689 5.20312690734863 5.19563913345337 5.17619800567627 5.15675640106201 5.13731527328491 5.11787414550781 5.09843254089355 5.07899141311646 5.0595498085022 5.0401086807251 5.020667552948 5.00164079666138 4.98495435714722 4.96826791763306 4.95158100128174 4.93489456176758 4.91820812225342 4.90152168273926 4.8848352432251 4.86814880371094 4.85146236419678 4.83627033233643 4.83229637145996 4.8283224105835 4.82434797286987 4.82037401199341 4.81639957427979 4.81242561340332 4.80845165252686 4.80447721481323 4.80050325393677 4.79730844497681 4.80254173278809 4.80777549743652 4.81300926208496 4.8182430267334
4.98951244354248 5.02287197113037 5.05623197555542 5.08959197998047 5.12295198440552 5.15631198883057 5.18967199325562 5.21464443206787 5.20924997329712 5.20385551452637 5.19846105575562 5.19306612014771 5.18767166137695 5.1822772026062 5.17688274383545 5.1714882850647 5.16609334945679 5.158203125 5.13920545578003 5.12020778656006 5.10120964050293 5.08221197128296 5.06321430206299 5.04421663284302 5.02521896362305 5.00622129440308 4.98722314834595 4.96855163574219 4.95172023773193 4.93488836288452 4.91805696487427 4.90122509002686 4.88439321517944 4.86756181716919 4.85072994232178 4.83389854431152 4.81706666946411 4.80172634124756 4.7975754737854 4.79342460632324 4.78927373886108 4.78512287139893 4.78097200393677 4.77682113647461 4.77267026901245 4.76851940155029 4.76436853408813 4.76104354858398 4.76664638519287 4.77224969863892 4.77785301208496 4.78345584869385
4.96134424209595 4.99420261383057 5.02706050872803 5.05991888046265 5.09277677536011 5.12563514709473 5.15849304199219 5.18294429779053 5.17695713043213 5.17096996307373 5.16498279571533 5.15899562835693 5.15300846099854 5.14702129364014 5.14103412628174 5.13504695892334 5.12905979156494 5.12076711654663 5.10221290588379 5.08365869522095 5.06510448455811 5.04655027389526 5.02799606323242 5.00944185256958 4.99088764190674 4.9723334312439 4.95377922058105 4.935462474823 4.91848564147949 4.90150880813599 4.88453245162964 4.86755561828613 4.85057878494263 4.83360195159912 4.81662511825562 4.79964828491211 4.7826714515686 4.76718187332153 4.76285457611084 4.75852680206299 4.75419950485229 4.74987173080444 4.74554443359375 4.7412166595459 4.73688936233521 4.73256158828735 4.72823429107666 4.72477865219116 4.73075103759766 4.73672389984131 4.7426962852478 4.74866914749146
