R_scripts/int_process_data/Bio_13_2001.2020.asc
NCOLS 281 
NROWS 577 
XLLCORNER 81175.2677831308 
YLLCORNER -911.770678700996 
CELLSIZE 1000 
NODATA_value -3.4e+38 
[rows 483 to 503 of 577, columns 96 to 143 of 281]
5.32190291835377e-08 5.30122541420042e-08 5.28497032803443e-08 5.27131192029628e-08 5.23144194630731e-08 5.18963467754929e-08 5.1374023257722e-08 5.09888131716707e-08 5.07304420693799e-08 5.04928650002512e-08 5.02346786390717e-08 5.01351955506379e-08 4.99417076582631e-08 4.96709944286522e-08 4.94652212523761e-08 4.92134546448142e-08 4.90493228255673e-08 4.9058694884252e-08 4.90474256764628e-08 4.89437468331744e-08 4.88802136544564e-08 4.87404605564734e-08 4.86758402473697e-08 4.8673790331577e-08 4.85729678700864e-08 4.84560018776392e-08 4.84157745006542e-08 4.84055995286781e-08 4.83773909820684e-08 4.83531472639243e-08 4.82854112249242e-08 4.83017572605604e-08 4.82979203297873e-08 4.83035620391092e-08 4.8388123730092e-08 4.84772471054384e-08 4.84136926104384e-08 4.83341686674521e-08 4.84051270177588e-08 4.85464752841835e-08 4.87027413953456e-08 4.88222831052099e-08 4.88160125655668e-08 4.88183005131759e-08 4.87775650981348e-08 4.87714082453294e-08 4.88313780522276e-08 4.88826543687537e-08
5.30333323922605e-08 5.27889483237232e-08 5.27016048579299e-08 5.26166985537202e-08 5.23730392387733e-08 5.19986258495919e-08 5.15849478688324e-08 5.12742417413392e-08 5.09779027879631e-08 5.06181727644162e-08 5.03542558760728e-08 5.02269266178246e-08 4.998277702839e-08 4.97076904082405e-08 4.9389555556445e-08 4.91543410419126e-08 4.9125468137845e-08 4.91228178134406e-08 4.9023764603362e-08 4.89503833023264e-08 4.88645568452739e-08 4.86563571655552e-08 4.85140212447277e-08 4.84747459950086e-08 4.84458873017957e-08 4.84049493820748e-08 4.83427164965633e-08 4.82966839854271e-08 4.82954192193574e-08 4.82597393158812e-08 4.81393129803109e-08 4.81002757624083e-08 4.80606487940349e-08 4.81086317449808e-08 4.82217004105223e-08 4.82565845061345e-08 4.82373359034227e-08 4.81878892344412e-08 4.82421036451797e-08 4.83397712969236e-08 4.84880509077357e-08 4.86168154623101e-08 4.85437254837962e-08 4.85050897225392e-08 4.85107527481432e-08 4.8540861996571e-08 4.85964157803664e-08 4.86310156588843e-08
5.29697246065552e-08 5.27138084294165e-08 5.26052517102471e-08 5.24517709266092e-08 5.23865075763297e-08 5.21625196370223e-08 5.16878913003893e-08 5.14131279771846e-08 5.10333713066302e-08 5.0679815899457e-08 5.03940142948522e-08 5.02597892193535e-08 4.99948384913296e-08 4.96928471704905e-08 4.93493779174514e-08 4.90809206610265e-08 4.90623150994907e-08 4.91381655365331e-08 4.904650552362e-08 4.89308078499562e-08 4.87540283700127e-08 4.85566964414375e-08 4.83841624543402e-08 4.83629563063914e-08 4.83857007793631e-08 4.83747442103777e-08 4.83234678938516e-08 4.82602864337878e-08 4.8209692238288e-08 4.81040380861941e-08 4.8014999975976e-08 4.7973522043776e-08 4.79248534190901e-08 4.79931578922788e-08 4.80781920941808e-08 4.80189079610227e-08 4.79992863233747e-08 4.80358153254201e-08 4.81050079770284e-08 4.81626400983259e-08 4.82528790257675e-08 4.83512607729608e-08 4.82557176439968e-08 4.82178386107535e-08 4.82493724973665e-08 4.82965916148714e-08 4.83376609849984e-08 4.83669246875706e-08
5.28721528780807e-08 5.2572623587821e-08 5.24660954681622e-08 5.23651557671201e-08 5.2257291827118e-08 5.20984002605474e-08 5.17536236088745e-08 5.13527034229355e-08 5.08863884363109e-08 5.04660988553951e-08 5.01397678931426e-08 5.00356804877811e-08 4.97914243169362e-08 4.95737886296865e-08 4.93033951443067e-08 4.91139822145215e-08 4.90627698468415e-08 4.90696905330879e-08 4.89404357040257e-08 4.87906532953275e-08 4.8580183431568e-08 4.83931650308023e-08 4.8286011633536e-08 4.83134918738415e-08 4.83204409817972e-08 4.82507189758508e-08 4.82119340006193e-08 4.81325912460306e-08 4.80562434290732e-08 4.79920174711879e-08 4.79403965414349e-08 4.79148383192296e-08 4.78638746415072e-08 4.78599702091742e-08 4.7898463861884e-08 4.78223398658884e-08 4.77620005767676e-08 4.78243862289673e-08 4.7903828459539e-08 4.79810147169246e-08 4.80720210305208e-08 4.80971173999478e-08 4.79809472153647e-08 4.79546713449963e-08 4.79942556808055e-08 4.80263580016072e-08 4.8082625880852e-08 4.81416648767663e-08
5.27073282796664e-08 5.24670333845734e-08 5.24363343856749e-08 5.23216847625463e-08 5.19789615793798e-08 5.18352294420765e-08 5.17276781408782e-08 5.11236351030675e-08 5.07045783137983e-08 5.04251538302469e-08 4.9997488815734e-08 4.97460810322536e-08 4.95375509501628e-08 4.94420859808997e-08 4.93380021282519e-08 4.92615725988799e-08 4.9132680146613e-08 4.89282960813853e-08 4.86753144457452e-08 4.85519855430994e-08 4.83832174325016e-08 4.82581654637215e-08 4.82362132459002e-08 4.82289728154228e-08 4.81754440784243e-08 4.80952415671254e-08 4.80557531545855e-08 4.79955453158709e-08 4.79628781135943e-08 4.79424890897917e-08 4.78856101437941e-08 4.77982062818683e-08 4.77713193447471e-08 4.77347086302871e-08 4.76826080841875e-08 4.76544279592872e-08 4.76189185860676e-08 4.76336303734115e-08 4.76674024696422e-08 4.77859813940995e-08 4.79431676581044e-08 4.79284310017647e-08 4.77058819114973e-08 4.76652104453024e-08 4.76982364716605e-08 4.77535735399215e-08 4.78444128759747e-08 4.79205475301114e-08
5.25458041522597e-08 5.24726431194722e-08 5.23979579725165e-08 5.21901135641656e-08 5.1846583914994e-08 5.18877634192449e-08 5.18064737775603e-08 5.11513391643348e-08 5.06819937129421e-08 5.05366593017698e-08 5.01124972629441e-08 4.97433028101568e-08 4.9571681870475e-08 4.95721508286806e-08 4.94631819947244e-08 4.93358278674805e-08 4.91275677916292e-08 4.89119926783133e-08 4.86153730605565e-08 4.83973039422381e-08 4.81874025126672e-08 4.81592685730448e-08 4.81584088163345e-08 4.81120245865441e-08 4.80762203380891e-08 4.80255728518841e-08 4.80041997263925e-08 4.79837467537436e-08 4.79346340398479e-08 4.78490065347614e-08 4.77503512286148e-08 4.76750798839021e-08 4.76822989980974e-08 4.76119268455477e-08 4.7520572366011e-08 4.75944332833933e-08 4.76085091349887e-08 4.75797286014767e-08 4.76148578343327e-08 4.77046135927139e-08 4.77832742262763e-08 4.77817962973859e-08 4.7656996571277e-08 4.7513527334786e-08 4.7423547755443e-08 4.75165720104087e-08 4.7650569712232e-08 4.77419490607645e-08
5.2568829289612e-08 5.23690957265899e-08 5.22397947122499e-08 5.21386738228102e-08 5.20201126619213e-08 5.19941991683481e-08 5.16990397159134e-08 5.14857241284972e-08 5.11774196354509e-08 5.08263688914212e-08 5.03252124417486e-08 4.99915913110272e-08 4.99298593581443e-08 4.98946590710148e-08 4.96805014904567e-08 4.94405902884409e-08 4.91985012729401e-08 4.90026508259689e-08 4.88524634079113e-08 4.85962416973962e-08 4.82912696497806e-08 4.81913211558549e-08 4.82192561435113e-08 4.82352291442112e-08 4.82520761124761e-08 4.82207056506923e-08 4.81983626343663e-08 4.81671946772622e-08 4.80502038158193e-08 4.793359309474e-08 4.78504915690792e-08 4.78298183281822e-08 4.7815895243275e-08 4.77151971267631e-08 4.76830024354058e-08 4.77921169306228e-08 4.78574406770349e-08 4.78466049003146e-08 4.78895145761271e-08 4.79265054309508e-08 4.78567194761581e-08 4.77667221332467e-08 4.77568953272112e-08 4.77045993818592e-08 4.75590731241482e-08 4.76272745686401e-08 4.77410004862122e-08 4.78238355583471e-08
5.26404200229535e-08 5.21982848056268e-08 5.21588461310785e-08 5.22272820546732e-08 5.22932097624107e-08 5.19500886753121e-08 5.14399225437501e-08 5.14154976372083e-08 5.13604270224732e-08 5.10517104146402e-08 5.05241679604751e-08 5.02305219640675e-08 5.03346804237026e-08 5.02227273102562e-08 4.99724954750036e-08 4.973877665293e-08 4.94758012337115e-08 4.92455676237569e-08 4.90805227570945e-08 4.89475660003791e-08 4.86536677613003e-08 4.83950586271931e-08 4.83471573886618e-08 4.84238498188461e-08 4.84501683217786e-08 4.84333568806505e-08 4.84372506548425e-08 4.84194693228801e-08 4.82698148118743e-08 4.81490047832267e-08 4.81414303976635e-08 4.81220538972593e-08 4.80612705189287e-08 4.79842725553681e-08 4.79770640993138e-08 4.80735273811206e-08 4.81898858595287e-08 4.81860844558923e-08 4.81727404633148e-08 4.81744244495985e-08 4.80877986319683e-08 4.79780233320071e-08 4.790558705281e-08 4.79121169405516e-08 4.79189310453876e-08 4.79655319907124e-08 4.79919570750553e-08 4.80240416322886e-08
5.27338208655692e-08 5.23481809011628e-08 5.22638821109922e-08 5.23200718305361e-08 5.23783576511505e-08 5.18487439649107e-08 5.13846316607669e-08 5.11921989243547e-08 5.12840827582295e-08 5.11592546104112e-08 5.08440933799648e-08 5.06789987753109e-08 5.06800574839872e-08 5.05075909984498e-08 5.02118311374034e-08 4.99846919410629e-08 4.97272907296065e-08 4.95491931928882e-08 4.93323213390795e-08 4.91894525112002e-08 4.90276406139856e-08 4.87614428834604e-08 4.85807660766113e-08 4.85484754619847e-08 4.85751634471399e-08 4.867981928669e-08 4.87233506873963e-08 4.86570463920089e-08 4.848483925457e-08 4.83927280470198e-08 4.84201976291843e-08 4.83998832123689e-08 4.83608602053209e-08 4.83437112563934e-08 4.83139004359145e-08 4.83732627287736e-08 4.84242583809191e-08 4.83652797811374e-08 4.83816187113462e-08 4.83745772328348e-08 4.83149769081592e-08 4.82804125567782e-08 4.81794764084498e-08 4.81144333264183e-08 4.81419100140101e-08 4.82156430337e-08 4.82425228653938e-08 4.82752469110892e-08
5.29659303083463e-08 5.27633190472443e-08 5.26110355281162e-08 5.25677172902306e-08 5.24877279417524e-08 5.18787608427829e-08 5.13741511554144e-08 5.12079729730885e-08 5.13886710962197e-08 5.12412299258358e-08 5.11092963506599e-08 5.10630542294166e-08 5.09309643348388e-08 5.0698929499049e-08 5.04621553432116e-08 5.01965651267255e-08 4.9938833512897e-08 4.96884027256783e-08 4.95259264710057e-08 4.93337246609826e-08 4.9249692324338e-08 4.91356644261032e-08 4.89864682151619e-08 4.88772826656714e-08 4.88363909312284e-08 4.89463758412967e-08 4.89546465587409e-08 4.88501541440201e-08 4.87386806469203e-08 4.86731224214054e-08 4.86598565885288e-08 4.86562790058542e-08 4.87062443710329e-08 4.87464610898769e-08 4.87213718258772e-08 4.87147033823021e-08 4.86225317786193e-08 4.85613433909293e-08 4.86189257742353e-08 4.86030771185142e-08 4.85178794917829e-08 4.84914934872904e-08 4.84687632251735e-08 4.84086228880187e-08 4.84111559728717e-08 4.84524100841099e-08 4.85268749628176e-08 4.8599893887058e-08
5.31743573617405e-08 5.30110355612123e-08 5.29279695626883e-08 5.2854773002764e-08 5.26423740154769e-08 5.20206988596783e-08 5.13422691028609e-08 5.12665181418015e-08 5.15032496650747e-08 5.14116358374395e-08 5.12665963015024e-08 5.12051521184276e-08 5.11467419528344e-08 5.09492252831478e-08 5.07226403101413e-08 5.04836776826778e-08 5.02182864181577e-08 4.99100671902397e-08 4.97007661692805e-08 4.95016259094427e-08 4.93880030205673e-08 4.93417928737472e-08 4.92927014761335e-08 4.92691007991652e-08 4.92073226610046e-08 4.91892642173752e-08 4.90806044695091e-08 4.89795866087661e-08 4.89763394284637e-08 4.89663065650348e-08 4.89240861156759e-08 4.89680047621732e-08 4.90263758479159e-08 4.90412546128027e-08 4.89832459038553e-08 4.89456226659968e-08 4.88237930085234e-08 4.87826277151271e-08 4.88021818512152e-08 4.88135185605643e-08 4.87572755503152e-08 4.86836384538947e-08 4.86947797639914e-08 4.87133675619589e-08 4.87634466139752e-08 4.87975633234328e-08 4.88463989256616e-08 4.88823879152278e-08
5.30808641485692e-08 5.29276782401666e-08 5.29592405484891e-08 5.28617718487112e-08 5.26956185353811e-08 5.22386187640222e-08 5.14453084576871e-08 5.14601730117192e-08 5.16911384806917e-08 5.16601801336947e-08 5.14337550328037e-08 5.12769275928804e-08 5.13358990872348e-08 5.11837470185128e-08 5.09238375911991e-08 5.07757746959214e-08 5.06042532322226e-08 5.02998069862315e-08 4.99483974181203e-08 4.97604766280801e-08 4.96040080122384e-08 4.95476903950021e-08 4.95222920449123e-08 4.95472392003649e-08 4.9542105529099e-08 4.95085750173985e-08 4.94341030332635e-08 4.93154530545326e-08 4.92367462356924e-08 4.924628527192e-08 4.93099605591851e-08 4.93670917478539e-08 4.93917973187763e-08 4.93078573526873e-08 4.91641856115166e-08 4.91181886275172e-08 4.90251785834062e-08 4.89854770080456e-08 4.89777143286574e-08 4.89805707104551e-08 4.89939466774558e-08 4.89834128813982e-08 4.9010481006917e-08 4.90430061006464e-08 4.90878591108412e-08 4.91205049968357e-08 4.916058671256e-08 4.92005760577285e-08
5.29400665527646e-08 5.28764267926363e-08 5.28961017209895e-08 5.27116981174913e-08 5.26348173934821e-08 5.23828127541037e-08 5.17754799034265e-08 5.18259568593749e-08 5.19187786096609e-08 5.18092022616656e-08 5.16059444066741e-08 5.14515896554713e-08 5.15389757538287e-08 5.14082465485899e-08 5.11068769526446e-08 5.09073991850073e-08 5.08267419263575e-08 5.0621547842411e-08 5.02961370330013e-08 5.00338259712407e-08 4.98831447259818e-08 4.98889782818424e-08 4.98719181507568e-08 4.98649370683779e-08 4.98458057052176e-08 4.98786789648875e-08 4.99402759146506e-08 4.99013168564488e-08 4.97475731719987e-08 4.95897083396812e-08 4.96740319988476e-08 4.97228995754995e-08 4.96579950493015e-08 4.95576593095848e-08 4.93768297360475e-08 4.92528613449394e-08 4.92140834751353e-08 4.92002207863607e-08 4.91851892547857e-08 4.92038303434583e-08 4.92223115600154e-08 4.92349059300068e-08 4.92813541086434e-08 4.93239227239428e-08 4.93719838345896e-08 4.94175331766655e-08 4.94825407315602e-08 4.95346590412282e-08
5.29928776416e-08 5.30848680568852e-08 5.2841610198584e-08 5.25824752628523e-08 5.25636849602051e-08 5.23347409853159e-08 5.19864435943873e-08 5.20501153289388e-08 5.21052356816654e-08 5.19222567163524e-08 5.17391427479197e-08 5.1759347030611e-08 5.17498968122254e-08 5.15638696185761e-08 5.1349513086052e-08 5.10844451184767e-08 5.089248134027e-08 5.08025053136407e-08 5.06649051601471e-08 5.03409225416362e-08 5.01593717672222e-08 5.02133623569989e-08 5.02632246934809e-08 5.02702306448555e-08 5.0205784418722e-08 5.01962595933492e-08 5.03016472919171e-08 5.02861361439955e-08 5.02002350799557e-08 5.01240613459686e-08 5.00573804629312e-08 4.98645924551511e-08 4.9841332838696e-08 4.97412351307958e-08 4.95698415647894e-08 4.9446949645926e-08 4.94192100575219e-08 4.94076921597753e-08 4.94325504973858e-08 4.94525593808248e-08 4.94489498237272e-08 4.94714420540276e-08 4.95226863961307e-08 4.95948668799429e-08 4.969493261342e-08 4.97537797627956e-08 4.97934102838826e-08 4.98405050564088e-08
5.29711492447404e-08 5.31114139334932e-08 5.27358743340756e-08 5.24589509609541e-08 5.24599528262115e-08 5.23022407605822e-08 5.21076692905353e-08 5.22024237170626e-08 5.22616652176566e-08 5.20427043682048e-08 5.18738438870514e-08 5.20428073969015e-08 5.19515452879205e-08 5.17664382471139e-08 5.1534868816816e-08 5.12817273090604e-08 5.10269408948716e-08 5.09087989541968e-08 5.09050934738298e-08 5.07153927742365e-08 5.04967019310243e-08 5.04972312853624e-08 5.0577426691234e-08 5.0598806922153e-08 5.05638055869895e-08 5.0530186257447e-08 5.05557196106565e-08 5.04627664099644e-08 5.0385366989758e-08 5.04022814595828e-08 5.02742629748809e-08 5.00980981144039e-08 5.00535151104486e-08 4.9865246154468e-08 4.97123018305956e-08 4.96765117929954e-08 4.96153091944507e-08 4.96208372169349e-08 4.96718435272214e-08 4.96690013562784e-08 4.97162986334843e-08 4.97772809637809e-08 4.98378120994403e-08 4.99065535564114e-08 5.00269692338406e-08 5.00924244306589e-08 5.01072427994131e-08 5.0089525416297e-08
5.28165564617211e-08 5.27146752915542e-08 5.24106340549224e-08 5.22376417677606e-08 5.23376186833957e-08 5.22840650774015e-08 5.21932896901944e-08 5.23221714843203e-08 5.23176240108114e-08 5.21871328373891e-08 5.20771514800344e-08 5.22485699150366e-08 5.21097227590417e-08 5.19468343895824e-08 5.17607574579415e-08 5.1526861000184e-08 5.12540339059342e-08 5.10707103273944e-08 5.09795690106785e-08 5.09006206073082e-08 5.08262587572972e-08 5.08067117266364e-08 5.08376913899156e-08 5.08388424691475e-08 5.07418320694342e-08 5.07960749018821e-08 5.07980537634012e-08 5.06233419628188e-08 5.05946964324266e-08 5.05890973556689e-08 5.04581940674598e-08 5.03625301462307e-08 5.03352985958827e-08 5.01014838505398e-08 4.98908434565237e-08 4.9856364370271e-08 4.98327352715933e-08 4.98997962949943e-08 4.99162773337503e-08 4.99337176051995e-08 5.00335310960054e-08 5.01302608313381e-08 5.02002599489515e-08 5.02719572637034e-08 5.03181603050962e-08 5.03026242881788e-08 5.03092891790402e-08 5.03154531372729e-08
5.24045233873949e-08 5.20875360621176e-08 5.19644274277198e-08 5.17920071274602e-08 5.21317282675682e-08 5.22446796935583e-08 5.22410701364606e-08 5.23640011351745e-08 5.22975476258125e-08 5.23137657637562e-08 5.23740411040308e-08 5.24415781910648e-08 5.22965315497004e-08 5.21232763617263e-08 5.18896392520674e-08 5.17010434464282e-08 5.14574125531908e-08 5.12741067382194e-08 5.11332309827139e-08 5.10587270241558e-08 5.1119570798619e-08 5.11561104588054e-08 5.11044362383473e-08 5.10325719460525e-08 5.10047470925201e-08 5.10885200810662e-08 5.09727691166972e-08 5.08022530709695e-08 5.07828907814201e-08 5.07317707842958e-08 5.06702058089559e-08 5.06424910895475e-08 5.05880493051336e-08 5.03906143478616e-08 5.01613044434635e-08 5.0032152643098e-08 5.00946910619859e-08 5.01647754447276e-08 5.01792776219645e-08 5.02689445625037e-08 5.0352760183614e-08 5.04428925296452e-08 5.05190804744871e-08 5.05623987123727e-08 5.05443829013075e-08 5.05106427794999e-08 5.0533913054096e-08 5.05558723773447e-08
5.2028333641374e-08 5.15262215117218e-08 5.14368139192811e-08 5.14448288413405e-08 5.19033349632991e-08 5.21531120512009e-08 5.21485361559826e-08 5.22831911098365e-08 5.23355900838851e-08 5.24503001031462e-08 5.25576879795153e-08 5.26261203503964e-08 5.24564498505242e-08 5.22746930187168e-08 5.20476604037867e-08 5.18755136624804e-08 5.17131972799234e-08 5.15314084736929e-08 5.13366664733894e-08 5.12605353719664e-08 5.13413915825822e-08 5.13632762988436e-08 5.12971602972812e-08 5.12453084411391e-08 5.12929005935803e-08 5.1390237842952e-08 5.12076816505669e-08 5.10365119055223e-08 5.09434876505566e-08 5.08746502703161e-08 5.08626101236587e-08 5.08329769388638e-08 5.07988247022695e-08 5.06418764700811e-08 5.04227237740906e-08 5.02936607915672e-08 5.03599402179589e-08 5.03845676291803e-08 5.04383876887005e-08 5.05522841365291e-08 5.06548794021455e-08 5.07012956063591e-08 5.07454807063823e-08 5.07602031518672e-08 5.07020097018085e-08 5.0712511523443e-08 5.07571691343855e-08 5.07228463675347e-08
5.14282270103195e-08 5.10093478567342e-08 5.10575759449239e-08 5.13904403476317e-08 5.18545348882071e-08 5.20693106409453e-08 5.21494634142528e-08 5.22790770673964e-08 5.23991694478809e-08 5.26082324370236e-08 5.27949843842634e-08 5.27915915427002e-08 5.25983487875692e-08 5.23791356954462e-08 5.21895771044001e-08 5.20682199578459e-08 5.1941452028359e-08 5.17931084687007e-08 5.15986826599146e-08 5.15282181368093e-08 5.15540712342499e-08 5.1539149836799e-08 5.15504581244386e-08 5.15647045062906e-08 5.15265021761024e-08 5.15666620515276e-08 5.13831110993124e-08 5.12417486220329e-08 5.1135408796199e-08 5.10644042606145e-08 5.10527158326113e-08 5.10483175730769e-08 5.10398621145214e-08 5.08594162340614e-08 5.06562223279161e-08 5.05659301097694e-08 5.05920318971675e-08 5.06077171280594e-08 5.07149913175908e-08 5.08309305757848e-08 5.09127566772349e-08 5.09289499461829e-08 5.09899358291932e-08 5.09588211627943e-08 5.09060704700914e-08 5.09494384459686e-08 5.09692270611595e-08 5.08399295995332e-08
5.06843811365343e-08 5.09598159226243e-08 5.13428837223273e-08 5.15165723413702e-08 5.19177660862624e-08 5.2303459341374e-08 5.23855980816279e-08 5.24853440708739e-08 5.24896890397031e-08 5.27067065547726e-08 5.29531334336752e-08 5.29055732556571e-08 5.26609333917349e-08 5.24864631756827e-08 5.23162810850408e-08 5.21337071290873e-08 5.19803116105777e-08 5.19018499289814e-08 5.18069107613428e-08 5.17385352338806e-08 5.17053528881206e-08 5.17413134559774e-08 5.18013649752902e-08 5.17998977045409e-08 5.18281986217062e-08 5.17655429632669e-08 5.15144371604492e-08 5.13771603039004e-08 5.12768387750384e-08 5.12196507429508e-08 5.12366327143354e-08 5.12946485287102e-08 5.12854576584232e-08 5.10761779537461e-08 5.08989117520287e-08 5.07873778587964e-08 5.08221233985751e-08 5.09098931900098e-08 5.10152311505863e-08 5.10940267872684e-08 5.11376221368209e-08 5.1171987536236e-08 5.11642355149888e-08 5.11336608610691e-08 5.11488877918964e-08 5.11770785749377e-08 5.11230844324473e-08 5.09878468335501e-08
5.05421375862625e-08 5.11491045074308e-08 5.19296783352274e-08 5.21372598427661e-08 5.23502663440922e-08 5.27592689536505e-08 5.2723027721413e-08 5.28393790943937e-08 5.27613934764304e-08 5.27852357379288e-08 5.29421662065488e-08 5.29796260195781e-08 5.27498187352649e-08 5.25585974742171e-08 5.23824787990179e-08 5.23195780033348e-08 5.22152490134431e-08 5.21485787885467e-08 5.20238856438482e-08 5.19123233289065e-08 5.18944140992517e-08 5.19639549168005e-08 5.20009990623294e-08 5.19929237441374e-08 5.20859551045305e-08 5.20215728272433e-08 5.18497564883091e-08 5.16286391416543e-08 5.14424414177483e-08 5.14104563364981e-08 5.14491205194645e-08 5.15241787013565e-08 5.15084295216184e-08 5.12895788062906e-08 5.11373841050045e-08 5.10650579599314e-08 5.11301614380955e-08 5.12237043892583e-08 5.12720497169994e-08 5.12956646048224e-08 5.13605300511699e-08 5.14256477401887e-08 5.13512112831904e-08 5.13298488158398e-08 5.14182936228735e-08 5.14141973440019e-08 5.12822140308344e-08 5.11551370152574e-08
