R_scripts/int_process_data/Bio_03_2001.2020.asc
NCOLS 281 
NROWS 577 
XLLCORNER 81175.2677831308 
YLLCORNER -911.770678700996 
CELLSIZE 1000 
NODATA_value -3.4e+38 
[rows 161 to 183 of 577, columns 52 to 103 of 281]
-3.4e+38 -3.4e+38 -3.4e+38 -3.4e+38 -3.4e+38 -3.4e+38 -3.4e+38 -3.4e+38 -3.4e+38 -3.4e+38 -3.4e+38 -3.4e+38 -3.4e+38 -3.4e+38 -3.4e+38 49.2517471313477 49.3515968322754 49.5020408630371 49.6526069641113 49.7816925048828 49.9009475708008 50.0176277160645 50.132682800293 50.246036529541 50.3627586364746 50.4687232971191 50.5776748657227 50.6961517333984 50.8180618286133 50.9398803710938 51.0611038208008 51.0750694274902 50.9721412658691 50.8854103088379 50.8464622497559 50.888542175293 50.9374046325684 51.0170555114746 51.2548751831055 51.6015243530273 51.5456581115723 51.412353515625 51.2436332702637 51.3829765319824 51.281909942627 51.3315925598145 51.5845947265625 51.501163482666 51.1949653625488 50.6806488037109 50.1869506835938 49.3821868896484
-3.4e+38 -3.4e+38 -3.4e+38 -3.4e+38 -3.4e+38 -3.4e+38 -3.4e+38 -3.4e+38 -3.4e+38 -3.4e+38 -3.4e+38 -3.4e+38 -3.4e+38 -3.4e+38 -3.4e+38 49.2696342468262 49.3704605102539 49.5243492126465 49.6742858886719 49.8091850280762 49.9404067993164 50.0544967651367 50.1673583984375 50.2820320129395 50.3954544067383 50.4637260437012 50.560173034668 50.6999549865723 50.8399124145508 50.9717483520508 51.0992774963379 51.0547523498535 50.9151039123535 50.9003868103027 50.9182205200195 50.9787788391113 51.035888671875 51.1038131713867 51.2090225219727 51.5775375366211 51.6396102905273 51.5630378723145 51.5914344787598 51.6268196105957 51.4878387451172 51.418155670166 51.3060111999512 51.144157409668 51.0239868164062 50.5651206970215 50.2569389343262 49.3585052490234
-3.4e+38 -3.4e+38 -3.4e+38 -3.4e+38 -3.4e+38 -3.4e+38 -3.4e+38 -3.4e+38 -3.4e+38 -3.4e+38 -3.4e+38 -3.4e+38 -3.4e+38 -3.4e+38 -3.4e+38 49.2620124816895 49.3913497924805 49.5469017028809 49.6963386535645 49.8313522338867 49.9708061218262 50.0933113098145 50.2064361572266 50.3263130187988 50.4173164367676 50.4705238342285 50.5583457946777 50.6868171691895 50.859504699707 51.0125427246094 51.1286773681641 51.063907623291 50.975212097168 50.9957389831543 51.0657348632812 51.1085777282715 51.15380859375 51.1805152893066 51.2442398071289 51.5359916687012 51.7368507385254 51.7057762145996 51.5007133483887 51.509937286377 51.4214248657227 51.316162109375 51.1979370117188 51.0015411376953 50.7374000549316 50.0472373962402 49.6970596313477 49.1558647155762
-3.4e+38 -3.4e+38 -3.4e+38 -3.4e+38 -3.4e+38 -3.4e+38 -3.4e+38 -3.4e+38 -3.4e+38 -3.4e+38 -3.4e+38 -3.4e+38 -3.4e+38 -3.4e+38 -3.4e+38 49.260383605957 49.4224739074707 49.5736770629883 49.7182273864746 49.8525772094727 49.992847442627 50.1260452270508 50.2480278015137 50.3638038635254 50.4365196228027 50.4893951416016 50.5665168762207 50.6816711425781 50.8718795776367 51.0543823242188 51.1626358032227 51.0959320068359 51.0902328491211 51.157470703125 51.2117805480957 51.2376861572266 51.2602043151855 51.2592849731445 51.4291496276855 51.7595596313477 51.7440910339355 51.7605934143066 51.4165229797363 51.319408416748 51.2868881225586 51.1182708740234 50.9601097106934 50.5838432312012 50.171272277832 49.8802947998047 49.4127769470215 49.0653305053711
-3.4e+38 -3.4e+38 -3.4e+38 -3.4e+38 -3.4e+38 -3.4e+38 -3.4e+38 -3.4e+38 -3.4e+38 -3.4e+38 -3.4e+38 -3.4e+38 -3.4e+38 -3.4e+38 -3.4e+38 49.2933197021484 49.4600410461426 49.5976409912109 49.7370796203613 49.8741035461426 50.0144004821777 50.151294708252 50.2877769470215 50.4014434814453 50.4672164916992 50.5249366760254 50.5802803039551 50.688606262207 50.8762588500977 51.0803413391113 51.2065696716309 51.3087539672852 51.2698745727539 51.2038116455078 51.2188110351562 51.2818183898926 51.332160949707 51.3257293701172 51.533275604248 51.7711029052734 51.6264266967773 51.7050323486328 51.5021667480469 51.3765258789062 51.2947425842285 51.1028022766113 50.8319053649902 50.4613075256348 50.2496337890625 50.0681495666504 49.8454360961914 49.8380584716797
-3.4e+38 -3.4e+38 -3.4e+38 -3.4e+38 -3.4e+38 -3.4e+38 -3.4e+38 -3.4e+38 -3.4e+38 -3.4e+38 -3.4e+38 -3.4e+38 -3.4e+38 -3.4e+38 49.0510330200195 49.332893371582 49.4844741821289 49.6117553710938 49.7490043640137 49.8929557800293 50.0362205505371 50.1723403930664 50.3120727539062 50.4187927246094 50.4831123352051 50.5505142211914 50.5929870605469 50.6919403076172 50.892650604248 51.1085243225098 51.247200012207 51.3524627685547 51.3114166259766 51.2429428100586 51.2417373657227 51.315055847168 51.3810348510742 51.4121551513672 51.6256942749023 51.8865852355957 51.7047653198242 51.7196769714355 51.5326690673828 51.4111099243164 51.3744812011719 51.1791610717773 50.7376747131348 50.5612602233887 50.7146759033203 50.2828826904297 50.5086479187012 50.810676574707
-3.4e+38 -3.4e+38 -3.4e+38 -3.4e+38 -3.4e+38 -3.4e+38 -3.4e+38 -3.4e+38 -3.4e+38 -3.4e+38 -3.4e+38 -3.4e+38 -3.4e+38 48.626537322998 49.0367469787598 49.3626937866211 49.5020561218262 49.6251945495605 49.7578659057617 49.9029998779297 50.0547676086426 50.1949272155762 50.3201866149902 50.407154083252 50.4889793395996 50.5526657104492 50.5932998657227 50.7136344909668 50.9296875 51.1423416137695 51.2880096435547 51.3719291687012 51.2733421325684 51.2330894470215 51.327808380127 51.4330215454102 51.4891471862793 51.5713539123535 51.8310317993164 51.9997024536133 51.8830223083496 51.7992744445801 51.5832939147949 51.5606880187988 51.543628692627 51.3964500427246 51.1039772033691 50.993537902832 50.8871574401855 50.9070472717285 51.3130798339844 51.4206314086914
-3.4e+38 -3.4e+38 -3.4e+38 -3.4e+38 -3.4e+38 -3.4e+38 -3.4e+38 -3.4e+38 -3.4e+38 -3.4e+38 -3.4e+38 -3.4e+38 -3.4e+38 -3.4e+38 49.1032791137695 49.3809509277344 49.5188064575195 49.6319236755371 49.7626419067383 49.9069213867188 50.0706253051758 50.2173690795898 50.3257293701172 50.4058380126953 50.5128364562988 50.5630912780762 50.6066246032715 50.7700538635254 50.9792327880859 51.1322059631348 51.2972717285156 51.4205284118652 51.3776931762695 51.3782577514648 51.4683647155762 51.5613059997559 51.6678314208984 51.8060493469238 51.9149398803711 51.9924125671387 52.0362358093262 51.8918151855469 51.7211380004883 51.7015762329102 51.6407852172852 51.5506324768066 51.4465827941895 51.3511009216309 51.2294082641602 51.495002746582 51.281810760498 50.8522033691406
-3.4e+38 -3.4e+38 -3.4e+38 -3.4e+38 -3.4e+38 -3.4e+38 -3.4e+38 -3.4e+38 -3.4e+38 -3.4e+38 -3.4e+38 -3.4e+38 -3.4e+38 -3.4e+38 49.1395072937012 49.4051780700684 49.5306854248047 49.6337738037109 49.7630920410156 49.9115028381348 50.0860366821289 50.234245300293 50.3326454162598 50.4133262634277 50.5098648071289 50.5643920898438 50.636531829834 50.8036994934082 50.9392776489258 51.0599746704102 51.2690315246582 51.459903717041 51.5262870788574 51.5289573669434 51.5430145263672 51.7062835693359 51.8997917175293 51.9271850585938 51.8152847290039 51.8774795532227 52.0962944030762 52.1015205383301 51.9119644165039 51.7089958190918 51.5986137390137 51.5598793029785 51.6086311340332 51.7649307250977 51.8068389892578 51.5486717224121 50.6654243469238 50.1764945983887
-3.4e+38 -3.4e+38 -3.4e+38 -3.4e+38 -3.4e+38 -3.4e+38 -3.4e+38 -3.4e+38 -3.4e+38 -3.4e+38 -3.4e+38 -3.4e+38 -3.4e+38 -3.4e+38 49.1621017456055 49.4263572692871 49.5492630004883 49.6461181640625 49.7683906555176 49.9271545410156 50.1062545776367 50.238338470459 50.3313026428223 50.4226913452148 50.4999313354492 50.5566520690918 50.6595039367676 50.7877159118652 50.8922233581543 51.0545883178711 51.2831916809082 51.3939552307129 51.5145606994629 51.6462326049805 51.7070617675781 51.8917236328125 52.0169677734375 51.8958282470703 51.7436752319336 51.7800559997559 52.0215644836426 52.188793182373 51.9783172607422 51.7216720581055 51.5797653198242 51.5460357666016 51.79296875 51.9127655029297 51.5021896362305 50.9095077514648 50.1469421386719 50.0213623046875
-3.4e+38 -3.4e+38 -3.4e+38 -3.4e+38 -3.4e+38 -3.4e+38 -3.4e+38 -3.4e+38 -3.4e+38 -3.4e+38 -3.4e+38 -3.4e+38 -3.4e+38 48.7348213195801 49.1581420898438 49.4567337036133 49.566478729248 49.6615562438965 49.7916831970215 49.9637641906738 50.1262969970703 50.2308540344238 50.327075958252 50.4227561950684 50.488353729248 50.5651245117188 50.6743049621582 50.7986488342285 50.9457893371582 51.1358947753906 51.2539825439453 51.2639007568359 51.4290466308594 51.7146949768066 51.7976493835449 51.9056167602539 51.9797210693359 51.8766403198242 51.7981910705566 51.8087272644043 51.9506301879883 52.1010971069336 51.9690132141113 51.748836517334 51.5936164855957 51.6193428039551 51.9176406860352 51.7419662475586 50.9996452331543 50.2168045043945 49.7395782470703 49.9278755187988
-3.4e+38 -3.4e+38 -3.4e+38 -3.4e+38 -3.4e+38 -3.4e+38 -3.4e+38 -3.4e+38 -3.4e+38 -3.4e+38 -3.4e+38 -3.4e+38 -3.4e+38 48.7614288330078 49.1569328308105 49.4760551452637 49.5669021606445 49.6714324951172 49.8215751647949 49.9981918334961 50.1389923095703 50.2273368835449 50.3285446166992 50.4172019958496 50.4767150878906 50.569751739502 50.6872100830078 50.8360786437988 51.0259857177734 51.163459777832 51.146484375 51.2394561767578 51.4552459716797 51.7336807250977 51.8166618347168 51.8078155517578 51.8312835693359 51.7857475280762 51.797966003418 51.8237571716309 51.9126052856445 51.9921188354492 51.9078941345215 51.791576385498 51.670597076416 51.7429733276367 51.8568916320801 51.5579147338867 50.8354911804199 50.3334617614746 50.1692733764648 50.4110107421875
-3.4e+38 -3.4e+38 -3.4e+38 -3.4e+38 -3.4e+38 -3.4e+38 -3.4e+38 -3.4e+38 -3.4e+38 -3.4e+38 -3.4e+38 -3.4e+38 -3.4e+38 48.6679916381836 49.2044143676758 49.4850540161133 49.5724143981934 49.6865692138672 49.8462753295898 50.0192489624023 50.1466369628906 50.2294883728027 50.3293838500977 50.4024658203125 50.4620018005371 50.5765075683594 50.7095031738281 50.8615036010742 51.0045623779297 51.1072006225586 51.1442642211914 51.2920684814453 51.5605049133301 51.8209495544434 51.9361610412598 51.9442977905273 51.9057731628418 51.8359107971191 51.8309555053711 51.8825378417969 51.9521903991699 52.0195693969727 51.9451103210449 51.856876373291 51.7510261535645 51.8231048583984 51.7231292724609 51.4010467529297 50.796085357666 51.0651664733887 51.1697387695312 51.0398330688477
-3.4e+38 -3.4e+38 -3.4e+38 -3.4e+38 -3.4e+38 -3.4e+38 -3.4e+38 -3.4e+38 -3.4e+38 -3.4e+38 -3.4e+38 -3.4e+38 -3.4e+38 48.6398239135742 49.2415161132812 49.4786415100098 49.5795516967773 49.7085838317871 49.8611602783203 50.0302848815918 50.1725234985352 50.2333068847656 50.3267974853516 50.3881340026855 50.4569854736328 50.5829467773438 50.7501220703125 50.895320892334 51.0218353271484 51.127140045166 51.2666893005371 51.4466018676758 51.6994323730469 51.9011497497559 52.0042610168457 52.049373626709 52.0940322875977 52.0449905395508 51.9713363647461 52.0757102966309 52.1344947814941 52.1836318969727 52.0466194152832 51.9088706970215 51.8286094665527 51.9690399169922 51.7946014404297 51.4440956115723 51.3471450805664 51.625358581543 51.471305847168 51.1866073608398
-3.4e+38 -3.4e+38 -3.4e+38 -3.4e+38 -3.4e+38 -3.4e+38 -3.4e+38 -3.4e+38 -3.4e+38 -3.4e+38 -3.4e+38 -3.4e+38 -3.4e+38 48.662914276123 49.2541236877441 49.4800415039062 49.5903778076172 49.7227935791016 49.8818435668945 50.0492362976074 50.1935653686523 50.2341690063477 50.2983245849609 50.3756332397461 50.4539222717285 50.6002388000488 50.8156890869141 50.987491607666 51.1245803833008 51.262321472168 51.4367599487305 51.6144752502441 51.7631340026855 51.8671798706055 52.0355644226074 52.1019058227539 52.0891380310059 52.1502990722656 52.1826286315918 52.2807464599609 52.3515319824219 52.3273124694824 52.1230239868164 52.0574264526367 52.0347785949707 52.0608787536621 51.7524299621582 51.608772277832 51.7064056396484 51.3977508544922 51.0176391601562 50.8077430725098
-3.4e+38 -3.4e+38 -3.4e+38 -3.4e+38 -3.4e+38 -3.4e+38 -3.4e+38 -3.4e+38 -3.4e+38 -3.4e+38 -3.4e+38 -3.4e+38 -3.4e+38 48.6915740966797 49.2646179199219 49.4842224121094 49.5955238342285 49.7350845336914 49.9053993225098 50.0607757568359 50.2073860168457 50.2893295288086 50.296516418457 50.3689880371094 50.4560279846191 50.6262359619141 50.866771697998 51.064338684082 51.2005729675293 51.3554382324219 51.5306854248047 51.6576957702637 51.7184600830078 51.7988891601562 52.0376815795898 52.1317596435547 52.0034217834473 51.9715538024902 51.9972763061523 52.1120491027832 52.3099670410156 52.3631820678711 52.2230339050293 52.2324714660645 52.231143951416 52.0526847839355 51.7512245178223 51.7493591308594 51.535041809082 51.1983337402344 51.0267601013184 50.5031127929688
-3.4e+38 -3.4e+38 -3.4e+38 -3.4e+38 -3.4e+38 -3.4e+38 -3.4e+38 -3.4e+38 -3.4e+38 -3.4e+38 -3.4e+38 -3.4e+38 48.1915130615234 48.7350196838379 49.2708396911621 49.4878959655762 49.6084632873535 49.7542304992676 49.9247055053711 50.0665321350098 50.1977462768555 50.3153686523438 50.3236618041992 50.3818168640137 50.4732360839844 50.6874732971191 50.9233016967773 51.0806579589844 51.1950912475586 51.365592956543 51.5019378662109 51.6339874267578 51.6539306640625 51.7612533569336 52.0263900756836 52.2146110534668 52.1256332397461 51.9364624023438 51.9415245056152 52.0651931762695 52.2110939025879 52.1901741027832 52.0838241577148 52.034984588623 52.0325736999512 52.091983795166 51.977725982666 51.8158226013184 51.60595703125 51.3750686645508 51.3878135681152 51.0341148376465
-3.4e+38 -3.4e+38 -3.4e+38 -3.4e+38 -3.4e+38 -3.4e+38 -3.4e+38 -3.4e+38 -3.4e+38 -3.4e+38 -3.4e+38 -3.4e+38 48.2243194580078 48.755054473877 49.2732849121094 49.499095916748 49.6271476745605 49.7711982727051 49.9427909851074 50.0835609436035 50.1984062194824 50.3318519592285 50.3217315673828 50.3869247436523 50.5115623474121 50.7576217651367 50.9536437988281 51.0368156433105 51.1571044921875 51.3531074523926 51.4501724243164 51.5587005615234 51.6479454040527 51.7249946594238 51.9490165710449 52.2235298156738 52.2378692626953 52.0251579284668 52.0298957824707 52.144905090332 52.1621246337891 52.1104927062988 52.0667495727539 52.011589050293 51.9477386474609 52.035774230957 51.963020324707 51.6759300231934 51.4381446838379 50.7058639526367 50.9617156982422 51.3336029052734
-3.4e+38 -3.4e+38 -3.4e+38 -3.4e+38 -3.4e+38 -3.4e+38 -3.4e+38 -3.4e+38 -3.4e+38 -3.4e+38 -3.4e+38 47.7488288879395 48.2021369934082 48.7820358276367 49.2775230407715 49.5111122131348 49.6417579650879 49.7793159484863 49.9447059631348 50.0954818725586 50.2201309204102 50.3582534790039 50.3475112915039 50.3866539001465 50.5466842651367 50.7779922485352 50.9312019348145 51.0109443664551 51.1752243041992 51.3424491882324 51.4116821289062 51.5578460693359 51.7158737182617 51.8028793334961 51.9836463928223 52.2138481140137 52.3102645874023 52.2894134521484 52.2266960144043 52.2162666320801 52.1969375610352 52.143424987793 52.1615295410156 52.1233940124512 52.033748626709 52.0073280334473 51.8916130065918 51.6980400085449 51.4149475097656 50.6855812072754 50.5634765625 51.3297424316406
-3.4e+38 -3.4e+38 -3.4e+38 -3.4e+38 -3.4e+38 -3.4e+38 -3.4e+38 -3.4e+38 -3.4e+38 -3.4e+38 -3.4e+38 47.7786827087402 48.2023735046387 48.7905693054199 49.2916641235352 49.529483795166 49.6581993103027 49.7891998291016 49.9393348693848 50.0966606140137 50.2276420593262 50.3750648498535 50.39697265625 50.3949546813965 50.5536231994629 50.7705879211426 50.908992767334 51.010009765625 51.1737632751465 51.2892990112305 51.3937072753906 51.5664291381836 51.7374877929688 51.9216995239258 52.1250152587891 52.1938285827637 52.2491722106934 52.4262771606445 52.434154510498 52.3309364318848 52.2957572937012 52.2685012817383 52.2559242248535 52.1694068908691 52.0807495117188 52.0003051757812 51.898265838623 51.7246017456055 51.3240928649902 50.9342460632324 50.4427642822266 50.8653984069824
-3.4e+38 -3.4e+38 -3.4e+38 -3.4e+38 -3.4e+38 -3.4e+38 -3.4e+38 -3.4e+38 -3.4e+38 -3.4e+38 -3.4e+38 47.773681640625 48.2237281799316 48.7963638305664 49.317554473877 49.5595321655273 49.6847076416016 49.8071823120117 49.9436187744141 50.0964431762695 50.2331390380859 50.3954200744629 50.4360809326172 50.4223327636719 50.5723457336426 50.7886161804199 50.913516998291 51.002685546875 51.1471748352051 51.2793006896973 51.4060859680176 51.5784759521484 51.7113304138184 51.8770561218262 52.1326599121094 52.2309646606445 52.2305564880371 52.3605499267578 52.4388771057129 52.4326820373535 52.3819313049316 52.3495483398438 52.2992897033691 52.2113876342773 52.0975303649902 51.9750518798828 51.8018531799316 51.5962829589844 51.1692771911621 50.7827606201172 50.4693183898926 50.2118759155273
-3.4e+38 -3.4e+38 -3.4e+38 -3.4e+38 -3.4e+38 -3.4e+38 -3.4e+38 -3.4e+38 -3.4e+38 -3.4e+38 -3.4e+38 47.6627769470215 48.267879486084 48.8084259033203 49.3404693603516 49.5902786254883 49.7174835205078 49.8276672363281 49.9512977600098 50.1023368835449 50.2486763000488 50.3886260986328 50.4792060852051 50.5446395874023 50.689567565918 50.8591079711914 50.9462814331055 51.0100173950195 51.1280975341797 51.2796745300293 51.4442138671875 51.6006622314453 51.6855201721191 51.9050712585449 52.1421966552734 52.2660598754883 52.2784881591797 52.2764434814453 52.3530120849609 52.4331970214844 52.3610572814941 52.2899398803711 52.2254219055176 52.1411666870117 52.0286521911621 51.8922653198242 51.7290878295898 51.5486526489258 51.2505722045898 50.8010406494141 50.3674125671387 49.922924041748
-3.4e+38 -3.4e+38 -3.4e+38 -3.4e+38 -3.4e+38 -3.4e+38 -3.4e+38 -3.4e+38 -3.4e+38 -3.4e+38 -3.4e+38 47.6900291442871 48.2817268371582 48.828311920166 49.3756332397461 49.6281242370605 49.7522430419922 49.8545341491699 49.9656791687012 50.1177635192871 50.2694969177246 50.3812294006348 50.5305099487305 50.6694107055664 50.7925148010254 50.8945274353027 50.9645118713379 51.0391159057617 51.1485366821289 51.3021392822266 51.4689559936523 51.6352272033691 51.7804946899414 51.9787254333496 52.0639190673828 52.1529121398926 52.2703437805176 52.246898651123 52.2829704284668 52.4213714599609 52.3135299682617 52.2244606018066 52.1704635620117 52.0581855773926 51.9370765686035 51.8582878112793 51.7303199768066 51.473030090332 51.0706748962402 50.7616348266602 50.2607727050781 49.6710662841797
