R_scripts/int_process_data/Bio_05.asc
NCOLS 281 
NROWS 576 
XLLCORNER 81175.2677831308 
YLLCORNER 88.2293212990044 
CELLSIZE 1000 
NODATA_value -3.4e+38 
[rows 23 to 45 of 576, columns 104 to 155 of 281]
25.8847312927246 25.8364562988281 25.788179397583 25.7399044036865 25.6916275024414 25.643627166748 25.6006908416748 25.5577526092529 25.5148162841797 25.4718780517578 -3.4e+38 -3.4e+38 -3.4e+38 -3.4e+38 -3.4e+38 -3.4e+38 -3.4e+38 -3.4e+38 -3.4e+38 -3.4e+38 -3.4e+38 -3.4e+38 -3.4e+38 -3.4e+38 -3.4e+38 -3.4e+38 -3.4e+38 -3.4e+38 -3.4e+38 -3.4e+38 -3.4e+38 -3.4e+38 -3.4e+38 -3.4e+38 -3.4e+38 -3.4e+38 -3.4e+38 -3.4e+38 -3.4e+38 -3.4e+38 -3.4e+38 -3.4e+38 -3.4e+38 -3.4e+38 -3.4e+38 -3.4e+38 -3.4e+38 -3.4e+38 -3.4e+38 -3.4e+38 -3.4e+38 -3.4e+38
25.909158706665 25.8643093109131 25.8194580078125 25.7746086120605 25.72975730896 25.6850547790527 25.6430740356445 25.6010913848877 25.5591087341309 -3.4e+38 -3.4e+38 -3.4e+38 -3.4e+38 -3.4e+38 -3.4e+38 -3.4e+38 -3.4e+38 -3.4e+38 -3.4e+38 -3.4e+38 -3.4e+38 -3.4e+38 -3.4e+38 -3.4e+38 -3.4e+38 -3.4e+38 -3.4e+38 -3.4e+38 -3.4e+38 -3.4e+38 -3.4e+38 -3.4e+38 -3.4e+38 -3.4e+38 -3.4e+38 -3.4e+38 -3.4e+38 -3.4e+38 -3.4e+38 -3.4e+38 -3.4e+38 -3.4e+38 -3.4e+38 -3.4e+38 -3.4e+38 -3.4e+38 -3.4e+38 -3.4e+38 -3.4e+38 -3.4e+38 -3.4e+38 -3.4e+38
25.9335880279541 25.892162322998 25.850736618042 25.8093128204346 25.7678871154785 25.7264842987061 25.6854572296143 25.6444301605225 25.6034030914307 -3.4e+38 -3.4e+38 -3.4e+38 -3.4e+38 -3.4e+38 -3.4e+38 -3.4e+38 -3.4e+38 -3.4e+38 -3.4e+38 -3.4e+38 -3.4e+38 -3.4e+38 -3.4e+38 -3.4e+38 -3.4e+38 -3.4e+38 -3.4e+38 -3.4e+38 -3.4e+38 -3.4e+38 -3.4e+38 -3.4e+38 -3.4e+38 25.5034332275391 25.5020046234131 -3.4e+38 -3.4e+38 -3.4e+38 -3.4e+38 -3.4e+38 -3.4e+38 -3.4e+38 -3.4e+38 -3.4e+38 -3.4e+38 -3.4e+38 -3.4e+38 -3.4e+38 -3.4e+38 -3.4e+38 -3.4e+38 -3.4e+38
25.9580154418945 25.920015335083 25.8820171356201 25.8440170288086 25.8060188293457 25.7679119110107 25.727840423584 25.6877689361572 -3.4e+38 -3.4e+38 -3.4e+38 -3.4e+38 -3.4e+38 -3.4e+38 -3.4e+38 -3.4e+38 -3.4e+38 -3.4e+38 -3.4e+38 -3.4e+38 -3.4e+38 -3.4e+38 -3.4e+38 -3.4e+38 -3.4e+38 -3.4e+38 -3.4e+38 -3.4e+38 -3.4e+38 -3.4e+38 -3.4e+38 -3.4e+38 -3.4e+38 25.4890613555908 25.483528137207 -3.4e+38 -3.4e+38 -3.4e+38 -3.4e+38 -3.4e+38 -3.4e+38 -3.4e+38 -3.4e+38 -3.4e+38 -3.4e+38 -3.4e+38 -3.4e+38 -3.4e+38 -3.4e+38 -3.4e+38 -3.4e+38 -3.4e+38
25.982442855835 25.947868347168 25.9132957458496 25.8787212371826 25.8441486358643 25.8093395233154 25.7702236175537 25.731107711792 -3.4e+38 -3.4e+38 -3.4e+38 -3.4e+38 -3.4e+38 -3.4e+38 -3.4e+38 -3.4e+38 -3.4e+38 -3.4e+38 -3.4e+38 -3.4e+38 -3.4e+38 -3.4e+38 -3.4e+38 -3.4e+38 -3.4e+38 -3.4e+38 -3.4e+38 -3.4e+38 -3.4e+38 -3.4e+38 -3.4e+38 -3.4e+38 -3.4e+38 25.4746875762939 25.465051651001 -3.4e+38 -3.4e+38 -3.4e+38 -3.4e+38 -3.4e+38 -3.4e+38 -3.4e+38 -3.4e+38 -3.4e+38 -3.4e+38 -3.4e+38 -3.4e+38 -3.4e+38 -3.4e+38 -3.4e+38 26.3712062835693 -3.4e+38
26.0068702697754 25.9757232666016 25.9445743560791 25.9134254455566 25.8822784423828 25.8507671356201 25.8126068115234 25.7744464874268 -3.4e+38 -3.4e+38 -3.4e+38 -3.4e+38 -3.4e+38 -3.4e+38 -3.4e+38 -3.4e+38 -3.4e+38 -3.4e+38 -3.4e+38 -3.4e+38 -3.4e+38 -3.4e+38 -3.4e+38 -3.4e+38 -3.4e+38 -3.4e+38 -3.4e+38 -3.4e+38 -3.4e+38 -3.4e+38 -3.4e+38 -3.4e+38 -3.4e+38 25.4603157043457 25.4465751647949 -3.4e+38 -3.4e+38 -3.4e+38 -3.4e+38 -3.4e+38 -3.4e+38 -3.4e+38 -3.4e+38 -3.4e+38 -3.4e+38 25.4745121002197 -3.4e+38 -3.4e+38 -3.4e+38 26.1627216339111 26.3382034301758 26.5136833190918
26.0312976837158 26.0035762786865 25.9758529663086 25.9481315612793 25.9204082489014 25.8921947479248 25.8549900054932 25.8177833557129 25.7805786132812 -3.4e+38 -3.4e+38 -3.4e+38 -3.4e+38 -3.4e+38 -3.4e+38 -3.4e+38 -3.4e+38 -3.4e+38 -3.4e+38 -3.4e+38 -3.4e+38 -3.4e+38 -3.4e+38 -3.4e+38 -3.4e+38 -3.4e+38 -3.4e+38 -3.4e+38 -3.4e+38 -3.4e+38 -3.4e+38 -3.4e+38 -3.4e+38 25.4459438323975 25.4280986785889 -3.4e+38 -3.4e+38 -3.4e+38 -3.4e+38 -3.4e+38 -3.4e+38 -3.4e+38 -3.4e+38 -3.4e+38 25.416675567627 25.4174861907959 25.5835189819336 25.7639389038086 25.9443588256836 26.1247787475586 26.3051986694336 26.4856185913086
26.0557270050049 26.0314292907715 26.0071315765381 25.9828357696533 25.9585380554199 25.9336242675781 25.8973731994629 25.8611221313477 25.8248729705811 -3.4e+38 -3.4e+38 -3.4e+38 -3.4e+38 -3.4e+38 -3.4e+38 -3.4e+38 -3.4e+38 -3.4e+38 -3.4e+38 -3.4e+38 -3.4e+38 -3.4e+38 -3.4e+38 -3.4e+38 -3.4e+38 -3.4e+38 -3.4e+38 -3.4e+38 -3.4e+38 -3.4e+38 -3.4e+38 -3.4e+38 -3.4e+38 25.4315700531006 25.4096221923828 -3.4e+38 -3.4e+38 -3.4e+38 -3.4e+38 25.3762435913086 25.3736133575439 25.3709831237793 25.3683528900146 25.3657207489014 25.3630905151367 25.3604602813721 25.5307598114014 25.7161178588867 25.9014778137207 26.0868358612061 26.2721939086914 26.4575538635254
26.0801544189453 26.0592823028564 26.0384120941162 26.0175399780273 25.9966678619385 25.9750518798828 25.9397563934326 25.9044609069824 25.8691654205322 25.833869934082 25.7985763549805 25.7632808685303 -3.4e+38 -3.4e+38 -3.4e+38 -3.4e+38 -3.4e+38 -3.4e+38 -3.4e+38 -3.4e+38 -3.4e+38 -3.4e+38 -3.4e+38 -3.4e+38 -3.4e+38 -3.4e+38 -3.4e+38 25.5735034942627 25.5474529266357 25.5214023590088 25.4953517913818 25.4692993164062 25.4432487487793 25.4171981811523 25.3911476135254 -3.4e+38 -3.4e+38 -3.4e+38 -3.4e+38 25.3398666381836 25.3337936401367 25.3277225494385 25.3216514587402 25.3155784606934 25.3095073699951 25.3034343719482 25.4780006408691 25.6682987213135 25.8585968017578 26.0488929748535 26.2391910552979 26.4294891357422
26.1094207763672 26.0917873382568 26.0741558074951 26.0565223693848 26.038890838623 26.0203647613525 25.9854297637939 25.9504947662354 25.9155616760254 25.8806266784668 25.8456916809082 25.8107566833496 -3.4e+38 -3.4e+38 -3.4e+38 -3.4e+38 -3.4e+38 -3.4e+38 -3.4e+38 -3.4e+38 -3.4e+38 -3.4e+38 -3.4e+38 -3.4e+38 -3.4e+38 -3.4e+38 -3.4e+38 25.5797328948975 25.549877166748 25.5200233459473 25.4901676177979 25.4603137969971 25.4304599761963 25.4006042480469 25.3707504272461 -3.4e+38 -3.4e+38 -3.4e+38 25.3130855560303 25.3041439056396 25.295202255249 25.286262512207 25.2773208618164 25.2683792114258 25.2594375610352 25.2504978179932 25.4295253753662 25.6249217987061 25.8203201293945 26.015718460083 26.2111148834229 26.4065132141113
26.1900520324707 26.173677444458 26.1573047637939 26.1409320831299 26.1245594024658 26.1069183349609 26.066032409668 26.025146484375 25.984260559082 25.9433746337891 25.9024887084961 25.8616027832031 -3.4e+38 -3.4e+38 -3.4e+38 -3.4e+38 -3.4e+38 -3.4e+38 -3.4e+38 -3.4e+38 -3.4e+38 -3.4e+38 -3.4e+38 -3.4e+38 -3.4e+38 -3.4e+38 25.5737285614014 25.5432567596436 25.5127868652344 25.4823169708252 25.451847076416 25.4213752746582 25.390905380249 25.3604354858398 25.329963684082 25.2994937896729 -3.4e+38 25.2868537902832 25.2811164855957 25.2753791809082 25.2696437835693 25.2639064788818 25.2581691741943 25.2524337768555 25.246696472168 25.2409591674805 25.4265117645264 25.6287250518799 25.8309364318848 26.0331497192383 26.2353610992432 26.4375743865967
26.2706832885742 26.2555694580078 26.2404556274414 26.225341796875 26.2102279663086 26.193473815918 26.1466369628906 26.0997982025146 26.0529613494873 26.00612449646 25.959285736084 25.9124488830566 -3.4e+38 -3.4e+38 -3.4e+38 -3.4e+38 -3.4e+38 -3.4e+38 -3.4e+38 -3.4e+38 -3.4e+38 -3.4e+38 -3.4e+38 -3.4e+38 -3.4e+38 25.5687370300293 25.5378684997559 25.5067825317383 25.4756965637207 25.4446105957031 25.4135246276855 25.3824367523193 25.3513507843018 25.3202648162842 25.2891788482666 25.258092880249 25.2542133331299 25.2516803741455 25.2491474151611 25.2466163635254 25.244083404541 25.2415504455566 25.2390193939209 25.2364864349365 25.2339534759521 25.2314224243164 25.4235000610352 25.6325263977051 25.8415546417236 26.0505809783936 26.2596073150635 26.468635559082
26.3513145446777 26.337459564209 26.3236045837402 26.3097496032715 26.2958946228027 26.280029296875 26.2272396087646 26.1744499206543 26.1216621398926 26.0688724517822 26.0160827636719 25.9632949829102 -3.4e+38 -3.4e+38 -3.4e+38 -3.4e+38 -3.4e+38 -3.4e+38 -3.4e+38 -3.4e+38 -3.4e+38 -3.4e+38 -3.4e+38 -3.4e+38 -3.4e+38 25.5335731506348 25.502010345459 25.470308303833 25.438606262207 25.4069042205811 25.3752021789551 25.3435001373291 25.3117961883545 25.2800941467285 25.2483921051025 25.2166900634766 25.2158355712891 25.2165069580078 25.2171802520752 25.2178516387939 25.2185230255127 25.2191963195801 25.2198677062988 25.2205410003662 25.221212387085 25.2218837738037 25.4204883575439 25.6363296508789 25.8521709442139 26.0680122375488 26.2838535308838 26.4996967315674
26.4319458007812 26.4193496704102 26.4067535400391 26.3941593170166 26.3815631866455 26.3665828704834 26.3078422546387 26.2491016387939 26.1903610229492 26.1316204071045 26.0728797912598 26.014139175415 -3.4e+38 -3.4e+38 -3.4e+38 -3.4e+38 -3.4e+38 -3.4e+38 -3.4e+38 -3.4e+38 -3.4e+38 -3.4e+38 25.5828132629395 25.5546779632568 25.5265445709229 25.4984111785889 25.4661521911621 25.4338340759277 25.4015159606934 25.369197845459 25.3368797302246 25.3045616149902 25.2722434997559 25.2399253845215 25.2076072692871 25.1752891540527 25.1774578094482 25.1813354492188 25.1852111816406 25.1890869140625 25.192964553833 25.1968402862549 25.2007179260254 25.2045936584473 25.2084693908691 25.2123470306396 25.4174766540527 25.6401329040527 25.8627891540527 26.0854434967041 26.3080997467041 26.5307559967041
26.5125770568848 26.5012397766113 26.4899044036865 26.4785671234131 26.4672317504883 26.4531383514404 26.3884449005127 26.3237533569336 26.2590618133545 26.1943702697754 26.1296768188477 26.0649852752686 26.0002937316895 -3.4e+38 -3.4e+38 -3.4e+38 -3.4e+38 -3.4e+38 -3.4e+38 -3.4e+38 25.6350154876709 25.6006622314453 25.5663089752197 25.5319557189941 25.4976005554199 25.4632472991943 25.4302940368652 25.3973598480225 25.3644256591797 25.3314914703369 25.2985572814941 25.2656230926514 25.2326889038086 25.1997547149658 25.166820526123 25.1338863372803 25.1390800476074 25.1461620330811 25.1532421112061 25.1603240966797 25.1674041748047 25.1744861602783 25.1815662384033 25.1886463165283 25.195728302002 25.202808380127 25.4144630432129 25.6439342498779 25.873405456543 26.102876663208 26.3323459625244 26.5618171691895
26.5932083129883 26.5831298828125 26.5730533599854 26.5629768371582 26.5529003143311 26.5396919250488 26.4690494537354 26.3984050750732 26.3277626037598 26.2571182250977 26.1864738464355 26.1158313751221 26.04518699646 25.9745445251465 25.9039001464844 25.8338203430176 25.7932472229004 25.7526721954346 25.7120990753174 25.6715259552002 25.630952835083 25.5903778076172 25.5498046875 25.5092315673828 25.4686584472656 25.4280834197998 25.3944339752197 25.3608837127686 25.327335357666 25.2937850952148 25.2602348327637 25.2266845703125 25.1931343078613 25.1595859527588 25.1260356903076 25.0924854278564 25.1007022857666 25.1109886169434 25.1212730407715 25.1315593719482 25.1418437957764 25.1521301269531 25.1624145507812 25.172700881958 25.1829853057861 25.1932716369629 25.4114513397217 25.6477375030518 25.8840217590332 26.1203079223633 26.3565940856934 26.5928783416748
26.6738395690918 26.6650218963623 26.6562042236328 26.6473865509033 26.6385669708252 26.6262474060059 26.5496520996094 26.4730567932129 26.3964614868164 26.3198661804199 26.2432708740234 26.1666774749756 26.0900821685791 26.0134868621826 25.9368915557861 25.8608551025391 25.8140621185303 25.7672672271729 25.7204742431641 25.6736812591553 25.6268882751465 25.5800952911377 25.5333003997803 25.4865074157715 25.4397144317627 25.3929214477539 25.3585758209229 25.3244094848633 25.2902431488037 25.2560787200928 25.2219123840332 25.1877460479736 25.1535816192627 25.1194152832031 25.0852489471436 25.0510845184326 25.0623264312744 25.0758152008057 25.0893058776855 25.1027946472168 25.1162853240967 25.1297740936279 25.1432647705078 25.1567535400391 25.1702442169189 25.1837329864502 25.4084396362305 25.651538848877 25.8946399688721 26.1377391815186 26.3808403015137 26.6239395141602
26.7544708251953 26.7469120025635 26.7393531799316 26.7317943572998 26.724235534668 26.7128009796143 26.6302547454834 26.5477085113525 26.4651622772217 26.3826160430908 26.30006980896 26.2175216674805 26.1349754333496 26.0524291992188 25.9698829650879 25.8878898620605 25.8348770141602 25.7818622589111 25.7288494110107 25.6758365631104 25.62282371521 25.5698108673096 25.5167980194092 25.4637832641602 25.4107704162598 25.3577575683594 25.322717666626 25.287935256958 25.25315284729 25.2183723449707 25.1835899353027 25.1488094329834 25.1140270233154 25.0792446136475 25.0444641113281 25.0096817016602 25.0239486694336 25.040641784668 25.057336807251 25.074031829834 25.0907249450684 25.1074199676514 25.1241130828857 25.1408081054688 25.1575012207031 25.1741962432861 25.4054279327393 25.6553421020508 25.9052562713623 26.1551704406738 26.405086517334 26.6550006866455
26.8351020812988 26.8288021087646 26.8225021362305 26.8162040710449 26.8099040985107 26.7993564605713 26.7108592987061 26.6223602294922 26.533863067627 26.4453639984131 26.3568668365479 26.268367767334 26.1798706054688 26.0913715362549 26.0028743743896 25.914924621582 25.85569190979 25.7964572906494 25.7372245788574 25.6779918670654 25.6187591552734 25.5595264434814 25.5002937316895 25.4410610198975 25.3818283081055 25.3225936889648 25.2868576049805 25.2514610290527 25.2160625457764 25.1806659698486 25.1452674865723 25.1098709106445 25.0744724273682 25.0390758514404 25.0036773681641 24.9682807922363 24.9855709075928 25.0054702758789 25.0253677368164 25.0452671051025 25.06516456604 25.0850639343262 25.1049633026123 25.1248607635498 25.1447601318359 25.1646595001221 25.4024143218994 25.659143447876 25.9158725738525 26.1726036071777 26.4293327331543 26.6860618591309
26.9145450592041 26.9094314575195 26.904317855835 26.8992023468018 26.8940887451172 26.8843574523926 26.7899436950684 26.6955280303955 26.6011123657227 26.5066967010498 26.412281036377 26.3178653717041 26.2234497070312 26.1290340423584 26.0346183776855 25.9407520294189 25.8756294250488 25.8105087280273 25.7453861236572 25.6802635192871 25.615140914917 25.5500202178955 25.4848976135254 25.4197750091553 25.3546524047852 25.289529800415 25.2533702850342 25.2176284790039 25.1818866729736 25.1461448669434 25.1104030609131 25.0746593475342 25.0389175415039 25.0031757354736 24.9674339294434 24.9316921234131 24.952184677124 24.9754619598389 24.9987373352051 25.0220146179199 25.0452919006348 25.068567276001 25.0918445587158 25.115119934082 25.1383972167969 25.1616744995117 25.4055137634277 25.6685619354248 25.9316101074219 26.1946582794189 26.4577045440674 26.7207527160645
26.9728374481201 26.9675827026367 26.962329864502 26.9570770263672 26.9518222808838 26.941686630249 26.8419628143311 26.7422389984131 26.6425132751465 26.5427894592285 26.4430656433105 26.3433399200439 26.243616104126 26.143892288208 26.04416847229 25.9450912475586 25.8799705505371 25.814847946167 25.7497253417969 25.6846046447754 25.6194820404053 25.5543613433838 25.4892387390137 25.4241161346436 25.3589954376221 25.293872833252 25.2621402740479 25.2308883666992 25.1996364593506 25.168384552002 25.1371326446533 25.1058807373047 25.0746288299561 25.0433769226074 25.0121250152588 24.9808731079102 25.0077419281006 25.0374889373779 25.0672340393066 25.096981048584 25.1267261505127 25.15647315979 25.1862182617188 25.2159652709961 25.2457103729248 25.2754573822021 25.5174999237061 25.7780303955078 26.0385589599609 26.2990894317627 26.5596199035645 26.8201503753662
27.0311279296875 27.0257358551025 27.0203437805176 27.014949798584 27.009557723999 26.9990158081055 26.8939819335938 26.7889499664307 26.6839160919189 26.5788822174072 26.4738502502441 26.3688163757324 26.2637825012207 26.158748626709 26.0537166595459 25.9494304656982 25.8843097686768 25.8191871643066 25.7540664672852 25.688943862915 25.6238231658936 25.5587024688721 25.493579864502 25.4284591674805 25.3633365631104 25.2982158660889 25.2709083557129 25.2441482543945 25.2173862457275 25.1906242370605 25.1638622283936 25.1371021270752 25.1103401184082 25.0835781097412 25.0568161010742 25.0300559997559 25.0633010864258 25.099515914917 25.1357307434082 25.171947479248 25.2081623077393 25.2443790435791 25.2805938720703 25.3168087005615 25.3530254364014 25.3892402648926 25.6294841766357 25.8874969482422 26.1455097198486 26.4035224914551 26.6615352630615 26.919548034668
27.0894203186035 27.0838871002197 27.0783557891846 27.0728244781494 27.0672931671143 27.0563449859619 26.9460029602051 26.8356609344482 26.7253170013428 26.6149749755859 26.5046329498291 26.3942909240723 26.2839488983154 26.1736068725586 26.0632648468018 25.9537696838379 25.8886489868164 25.8235282897949 25.7584056854248 25.6932849884033 25.6281642913818 25.5630435943604 25.4979209899902 25.4328002929688 25.3676795959473 25.3025588989258 25.2796783447266 25.2574062347412 25.2351360321045 25.2128639221191 25.1905937194824 25.1683216094971 25.1460514068604 25.123779296875 25.1015071868896 25.0792369842529 25.1188583374023 25.1615428924561 25.2042293548584 25.2469139099121 25.2895984649658 25.3322830200195 25.3749694824219 25.4176540374756 25.4603385925293 25.5030250549316 25.7414703369141 25.9969654083252 26.2524604797363 26.5079555511475 26.7634506225586 27.0189456939697
