R_scripts/int_process_data/Bio_07.asc
NCOLS 281 
NROWS 576 
XLLCORNER 81175.2677831308 
YLLCORNER 88.2293212990044 
CELLSIZE 1000 
NODATA_value -3.4e+38 
[rows 552 to 574 of 576, columns 104 to 155 of 281]
23.9329986572266 23.9607353210449 23.9744033813477 23.9694843292236 23.9308223724365 23.7091293334961 22.4525165557861 22.1847229003906 21.9345664978027 21.7208461761475 21.7053451538086 21.5480823516846 21.4257907867432 21.3279705047607 21.2479476928711 21.1822032928467 21.1709442138672 21.1596851348877 21.1484279632568 21.1371688842773 21.1259117126465 21.114652633667 21.1033935546875 21.0921363830566 21.0808773040771 21.0696182250977 21.0562381744385 21.0428256988525 21.0294132232666 21.0160026550293 21.0025901794434 20.9891777038574 20.9757652282715 20.9623546600342 20.9489421844482 20.9355297088623 20.9263134002686 20.9173030853271 20.9082927703857 20.8992824554443 20.8902721405029 20.8812618255615 20.8722515106201 20.8632431030273 20.8542327880859 20.8452224731445 20.8567066192627 20.8699760437012 20.8832454681396 20.8965148925781 20.9097843170166 20.9230518341064
23.709774017334 23.717134475708 23.7072868347168 23.6750011444092 23.6046714782715 22.1337776184082 21.8434867858887 21.5707092285156 21.3121643066406 21.0815868377686 20.9722938537598 20.8934116363525 20.8349628448486 20.7899188995361 20.7541427612305 20.7252922058105 20.7123260498047 20.6993579864502 20.6863918304443 20.6734256744385 20.6604595184326 20.6474914550781 20.6345252990723 20.6215591430664 20.6085929870605 20.5956249237061 20.5804271697998 20.5651950836182 20.5499649047852 20.5347328186035 20.5195026397705 20.5042724609375 20.4890403747559 20.4738101959229 20.4585781097412 20.4433479309082 20.4358596801758 20.4287548065186 20.4216499328613 20.4145469665527 20.4074420928955 20.4003372192383 20.3932323455811 20.3861274719238 20.3790245056152 20.371919631958 20.387056350708 20.4041309356689 20.4212055206299 20.4382801055908 20.4553546905518 20.4724292755127
23.5857563018799 23.5825901031494 23.5611114501953 23.5160427093506 21.92626953125 21.7770175933838 21.5000324249268 21.2390975952148 20.9889049530029 20.7468204498291 20.43896484375 20.43896484375 20.43896484375 20.43896484375 20.43896484375 20.4384250640869 20.4097232818604 20.3812427520752 20.3529777526855 20.3249263763428 20.2970867156982 20.2694549560547 20.2420330047607 20.2148132324219 20.1877975463867 20.160982131958 20.1448383331299 20.128849029541 20.1128597259521 20.0968704223633 20.0808792114258 20.0648899078369 20.048900604248 20.0329093933105 20.0169200897217 20.0009307861328 19.9948825836182 19.9893264770508 19.9837703704834 19.978214263916 19.9726600646973 19.9671039581299 19.9615478515625 19.9559917449951 19.9504356384277 19.944881439209 19.973258972168 20.0048179626465 20.0366115570068 20.0686454772949 20.1009216308594 20.1334419250488
23.4705219268799 23.4583568572998 23.4271411895752 21.8911743164062 21.7778434753418 21.636531829834 21.382532119751 21.1453990936279 20.9206390380859 20.7062377929688 20.43896484375 20.43896484375 20.43896484375 20.43896484375 20.43896484375 20.4375648498535 20.3640289306641 20.2927436828613 20.2236099243164 20.156530380249 20.0914134979248 20.0281753540039 19.9667377471924 19.9070224761963 19.8489589691162 19.7924785614014 19.7769336700439 19.7619686126709 19.7470054626465 19.7320404052734 19.7170753479004 19.7021102905273 19.6871452331543 19.6721801757812 19.6572151184082 19.6422500610352 19.6371555328369 19.63254737854 19.6279411315918 19.6233329772949 19.618724822998 19.6141185760498 19.6095104217529 19.6049041748047 19.6002960205078 19.5956897735596 19.6493797302246 19.7097282409668 19.7717895507812 19.8356399536133 19.9013576507568 19.9690246582031
23.3632659912109 23.3433990478516 21.8567428588867 21.7650890350342 21.6563549041748 21.5227432250977 21.288459777832 21.071346282959 20.8674488067627 20.6751079559326 20.43896484375 20.43896484375 20.43896484375 20.43896484375 20.43896484375 20.4364814758301 20.3079414367676 20.1868724822998 20.0726432800293 19.9646873474121 19.8625049591064 19.7656421661377 19.6736946105957 19.5862979888916 19.5031242370605 19.4238700866699 19.409029006958 19.3950901031494 19.3811492919922 19.3672103881836 19.3532695770264 19.3393306732178 19.3253898620605 19.311450958252 19.2975101470947 19.2835712432861 19.279426574707 19.2757682800293 19.2721099853516 19.2684516906738 19.2647914886475 19.2611331939697 19.257474899292 19.2538146972656 19.2501564025879 19.2464981079102 19.319450378418 19.4028472900391 19.4904670715332 19.5826396942139 19.6797256469727 19.782133102417
23.2632369995117 21.8227005004883 21.7478141784668 21.6591491699219 21.5550785064697 21.4287014007568 21.2114448547363 21.011344909668 20.8248386383057 20.6504726409912 20.43896484375 20.43896484375 20.43896484375 20.43896484375 20.43896484375 20.4350719451904 20.2374610900879 20.057954788208 19.894172668457 19.7441368103027 19.6061840057373 19.4789142608643 19.3611297607422 19.2518100738525 19.150074005127 19.0551586151123 19.0411243438721 19.0282096862793 19.0152950286865 19.0023803710938 18.989465713501 18.9765510559082 18.9636363983154 18.9507217407227 18.9378070831299 18.9248924255371 18.9216995239258 18.9189891815186 18.9162788391113 18.9135684967041 18.9108581542969 18.9081478118896 18.9054374694824 18.9027271270752 18.900016784668 18.8973064422607 18.9832973480225 19.0834560394287 19.1910552978516 19.3069553375244 19.4321537017822 19.5678195953369
22.4605140686035 22.4013156890869 22.3244705200195 22.2268600463867 22.1045932769775 21.9450302124023 21.1899852752686 20.9892120361328 20.800760269165 20.6194133758545 20.43896484375 20.43896484375 20.43896484375 20.43896484375 20.43896484375 20.4331684112549 20.1462345123291 19.8975448608398 19.6799297332764 19.4879093170166 19.3172168731689 19.1644859313965 19.0270252227783 18.9026527404785 18.7895832061768 18.6863441467285 18.6732196807861 18.6613311767578 18.6494407653809 18.6375503540039 18.625659942627 18.6137714385986 18.6018810272217 18.5899906158447 18.5781021118164 18.5662117004395 18.5639724731445 18.5622100830078 18.5604476928711 18.558687210083 18.5569248199463 18.5551624298096 18.5534000396729 18.5516395568848 18.549877166748 18.5481147766113 18.6407451629639 18.7507724761963 18.8717479705811 19.005392074585 19.1538028717041 19.3195705413818
22.3692684173584 22.3094921112061 22.2332553863525 22.1379680633545 22.0205402374268 21.8700065612793 21.0602035522461 20.8857440948486 20.7327156066895 20.6070003509521 20.3383808135986 20.3280067443848 20.3152637481689 20.2992496490479 20.2763538360596 20.1389789581299 19.8652725219727 19.6206912994385 19.3953666687012 19.0749950408936 18.9889392852783 18.8181438446045 18.669075012207 18.5378379821777 18.4214115142822 18.3174247741699 18.3053150177002 18.2944507598877 18.2835865020752 18.2727203369141 18.2618560791016 18.2509918212891 18.2401256561279 18.2292613983154 18.2183971405029 18.2075328826904 18.2062454223633 18.2054309844971 18.2046184539795 18.2038040161133 18.2029914855957 18.2021770477295 18.2013645172119 18.2005500793457 18.1997375488281 18.1989231109619 18.2916088104248 18.4039497375488 18.5304985046387 18.6741275787354 18.8385524749756 19.1278228759766
22.2964115142822 22.2389183044434 22.1668739318848 22.0785026550293 21.9719696044922 21.8385047912598 20.9376430511475 20.788969039917 20.6668109893799 20.573673248291 20.2239665985107 20.2028198242188 20.1770992279053 20.1451606750488 20.1021518707275 19.9339866638184 19.6513824462891 19.3899593353271 18.8468933105469 18.6715049743652 18.6127452850342 18.4347629547119 18.2846336364746 18.1562900543213 18.0453128814697 17.9484004974365 17.9374103546143 17.9275703430176 17.9177303314209 17.9078903198242 17.8980522155762 17.8882122039795 17.8783721923828 17.8685321807861 17.8586921691895 17.8488521575928 17.8485164642334 17.8486518859863 17.8487873077393 17.8489227294922 17.8490562438965 17.8491916656494 17.8493270874023 17.8494625091553 17.8495979309082 17.8497314453125 17.935697555542 18.0420665740967 18.1649589538574 18.3085479736328 18.4785442352295 18.5555953979492
22.2397594451904 22.1867218017578 22.1214275360107 22.0429763793945 21.9508056640625 21.8380107879639 20.799036026001 20.66721534729 20.5591602325439 20.4706382751465 20.0708084106445 20.0362510681152 19.9945964813232 19.9434452056885 19.8769435882568 19.684497833252 19.3841762542725 18.5966739654541 18.3903999328613 18.2147369384766 18.177318572998 18.0080718994141 17.8706436157227 17.7568283081055 17.6610260009766 17.5792713165283 17.5695056915283 17.5606918334961 17.5518760681152 17.543062210083 17.5342464447021 17.5254325866699 17.5166168212891 17.5078029632568 17.498987197876 17.4901733398438 17.4907894134521 17.4918727874756 17.492956161499 17.4940395355225 17.4951229095459 17.4962062835693 17.4972896575928 17.4983730316162 17.4994564056396 17.5005416870117 17.572811126709 17.6641216278076 17.7724456787109 17.9030284881592 18.0635185241699 18.1199131011963
22.1969356536865 22.1497917175293 22.0927581787109 22.0256824493408 21.9489936828613 21.856912612915 20.6242637634277 20.4990634918213 -3.4e+38 -3.4e+38 -3.4e+38 19.8205490112305 19.7596950531006 19.685718536377 19.5918216705322 19.372163772583 18.3043823242188 18.0745182037354 17.8616714477539 17.6813831329346 17.6674747467041 17.5302906036377 17.42356300354 17.3381652832031 17.2682819366455 17.2100372314453 17.2016010284424 17.193811416626 17.1860218048096 17.1782321929932 17.1704425811768 17.1626529693604 17.1548633575439 17.1470737457275 17.1392822265625 17.1314926147461 17.1330623626709 17.1350936889648 17.1371250152588 17.1391582489014 17.1411895751953 17.1432209014893 17.1452541351318 17.1472854614258 17.1493167877197 17.1513500213623 17.2027416229248 17.2690181732178 17.3498554229736 17.4506454467773 17.5798187255859 17.6123504638672
22.1655731201172 22.1251106262207 22.0769538879395 -3.4e+38 -3.4e+38 -3.4e+38 -3.4e+38 -3.4e+38 -3.4e+38 -3.4e+38 -3.4e+38 -3.4e+38 -3.4e+38 -3.4e+38 19.3100337982178 18.0401210784912 17.7899188995361 17.5565147399902 17.3372097015381 17.1441116333008 17.0623512268066 16.9916553497314 16.9392623901367 16.8988780975342 16.8667984008789 16.8407001495361 16.8336963653564 16.8269309997559 16.8201675415039 16.8134021759033 16.8066368103027 16.7998733520508 16.7931079864502 16.7863426208496 16.7795791625977 16.7728137969971 16.7753353118896 16.7783145904541 16.7812957763672 16.7842750549316 16.7872562408447 16.7902355194092 16.7932167053223 16.7961978912354 16.7991771697998 16.8021583557129 16.8252754211426 16.855562210083 16.8935928344727 16.942777633667 17.0088653564453 17.1038341522217
-3.4e+38 -3.4e+38 -3.4e+38 -3.4e+38 -3.4e+38 -3.4e+38 -3.4e+38 -3.4e+38 -3.4e+38 -3.4e+38 -3.4e+38 -3.4e+38 -3.4e+38 -3.4e+38 -3.4e+38 -3.4e+38 17.4942169189453 17.2707939147949 17.0581302642822 16.853967666626 16.5968132019043 16.5968132019043 16.5968132019043 16.5968132019043 16.5968132019043 16.5968132019043 16.5908107757568 16.5847244262695 16.5786361694336 16.5725479125977 16.5664596557617 16.5603713989258 16.5542831420898 16.5481948852539 16.542106628418 16.5360202789307 16.5391693115234 16.5427761077881 16.5463809967041 16.5499877929688 16.5535945892334 16.557201385498 16.5608081817627 16.5644149780273 16.568021774292 16.5716285705566 16.5719165802002 16.5719165802002 16.5719165802002 16.5719165802002 16.5719165802002 16.8296489715576
-3.4e+38 -3.4e+38 -3.4e+38 -3.4e+38 -3.4e+38 -3.4e+38 -3.4e+38 -3.4e+38 -3.4e+38 -3.4e+38 -3.4e+38 -3.4e+38 -3.4e+38 -3.4e+38 -3.4e+38 -3.4e+38 -3.4e+38 -3.4e+38 -3.4e+38 16.820068359375 16.5968132019043 16.5968132019043 16.5968132019043 16.5968132019043 16.5968132019043 16.5968132019043 16.5908107757568 16.5847244262695 16.5786361694336 16.5725479125977 16.5664596557617 16.5603713989258 16.5542831420898 16.5481948852539 16.542106628418 16.5360202789307 16.5391693115234 16.5427761077881 16.5463809967041 16.5499877929688 16.5535945892334 16.557201385498 16.5608081817627 16.5644149780273 16.568021774292 16.5716285705566 16.5719165802002 16.5719165802002 16.5719165802002 16.5719165802002 16.5719165802002 16.7963829040527
-3.4e+38 -3.4e+38 -3.4e+38 -3.4e+38 -3.4e+38 -3.4e+38 -3.4e+38 -3.4e+38 -3.4e+38 -3.4e+38 -3.4e+38 -3.4e+38 -3.4e+38 -3.4e+38 -3.4e+38 -3.4e+38 -3.4e+38 -3.4e+38 -3.4e+38 -3.4e+38 16.5968132019043 16.5968132019043 16.5968132019043 16.5968132019043 16.5968132019043 16.5968132019043 16.5908107757568 16.5847244262695 16.5786361694336 16.5725479125977 16.5664596557617 16.5603713989258 16.5542831420898 16.5481948852539 16.542106628418 16.5360202789307 16.5391693115234 16.5427761077881 16.5463809967041 16.5499877929688 16.5535945892334 16.557201385498 16.5608081817627 16.5644149780273 16.568021774292 16.5716285705566 16.5719165802002 16.5719165802002 16.5719165802002 16.5719165802002 16.5719165802002 -3.4e+38
-3.4e+38 -3.4e+38 -3.4e+38 -3.4e+38 -3.4e+38 -3.4e+38 -3.4e+38 -3.4e+38 -3.4e+38 -3.4e+38 -3.4e+38 -3.4e+38 -3.4e+38 -3.4e+38 -3.4e+38 -3.4e+38 -3.4e+38 -3.4e+38 -3.4e+38 -3.4e+38 -3.4e+38 -3.4e+38 16.5968132019043 16.5968132019043 16.5968132019043 16.5968132019043 16.5908107757568 16.5847244262695 16.5786361694336 16.5725479125977 16.5664596557617 16.5603713989258 16.5542831420898 16.5481948852539 16.542106628418 16.5360202789307 16.5391693115234 16.5427761077881 16.5463809967041 16.5499877929688 16.5535945892334 16.557201385498 16.5608081817627 16.5644149780273 16.568021774292 16.5716285705566 16.5719165802002 16.5719165802002 16.5719165802002 -3.4e+38 -3.4e+38 -3.4e+38
-3.4e+38 -3.4e+38 -3.4e+38 -3.4e+38 -3.4e+38 -3.4e+38 -3.4e+38 -3.4e+38 -3.4e+38 -3.4e+38 -3.4e+38 -3.4e+38 -3.4e+38 -3.4e+38 -3.4e+38 -3.4e+38 -3.4e+38 -3.4e+38 -3.4e+38 -3.4e+38 -3.4e+38 -3.4e+38 -3.4e+38 16.5968132019043 16.5968132019043 16.5968132019043 16.5908107757568 16.5847244262695 16.5786361694336 16.5725479125977 16.5664596557617 16.5603713989258 16.5542831420898 16.5481948852539 16.542106628418 16.5360202789307 16.5391693115234 16.5427761077881 16.5463809967041 16.5499877929688 16.5535945892334 16.557201385498 16.5608081817627 16.5644149780273 16.568021774292 16.5716285705566 16.5719165802002 16.5719165802002 -3.4e+38 -3.4e+38 -3.4e+38 -3.4e+38
-3.4e+38 -3.4e+38 -3.4e+38 -3.4e+38 -3.4e+38 -3.4e+38 -3.4e+38 -3.4e+38 -3.4e+38 -3.4e+38 -3.4e+38 -3.4e+38 -3.4e+38 -3.4e+38 -3.4e+38 -3.4e+38 -3.4e+38 -3.4e+38 -3.4e+38 -3.4e+38 -3.4e+38 -3.4e+38 -3.4e+38 -3.4e+38 16.5968132019043 16.5943260192871 16.5882892608643 16.582202911377 16.576114654541 16.5700263977051 16.5639381408691 16.5578498840332 16.5517616271973 16.5456733703613 16.5395851135254 16.5373249053955 16.5406627655029 16.5442695617676 16.5478744506836 16.5514812469482 16.5550880432129 16.5586948394775 16.5623016357422 16.5659084320068 16.5695152282715 16.5717487335205 -3.4e+38 -3.4e+38 -3.4e+38 -3.4e+38 -3.4e+38 -3.4e+38
-3.4e+38 -3.4e+38 -3.4e+38 -3.4e+38 -3.4e+38 -3.4e+38 -3.4e+38 -3.4e+38 -3.4e+38 -3.4e+38 -3.4e+38 -3.4e+38 -3.4e+38 -3.4e+38 -3.4e+38 -3.4e+38 -3.4e+38 -3.4e+38 -3.4e+38 -3.4e+38 -3.4e+38 -3.4e+38 -3.4e+38 -3.4e+38 -3.4e+38 -3.4e+38 -3.4e+38 16.5818500518799 16.5757617950439 16.569673538208 16.5635852813721 16.5574970245361 16.5514087677002 16.5453205108643 16.5392322540283 16.5375061035156 16.5408725738525 16.5444774627686 16.5480842590332 16.5516910552979 16.5552978515625 16.5589046478271 16.5625114440918 16.5661182403564 16.5697250366211 -3.4e+38 -3.4e+38 -3.4e+38 -3.4e+38 -3.4e+38 -3.4e+38 -3.4e+38
-3.4e+38 -3.4e+38 -3.4e+38 -3.4e+38 -3.4e+38 -3.4e+38 -3.4e+38 -3.4e+38 -3.4e+38 -3.4e+38 -3.4e+38 -3.4e+38 -3.4e+38 -3.4e+38 -3.4e+38 -3.4e+38 -3.4e+38 -3.4e+38 -3.4e+38 -3.4e+38 -3.4e+38 -3.4e+38 -3.4e+38 -3.4e+38 -3.4e+38 -3.4e+38 -3.4e+38 -3.4e+38 16.5756721496582 16.5695838928223 16.5634956359863 16.5574073791504 16.5513191223145 16.5452308654785 16.5391445159912 16.5375537872314 16.5409259796143 16.5445308685303 -3.4e+38 16.5517444610596 16.5553512573242 -3.4e+38 -3.4e+38 16.5661716461182 -3.4e+38 -3.4e+38 -3.4e+38 -3.4e+38 -3.4e+38 -3.4e+38 -3.4e+38 -3.4e+38
-3.4e+38 -3.4e+38 -3.4e+38 -3.4e+38 -3.4e+38 -3.4e+38 -3.4e+38 -3.4e+38 -3.4e+38 -3.4e+38 -3.4e+38 -3.4e+38 -3.4e+38 -3.4e+38 -3.4e+38 -3.4e+38 -3.4e+38 -3.4e+38 -3.4e+38 -3.4e+38 -3.4e+38 -3.4e+38 -3.4e+38 -3.4e+38 -3.4e+38 -3.4e+38 -3.4e+38 -3.4e+38 16.5756378173828 16.5695495605469 16.5634613037109 16.557373046875 -3.4e+38 16.5451965332031 -3.4e+38 16.5375709533691 16.5409450531006 -3.4e+38 16.5481567382812 -3.4e+38 -3.4e+38 16.5589771270752 16.5625839233398 -3.4e+38 -3.4e+38 -3.4e+38 -3.4e+38 -3.4e+38 -3.4e+38 -3.4e+38 -3.4e+38 -3.4e+38
-3.4e+38 -3.4e+38 -3.4e+38 -3.4e+38 -3.4e+38 -3.4e+38 -3.4e+38 -3.4e+38 -3.4e+38 -3.4e+38 -3.4e+38 -3.4e+38 -3.4e+38 -3.4e+38 -3.4e+38 -3.4e+38 -3.4e+38 -3.4e+38 -3.4e+38 -3.4e+38 -3.4e+38 -3.4e+38 -3.4e+38 -3.4e+38 -3.4e+38 -3.4e+38 -3.4e+38 -3.4e+38 -3.4e+38 -3.4e+38 -3.4e+38 16.5573577880859 16.55126953125 16.5451812744141 16.5390930175781 -3.4e+38 16.5409545898438 16.5445613861084 16.5481662750244 -3.4e+38 16.5553798675537 16.5589866638184 -3.4e+38 -3.4e+38 -3.4e+38 -3.4e+38 -3.4e+38 -3.4e+38 -3.4e+38 -3.4e+38 -3.4e+38 -3.4e+38
-3.4e+38 -3.4e+38 -3.4e+38 -3.4e+38 -3.4e+38 -3.4e+38 -3.4e+38 -3.4e+38 -3.4e+38 -3.4e+38 -3.4e+38 -3.4e+38 -3.4e+38 -3.4e+38 -3.4e+38 -3.4e+38 -3.4e+38 -3.4e+38 -3.4e+38 -3.4e+38 -3.4e+38 -3.4e+38 -3.4e+38 -3.4e+38 -3.4e+38 -3.4e+38 -3.4e+38 -3.4e+38 -3.4e+38 -3.4e+38 -3.4e+38 -3.4e+38 -3.4e+38 16.5451717376709 16.539083480835 16.5375843048096 -3.4e+38 -3.4e+38 -3.4e+38 16.551778793335 -3.4e+38 -3.4e+38 -3.4e+38 -3.4e+38 -3.4e+38 -3.4e+38 -3.4e+38 -3.4e+38 -3.4e+38 -3.4e+38 -3.4e+38 -3.4e+38
