R_scripts/int_process_data/Bio_14.asc
NCOLS 281 
NROWS 576 
XLLCORNER 81175.2677831308 
YLLCORNER 88.2293212990044 
CELLSIZE 1000 
NODATA_value -3.4e+38 
[rows 198 to 219 of 576, columns 150 to 199 of 281]
0.207287847995758 0.208081439137459 0.208875045180321 0.209668636322021 0.210462242364883 0.211255833506584 0.212049439549446 0.212843030691147 0.213636636734009 0.214430242776871 0.21306711435318 0.211429074406624 0.209791049361229 0.208153009414673 0.206514969468117 0.204876929521561 0.203238889575005 0.201600849628448 0.199962809681892 0.198324769735336 0.19604703783989 0.19365993142128 0.19127282500267 0.188885718584061 0.186498612165451 0.18411149084568 0.181724384427071 0.179337278008461 0.176950171589851 0.174563065171242 0.171826541423798 0.169013857841492 0.166201174259186 0.16338849067688 0.160575807094574 0.157763123512268 0.154950439929962 0.152137756347656 0.14932507276535 0.146512389183044 0.143757358193398 0.141017824411392 0.138278305530548 0.135538771748543 0.132799237966537 0.130059719085693 0.127320185303688 0.124580651521683 0.121841125190258 0.119101591408253
0.207894772291183 0.208728596568108 0.209562405943871 0.210396230220795 0.211230054497719 0.212063863873482 0.212897688150406 0.213731497526169 0.214565321803093 0.215399146080017 0.213997036218643 0.212309911847115 0.210622802376747 0.208935678005219 0.20724855363369 0.205561429262161 0.203874304890633 0.202187195420265 0.200500071048737 0.198812946677208 0.19649301469326 0.194064900279045 0.191636770963669 0.189208656549454 0.186780527234077 0.184352412819862 0.181924283504486 0.179496169090271 0.177068039774895 0.17463992536068 0.171866372227669 0.169017523527145 0.166168674826622 0.163319826126099 0.160470977425575 0.157622128725052 0.154773280024529 0.151924431324005 0.149075582623482 0.14622674882412 0.143394365906715 0.140566423535347 0.137738481163979 0.134910523891449 0.132082581520081 0.129254639148712 0.126426696777344 0.123598746955395 0.120770804584026 0.117942854762077
0.20850171148777 0.209375739097595 0.210249781608582 0.211123824119568 0.211997851729393 0.212871894240379 0.213745936751366 0.214619979262352 0.215494006872177 0.216368049383163 0.214926958084106 0.213190749287605 0.211454555392265 0.209718346595764 0.207982137799263 0.206245943903923 0.204509735107422 0.202773526310921 0.201037332415581 0.19930112361908 0.196939006447792 0.19446986913681 0.192000731825829 0.189531594514847 0.187062457203865 0.184593319892883 0.182124182581902 0.17965504527092 0.177185907959938 0.174716770648956 0.171906188130379 0.169021174311638 0.166136160492897 0.163251161575317 0.160366147756577 0.157481133937836 0.154596120119095 0.151711106300354 0.148826107382774 0.145941093564034 0.143031373620033 0.140115007758141 0.137198656797409 0.134282290935516 0.131365925073624 0.128449559211731 0.125533208250999 0.122616842389107 0.119700483977795 0.116784118115902
0.209108635783195 0.210022896528244 0.210937157273293 0.21185140311718 0.212765663862228 0.213679924607277 0.214594185352325 0.215508446097374 0.216422691941261 0.21733695268631 0.21585687994957 0.214071586728096 0.212286308407784 0.21050101518631 0.208715736865997 0.206930443644524 0.205145165324211 0.203359872102737 0.201574593782425 0.199789300560951 0.197384983301163 0.194874837994576 0.192364677786827 0.18985453248024 0.187344387173653 0.184834226965904 0.182324081659317 0.179813921451569 0.177303776144981 0.174793630838394 0.171946004033089 0.169024839997292 0.166103661060333 0.163182482123375 0.160261318087578 0.15734013915062 0.154418960213661 0.151497796177864 0.148576617240906 0.145655438303947 0.142668381333351 0.139663606882095 0.13665883243084 0.133654043078423 0.130649268627167 0.127644494175911 0.124639719724655 0.121634937822819 0.118630163371563 0.115625381469727
0.209715574979782 0.210670039057732 0.211624518036842 0.212578997015953 0.213533475995064 0.214487954974174 0.215442433953285 0.216396912932396 0.217351377010345 0.218305855989456 0.216786801815033 0.214952424168587 0.213118061423302 0.211283698678017 0.20944932103157 0.207614958286285 0.205780580639839 0.203946217894554 0.202111840248108 0.200277477502823 0.197830975055695 0.195279806852341 0.192728638648987 0.190177470445633 0.187626302242279 0.185075148940086 0.182523980736732 0.179972812533379 0.177421644330025 0.174870476126671 0.17198583483696 0.169028490781784 0.166071146726608 0.163113817572594 0.160156473517418 0.157199144363403 0.154241800308228 0.151284471154213 0.148327127099037 0.145369797945023 0.142305389046669 0.139212191104889 0.136118993163109 0.13302581012249 0.12993261218071 0.12683941423893 0.123746231198311 0.120653033256531 0.117559842765331 0.114466644823551
0.208961233496666 0.209766581654549 0.21057191491127 0.211377248167992 0.212182581424713 0.212987929582596 0.213793262839317 0.214598596096039 0.21540392935276 0.216209277510643 0.21464829146862 0.212785661220551 0.210923030972481 0.209060415625572 0.207197785377502 0.205335155129433 0.203472524881363 0.201609909534454 0.199747279286385 0.197884649038315 0.195442393422127 0.192901030182838 0.19035966694355 0.187818303704262 0.185276940464973 0.182735577225685 0.180194213986397 0.17765286564827 0.175111502408981 0.172570139169693 0.169702678918839 0.166764155030251 0.163825631141663 0.160887107253075 0.157948583364487 0.155010059475899 0.152071535587311 0.149133011698723 0.146194487810135 0.143255963921547 0.14019288122654 0.137096300721169 0.133999720215797 0.130903154611588 0.127806574106216 0.124710001051426 0.121613427996635 0.118516847491264 0.115420274436474 0.112323701381683
0.206980034708977 0.207465559244156 0.207951098680496 0.208436623215675 0.208922147750854 0.209407687187195 0.209893211722374 0.210378751158714 0.210864275693893 0.211349815130234 0.20974425971508 0.20787213742733 0.206000030040741 0.204127907752991 0.202255800366402 0.200383678078651 0.198511570692062 0.196639448404312 0.194767341017723 0.192895218729973 0.190499067306519 0.188013315200806 0.185527548193932 0.183041796088219 0.180556043982506 0.178070291876793 0.17558453977108 0.173098772764206 0.170613020658493 0.16812726855278 0.16532589495182 0.16245573759079 0.159585565328598 0.156715407967567 0.153845235705376 0.150975078344345 0.148104920983315 0.145234748721123 0.142364591360092 0.1394944190979 0.1365035623312 0.133480235934258 0.130456924438477 0.127433598041534 0.124410286545753 0.121386967599392 0.11836364865303 0.115340329706669 0.112317010760307 0.109293699264526
0.204998821020126 0.205164536833763 0.205330267548561 0.205495998263359 0.205661714076996 0.205827444791794 0.205993175506592 0.206158891320229 0.206324622035027 0.206490352749825 0.204840213060379 0.202958613634109 0.20107701420784 0.19919541478157 0.197313815355301 0.19543220102787 0.193550601601601 0.191669002175331 0.189787402749062 0.187905803322792 0.18555574119091 0.183125600218773 0.180695444345474 0.178265288472176 0.175835147500038 0.17340499162674 0.170974850654602 0.168544694781303 0.166114538908005 0.163684397935867 0.160949110984802 0.158147305250168 0.155345499515533 0.152543693780899 0.149741902947426 0.146940097212791 0.144138291478157 0.141336485743523 0.138534694910049 0.135732889175415 0.13281424343586 0.129864186048508 0.126914113759995 0.123964056372643 0.121013998985291 0.118063934147358 0.115113876760006 0.112163811922073 0.109213754534721 0.106263689696789
0.203017607331276 0.202863529324532 0.202709451317787 0.202555373311043 0.202401280403137 0.202247202396393 0.202093124389648 0.201939046382904 0.20178496837616 0.201630890369415 0.199936181306839 0.198045089840889 0.196153998374939 0.194262906908989 0.192371815443039 0.19048073887825 0.1885896474123 0.18669855594635 0.1848074644804 0.18291637301445 0.180612415075302 0.178237870335579 0.175863325595856 0.173488780856133 0.17111425101757 0.168739706277847 0.166365161538124 0.163990616798401 0.161616072058678 0.159241527318954 0.156572312116623 0.153838872909546 0.151105433702469 0.148371994495392 0.145638555288315 0.142905116081238 0.140171676874161 0.137438237667084 0.134704783558846 0.131971344351768 0.12912492454052 0.126248121261597 0.123371317982674 0.120494514703751 0.117617711424828 0.114740908145905 0.111864104866982 0.108987301588058 0.106110490858555 0.103233687579632
0.201036393642426 0.200562506914139 0.200088620185852 0.199614733457565 0.199140846729279 0.198666974902153 0.198193088173866 0.19771920144558 0.197245314717293 0.196771427989006 0.195032149553299 0.193131566047668 0.191230997443199 0.189330413937569 0.187429830431938 0.185529261827469 0.183628678321838 0.181728109717369 0.179827526211739 0.177926942706108 0.175669088959694 0.173350155353546 0.171031221747398 0.168712288141251 0.166393339633942 0.164074406027794 0.161755472421646 0.159436538815498 0.157117590308189 0.154798656702042 0.152195528149605 0.149530440568924 0.146865367889404 0.144200280308723 0.141535207629204 0.138870134949684 0.136205047369003 0.133539974689484 0.130874887108803 0.128209814429283 0.12543560564518 0.122632063925266 0.119828514754772 0.117024965584278 0.114221423864365 0.111417874693871 0.108614325523376 0.105810783803463 0.103007234632969 0.100203685462475
0.199055194854736 0.198261499404907 0.197467803955078 0.196674108505249 0.195880427956581 0.195086732506752 0.194293037056923 0.193499341607094 0.192705646157265 0.191911965608597 0.190128117799759 0.188218042254448 0.186307981610298 0.184397920966148 0.182487845420837 0.180577784776688 0.178667724132538 0.176757648587227 0.174847587943077 0.172937527298927 0.170725777745247 0.168462440371513 0.16619910299778 0.163935780525208 0.161672443151474 0.15940910577774 0.157145783305168 0.154882445931435 0.152619123458862 0.150355786085129 0.147818729281425 0.145222008228302 0.14262530207634 0.140028581023216 0.137431859970093 0.134835138916969 0.132238432765007 0.129641711711884 0.12704499065876 0.124448277056217 0.12174629420042 0.119015999138355 0.116285711526871 0.113555423915386 0.110825136303902 0.108094841241837 0.105364553630352 0.102634266018867 0.0999039709568024 0.0971736833453178
0.197073981165886 0.195960476994514 0.194846987724304 0.193733483552933 0.192619994282722 0.191506490111351 0.19039298593998 0.189279496669769 0.188165992498398 0.187052503228188 0.185224071145058 0.183304518461227 0.181384965777397 0.179465413093567 0.177545860409737 0.175626307725906 0.173706755042076 0.171787202358246 0.169867649674416 0.167948096990585 0.165782451629639 0.163574725389481 0.161366999149323 0.159159272909164 0.156951546669006 0.154743820428848 0.15253609418869 0.150328367948532 0.148120641708374 0.145912915468216 0.143441945314407 0.140913590788841 0.138385236263275 0.135856866836548 0.133328512310982 0.130800157785416 0.12827180325985 0.125743448734283 0.123215094208717 0.120686739683151 0.11805697530508 0.115399941802025 0.112742908298969 0.110085874795914 0.107428841292858 0.104771815240383 0.102114781737328 0.099457748234272 0.0968007147312164 0.0941436812281609
0.195092767477036 0.193659469485283 0.192226156592369 0.190792858600616 0.189359560608864 0.18792624771595 0.186492949724197 0.185059636831284 0.183626338839531 0.182193040847778 0.180320039391518 0.178390994668007 0.176461964845657 0.174532920122147 0.172603875398636 0.170674830675125 0.168745800852776 0.166816756129265 0.164887711405754 0.162958666682243 0.16083912551403 0.158687010407448 0.156534880399704 0.154382765293121 0.152230650186539 0.150078520178795 0.147926405072212 0.14577428996563 0.143622174859047 0.141470044851303 0.139065146446228 0.136605158448219 0.134145155549049 0.131685167551041 0.129225179553032 0.126765176653862 0.124305181205273 0.121845193207264 0.119385197758675 0.116925202310085 0.11436765640974 0.111783884465694 0.109200105071068 0.106616333127022 0.104032553732395 0.101448781788349 0.0988650023937225 0.0962812304496765 0.0936974510550499 0.0911136791110039
0.193111553788185 0.19135844707489 0.189605340361595 0.1878522336483 0.186099126935005 0.184346005320549 0.182592898607254 0.180839791893959 0.179086685180664 0.177333563566208 0.175416007637978 0.173477470874786 0.171538949012756 0.169600412249565 0.167661890387535 0.165723353624344 0.163784831762314 0.161846294999123 0.159907773137093 0.157969251275063 0.155895799398422 0.153799280524254 0.151702776551247 0.149606257677078 0.14750973880291 0.145413234829903 0.143316715955734 0.141220211982727 0.139123693108559 0.13702717423439 0.13468836247921 0.132296726107597 0.129905089735985 0.127513468265533 0.125121831893921 0.122730195522308 0.120338559150696 0.117946930229664 0.115555293858051 0.113163664937019 0.1106783375144 0.108167819678783 0.105657301843166 0.103146784007549 0.100636266171932 0.0981257483363152 0.0956152305006981 0.093104712665081 0.090594194829464 0.0880836769938469
0.191130355000496 0.189057439565659 0.186984524130821 0.184911608695984 0.182838693261147 0.180765777826309 0.178692862391472 0.176619946956635 0.174547016620636 0.172474101185799 0.170511975884438 0.168563947081566 0.166615933179855 0.164667919278145 0.162719905376434 0.160771891474724 0.158823862671852 0.156875848770142 0.154927834868431 0.152979820966721 0.150952473282814 0.148911565542221 0.146870657801628 0.144829750061035 0.142788842320442 0.140747934579849 0.138707026839256 0.136666119098663 0.13462521135807 0.132584303617477 0.130311563611031 0.127988293766975 0.12566502392292 0.123341754078865 0.12101848423481 0.118695214390755 0.1163719445467 0.114048667252064 0.111725397408009 0.109402127563953 0.106989018619061 0.104551762342453 0.102114498615265 0.0996772423386574 0.0972399786114693 0.0948027148842812 0.0923654586076736 0.0899281948804855 0.0874909311532974 0.0850536748766899
0.19017781317234 0.187999188899994 0.185820579528809 0.183641955256462 0.181463345885277 0.17928472161293 0.177106097340584 0.174927487969398 0.172748863697052 0.170570239424706 0.168541833758354 0.166532576084137 0.16452331840992 0.162514045834541 0.160504788160324 0.158495530486107 0.156486257910728 0.154477000236511 0.152467742562294 0.150458484888077 0.148446276783943 0.146433547139168 0.144420832395554 0.142408117651939 0.140395402908325 0.138382688164711 0.136369973421097 0.134357258677483 0.132344543933868 0.130331829190254 0.128092586994171 0.125803977251053 0.123515367507935 0.121226750314236 0.118938140571117 0.116649523377419 0.1143609136343 0.112072296440601 0.109783686697483 0.107495076954365 0.105118580162525 0.102718465030193 0.100318342447281 0.0979182198643684 0.0955181047320366 0.0931179821491241 0.0907178595662117 0.0883177369832993 0.0859176218509674 0.083517499268055
0.190283119678497 0.188218966126442 0.186154812574387 0.184090659022331 0.182026505470276 0.179962366819382 0.177898213267326 0.175834059715271 0.173769906163216 0.17170575261116 0.169588759541512 0.167465031147003 0.165341302752495 0.163217574357986 0.161093845963478 0.15897011756897 0.156846389174461 0.154722660779953 0.152598917484283 0.150475189089775 0.148446276783943 0.146433547139168 0.144420832395554 0.142408117651939 0.140395402908325 0.138382688164711 0.136369973421097 0.134357258677483 0.132344543933868 0.130331829190254 0.128092586994171 0.125803977251053 0.123515367507935 0.121226750314236 0.118938140571117 0.116649523377419 0.1143609136343 0.112072296440601 0.109783686697483 0.107495076954365 0.105118580162525 0.102718465030193 0.100318342447281 0.0979182198643684 0.0955181047320366 0.0931179821491241 0.0907178595662117 0.0883177369832993 0.0859176218509674 0.083517499268055
0.190388411283493 0.188438728451729 0.186489045619965 0.1845393627882 0.182589679956436 0.180639997124672 0.178690314292908 0.176740631461143 0.174790948629379 0.172841280698776 0.17063570022583 0.168397501111031 0.166159301996231 0.163921102881432 0.161682903766632 0.159444704651833 0.157206505537033 0.154968306422234 0.152730107307434 0.150491908192635 0.148446276783943 0.146433547139168 0.144420832395554 0.142408117651939 0.140395402908325 0.138382688164711 0.136369973421097 0.134357258677483 0.132344543933868 0.130331829190254 0.128092586994171 0.125803977251053 0.123515367507935 0.121226750314236 0.118938140571117 0.116649523377419 0.1143609136343 0.112072296440601 0.109783686697483 0.107495076954365 0.105118580162525 0.102718465030193 0.100318342447281 0.0979182198643684 0.0955181047320366 0.0931179821491241 0.0907178595662117 0.0883177369832993 0.0859176218509674 0.083517499268055
0.190493702888489 0.188658490777016 0.186823278665543 0.18498806655407 0.183152854442596 0.181317642331123 0.17948243021965 0.177647218108177 0.175812005996704 0.173976793885231 0.171682626008987 0.169329956173897 0.166977286338806 0.164624631404877 0.162271961569786 0.159919291734695 0.157566621899605 0.155213952064514 0.152861282229424 0.150508627295494 0.148446276783943 0.146433547139168 0.144420832395554 0.142408117651939 0.140395402908325 0.138382688164711 0.136369973421097 0.134357258677483 0.132344543933868 0.130331829190254 0.128092586994171 0.125803977251053 0.123515367507935 0.121226750314236 0.118938140571117 0.116649523377419 0.1143609136343 0.112072296440601 0.109783686697483 0.107495076954365 0.105118580162525 0.102718465030193 0.100318342447281 0.0979182198643684 0.0955181047320366 0.0931179821491241 0.0907178595662117 0.0883177369832993 0.0859176218509674 0.083517499268055
0.190599009394646 0.188878268003464 0.187157511711121 0.185436770319939 0.183716028928757 0.181995287537575 0.180274546146393 0.17855378985405 0.176833048462868 0.175112307071686 0.172729551792145 0.170262426137924 0.167795285582542 0.165328145027161 0.16286101937294 0.160393878817558 0.157926738262177 0.155459612607956 0.152992472052574 0.150525331497192 0.148446276783943 0.146433547139168 0.144420832395554 0.142408117651939 0.140395402908325 0.138382688164711 0.136369973421097 0.134357258677483 0.132344543933868 0.130331829190254 0.128092586994171 0.125803977251053 0.123515367507935 0.121226750314236 0.118938140571117 0.116649523377419 0.1143609136343 0.112072296440601 0.109783686697483 0.107495076954365 0.105118580162525 0.102718465030193 0.100318342447281 0.0979182198643684 0.0955181047320366 0.0931179821491241 0.0907178595662117 0.0883177369832993 0.0859176218509674 0.083517499268055
0.190704300999641 0.189098030328751 0.18749175965786 0.185885474085808 0.184279203414917 0.182672917842865 0.181066647171974 0.179460376501083 0.177854090929031 0.176247820258141 0.173776492476463 0.17119488120079 0.168613284826279 0.166031673550606 0.163450062274933 0.160868465900421 0.158286854624748 0.155705258250237 0.153123646974564 0.150542050600052 0.148446276783943 0.146433547139168 0.144420832395554 0.142408117651939 0.140395402908325 0.138382688164711 0.136369973421097 0.134357258677483 0.132344543933868 0.130331829190254 0.128092586994171 0.125803977251053 0.123515367507935 0.121226750314236 0.118938140571117 0.116649523377419 0.1143609136343 0.112072296440601 0.109783686697483 0.107495076954365 0.105118580162525 0.102718465030193 0.100318342447281 0.0979182198643684 0.0955181047320366 0.0931179821491241 0.0907178595662117 0.0883177369832993 0.0859176218509674 0.083517499268055
0.190809607505798 0.189317792654037 0.187825992703438 0.186334177851677 0.184842377901077 0.183350563049316 0.181858763098717 0.180366948246956 0.178875148296356 0.177383333444595 0.174823418259621 0.172127351164818 0.169431269168854 0.166735202074051 0.164039120078087 0.161343052983284 0.158646985888481 0.155950903892517 0.153254836797714 0.15055875480175 0.148446276783943 0.146433547139168 0.144420832395554 0.142408117651939 0.140395402908325 0.138382688164711 0.136369973421097 0.134357258677483 0.132344543933868 0.130331829190254 0.128092586994171 0.125803977251053 0.123515367507935 0.121226750314236 0.118938140571117 0.116649523377419 0.1143609136343 0.112072296440601 0.109783686697483 0.107495076954365 0.105118580162525 0.102718465030193 0.100318342447281 0.0979182198643684 0.0955181047320366 0.0931179821491241 0.0907178595662117 0.0883177369832993 0.0859176218509674 0.083517499268055
