R_scripts/int_process_data/Bio_19_2001.2020.asc
NCOLS 281 
NROWS 577 
XLLCORNER 81175.2677831308 
YLLCORNER -911.770678700996 
CELLSIZE 1000 
NODATA_value -3.4e+38 
[rows 189 to 209 of 577, columns 48 to 95 of 281]
-3.4e+38 -3.4e+38 -3.4e+38 -3.4e+38 -3.4e+38 -3.4e+38 -3.4e+38 -3.4e+38 -3.4e+38 -3.4e+38 -3.4e+38 -3.4e+38 -3.4e+38 3.84669078812294e-08 3.84087357474527e-08 3.82274585319919e-08 3.79583795506733e-08 3.76431898985174e-08 3.74030513228263e-08 3.74849626894047e-08 3.75467905655569e-08 3.7649698469977e-08 3.7746989534071e-08 3.76703539473056e-08 3.75101159022506e-08 3.73770099315607e-08 3.72625201805477e-08 3.706811213533e-08 3.68618344737115e-08 3.67585109017909e-08 3.67227315223317e-08 3.66367984838689e-08 3.65329348994692e-08 3.63628842592334e-08 3.62099505935021e-08 3.60524872178303e-08 3.60651490893815e-08 3.59877461164615e-08 3.58968534897031e-08 3.57558924690693e-08 3.56990028649307e-08 3.57501264147686e-08 3.58037084424723e-08 3.5895283190257e-08 3.61477248134179e-08 3.65887871112136e-08 3.71135406851408e-08 3.76957132175448e-08
-3.4e+38 -3.4e+38 -3.4e+38 -3.4e+38 -3.4e+38 -3.4e+38 -3.4e+38 -3.4e+38 -3.4e+38 -3.4e+38 -3.4e+38 -3.4e+38 -3.4e+38 3.83856395558269e-08 3.82875384730141e-08 3.81020193174209e-08 3.78103308662503e-08 3.74688013948798e-08 3.72257566993994e-08 3.73327360136955e-08 3.74192552499153e-08 3.7481242998183e-08 3.75662132512389e-08 3.75516187034464e-08 3.74677462389172e-08 3.73317661228612e-08 3.72019748340335e-08 3.70222004164589e-08 3.6771517386569e-08 3.66609711477395e-08 3.66502952431347e-08 3.65575658634043e-08 3.64312420231272e-08 3.62642254003731e-08 3.61890180045066e-08 3.60679379696194e-08 3.60029517310068e-08 3.59200278410299e-08 3.57919489601954e-08 3.56553293556772e-08 3.56468845552627e-08 3.56956100233674e-08 3.57069360745754e-08 3.58085721074985e-08 3.60928922304993e-08 3.63336134512338e-08 3.67227812603232e-08 3.73508441953163e-08
-3.4e+38 -3.4e+38 -3.4e+38 -3.4e+38 -3.4e+38 -3.4e+38 -3.4e+38 -3.4e+38 -3.4e+38 -3.4e+38 -3.4e+38 -3.4e+38 -3.4e+38 3.8253151757317e-08 3.81377986968801e-08 3.79574700559715e-08 3.76581787975283e-08 3.73125637054272e-08 3.70642858626979e-08 3.71344093252901e-08 3.72736828069264e-08 3.73336561665383e-08 3.7348591774844e-08 3.73389816843428e-08 3.73137005738045e-08 3.72334056919499e-08 3.71328674475535e-08 3.70129775717487e-08 3.67244901156027e-08 3.65838417337727e-08 3.65578713967807e-08 3.64463872415399e-08 3.63075152165493e-08 3.61614453936454e-08 3.60603493732015e-08 3.60084158046448e-08 3.58959191260055e-08 3.57968019670807e-08 3.57118068450291e-08 3.56375444710011e-08 3.56695153413966e-08 3.56747200669361e-08 3.55866411894112e-08 3.57022464925194e-08 3.60722616221665e-08 3.62684566823646e-08 3.64600083457844e-08 3.70856234610528e-08
-3.4e+38 -3.4e+38 -3.4e+38 -3.4e+38 -3.4e+38 -3.4e+38 -3.4e+38 -3.4e+38 -3.4e+38 -3.4e+38 -3.4e+38 -3.4e+38 3.81562976770056e-08 3.81265330418046e-08 3.80106079944653e-08 3.77917608318512e-08 3.74821240711753e-08 3.71826232026251e-08 3.69024952817654e-08 3.69130859212419e-08 3.7129488816845e-08 3.72489594724357e-08 3.72276183213671e-08 3.71694852674409e-08 3.71387045561278e-08 3.70972408347825e-08 3.70163881768804e-08 3.69276058620471e-08 3.67052734873141e-08 3.65392587298174e-08 3.64648755635244e-08 3.63364378586084e-08 3.61924961111981e-08 3.6056881924651e-08 3.59630440982528e-08 3.59482719147763e-08 3.58239233833046e-08 3.56974041437752e-08 3.55797666884428e-08 3.55514799821322e-08 3.56046676586175e-08 3.55554021780335e-08 3.54311673333996e-08 3.55729881107436e-08 3.58989140636368e-08 3.61923966352151e-08 3.63780934264923e-08 3.67614205742939e-08
-3.4e+38 -3.4e+38 -3.4e+38 -3.4e+38 -3.4e+38 -3.4e+38 -3.4e+38 -3.4e+38 -3.4e+38 -3.4e+38 -3.4e+38 -3.4e+38 3.80445221992431e-08 3.80079008266421e-08 3.78790119270889e-08 3.76303432858549e-08 3.73245399032385e-08 3.7060889468421e-08 3.67620636154697e-08 3.669762094205e-08 3.69112633791246e-08 3.71033905821605e-08 3.71587454139899e-08 3.71034332147246e-08 3.70288333328972e-08 3.6981937512337e-08 3.6952449988803e-08 3.68456127830541e-08 3.66746633062576e-08 3.64931587171213e-08 3.63572567607662e-08 3.62488385974302e-08 3.61514054247891e-08 3.6069888409429e-08 3.6009861759112e-08 3.58958942570098e-08 3.57163933983884e-08 3.55788003503221e-08 3.54287834625211e-08 3.53063285274402e-08 3.53586635526426e-08 3.53649944884182e-08 3.53043816403442e-08 3.54511442424155e-08 3.56990206284991e-08 3.59397596128019e-08 3.62765888439753e-08 3.65575587579769e-08
-3.4e+38 -3.4e+38 -3.4e+38 -3.4e+38 -3.4e+38 -3.4e+38 -3.4e+38 -3.4e+38 -3.4e+38 -3.4e+38 -3.4e+38 -3.4e+38 3.79094124980384e-08 3.78695901304127e-08 3.77348534641442e-08 3.74949209458464e-08 3.72279203020298e-08 3.69498742713859e-08 3.66241614813134e-08 3.65070675911738e-08 3.67600314632455e-08 3.69535619881844e-08 3.70000563520989e-08 3.69533061927996e-08 3.68733381606035e-08 3.68228896263645e-08 3.68485544299801e-08 3.67977079918091e-08 3.65957149028873e-08 3.63618504195529e-08 3.62697356592889e-08 3.62134393583347e-08 3.61700145390387e-08 3.61371981227876e-08 3.60082559325292e-08 3.57859200050825e-08 3.55935938500807e-08 3.54334375174403e-08 3.52968214656357e-08 3.51746436422218e-08 3.51281315147389e-08 3.51082967142702e-08 3.51992319735928e-08 3.53500801963946e-08 3.55524782946759e-08 3.57891671853849e-08 3.60823371181596e-08 3.64675862840613e-08
-3.4e+38 -3.4e+38 -3.4e+38 -3.4e+38 -3.4e+38 -3.4e+38 -3.4e+38 -3.4e+38 -3.4e+38 -3.4e+38 -3.4e+38 3.78000954981417e-08 3.77865596590254e-08 3.77022821851369e-08 3.75365409865935e-08 3.73374042794694e-08 3.70665880211618e-08 3.67338088835822e-08 3.64487142689995e-08 3.64230494653839e-08 3.67170898130098e-08 3.67868615569478e-08 3.66898973425123e-08 3.6688152960096e-08 3.66472683310803e-08 3.66299026666184e-08 3.66536383467064e-08 3.66151837738471e-08 3.64552619203096e-08 3.62244243490295e-08 3.61674707960447e-08 3.61529970405172e-08 3.61297338713484e-08 3.60446428260275e-08 3.58468952299518e-08 3.56086715669335e-08 3.54311318062628e-08 3.5287428090669e-08 3.52385782775855e-08 3.52260585145814e-08 3.51020759126186e-08 3.50101529988933e-08 3.51130147180356e-08 3.52274689419119e-08 3.54407845293281e-08 3.57100837788948e-08 3.59673535399452e-08 3.62946650511731e-08
-3.4e+38 -3.4e+38 -3.4e+38 -3.4e+38 -3.4e+38 -3.4e+38 -3.4e+38 -3.4e+38 -3.4e+38 -3.4e+38 -3.4e+38 3.76617457220618e-08 3.76284958747419e-08 3.75136259833653e-08 3.73142192700016e-08 3.7170877931203e-08 3.69018628987305e-08 3.65681565028808e-08 3.63080872034516e-08 3.623169675393e-08 3.64441987699138e-08 3.63572674189072e-08 3.63205572284642e-08 3.63793901669851e-08 3.64152050735811e-08 3.64474210812205e-08 3.63969263617037e-08 3.63070995490489e-08 3.62357823746606e-08 3.61294887341046e-08 3.60596565940341e-08 3.60214116312818e-08 3.59604257482715e-08 3.58428025037938e-08 3.57058524969034e-08 3.5507117246425e-08 3.53560309918066e-08 3.52705278316989e-08 3.52862414843003e-08 3.51715527813212e-08 3.49533024746052e-08 3.48617845702393e-08 3.49576048108702e-08 3.50900641876706e-08 3.53047759915626e-08 3.56002871626515e-08 3.59122260817912e-08 3.61270231508115e-08
-3.4e+38 -3.4e+38 -3.4e+38 -3.4e+38 -3.4e+38 -3.4e+38 -3.4e+38 -3.4e+38 -3.4e+38 -3.4e+38 -3.4e+38 3.75256767881638e-08 3.7471973968195e-08 3.73517039520266e-08 3.71592712156144e-08 3.70164343621582e-08 3.67632679854069e-08 3.6496491162552e-08 3.62116807650636e-08 3.60140006705478e-08 3.59793226323291e-08 3.59409497718843e-08 3.59607099653658e-08 3.60353418216164e-08 3.60702507862243e-08 3.60838612323278e-08 3.60406708921346e-08 3.59534162441832e-08 3.59146525852339e-08 3.59137146688226e-08 3.58449767645652e-08 3.57635556724745e-08 3.56757929864671e-08 3.56264457934685e-08 3.55587914668831e-08 3.54268827607029e-08 3.53402356267907e-08 3.53009710352126e-08 3.52575284523482e-08 3.50490978462403e-08 3.48102204839051e-08 3.47674777856355e-08 3.48475310829599e-08 3.49873303662207e-08 3.51933664433091e-08 3.54621256803966e-08 3.5706431589233e-08 3.5965651790093e-08
-3.4e+38 -3.4e+38 -3.4e+38 -3.4e+38 -3.4e+38 -3.4e+38 -3.4e+38 -3.4e+38 -3.4e+38 -3.4e+38 -3.4e+38 3.74078474862927e-08 3.7321857604411e-08 3.72029163031584e-08 3.70379851233338e-08 3.6867159991516e-08 3.66323646971978e-08 3.64215928527756e-08 3.6145809900745e-08 3.59535228255936e-08 3.57957965491096e-08 3.57412019980075e-08 3.5755608251975e-08 3.58178375847729e-08 3.58182461468459e-08 3.57993812372115e-08 3.57797986794139e-08 3.57682026219663e-08 3.57621487978577e-08 3.57557823349453e-08 3.56727447581306e-08 3.55238647387068e-08 3.54203741892434e-08 3.53714035838948e-08 3.53402711539275e-08 3.52845326290208e-08 3.53000331188014e-08 3.52856126539791e-08 3.51675204512958e-08 3.49783277897586e-08 3.47935369404695e-08 3.47534694356e-08 3.49003705935047e-08 3.49649518227579e-08 3.51179032520577e-08 3.53547910947327e-08 3.55727323153587e-08 3.58437013403545e-08
-3.4e+38 -3.4e+38 -3.4e+38 -3.4e+38 -3.4e+38 -3.4e+38 -3.4e+38 -3.4e+38 -3.4e+38 -3.4e+38 -3.4e+38 3.7240649675141e-08 3.71429784706834e-08 3.70096380208906e-08 3.68955035412455e-08 3.6745635867419e-08 3.65329739793196e-08 3.63451988505403e-08 3.60433176638253e-08 3.59039908914838e-08 3.57794256444777e-08 3.56608076401699e-08 3.55847262767384e-08 3.56384823874123e-08 3.56473748297503e-08 3.56664742184876e-08 3.56844047644245e-08 3.57127625250087e-08 3.56751286290091e-08 3.56323681671711e-08 3.55706220034335e-08 3.54320768281013e-08 3.53005766839942e-08 3.52336400055719e-08 3.51886022542658e-08 3.51506024287573e-08 3.52314231122364e-08 3.52357218957877e-08 3.51349669358569e-08 3.48829161112008e-08 3.47553417157087e-08 3.48586084442104e-08 3.497844502931e-08 3.49410278488449e-08 3.4997480469201e-08 3.52579547779897e-08 3.55187239620136e-08 3.58026532865097e-08
-3.4e+38 -3.4e+38 -3.4e+38 -3.4e+38 -3.4e+38 -3.4e+38 -3.4e+38 -3.4e+38 -3.4e+38 -3.4e+38 3.71624615524979e-08 3.7084980419877e-08 3.69741570693805e-08 3.6842671136128e-08 3.67415182722652e-08 3.66186618805386e-08 3.64077905601334e-08 3.62381733509665e-08 3.59845522268643e-08 3.58382621357123e-08 3.57233034264937e-08 3.55783313921165e-08 3.5473558313015e-08 3.54705456118154e-08 3.54786600098578e-08 3.54594043017187e-08 3.55628486659043e-08 3.56415483793171e-08 3.55732616696969e-08 3.55008964447734e-08 3.54461313634147e-08 3.53716416157113e-08 3.52975071393757e-08 3.52102063061466e-08 3.51201236981069e-08 3.51172957380186e-08 3.5211108695421e-08 3.51739366521997e-08 3.50354838474232e-08 3.47937358924355e-08 3.47716166970713e-08 3.4873234966426e-08 3.48618733880812e-08 3.49310873559716e-08 3.50057476339316e-08 3.51131248521597e-08 3.5451016344723e-08 3.56563667480714e-08
-3.4e+38 -3.4e+38 -3.4e+38 -3.4e+38 -3.4e+38 -3.4e+38 -3.4e+38 -3.4e+38 -3.4e+38 -3.4e+38 3.70319703790756e-08 3.69549013612414e-08 3.68486325896811e-08 3.67299897163775e-08 3.65975800775686e-08 3.64523380369519e-08 3.62508245643767e-08 3.60795056053576e-08 3.59136933525406e-08 3.57642591097829e-08 3.56353098140971e-08 3.55432696608204e-08 3.54794380541534e-08 3.54655078638189e-08 3.53974769495835e-08 3.53016282872431e-08 3.53730627011828e-08 3.55022358178303e-08 3.55022322651166e-08 3.5425443911663e-08 3.53465274827158e-08 3.53094335991955e-08 3.53119595786211e-08 3.51979529966684e-08 3.50819107097777e-08 3.50357964862269e-08 3.49959243806097e-08 3.50051401198925e-08 3.47221806862308e-08 3.45671402612879e-08 3.46482629254297e-08 3.46537554207771e-08 3.46965514097519e-08 3.49520590248176e-08 3.50553222006056e-08 3.50227509215983e-08 3.52275506543265e-08 3.54297959859196e-08
-3.4e+38 -3.4e+38 -3.4e+38 -3.4e+38 -3.4e+38 -3.4e+38 -3.4e+38 -3.4e+38 -3.4e+38 -3.4e+38 3.69039518943737e-08 3.68450727705749e-08 3.67803814071976e-08 3.66549102182034e-08 3.65079806385893e-08 3.63604044650856e-08 3.61414898009116e-08 3.596973385811e-08 3.57953240381903e-08 3.56541605128768e-08 3.55497355997159e-08 3.55380151972895e-08 3.55264297979829e-08 3.54557982973347e-08 3.52931479596919e-08 3.52261828595601e-08 3.52052609287057e-08 3.53191431656796e-08 3.54675613323252e-08 3.54467104557443e-08 3.53164040234333e-08 3.52580897811094e-08 3.52751037269172e-08 3.5214537064121e-08 3.50945583704743e-08 3.49270514732325e-08 3.47644011355897e-08 3.48136168781821e-08 3.4403594639798e-08 3.42152617349711e-08 3.44543202857039e-08 3.44979227406839e-08 3.46517907701127e-08 3.49522970566341e-08 3.50261473158753e-08 3.50916877778218e-08 3.51479449989256e-08 3.52318672014462e-08
-3.4e+38 -3.4e+38 -3.4e+38 -3.4e+38 -3.4e+38 -3.4e+38 -3.4e+38 -3.4e+38 -3.4e+38 -3.4e+38 3.67889896324414e-08 3.67386476796128e-08 3.66844510324427e-08 3.65643977318086e-08 3.64219943094213e-08 3.6290551008733e-08 3.60456517967123e-08 3.58648684084528e-08 3.57252432081623e-08 3.56321159244999e-08 3.55619569347709e-08 3.55122971029687e-08 3.55127944828837e-08 3.5386189978226e-08 3.52011468862656e-08 3.51725084613008e-08 3.51060833736483e-08 3.51480053950581e-08 3.54000846414237e-08 3.55072025115533e-08 3.52989495411293e-08 3.52424613936364e-08 3.51855184987926e-08 3.50588429398613e-08 3.48909416914012e-08 3.46920785432303e-08 3.466084663728e-08 3.47399762290479e-08 3.42343113857169e-08 3.3908847285602e-08 3.40569350498754e-08 3.42689183696621e-08 3.46569493103743e-08 3.49865487692114e-08 3.50663391657235e-08 3.51304265677754e-08 3.49856890125011e-08 3.50140005878075e-08
-3.4e+38 -3.4e+38 -3.4e+38 -3.4e+38 -3.4e+38 -3.4e+38 -3.4e+38 -3.4e+38 -3.4e+38 -3.4e+38 3.66530485962357e-08 3.66331462942071e-08 3.65578891603491e-08 3.64603636171523e-08 3.63169050388024e-08 3.6132448144599e-08 3.59195801991063e-08 3.57856038135651e-08 3.56336933293733e-08 3.555426886237e-08 3.54943878733138e-08 3.54219125142663e-08 3.53825484467052e-08 3.52498830125114e-08 3.50712987540192e-08 3.50335049859041e-08 3.50706557128433e-08 3.51418947275306e-08 3.52816051929494e-08 3.53823423893118e-08 3.52782940638008e-08 3.51034827872354e-08 3.49029853907723e-08 3.48030049224235e-08 3.46957591546015e-08 3.4465955423002e-08 3.45046657912462e-08 3.46623885150166e-08 3.41970114448031e-08 3.37358372348717e-08 3.37427970009685e-08 3.42039712108999e-08 3.46764323921889e-08 3.50030298079673e-08 3.50010012084567e-08 3.48270710048837e-08 3.459722464072e-08 3.46955495444945e-08
-3.4e+38 -3.4e+38 -3.4e+38 -3.4e+38 -3.4e+38 -3.4e+38 -3.4e+38 -3.4e+38 -3.4e+38 3.65920485023707e-08 3.65221275444583e-08 3.65174166461202e-08 3.64621044468549e-08 3.63740149111891e-08 3.62193333103278e-08 3.59445522235546e-08 3.57177576404411e-08 3.56180258620498e-08 3.54381661793468e-08 3.53361038207822e-08 3.52584166307679e-08 3.52456019925285e-08 3.51999354109012e-08 3.50614577371289e-08 3.49523467946256e-08 3.49146205280704e-08 3.49686963829754e-08 3.51249553887101e-08 3.51692968081352e-08 3.52236675382755e-08 3.50912614521803e-08 3.48849944487029e-08 3.47667494793313e-08 3.47107267373303e-08 3.46429480657662e-08 3.43628698828979e-08 3.42851791401699e-08 3.44729436108082e-08 3.4005008586746e-08 3.35571641585375e-08 3.35088046199417e-08 3.3953476474835e-08 3.43960202542348e-08 3.4787934310998e-08 3.46728157296639e-08 3.43266002289511e-08 3.42513821749435e-08 3.4507124269112e-08
-3.4e+38 -3.4e+38 -3.4e+38 -3.4e+38 -3.4e+38 -3.4e+38 -3.4e+38 -3.4e+38 -3.4e+38 3.64554857412713e-08 3.6442603601472e-08 3.64317109813328e-08 3.63812588943802e-08 3.62870693493278e-08 3.60979228730685e-08 3.57858205290995e-08 3.55390206152606e-08 3.54140432534678e-08 3.51742635018581e-08 3.49997648640965e-08 3.49505349106494e-08 3.49990116887966e-08 3.4995611741806e-08 3.49002817756627e-08 3.48628397262019e-08 3.48162743080138e-08 3.48177806586136e-08 3.5007811760579e-08 3.51493838479655e-08 3.50103874779961e-08 3.48581146170091e-08 3.48381199444248e-08 3.46904442949381e-08 3.45466091289381e-08 3.44181039224623e-08 3.4183209152161e-08 3.40853247848827e-08 3.42284884879973e-08 3.38543841849059e-08 3.34843583971178e-08 3.33652145911856e-08 3.36084902130551e-08 3.39002959037771e-08 3.42423938093361e-08 3.42636994332679e-08 3.39720429565205e-08 3.40243140328766e-08 3.44580080025025e-08
-3.4e+38 -3.4e+38 -3.4e+38 -3.4e+38 -3.4e+38 -3.4e+38 -3.4e+38 -3.4e+38 3.63813832393589e-08 3.6355434218649e-08 3.6375254808263e-08 3.63498742217416e-08 3.62897445427279e-08 3.61760683631474e-08 3.59410172734442e-08 3.56291884884286e-08 3.54042200001459e-08 3.52383224822006e-08 3.4912556401423e-08 3.46629960290556e-08 3.47089077479268e-08 3.47977540116062e-08 3.48220403623145e-08 3.48058648569349e-08 3.48005642081262e-08 3.47113129350873e-08 3.4655890601698e-08 3.48832038810087e-08 3.50507782798104e-08 3.47919666410235e-08 3.47191217997533e-08 3.47099522457484e-08 3.44858577250307e-08 3.43785622192172e-08 3.42439285816454e-08 3.40522419151057e-08 3.38781767084129e-08 3.37940342376442e-08 3.35627987624321e-08 3.34812177982258e-08 3.32521850054945e-08 3.33238112659728e-08 3.36354766261593e-08 3.39052874664958e-08 3.39512737923542e-08 3.37346683920714e-08 3.38914709629989e-08 3.43677903913431e-08
-3.4e+38 -3.4e+38 -3.4e+38 -3.4e+38 -3.4e+38 -3.4e+38 -3.4e+38 -3.4e+38 3.62670888875982e-08 3.62878864734739e-08 3.63023175964372e-08 3.62711425339057e-08 3.61833620843299e-08 3.60520928666119e-08 3.57511922288722e-08 3.54071687524993e-08 3.52320128627071e-08 3.50115882952196e-08 3.46269253270748e-08 3.43845805161891e-08 3.45583437422192e-08 3.466876563607e-08 3.46116735272517e-08 3.46300943476763e-08 3.47029747160832e-08 3.46604522860616e-08 3.4609115573403e-08 3.4860747177845e-08 3.49082327488759e-08 3.46310145005191e-08 3.45784130217908e-08 3.44528565676683e-08 3.43592176932361e-08 3.42902986005811e-08 3.42133681385803e-08 3.40418715438773e-08 3.37604788569479e-08 3.34098331222776e-08 3.31459730773531e-08 3.31966596434086e-08 3.30999050390801e-08 3.32989458229349e-08 3.36286163360455e-08 3.38471082272918e-08 3.35961267694529e-08 3.35307639431903e-08 3.38691243939593e-08 3.42442234568807e-08
-3.4e+38 -3.4e+38 -3.4e+38 -3.4e+38 -3.4e+38 -3.4e+38 -3.4e+38 -3.4e+38 3.62398004938314e-08 3.62665772968285e-08 3.62290073496752e-08 3.61996050912694e-08 3.60704959234681e-08 3.58677603173874e-08 3.55478562141798e-08 3.52099043254839e-08 3.49783988440322e-08 3.47018449531333e-08 3.43101795863276e-08 3.40840315971036e-08 3.44223174408853e-08 3.44296147147816e-08 3.4258057723946e-08 3.42012249632262e-08 3.44078081582211e-08 3.45148798430728e-08 3.45724444628104e-08 3.48037687558644e-08 3.48220510204555e-08 3.44710251454217e-08 3.41428112449194e-08 3.39630616963404e-08 3.39797878723402e-08 3.38871970484433e-08 3.3936863985673e-08 3.37699042063377e-08 3.35851702004675e-08 3.32528422575251e-08 3.29881686411682e-08 3.27923821430431e-08 3.29226672590721e-08 3.35289946917783e-08 3.36645307186245e-08 3.34338139396095e-08 3.32930945035059e-08 3.37135190875415e-08 3.39803172266784e-08 3.40751142857698e-08
