R_scripts/int_process_data/Bio_04.asc
NCOLS 281 
NROWS 576 
XLLCORNER 81175.2677831308 
YLLCORNER 88.2293212990044 
CELLSIZE 1000 
NODATA_value -3.4e+38 
[rows 506 to 528 of 576, columns 52 to 103 of 281]
-3.4e+38 -3.4e+38 -3.4e+38 -3.4e+38 -3.4e+38 -3.4e+38 -3.4e+38 403.885162353516 407.372192382812 410.859222412109 414.346282958984 417.833312988281 421.320343017578 424.807403564453 428.29443359375 431.781494140625 435.268524169922 438.873291015625 443.001953125 447.130645751953 451.259307861328 455.388000488281 459.516662597656 463.645324707031 467.774017333984 471.902679443359 476.031372070312 479.884246826172 482.180694580078 484.477111816406 486.773559570312 489.070007324219 491.366455078125 493.662902832031 495.959350585938 498.255798339844 500.55224609375 502.845306396484 505.113098144531 507.380889892578 509.648681640625 511.916473388672 514.184265136719 516.452087402344 518.719848632812 520.987609863281 523.255432128906 525.478515625 527.218017578125 528.95751953125 530.697021484375 532.4365234375
-3.4e+38 -3.4e+38 -3.4e+38 -3.4e+38 -3.4e+38 -3.4e+38 -3.4e+38 404.809356689453 408.174377441406 411.539398193359 414.904418945312 418.269439697266 421.634460449219 424.999481201172 428.364501953125 431.729522705078 435.094573974609 438.607086181641 442.776031494141 446.945007324219 451.113952636719 455.282928466797 459.451873779297 463.620819091797 467.789794921875 471.958740234375 476.127716064453 480.015747070312 482.318481445312 484.621185302734 486.923919677734 489.226654052734 491.529357910156 493.832092285156 496.134826660156 498.437530517578 500.740264892578 503.038452148438 505.302642822266 507.566802978516 509.830993652344 512.095153808594 514.359375 516.62353515625 518.8876953125 521.151916503906 523.416076660156 525.63671875 527.386535644531 529.136413574219 530.88623046875 532.636108398438
-3.4e+38 -3.4e+38 -3.4e+38 -3.4e+38 -3.4e+38 -3.4e+38 -3.4e+38 -3.4e+38 408.9765625 412.219573974609 415.462554931641 418.70556640625 421.948577880859 425.191589355469 428.434600830078 431.677581787109 434.920593261719 438.340881347656 442.550109863281 446.759368896484 450.968597412109 455.177856445312 459.387084960938 463.596343994141 467.805572509766 472.014801025391 476.224060058594 480.147247314453 482.456268310547 484.765258789062 487.074279785156 489.383270263672 491.692291259766 494.001281738281 496.310272216797 498.619293212891 500.928283691406 503.231597900391 505.492156982422 507.752746582031 510.013305664062 512.273864746094 514.534423828125 516.794982910156 519.055541992188 521.316162109375 523.576721191406 525.794921875 527.555114746094 529.315307617188 531.075500488281 532.835693359375
-3.4e+38 -3.4e+38 -3.4e+38 -3.4e+38 -3.4e+38 -3.4e+38 -3.4e+38 -3.4e+38 409.778747558594 412.899719238281 416.020721435547 419.141693115234 422.2626953125 425.383666992188 428.504669189453 431.625640869141 434.746643066406 438.074676513672 442.324188232422 446.57373046875 450.8232421875 455.072784423828 459.322296142578 463.571838378906 467.821350097656 472.070861816406 476.320404052734 480.278778076172 482.594055175781 484.909332275391 487.224609375 489.539916992188 491.855194091797 494.170471191406 496.485748291016 498.801025390625 501.116302490234 503.424743652344 505.681701660156 507.938659667969 510.195617675781 512.452575683594 514.709533691406 516.966491699219 519.223449707031 521.480407714844 523.737365722656 525.953125 527.7236328125 529.494201660156 531.264709472656 533.035217285156
-3.4e+38 -3.4e+38 -3.4e+38 -3.4e+38 -3.4e+38 -3.4e+38 -3.4e+38 -3.4e+38 410.580932617188 413.579895019531 416.578857421875 419.577819824219 422.576782226562 425.575775146484 428.574737548828 431.573699951172 434.572662353516 437.808471679688 442.098266601562 446.388092041016 450.677886962891 454.967712402344 459.257507324219 463.547332763672 467.837127685547 472.126953125 476.416748046875 480.410278320312 482.731842041016 485.053405761719 487.374969482422 489.696533203125 492.018096923828 494.339660644531 496.661224365234 498.982788085938 501.304351806641 503.617889404297 505.871215820312 508.124572753906 510.3779296875 512.631286621094 514.884582519531 517.137939453125 519.391296386719 521.644653320312 523.89794921875 526.111328125 527.892211914062 529.673034667969 531.453918457031 533.234802246094
-3.4e+38 -3.4e+38 -3.4e+38 -3.4e+38 -3.4e+38 -3.4e+38 -3.4e+38 -3.4e+38 -3.4e+38 414.260070800781 417.136993408203 420.013946533203 422.890899658203 425.767852783203 428.644805908203 431.521759033203 434.398712158203 437.542266845703 441.872375488281 446.202453613281 450.532531738281 454.862640380859 459.192718505859 463.522827148438 467.852905273438 472.183013916016 476.513092041016 480.541809082031 482.86962890625 485.197479248047 487.525329589844 489.853149414062 492.180999755859 494.508850097656 496.836700439453 499.164520263672 501.492370605469 503.81103515625 506.060760498047 508.310485839844 510.560211181641 512.809936523438 515.059692382812 517.309387207031 519.559143066406 521.808898925781 524.05859375 526.26953125 528.060729980469 529.851928710938 531.643127441406 533.434326171875
-3.4e+38 -3.4e+38 -3.4e+38 -3.4e+38 -3.4e+38 -3.4e+38 -3.4e+38 -3.4e+38 -3.4e+38 414.940216064453 417.695159912109 420.450073242188 423.205017089844 425.9599609375 428.714874267578 431.469818115234 434.224731445312 437.276062011719 441.646453857422 446.016815185547 450.387176513672 454.757568359375 459.1279296875 463.498321533203 467.868682861328 472.239074707031 476.609436035156 480.673309326172 483.007415771484 485.341552734375 487.675659179688 490.009796142578 492.343902587891 494.678039550781 497.012145996094 499.346282958984 501.680389404297 504.004180908203 506.250274658203 508.496398925781 510.742523193359 512.988647460938 515.234741210938 517.480895996094 519.726989746094 521.97314453125 524.21923828125 526.427734375 528.229309082031 530.030822753906 531.832397460938 533.633911132812
-3.4e+38 -3.4e+38 -3.4e+38 -3.4e+38 -3.4e+38 -3.4e+38 -3.4e+38 -3.4e+38 -3.4e+38 415.620391845703 418.253295898438 420.886199951172 423.519134521484 426.152038574219 428.784942626953 431.417877197266 434.05078125 437.009857177734 441.420532226562 445.831176757812 450.241851806641 454.652496337891 459.063140869141 463.473815917969 467.884460449219 472.295135498047 476.705780029297 480.804809570312 483.145202636719 485.485626220703 487.826019287109 490.166412353516 492.506805419922 494.847229003906 497.187622070312 499.528015136719 501.868408203125 504.197296142578 506.439819335938 508.682342529297 510.924835205078 513.167358398438 515.409851074219 517.65234375 519.894897460938 522.137390136719 524.3798828125 526.5859375 528.397827148438 530.209716796875 532.021606445312 533.83349609375
-3.4e+38 -3.4e+38 -3.4e+38 -3.4e+38 -3.4e+38 -3.4e+38 -3.4e+38 -3.4e+38 -3.4e+38 416.259185791016 418.922576904297 421.558502197266 424.167327880859 426.74951171875 429.305419921875 431.835479736328 434.340057373047 437.177062988281 441.595001220703 446.012939453125 450.430877685547 454.848785400391 459.266723632812 463.684661865234 468.102600097656 472.5205078125 476.938446044922 481.041107177734 483.364593505859 485.688079833984 488.011566162109 490.335052490234 492.658538818359 494.982025146484 497.305480957031 499.628967285156 501.952453613281 504.265655517578 506.501739501953 508.737823486328 510.973907470703 513.210021972656 515.446105957031 517.682189941406 519.918273925781 522.154357910156 524.390441894531 526.593017578125 528.433654785156 530.274291992188 532.114929199219 533.95556640625
-3.4e+38 -3.4e+38 -3.4e+38 -3.4e+38 -3.4e+38 -3.4e+38 -3.4e+38 -3.4e+38 413.985382080078 416.936462402344 419.789337158203 422.548767089844 425.219360351562 427.805236816406 430.310455322266 432.738677978516 435.093414306641 437.769866943359 442.162658691406 446.555450439453 450.9482421875 455.341033935547 459.733795166016 464.126586914062 468.519378662109 472.912170410156 477.304962158203 481.380279541016 483.664093017578 485.947875976562 488.231658935547 490.515441894531 492.799224853516 495.083038330078 497.366821289062 499.650604248047 501.934387207031 504.211486816406 506.438385009766 508.665283203125 510.892181396484 513.119079589844 515.345947265625 517.572875976562 519.799743652344 522.026672363281 524.253540039062 526.451721191406 528.339172363281 530.226623535156 532.114074707031 534.001525878906
-3.4e+38 -3.4e+38 -3.4e+38 -3.4e+38 -3.4e+38 -3.4e+38 -3.4e+38 -3.4e+38 -3.4e+38 417.744354248047 420.797424316406 423.672882080078 426.3857421875 428.949432373047 431.3759765625 433.676025390625 435.859222412109 438.362670898438 442.730316162109 447.097961425781 451.465606689453 455.833251953125 460.200897216797 464.568542480469 468.936187744141 473.303833007812 477.671478271484 481.719482421875 483.963562011719 486.207672119141 488.451751708984 490.695861816406 492.93994140625 495.184051513672 497.428131103516 499.672241210938 501.916320800781 504.157318115234 506.375030517578 508.592742919922 510.810455322266 513.028137207031 515.245849609375 517.463562011719 519.681274414062 521.898986816406 524.11669921875 526.310424804688 528.244689941406 530.178955078125 532.113220214844 534.047546386719
-3.4e+38 -3.4e+38 -3.4e+38 -3.4e+38 -3.4e+38 -3.4e+38 -3.4e+38 -3.4e+38 415.137115478516 418.724609375 421.984558105469 424.959838867188 427.686248779297 430.193695068359 432.507598876953 434.649475097656 436.637847900391 438.955474853516 443.297973632812 447.640472412109 451.982971191406 456.325469970703 460.66796875 465.010467529297 469.352996826172 473.695495605469 478.037994384766 482.058654785156 484.263061523438 486.467437744141 488.671844482422 490.876251220703 493.080657958984 495.285064697266 497.489471435547 499.69384765625 501.898254394531 504.103149414062 506.311676025391 508.520172119141 510.728698730469 512.937255859375 515.145751953125 517.354248046875 519.562805175781 521.771301269531 523.979797363281 526.169128417969 528.150207519531 530.131286621094 532.112426757812 534.093505859375
-3.4e+38 -3.4e+38 -3.4e+38 -3.4e+38 -3.4e+38 -3.4e+38 -3.4e+38 -3.4e+38 415.962921142578 419.938995361328 423.403015136719 426.447906494141 429.145416259766 431.5517578125 433.711669921875 435.661163330078 437.429565429688 439.548248291016 443.865631103516 448.182983398438 452.500335693359 456.817687988281 461.135070800781 465.452423095703 469.769775390625 474.087127685547 478.404510498047 482.397827148438 484.562530517578 486.727233886719 488.891937255859 491.056671142578 493.221374511719 495.386077880859 497.55078125 499.715484619141 501.880187988281 504.048980712891 506.248291015625 508.447631835938 510.64697265625 512.846313476562 515.045654296875 517.244995117188 519.444274902344 521.643615722656 523.842956542969 526.027770996094 528.055725097656 530.083618164062 532.111572265625 534.139526367188
-3.4e+38 -3.4e+38 -3.4e+38 -3.4e+38 -3.4e+38 -3.4e+38 -3.4e+38 -3.4e+38 418.453491210938 422.350280761719 425.750396728516 429.314361572266 430.794128417969 433.039947509766 434.995391845703 436.713409423828 438.234741210938 440.141052246094 444.433258056641 448.725494384766 453.017700195312 457.309936523438 461.602142333984 465.894348144531 470.186584472656 474.478790283203 478.771026611328 482.736999511719 484.862030029297 486.987030029297 489.112060546875 491.237060546875 493.362060546875 495.487091064453 497.612091064453 499.737121582031 501.862121582031 503.994812011719 506.184936523438 508.375091552734 510.565246582031 512.75537109375 514.945495605469 517.135681152344 519.325805664062 521.515930175781 523.706115722656 525.886474609375 527.961242675781 530.036010742188 532.110717773438 534.185485839844
-3.4e+38 -3.4e+38 -3.4e+38 -3.4e+38 -3.4e+38 -3.4e+38 -3.4e+38 -3.4e+38 419.344818115234 423.395751953125 428.938751220703 431.353607177734 432.671936035156 434.677917480469 436.366943359375 437.808685302734 439.053680419922 440.733856201172 445.000915527344 449.268005371094 453.535064697266 457.802154541016 462.069213867188 466.336303710938 470.603363037109 474.870452880859 479.137512207031 483.076202392578 485.161499023438 487.246826171875 489.332153320312 491.41748046875 493.502777099609 495.588104248047 497.673431396484 499.758728027344 501.844055175781 503.940612792969 506.12158203125 508.302551269531 510.483489990234 512.664428710938 514.845397949219 517.0263671875 519.207336425781 521.388305664062 523.569213867188 525.745178222656 527.866760253906 529.988342285156 532.109924316406 534.2314453125
-3.4e+38 -3.4e+38 -3.4e+38 -3.4e+38 -3.4e+38 -3.4e+38 -3.4e+38 -3.4e+38 420.133758544922 427.855224609375 431.006256103516 433.469909667969 434.830139160156 436.489501953125 437.835662841797 438.949676513672 439.886779785156 441.32666015625 445.568572998047 449.810516357422 454.052429199219 458.294372558594 462.536315917969 466.778228759766 471.020172119141 475.262115478516 479.504028320312 483.415374755859 485.460998535156 487.506622314453 489.55224609375 491.597869873047 493.643493652344 495.689117431641 497.734741210938 499.780364990234 501.825988769531 503.886444091797 506.058227539062 508.22998046875 510.401763916016 512.573547363281 514.745300292969 516.917053222656 519.088806152344 521.260620117188 523.432373046875 525.603881835938 527.772277832031 529.940673828125 532.109069824219 534.277465820312
-3.4e+38 -3.4e+38 -3.4e+38 -3.4e+38 -3.4e+38 -3.4e+38 -3.4e+38 -3.4e+38 425.821472167969 429.815490722656 433.162109375 435.814971923828 437.336608886719 438.503814697266 439.412231445312 440.139312744141 440.734405517578 441.91943359375 446.13623046875 450.35302734375 454.56982421875 458.786590576172 463.003387451172 467.220184326172 471.436981201172 475.653747558594 479.870544433594 483.754547119141 485.760467529297 487.766418457031 489.772338867188 491.778259277344 493.784210205078 495.790130615234 497.796051025391 499.802001953125 501.807922363281 503.832275390625 505.994873046875 508.157440185547 510.320007324219 512.482604980469 514.645202636719 516.807739257812 518.970336914062 521.132934570312 523.295532226562 525.462524414062 527.677795410156 529.893005371094 532.108215332031 534.323425292969
-3.4e+38 -3.4e+38 -3.4e+38 -3.4e+38 -3.4e+38 -3.4e+38 -3.4e+38 -3.4e+38 426.38916015625 430.605651855469 434.171783447266 437.149658203125 440.283020019531 440.756958007812 441.108978271484 441.380767822266 441.596954345703 442.512237548828 446.703887939453 450.895538330078 455.087188720703 459.278839111328 463.470489501953 467.662109375 471.853759765625 476.04541015625 480.237060546875 484.093719482422 486.059967041016 488.026214599609 489.992431640625 491.958679199219 493.924926757812 495.891143798828 497.857391357422 499.823638916016 501.789855957031 503.778106689453 505.931488037109 508.084899902344 510.23828125 512.391662597656 514.545043945312 516.698486328125 518.851867675781 521.005249023438 523.158630371094 525.321228027344 527.583312988281 529.845336914062 532.107360839844 534.369445800781
-3.4e+38 -3.4e+38 -3.4e+38 -3.4e+38 -3.4e+38 -3.4e+38 -3.4e+38 409.184631347656 424.47314453125 428.798461914062 432.418243408203 435.49951171875 439.919525146484 440.669921875 441.225708007812 441.653869628906 441.993865966797 442.982788085938 447.120666503906 451.258575439453 455.396453857422 459.534362792969 463.672241210938 467.810150146484 471.948028564453 476.085906982422 480.223815917969 484.033538818359 485.991271972656 487.949005126953 489.906707763672 491.864440917969 493.822174072266 495.779907226562 497.737640380859 499.695373535156 501.653106689453 503.634063720703 505.789245605469 507.944458007812 510.099670410156 512.2548828125 514.410095214844 516.565307617188 518.720520019531 520.875732421875 523.030944824219 525.197448730469 527.486450195312 529.775451660156 532.064453125 534.353454589844
-3.4e+38 -3.4e+38 -3.4e+38 -3.4e+38 -3.4e+38 -3.4e+38 -3.4e+38 405.852600097656 414.006500244141 425.617767333984 429.242553710938 432.173797607422 435.924438476562 437.968200683594 439.554779052734 440.822174072266 441.85791015625 443.316375732422 447.368469238281 451.420532226562 455.472595214844 459.524688720703 463.576751708984 467.628845214844 471.680908203125 475.733001708984 479.785064697266 483.52587890625 485.510040283203 487.494201660156 489.478363037109 491.462524414062 493.446685791016 495.430847167969 497.415008544922 499.399200439453 501.383361816406 503.389282226562 505.558654785156 507.727996826172 509.897338867188 512.066711425781 514.236022949219 516.405395507812 518.574768066406 520.744079589844 522.913452148438 525.093322753906 527.386962890625 529.6806640625 531.974304199219 534.268005371094
-3.4e+38 -3.4e+38 -3.4e+38 -3.4e+38 -3.4e+38 -3.4e+38 -3.4e+38 402.75634765625 411.323394775391 422.406341552734 426.235900878906 429.208435058594 432.528442382812 435.553680419922 438.002471923828 440.025238037109 441.724273681641 443.649963378906 447.616241455078 451.582489013672 455.548767089844 459.515014648438 463.481292724609 467.447540283203 471.413818359375 475.380065917969 479.346343994141 483.018218994141 485.02880859375 487.039398193359 489.050018310547 491.060607910156 493.071197509766 495.081817626953 497.092407226562 499.102996826172 501.113616943359 503.14453125 505.328033447266 507.511535644531 509.695007324219 511.878509521484 514.06201171875 516.245483398438 518.429016113281 520.612487792969 522.795959472656 524.989196777344 527.287536621094 529.585876464844 531.884216308594 534.182556152344
-3.4e+38 -3.4e+38 -3.4e+38 -3.4e+38 -3.4e+38 -3.4e+38 394.125213623047 399.755432128906 408.570648193359 415.261322021484 423.214721679688 426.486968994141 429.606140136719 433.382904052734 436.556579589844 439.260925292969 441.592926025391 443.983551025391 447.864013671875 451.744445800781 455.624908447266 459.505340576172 463.385803222656 467.266235351562 471.146697998047 475.027130126953 478.907592773438 482.510559082031 484.547576904297 486.584625244141 488.621643066406 490.65869140625 492.695709228516 494.732757568359 496.769805908203 498.806823730469 500.843872070312 502.899780273438 505.097412109375 507.295043945312 509.49267578125 511.690307617188 513.887939453125 516.085571289062 518.283203125 520.480834960938 522.678466796875 524.885070800781 527.188049316406 529.491088867188 531.794128417969 534.097106933594
-3.4e+38 -3.4e+38 -3.4e+38 -3.4e+38 -3.4e+38 -3.4e+38 391.250213623047 396.494506835938 405.465698242188 412.532867431641 418.619262695312 423.764862060547 427.064910888672 431.420684814453 435.206481933594 438.527282714844 441.463806152344 444.317138671875 448.111785888672 451.906402587891 455.701049804688 459.495666503906 463.290313720703 467.0849609375 470.879577636719 474.674224853516 478.468841552734 482.002899169922 484.066375732422 486.129821777344 488.193298339844 490.256774902344 492.320251464844 494.383697509766 496.447174072266 498.510650634766 500.574127197266 502.655029296875 504.866790771484 507.078582763672 509.290344238281 511.502136230469 513.713928222656 515.925659179688 518.137451171875 520.349243164062 522.56103515625 524.780883789062 527.088623046875 529.396301269531 531.703979492188 534.011657714844
