R_scripts/int_process_data/Bio_07.asc
NCOLS 281 
NROWS 576 
XLLCORNER 81175.2677831308 
YLLCORNER 88.2293212990044 
CELLSIZE 1000 
NODATA_value -3.4e+38 
[rows 46 to 68 of 576, columns 52 to 103 of 281]
-3.4e+38 -3.4e+38 -3.4e+38 -3.4e+38 -3.4e+38 16.2403907775879 16.2403907775879 16.347074508667 16.8400135040283 17.332950592041 17.8258895874023 18.3188285827637 18.8117656707764 19.3047046661377 19.7976417541504 20.2905807495117 20.783519744873 21.2315368652344 21.4796371459961 21.7277393341064 21.9758396148682 22.2239418029785 22.4720420837402 22.7201442718506 22.9682445526123 23.2163467407227 23.4644470214844 23.6851444244385 23.7511882781982 23.8172340393066 23.8832778930664 23.9493236541748 24.0153675079346 24.0814113616943 24.1474571228027 24.2135009765625 24.2795467376709 24.3449325561523 24.4053745269775 24.4658164978027 24.5262584686279 24.5867004394531 24.6471424102783 24.7075843811035 24.7680263519287 24.8284683227539 24.8889102935791 24.9478778839111 24.990909576416 25.0339431762695 25.0769748687744 25.1200065612793
-3.4e+38 -3.4e+38 -3.4e+38 -3.4e+38 -3.4e+38 -3.4e+38 16.2936344146729 16.3996276855469 16.8893756866455 17.3791236877441 17.8688716888428 18.3586196899414 18.84836769104 19.3381156921387 19.8278636932373 20.3176116943359 20.8073596954346 21.2525863647461 21.4996795654297 21.7467708587646 21.9938640594482 22.2409553527832 22.4880485534668 22.7351417541504 22.9822330474854 23.2293262481689 23.4764175415039 23.6963138580322 23.7627220153809 23.8291301727295 23.8955364227295 23.9619445800781 24.0283527374268 24.0947608947754 24.161169052124 24.2275772094727 24.2939853668213 24.35964012146 24.4196281433105 24.4796161651611 24.5396041870117 24.5995922088623 24.6595821380615 24.7195701599121 24.7795581817627 24.8395462036133 24.8995342254639 24.9580936431885 25.0011978149414 25.0443019866943 25.0874061584473 25.1305103302002
-3.4e+38 -3.4e+38 -3.4e+38 -3.4e+38 -3.4e+38 -3.4e+38 16.3468799591064 16.4521827697754 16.9387397766113 17.4252967834473 17.9118556976318 18.3984127044678 18.8849697113037 19.3715267181396 19.8580856323242 20.3446426391602 20.8311996459961 21.2736358642578 21.5197200775146 21.7658042907715 22.0118865966797 22.2579708099365 22.5040550231934 22.7501392364502 22.9962215423584 23.2423057556152 23.4883899688721 23.7074813842773 23.7742538452148 23.8410243988037 23.9077968597412 23.9745674133301 24.0413398742676 24.1081104278564 24.1748828887939 24.2416553497314 24.3084259033203 24.3743476867676 24.4338817596436 24.4934158325195 24.5529518127441 24.6124858856201 24.6720218658447 24.7315559387207 24.7910900115967 24.8506259918213 24.9101600646973 24.9683113098145 25.0114860534668 25.0546627044678 25.0978374481201 25.1410140991211
-3.4e+38 -3.4e+38 -3.4e+38 -3.4e+38 -3.4e+38 -3.4e+38 16.4001235961914 16.5047359466553 16.9881038665771 17.4714698791504 17.9548377990723 18.4382057189941 18.9215717315674 19.4049396514893 19.8883056640625 20.3716735839844 20.8550415039062 21.2946872711182 21.5397624969482 21.7848358154297 22.0299110412598 22.2749862670898 22.5200614929199 22.7651348114014 23.0102100372314 23.2552852630615 23.5003604888916 23.7186489105225 23.7857856750488 23.8529205322266 23.9200553894043 23.987190246582 24.0543251037598 24.1214599609375 24.1885967254639 24.2557315826416 24.3228664398193 24.3890552520752 24.4481353759766 24.5072174072266 24.5662975311279 24.6253795623779 24.6844596862793 24.7435417175293 24.8026237487793 24.8617038726807 24.9207859039307 24.9785270690918 25.0217742919922 25.0650215148926 25.108268737793 25.1515159606934
-3.4e+38 -3.4e+38 -3.4e+38 -3.4e+38 -3.4e+38 -3.4e+38 -3.4e+38 16.5572910308838 17.037467956543 17.5176429748535 17.9978199005127 18.4779968261719 18.9581737518311 19.4383506774902 19.9185276031494 20.3987045288086 20.8788814544678 21.3157367706299 21.5598030090332 21.8038692474365 22.0479354858398 22.2920017242432 22.5360660552979 22.7801322937012 23.0241985321045 23.2682647705078 23.5123310089111 23.7298183441162 23.7973175048828 23.8648147583008 23.9323139190674 23.999813079834 24.0673122406006 24.1348094940186 24.2023086547852 24.2698078155518 24.3373069763184 24.4037628173828 24.4623889923096 24.521017074585 24.5796451568604 24.6382732391357 24.6968994140625 24.7555274963379 24.8141555786133 24.8727836608887 24.9314117431641 24.9887428283691 25.0320625305176 25.075382232666 25.1187000274658 25.1620197296143
-3.4e+38 -3.4e+38 -3.4e+38 -3.4e+38 -3.4e+38 -3.4e+38 -3.4e+38 16.6098442077637 -3.4e+38 17.5638179779053 18.0408039093018 18.5177898406982 18.9947757720947 19.4717617034912 19.9487495422363 20.4257354736328 20.9027214050293 21.3367881774902 21.5798454284668 21.8229026794434 22.0659599304199 22.3090152740479 22.5520725250244 22.795129776001 23.0381870269775 23.2812442779541 23.5243015289307 23.7409858703613 23.8088493347168 23.8767108917236 23.9445724487305 24.0124359130859 24.0802974700928 24.1481590270996 24.2160224914551 24.2838840484619 24.3517456054688 24.4184684753418 24.4766426086426 24.5348167419434 24.5929908752441 24.6511650085449 24.7093391418457 24.7675132751465 24.8256874084473 24.883861541748 24.9420356750488 24.9989585876465 25.042350769043 25.0857410430908 25.1291313171387 25.1725234985352
-3.4e+38 -3.4e+38 -3.4e+38 -3.4e+38 -3.4e+38 -3.4e+38 -3.4e+38 -3.4e+38 17.1361484527588 17.6105804443359 18.0848217010498 18.5588722229004 19.0327320098877 19.5064010620117 19.9798812866211 20.4531707763672 20.9262714385986 21.3568286895752 21.5988254547119 21.8408241271973 22.082820892334 22.3248195648193 22.5668163299561 22.8088150024414 23.0508117675781 23.2928104400635 23.5348072052002 23.7506580352783 23.8189449310303 23.8872318267822 23.9555206298828 24.0238075256348 24.0920944213867 24.1603832244873 24.2286701202393 24.2969570159912 24.3652458190918 24.4322948455811 24.490047454834 24.5478000640869 24.6055526733398 24.6633052825928 24.7210597991943 24.7788124084473 24.8365650177002 24.8943176269531 24.9520702362061 25.0086193084717 25.0521297454834 25.0956420898438 25.1391525268555 25.1826648712158
-3.4e+38 -3.4e+38 -3.4e+38 -3.4e+38 -3.4e+38 -3.4e+38 -3.4e+38 -3.4e+38 -3.4e+38 17.6924819946289 18.1860694885254 18.6690254211426 19.1416893005371 19.6043872833252 20.057430267334 20.5011177062988 20.9357376098633 21.3278369903564 21.5663261413574 21.8048133850098 22.0433025360107 22.2817916870117 22.5202789306641 22.758768081665 22.9972553253174 23.2357444763184 23.4742336273193 23.6876182556152 23.7593364715576 23.8310546875 23.9027729034424 23.9744911193848 24.0462093353271 24.1179275512695 24.1896457672119 24.2613658905029 24.3330841064453 24.4032955169678 24.4621982574463 24.5211029052734 24.5800075531006 24.6389102935791 24.6978149414062 24.7567195892334 24.8156223297119 24.8745269775391 24.9334316253662 24.9912433624268 25.0372467041016 25.083251953125 25.1292552947998 25.1752586364746
-3.4e+38 -3.4e+38 -3.4e+38 -3.4e+38 -3.4e+38 -3.4e+38 -3.4e+38 -3.4e+38 -3.4e+38 17.7894687652588 18.3032035827637 18.7935905456543 19.2621898651123 19.7104187011719 20.1395778656006 20.5508613586426 20.9453582763672 21.2988471984863 21.5338249206543 21.7688045501709 22.0037841796875 22.2387638092041 22.4737415313721 22.7087211608887 22.9437007904053 23.1786785125732 23.4136581420898 23.6245784759521 23.699728012085 23.7748775482178 23.8500270843506 23.9251747131348 24.0003242492676 24.0754737854004 24.1506233215332 24.225772857666 24.3009204864502 24.3742961883545 24.4343509674072 24.49440574646 24.5544605255127 24.6145153045654 24.6745719909668 24.7346267700195 24.7946815490723 24.854736328125 24.9147911071777 24.9738693237305 25.0223655700684 25.0708618164062 25.1193580627441 25.167854309082
-3.4e+38 -3.4e+38 -3.4e+38 -3.4e+38 -3.4e+38 -3.4e+38 -3.4e+38 -3.4e+38 -3.4e+38 17.9061336517334 18.440279006958 18.9355964660645 19.3961696624756 19.8255310058594 20.2267475128174 20.602502822876 20.9551410675049 21.2698554992676 21.5013256072998 21.732795715332 21.9642658233643 22.1957340240479 22.4272041320801 22.6586742401123 22.8901443481445 23.1216144561768 23.3530826568604 23.5615386962891 23.6401195526123 23.7186985015869 23.7972793579102 23.8758583068848 23.954439163208 24.0330200195312 24.1115989685059 24.1901798248291 24.2687587738037 24.3452968597412 24.4065017700195 24.4677085876465 24.5289154052734 24.5901203155518 24.6513271331787 24.7125339508057 24.7737407684326 24.8349456787109 24.8961524963379 24.9564933776855 25.0074825286865 25.0584716796875 25.1094589233398 25.1604480743408
-3.4e+38 -3.4e+38 -3.4e+38 -3.4e+38 -3.4e+38 -3.4e+38 -3.4e+38 -3.4e+38 -3.4e+38 18.0491409301758 18.6028671264648 19.0989780426025 19.5460243225098 19.9509410858154 20.3194141387939 20.6561527252197 20.965087890625 21.2408657073975 21.4688262939453 21.6967849731445 21.9247455596924 22.1527061462402 22.3806667327881 22.6086273193359 22.8365879058838 23.0645484924316 23.2925090789795 23.4985008239746 23.5805110931396 23.6625213623047 23.7445316314697 23.8265438079834 23.9085540771484 23.9905643463135 24.0725746154785 24.1545867919922 24.2365970611572 24.3162975311279 24.3786544799805 24.441011428833 24.5033683776855 24.5657272338867 24.6280841827393 24.6904411315918 24.7527980804443 24.8151550292969 24.8775119781494 24.9391193389893 24.9925994873047 25.0460796356201 25.0995616912842 25.1530418395996
-3.4e+38 -3.4e+38 -3.4e+38 -3.4e+38 -3.4e+38 -3.4e+38 -3.4e+38 -3.4e+38 -3.4e+38 -3.4e+38 19.0362548828125 19.5372867584229 19.7147560119629 20.0880966186523 20.4181137084961 20.7119331359863 20.9752025604248 21.2118740081787 21.4363250732422 21.6607761383057 21.8852272033691 22.1096782684326 22.3341293334961 22.5585803985596 22.783031463623 23.0074825286865 23.23193359375 23.4354610443115 23.520902633667 23.6063442230225 23.6917858123779 23.7772274017334 23.8626689910889 23.9481105804443 24.0335521697998 24.1189937591553 24.2044353485107 24.2872982025146 24.3508052825928 24.4143142700195 24.4778232574463 24.541332244873 24.6048393249512 24.6683483123779 24.7318572998047 24.7953643798828 24.8588733673096 24.9217433929443 24.9777164459229 25.0336894989014 25.0896625518799 25.1456356048584
-3.4e+38 -3.4e+38 -3.4e+38 -3.4e+38 -3.4e+38 -3.4e+38 -3.4e+38 -3.4e+38 -3.4e+38 -3.4e+38 19.5235614776611 19.7934665679932 19.9061679840088 20.2387294769287 20.5234565734863 20.7699737548828 20.9854888916016 21.1828842163086 21.4038257598877 21.6247673034668 21.8457088470459 22.066650390625 22.2875919342041 22.5085334777832 22.7294769287109 22.95041847229 23.1713600158691 23.3724212646484 23.4612941741943 23.5501651763916 23.6390380859375 23.7279109954834 23.8167839050293 23.9056549072266 23.9945278167725 24.0834007263184 24.1722736358643 24.2582988739014 24.3229579925537 24.3876171112061 24.4522762298584 24.5169372558594 24.5815963745117 24.6462554931641 24.7109146118164 24.7755737304688 24.8402347564697 24.904369354248 24.9628353118896 25.0212993621826 25.0797653198242 25.1382312774658
-3.4e+38 -3.4e+38 -3.4e+38 -3.4e+38 -3.4e+38 -3.4e+38 -3.4e+38 -3.4e+38 -3.4e+38 -3.4e+38 19.8172588348389 20.0451984405518 20.1251621246338 20.4049282073975 20.6361331939697 20.8304119110107 20.9959545135498 21.1538925170898 21.3713245391846 21.5887584686279 21.8061904907227 22.0236225128174 22.2410545349121 22.4584884643555 22.6759204864502 22.8933525085449 23.1107845306396 23.3093814849854 23.4016857147217 23.4939880371094 23.5862922668457 23.6785945892334 23.7708988189697 23.8632011413574 23.9555034637451 24.0478076934814 24.1401100158691 24.2292995452881 24.295108795166 24.3609199523926 24.4267311096191 24.4925422668457 24.5583515167236 24.6241626739502 24.6899738311768 24.7557830810547 24.8215942382812 24.8869934082031 24.9479522705078 25.0089092254639 25.0698680877686 25.1308250427246
-3.4e+38 -3.4e+38 -3.4e+38 -3.4e+38 -3.4e+38 -3.4e+38 -3.4e+38 -3.4e+38 -3.4e+38 -3.4e+38 -3.4e+38 20.3215656280518 20.3781661987305 20.5892372131348 20.7569408416748 20.8934001922607 21.0065994262695 21.1249027252197 21.3388252258301 21.5527477264404 21.7666721343994 21.9805946350098 22.1945171356201 22.4084415435791 22.6223640441895 22.8362865447998 23.0502109527588 23.2463436126709 23.342077255249 23.4378108978271 23.5335445404053 23.6292781829834 23.7250118255615 23.8207473754883 23.9164810180664 24.0122146606445 24.1079483032227 24.2003002166748 24.267261505127 24.3342227935791 24.4011840820312 24.468147277832 24.5351085662842 24.6020698547363 24.6690311431885 24.7359924316406 24.8029556274414 24.8696193695068 24.933069229126 24.9965190887451 25.0599689483643 25.1234188079834
-3.4e+38 -3.4e+38 -3.4e+38 -3.4e+38 -3.4e+38 -3.4e+38 -3.4e+38 -3.4e+38 -3.4e+38 -3.4e+38 -3.4e+38 20.638370513916 20.6737689971924 20.7947864532471 20.8867931365967 20.9591026306152 21.0174312591553 21.095911026001 21.3063259124756 21.5167388916016 21.7271518707275 21.9375667572021 22.1479797363281 22.3583946228027 22.5688076019287 22.7792224884033 22.9896354675293 23.1833038330078 23.2824687957764 23.3816337585449 23.4807987213135 23.5799617767334 23.679126739502 23.7782917022705 23.8774566650391 23.9766216278076 24.0757865905762 24.1713008880615 24.2394123077393 24.3075256347656 24.375638961792 24.4437522888184 24.5118637084961 24.5799770355225 24.6480903625488 24.7162017822266 24.7843151092529 24.8522453308105 24.9181861877441 24.9841289520264 25.0500717163086 25.1160144805908
-3.4e+38 -3.4e+38 -3.4e+38 -3.4e+38 -3.4e+38 -3.4e+38 -3.4e+38 -3.4e+38 -3.4e+38 -3.4e+38 -3.4e+38 20.853946685791 21.0237140655518 21.0254707336426 21.026741027832 21.027702331543 21.0284557342529 21.0669212341309 21.2738246917725 21.4807300567627 21.6876335144043 21.8945388793945 22.1014423370361 22.3083477020264 22.515251159668 22.7221565246582 22.9290599822998 23.1202640533447 23.2228603363037 23.3254547119141 23.428050994873 23.530647277832 23.6332416534424 23.7358379364014 23.8384342193604 23.9410285949707 24.0436248779297 24.1423015594482 24.2115650177002 24.2808284759521 24.3500919342041 24.4193572998047 24.4886207580566 24.5578842163086 24.6271476745605 24.6964111328125 24.7656764984131 24.8348693847656 24.9033050537109 24.9717388153076 25.0401744842529 25.1086082458496
-3.4e+38 -3.4e+38 -3.4e+38 -3.4e+38 -3.4e+38 -3.4e+38 -3.4e+38 -3.4e+38 -3.4e+38 -3.4e+38 -3.4e+38 20.8781623840332 21.0275077819824 21.0275077819824 21.0275077819824 21.0275077819824 21.0275077819824 21.064525604248 21.2662887573242 21.4680500030518 21.6698131561279 21.8715744018555 22.0733375549316 22.2750988006592 22.4768619537354 22.6786251068115 22.8803863525391 23.0675315856934 23.1721897125244 23.2768459320068 23.3815040588379 23.4861602783203 23.5908184051514 23.6954765319824 23.8001327514648 23.9047908782959 24.0094470977783 24.1102027893066 24.1816654205322 24.2531299591064 24.324592590332 24.3960571289062 24.4675216674805 24.5389842987061 24.6104488372803 24.6819114685059 24.7533760070801 24.8248176574707 24.8960132598877 24.9672088623047 25.0384044647217 25.1096019744873
-3.4e+38 -3.4e+38 -3.4e+38 -3.4e+38 -3.4e+38 -3.4e+38 -3.4e+38 -3.4e+38 -3.4e+38 -3.4e+38 -3.4e+38 20.894474029541 21.026403427124 21.026403427124 21.026403427124 21.026403427124 21.026403427124 21.0624732971191 21.2590732574463 21.4556732177734 21.652271270752 21.8488712310791 22.0454692840576 22.2420692443848 22.4386672973633 22.6352672576904 22.8318672180176 23.0149326324463 23.1216354370117 23.2283363342285 23.3350372314453 23.4417381286621 23.5484390258789 23.6551399230957 23.7618427276611 23.8685436248779 23.9752445220947 24.0780620574951 24.1517391204834 24.2254180908203 24.2990951538086 24.3727722167969 24.4464492797852 24.5201263427734 24.5938034057617 24.66748046875 24.7411575317383 24.8148593902588 24.8888206481934 24.9627819061279 25.0367431640625 25.1107025146484
-3.4e+38 -3.4e+38 -3.4e+38 -3.4e+38 -3.4e+38 -3.4e+38 -3.4e+38 -3.4e+38 -3.4e+38 -3.4e+38 -3.4e+38 -3.4e+38 21.0252990722656 21.0252990722656 21.0252990722656 21.0252990722656 21.0252990722656 21.0604228973389 21.251859664917 21.4432945251465 21.6347312927246 21.8261661529541 22.0176029205322 22.2090377807617 22.4004745483398 22.5919094085693 22.7833461761475 22.9623336791992 23.0710792541504 23.1798248291016 23.2885704040527 23.3973159790039 23.5060596466064 23.6148052215576 23.7235507965088 23.83229637146 23.9410419464111 24.0459232330322 24.1218147277832 24.1977043151855 24.2735958099365 24.3494873046875 24.4253768920898 24.5012683868408 24.5771579742432 24.6530494689941 24.7289409637451 24.8049011230469 24.881628036499 24.9583530426025 25.0350799560547 25.1118049621582
-3.4e+38 -3.4e+38 -3.4e+38 -3.4e+38 -3.4e+38 -3.4e+38 -3.4e+38 -3.4e+38 -3.4e+38 -3.4e+38 -3.4e+38 -3.4e+38 21.0241947174072 21.0241947174072 21.0241947174072 21.0241947174072 21.0241947174072 21.0583724975586 21.2446441650391 21.4309177398682 21.6171894073486 21.8034629821777 21.9897346496582 22.1760082244873 22.3622798919678 22.5485534667969 22.7348251342773 22.9097366333008 23.0205249786377 23.1313133239746 23.2421035766602 23.3528919219971 23.4636821746826 23.5744705200195 23.6852607727051 23.796049118042 23.9068374633789 24.0137844085693 24.0918884277344 24.1699924468994 24.2480964660645 24.3262004852295 24.4043064117432 24.4824104309082 24.5605144500732 24.6386184692383 24.7167224884033 24.7949447631836 24.8744354248047 24.9539260864258 25.0334167480469 25.112907409668
-3.4e+38 -3.4e+38 -3.4e+38 -3.4e+38 -3.4e+38 -3.4e+38 -3.4e+38 -3.4e+38 -3.4e+38 -3.4e+38 -3.4e+38 -3.4e+38 21.0230903625488 21.0230903625488 21.0230903625488 21.0230903625488 21.0230903625488 21.0563201904297 21.2374305725098 21.4185390472412 21.5996494293213 21.7807579040527 21.9618682861328 22.1429767608643 22.3240871429443 22.5051956176758 22.6863059997559 22.8571376800537 22.969970703125 23.0828037261963 23.1956367492676 23.3084697723389 23.4213027954102 23.5341358184814 23.6469688415527 23.759801864624 23.8726348876953 23.9816455841064 24.0619621276855 24.1422805786133 24.222599029541 24.3029155731201 24.3832340240479 24.463550567627 24.5438690185547 24.6241874694824 24.7045040130615 24.7849864959717 24.8672428131104 24.9494972229004 25.0317535400391 25.1140079498291
-3.4e+38 -3.4e+38 -3.4e+38 -3.4e+38 -3.4e+38 -3.4e+38 -3.4e+38 -3.4e+38 -3.4e+38 -3.4e+38 -3.4e+38 -3.4e+38 21.0219879150391 21.0219879150391 21.0219879150391 21.0219879150391 21.0219879150391 21.0542697906494 21.2302150726318 21.4061622619629 21.5821075439453 21.7580528259277 21.9340000152588 22.1099452972412 22.2858924865723 22.4618377685547 22.6377849578857 22.8045387268066 22.9194145202637 23.0342922210693 23.149169921875 23.264045715332 23.3789234161377 23.4938011169434 23.608678817749 23.7235546112061 23.8384323120117 23.9495067596436 24.0320377349854 24.1145687103271 24.1970996856689 24.2796306610107 24.3621616363525 24.4446926116943 24.5272235870361 24.6097564697266 24.6922874450684 24.7750282287598 24.8600482940674 24.9450702667236 25.0300903320312 25.1151103973389
