R_scripts/int_process_data/Bio_10.asc
NCOLS 281 
NROWS 576 
XLLCORNER 81175.2677831308 
YLLCORNER 88.2293212990044 
CELLSIZE 1000 
NODATA_value -3.4e+38 
[rows 552 to 574 of 576, columns 104 to 155 of 281]
24.1248111724854 24.1272029876709 24.1271133422852 24.1237468719482 24.1142272949219 24.0690040588379 23.8379306793213 23.7871189117432 23.7409954071045 23.7026348114014 23.6988792419434 23.6698455810547 23.6472663879395 23.6292057037354 23.6144313812256 23.6022109985352 23.5957469940186 23.5892810821533 23.5828170776367 23.5763511657715 23.5698852539062 23.5634212493896 23.5569553375244 23.5504913330078 23.5440254211426 23.537561416626 23.550952911377 23.5646286010742 23.5783061981201 23.591983795166 23.6056613922119 23.6193389892578 23.6330165863037 23.6466941833496 23.6603717803955 23.6740493774414 23.7028293609619 23.7323570251465 23.7618846893311 23.7914142608643 23.8209419250488 23.8504695892334 23.879997253418 23.9095268249512 23.9390544891357 23.9685821533203 23.99875831604 24.0289897918701 24.0592212677002 24.0894527435303 24.1196842193604 24.1499176025391
24.085578918457 24.0844955444336 24.0804004669189 24.0723781585693 24.0574932098389 23.7903022766113 23.7348175048828 23.6839981079102 23.6371459960938 23.5964603424072 23.57737159729 23.5630798339844 23.552490234375 23.5443305969238 23.5378475189209 23.5325736999512 23.5276432037354 23.5227146148682 23.517786026001 23.5128555297852 23.507926940918 23.5029964447021 23.498067855835 23.4931392669678 23.488208770752 23.4832801818848 23.4973983764648 23.5117931365967 23.5261859893799 23.5405788421631 23.5549716949463 23.5693664550781 23.5837593078613 23.5981521606445 23.6125469207764 23.6269397735596 23.6552181243896 23.6841831207275 23.7131481170654 23.7421131134033 23.7710781097412 23.8000431060791 23.829008102417 23.8579730987549 23.8869380950928 23.9159030914307 23.9445724487305 23.973217010498 24.0018615722656 24.0305061340332 24.0591506958008 24.0877952575684
24.0629539489746 24.0600509643555 24.0539455413818 24.0437183380127 23.7566184997559 23.7287731170654 23.6762638092041 23.6280460357666 23.5830764770508 23.5408229827881 23.4889678955078 23.4889678955078 23.4889678955078 23.4889678955078 23.4889678955078 23.4888496398926 23.4825782775879 23.476354598999 23.470178604126 23.4640502929688 23.4579677581787 23.4519290924072 23.4459381103516 23.4399909973145 23.4340877532959 23.4282283782959 23.4430751800537 23.4582233428955 23.4733695983887 23.4885158538818 23.503662109375 23.5188083648682 23.5339546203613 23.5491027832031 23.5642490386963 23.5793952941895 23.6070289611816 23.6352825164795 23.6635360717773 23.6917877197266 23.7200412750244 23.7482948303223 23.7765464782715 23.8048000335693 23.8330535888672 23.8613052368164 23.8900527954102 23.9190502166748 23.9482650756836 23.9776973724365 24.0073528289795 24.0372333526611
24.0419330596924 24.0374794006348 24.0297012329102 23.7512588500977 23.729907989502 23.7035961151123 23.6555233001709 23.611759185791 23.5713939666748 23.5339870452881 23.4889678955078 23.4889678955078 23.4889678955078 23.4889678955078 23.4889678955078 23.4887142181396 23.4753952026367 23.4624824523926 23.4499588012695 23.4378089904785 23.4260139465332 23.4145603179932 23.4034309387207 23.392614364624 23.3820972442627 23.3718662261963 23.3874588012695 23.4034194946289 23.4193820953369 23.4353446960449 23.4513072967529 23.4672679901123 23.4832305908203 23.4991931915283 23.5151557922363 23.5311183929443 23.5578727722168 23.5851631164551 23.6124534606934 23.639741897583 23.6670322418213 23.6943225860596 23.7216110229492 23.7489013671875 23.7761917114258 23.8034801483154 23.8342704772949 23.8661994934082 23.8990364074707 23.9328212738037 23.9675922393799 24.0033950805664
24.022367477417 24.0165958404541 23.7460174560547 23.7284851074219 23.7080459594727 23.6832027435303 23.6389179229736 23.5988864898682 23.562292098999 23.5287437438965 23.4889678955078 23.4889678955078 23.4889678955078 23.4889678955078 23.4889678955078 23.4885425567627 23.4665756225586 23.4458847045898 23.426362991333 23.4079132080078 23.3904514312744 23.3738975524902 23.3581829071045 23.3432483673096 23.3290328979492 23.3154888153076 23.3318405151367 23.3486175537109 23.3653964996338 23.382173538208 23.3989505767822 23.4157295227051 23.4325065612793 23.4492855072021 23.4660625457764 23.4828395843506 23.508716583252 23.5350437164307 23.5613689422607 23.5876960754395 23.6140232086182 23.6403484344482 23.666675567627 23.6930027008057 23.7193298339844 23.7456550598145 23.7774448394775 23.8112392425537 23.8467426300049 23.8840923309326 23.923433303833 23.9649295806885
24.0041217803955 23.7408447265625 23.7262668609619 23.7093524932861 23.6898212432861 23.6663475036621 23.6253223419189 23.5884571075439 23.5550003051758 23.5245933532715 23.4889678955078 23.4889678955078 23.4889678955078 23.4889678955078 23.4889678955078 23.4883213043213 23.4554958343506 23.4256763458252 23.3984699249268 23.3735446929932 23.3506298065186 23.3294887542725 23.3099212646484 23.2917613983154 23.2748622894287 23.2590961456299 23.2762222290039 23.293815612793 23.311408996582 23.3290023803711 23.3465957641602 23.3641891479492 23.3817825317383 23.3993759155273 23.4169692993164 23.4345626831055 23.4595603942871 23.4849224090576 23.5102863311768 23.5356502532959 23.561014175415 23.5863761901855 23.6117401123047 23.6371040344238 23.662467956543 23.6878299713135 23.7195472717285 23.754035949707 23.7910861968994 23.8309955596924 23.8741054534912 23.9208221435547
23.8584747314453 23.8461685180664 23.8308181762695 23.8118896484375 23.7887096405029 23.7588844299316 23.625207901001 23.5872898101807 23.5525703430176 23.5201244354248 23.4889678955078 23.4889678955078 23.4889678955078 23.4889678955078 23.4889678955078 23.4880218505859 23.4411525726318 23.4005298614502 23.3649826049805 23.3336181640625 23.305736541748 23.2807884216309 23.2583351135254 23.2380199432373 23.2195491790771 23.2026863098145 23.2206039428711 23.239013671875 23.2574214935303 23.2758312225342 23.2942409515381 23.3126487731934 23.3310585021973 23.3494682312012 23.3678760528564 23.3862857818604 23.4104042053223 23.4348030090332 23.4592037200928 23.4836044311523 23.5080051422119 23.5324039459229 23.5568046569824 23.581205368042 23.6056060791016 23.6300048828125 23.6605472564697 23.6944522857666 23.7317314147949 23.7729148864746 23.8186473846436 23.8697280883789
23.841796875 23.8294544219971 23.8142795562744 23.7958335876465 23.7735824584961 23.7454395294189 23.6038513183594 23.5705509185791 23.5418872833252 23.5187931060791 23.4728488922119 23.4711856842041 23.4691429138184 23.4665775299072 23.4629001617432 23.4405479431152 23.3959579467773 23.3561859130859 23.3196697235107 23.2686080932617 23.2547359466553 23.2271461486816 23.2030658721924 23.1818656921387 23.1630592346191 23.14626121521 23.1649856567383 23.184211730957 23.2034358978271 23.2226600646973 23.2418842315674 23.2611103057861 23.2803344726562 23.2995586395264 23.3187828063965 23.3380088806152 23.3612461090088 23.3846836090088 23.4081211090088 23.4315586090088 23.4549961090088 23.4784317016602 23.5018692016602 23.5253067016602 23.5487442016602 23.5721817016602 23.600414276123 23.6323375701904 23.6682987213135 23.7091121673584 23.7558345794678 23.832181930542
23.8284797668457 23.8166065216064 23.80224609375 23.7850933074951 23.7648429870605 23.7397937774658 23.5843200683594 23.5555553436279 23.5322227478027 23.5146636962891 23.4547138214111 23.4513454437256 23.4472484588623 23.44215965271 23.4352989196777 23.4080448150635 23.3621768951416 23.319896697998 23.2336673736572 23.2057285308838 23.1962909698486 23.1677665710449 23.143705368042 23.1231365203857 23.1053504943848 23.0898189544678 23.1093692779541 23.1294078826904 23.1494483947754 23.1694889068604 23.1895294189453 23.2095699310303 23.2296104431152 23.2496509552002 23.2696914672852 23.2897300720215 23.3120899200439 23.3345642089844 23.3570384979248 23.3795127868652 23.401985168457 23.4244594573975 23.4469337463379 23.4694080352783 23.4918823242188 23.5143566131592 23.5391139984131 23.5675258636475 23.6003494262695 23.6387004852295 23.6841068267822 23.7074203491211
23.8181247711182 23.8071060180664 23.7940063476562 23.7786769866943 23.7610340118408 23.7397041320801 23.5626926422119 23.5369548797607 23.516134262085 23.4994125366211 23.4305820465088 23.4251003265381 23.4184951782227 23.4103832244873 23.3998260498047 23.3687858581543 23.320255279541 23.1953659057617 23.1625003814697 23.1346797943115 23.1286430358887 23.1016788482666 23.0797843933105 23.0616512298584 23.0463886260986 23.0333633422852 23.0537509918213 23.0746059417725 23.0954627990723 23.1163177490234 23.1371746063232 23.1580295562744 23.1788864135742 23.1997413635254 23.2205982208252 23.2414531707764 23.2629337310791 23.28444480896 23.3059558868408 23.327465057373 23.3489761352539 23.3704872131348 23.3919982910156 23.4135093688965 23.4350204467773 23.4565315246582 23.4766120910645 23.4998359680176 23.5273857116699 23.5605983734131 23.6014156341553 23.6186447143555
23.8102970123291 23.8003845214844 23.7888069152832 23.7755527496338 23.7607078552246 23.743091583252 23.5356121063232 23.511173248291 -3.4e+38 -3.4e+38 -3.4e+38 23.3912506103516 23.3816356658936 23.369945526123 23.3550987243652 23.3198394775391 23.1506118774414 23.1139602661133 23.0802097320557 23.0517692565918 23.0494346618652 23.0276794433594 23.0107536315918 22.9972095489502 22.9861259460449 22.9768886566162 22.9981327056885 23.0198040008545 23.0414752960205 23.0631465911865 23.0848178863525 23.1064910888672 23.1281623840332 23.1498336791992 23.1715049743652 23.1931762695312 23.2137775421143 23.2343254089355 23.2548713684082 23.2754192352295 23.2959671020508 23.3165149688721 23.3370628356934 23.3576107025146 23.3781585693359 23.3987064361572 23.4128742218018 23.4290733337402 23.4488315582275 23.4734687805176 23.5050411224365 23.5162944793701
23.8045654296875 23.7958908081055 23.7859420776367 -3.4e+38 -3.4e+38 -3.4e+38 -3.4e+38 -3.4e+38 -3.4e+38 -3.4e+38 -3.4e+38 -3.4e+38 -3.4e+38 -3.4e+38 23.3109359741211 23.1103191375732 23.070369720459 23.0332870483398 22.9986305236816 22.9682693481445 22.9554233551025 22.9442539215088 22.9359741210938 22.929594039917 22.924524307251 22.9204006195068 22.9425144195557 22.9650020599365 22.9874897003174 23.0099754333496 23.0324630737305 23.0549507141113 23.0774383544922 23.0999240875244 23.1224117279053 23.1448993682861 23.1646194458008 23.1842041015625 23.2037887573242 23.2233734130859 23.2429580688477 23.2625427246094 23.2821273803711 23.3017120361328 23.3212966918945 23.3408813476562 23.3478603363037 23.3550243377686 23.3640193939209 23.3756523132324 23.3912830352783 23.414155960083
-3.4e+38 -3.4e+38 -3.4e+38 -3.4e+38 -3.4e+38 -3.4e+38 -3.4e+38 -3.4e+38 -3.4e+38 -3.4e+38 -3.4e+38 -3.4e+38 -3.4e+38 -3.4e+38 -3.4e+38 -3.4e+38 23.02419090271 22.9887542724609 22.9552021026611 22.9231700897217 22.8830986022949 22.8830986022949 22.8830986022949 22.8830986022949 22.8830986022949 22.8830986022949 22.9057960510254 22.9288215637207 22.951847076416 22.9748725891113 22.9979000091553 23.0209255218506 23.0439510345459 23.0669765472412 23.0900020599365 23.1130275726318 23.1321678161621 23.1511173248291 23.1700649261475 23.1890144348145 23.2079620361328 23.2269115447998 23.2458591461182 23.2648086547852 23.2837581634521 23.3027057647705 23.3042240142822 23.3042240142822 23.3042240142822 23.3042240142822 23.3042240142822 23.358943939209
-3.4e+38 -3.4e+38 -3.4e+38 -3.4e+38 -3.4e+38 -3.4e+38 -3.4e+38 -3.4e+38 -3.4e+38 -3.4e+38 -3.4e+38 -3.4e+38 -3.4e+38 -3.4e+38 -3.4e+38 -3.4e+38 -3.4e+38 -3.4e+38 -3.4e+38 22.9178886413574 22.8830986022949 22.8830986022949 22.8830986022949 22.8830986022949 22.8830986022949 22.8830986022949 22.9057960510254 22.9288215637207 22.951847076416 22.9748725891113 22.9979000091553 23.0209255218506 23.0439510345459 23.0669765472412 23.0900020599365 23.1130275726318 23.1321678161621 23.1511173248291 23.1700649261475 23.1890144348145 23.2079620361328 23.2269115447998 23.2458591461182 23.2648086547852 23.2837581634521 23.3027057647705 23.3042240142822 23.3042240142822 23.3042240142822 23.3042240142822 23.3042240142822 23.3518810272217
-3.4e+38 -3.4e+38 -3.4e+38 -3.4e+38 -3.4e+38 -3.4e+38 -3.4e+38 -3.4e+38 -3.4e+38 -3.4e+38 -3.4e+38 -3.4e+38 -3.4e+38 -3.4e+38 -3.4e+38 -3.4e+38 -3.4e+38 -3.4e+38 -3.4e+38 -3.4e+38 22.8830986022949 22.8830986022949 22.8830986022949 22.8830986022949 22.8830986022949 22.8830986022949 22.9057960510254 22.9288215637207 22.951847076416 22.9748725891113 22.9979000091553 23.0209255218506 23.0439510345459 23.0669765472412 23.0900020599365 23.1130275726318 23.1321678161621 23.1511173248291 23.1700649261475 23.1890144348145 23.2079620361328 23.2269115447998 23.2458591461182 23.2648086547852 23.2837581634521 23.3027057647705 23.3042240142822 23.3042240142822 23.3042240142822 23.3042240142822 23.3042240142822 -3.4e+38
-3.4e+38 -3.4e+38 -3.4e+38 -3.4e+38 -3.4e+38 -3.4e+38 -3.4e+38 -3.4e+38 -3.4e+38 -3.4e+38 -3.4e+38 -3.4e+38 -3.4e+38 -3.4e+38 -3.4e+38 -3.4e+38 -3.4e+38 -3.4e+38 -3.4e+38 -3.4e+38 -3.4e+38 -3.4e+38 22.8830986022949 22.8830986022949 22.8830986022949 22.8830986022949 22.9057960510254 22.9288215637207 22.951847076416 22.9748725891113 22.9979000091553 23.0209255218506 23.0439510345459 23.0669765472412 23.0900020599365 23.1130275726318 23.1321678161621 23.1511173248291 23.1700649261475 23.1890144348145 23.2079620361328 23.2269115447998 23.2458591461182 23.2648086547852 23.2837581634521 23.3027057647705 23.3042240142822 23.3042240142822 23.3042240142822 -3.4e+38 -3.4e+38 -3.4e+38
-3.4e+38 -3.4e+38 -3.4e+38 -3.4e+38 -3.4e+38 -3.4e+38 -3.4e+38 -3.4e+38 -3.4e+38 -3.4e+38 -3.4e+38 -3.4e+38 -3.4e+38 -3.4e+38 -3.4e+38 -3.4e+38 -3.4e+38 -3.4e+38 -3.4e+38 -3.4e+38 -3.4e+38 -3.4e+38 -3.4e+38 22.8830986022949 22.8830986022949 22.8830986022949 22.9057960510254 22.9288215637207 22.951847076416 22.9748725891113 22.9979000091553 23.0209255218506 23.0439510345459 23.0669765472412 23.0900020599365 23.1130275726318 23.1321678161621 23.1511173248291 23.1700649261475 23.1890144348145 23.2079620361328 23.2269115447998 23.2458591461182 23.2648086547852 23.2837581634521 23.3027057647705 23.3042240142822 23.3042240142822 -3.4e+38 -3.4e+38 -3.4e+38 -3.4e+38
-3.4e+38 -3.4e+38 -3.4e+38 -3.4e+38 -3.4e+38 -3.4e+38 -3.4e+38 -3.4e+38 -3.4e+38 -3.4e+38 -3.4e+38 -3.4e+38 -3.4e+38 -3.4e+38 -3.4e+38 -3.4e+38 -3.4e+38 -3.4e+38 -3.4e+38 -3.4e+38 -3.4e+38 -3.4e+38 -3.4e+38 -3.4e+38 22.8830986022949 22.8924999237061 22.9153327941895 22.9383583068848 22.9613838195801 22.984411239624 23.0074367523193 23.0304622650146 23.05348777771 23.0765132904053 23.0995388031006 23.1209564208984 23.1400165557861 23.1589660644531 23.1779136657715 23.1968631744385 23.2158107757568 23.2347602844238 23.2537078857422 23.2726573944092 23.2916069030762 23.3033351898193 -3.4e+38 -3.4e+38 -3.4e+38 -3.4e+38 -3.4e+38 -3.4e+38
-3.4e+38 -3.4e+38 -3.4e+38 -3.4e+38 -3.4e+38 -3.4e+38 -3.4e+38 -3.4e+38 -3.4e+38 -3.4e+38 -3.4e+38 -3.4e+38 -3.4e+38 -3.4e+38 -3.4e+38 -3.4e+38 -3.4e+38 -3.4e+38 -3.4e+38 -3.4e+38 -3.4e+38 -3.4e+38 -3.4e+38 -3.4e+38 -3.4e+38 -3.4e+38 -3.4e+38 22.9396934509277 22.962718963623 22.9857444763184 23.0087718963623 23.0317974090576 23.0548229217529 23.0778484344482 23.1008739471436 23.1220645904541 23.1411151885986 23.160062789917 23.179012298584 23.1979598999023 23.2169094085693 23.2358570098877 23.2548065185547 23.2737560272217 23.29270362854 -3.4e+38 -3.4e+38 -3.4e+38 -3.4e+38 -3.4e+38 -3.4e+38 -3.4e+38
-3.4e+38 -3.4e+38 -3.4e+38 -3.4e+38 -3.4e+38 -3.4e+38 -3.4e+38 -3.4e+38 -3.4e+38 -3.4e+38 -3.4e+38 -3.4e+38 -3.4e+38 -3.4e+38 -3.4e+38 -3.4e+38 -3.4e+38 -3.4e+38 -3.4e+38 -3.4e+38 -3.4e+38 -3.4e+38 -3.4e+38 -3.4e+38 -3.4e+38 -3.4e+38 -3.4e+38 -3.4e+38 22.9630565643311 22.986083984375 23.0091094970703 23.0321350097656 23.0551605224609 23.0781860351562 23.1012115478516 23.1223449707031 23.141393661499 23.1603412628174 -3.4e+38 23.1982383728027 23.2171878814697 -3.4e+38 -3.4e+38 23.2740345001221 -3.4e+38 -3.4e+38 -3.4e+38 -3.4e+38 -3.4e+38 -3.4e+38 -3.4e+38 -3.4e+38
-3.4e+38 -3.4e+38 -3.4e+38 -3.4e+38 -3.4e+38 -3.4e+38 -3.4e+38 -3.4e+38 -3.4e+38 -3.4e+38 -3.4e+38 -3.4e+38 -3.4e+38 -3.4e+38 -3.4e+38 -3.4e+38 -3.4e+38 -3.4e+38 -3.4e+38 -3.4e+38 -3.4e+38 -3.4e+38 -3.4e+38 -3.4e+38 -3.4e+38 -3.4e+38 -3.4e+38 -3.4e+38 22.9631862640381 22.9862117767334 23.0092391967773 23.0322647094727 -3.4e+38 23.0783157348633 -3.4e+38 23.1224517822266 23.1414985656738 -3.4e+38 23.1793956756592 -3.4e+38 -3.4e+38 23.2362422943115 23.2551898956299 -3.4e+38 -3.4e+38 -3.4e+38 -3.4e+38 -3.4e+38 -3.4e+38 -3.4e+38 -3.4e+38 -3.4e+38
-3.4e+38 -3.4e+38 -3.4e+38 -3.4e+38 -3.4e+38 -3.4e+38 -3.4e+38 -3.4e+38 -3.4e+38 -3.4e+38 -3.4e+38 -3.4e+38 -3.4e+38 -3.4e+38 -3.4e+38 -3.4e+38 -3.4e+38 -3.4e+38 -3.4e+38 -3.4e+38 -3.4e+38 -3.4e+38 -3.4e+38 -3.4e+38 -3.4e+38 -3.4e+38 -3.4e+38 -3.4e+38 -3.4e+38 -3.4e+38 -3.4e+38 23.0323257446289 23.0553512573242 23.0783767700195 23.1014022827148 -3.4e+38 23.1415500640869 23.1604976654053 23.1794471740723 -3.4e+38 23.2173442840576 23.236291885376 -3.4e+38 -3.4e+38 -3.4e+38 -3.4e+38 -3.4e+38 -3.4e+38 -3.4e+38 -3.4e+38 -3.4e+38 -3.4e+38
-3.4e+38 -3.4e+38 -3.4e+38 -3.4e+38 -3.4e+38 -3.4e+38 -3.4e+38 -3.4e+38 -3.4e+38 -3.4e+38 -3.4e+38 -3.4e+38 -3.4e+38 -3.4e+38 -3.4e+38 -3.4e+38 -3.4e+38 -3.4e+38 -3.4e+38 -3.4e+38 -3.4e+38 -3.4e+38 -3.4e+38 -3.4e+38 -3.4e+38 -3.4e+38 -3.4e+38 -3.4e+38 -3.4e+38 -3.4e+38 -3.4e+38 -3.4e+38 -3.4e+38 23.0784111022949 23.1014366149902 23.1225318908691 -3.4e+38 -3.4e+38 -3.4e+38 23.1984233856201 -3.4e+38 -3.4e+38 -3.4e+38 -3.4e+38 -3.4e+38 -3.4e+38 -3.4e+38 -3.4e+38 -3.4e+38 -3.4e+38 -3.4e+38 -3.4e+38
