R_scripts/int_process_data/Bio_16_2001.2020.asc
NCOLS 281 
NROWS 577 
XLLCORNER 81175.2677831308 
YLLCORNER -911.770678700996 
CELLSIZE 1000 
NODATA_value -3.4e+38 
[rows 210 to 230 of 577, columns 192 to 239 of 281]
5.96846732037193e-08 5.94361111438957e-08 5.90142761325296e-08 5.8867982488664e-08 5.87816479935555e-08 5.8558303095424e-08 5.82722030628702e-08 5.79935495181871e-08 5.79096735009443e-08 5.775252631679e-08 5.75401841729217e-08 5.72738372284221e-08 5.70772868968561e-08 5.69085187862584e-08 5.66916469324497e-08 5.65460247514693e-08 5.64424595950186e-08 5.62867725761862e-08 5.61540112187231e-08 5.60397737103813e-08 5.59322899107428e-08 5.58274173556583e-08 5.57112755927847e-08 5.55861596751583e-08 5.56640991078439e-08 5.5875723603549e-08 5.61369795093469e-08 -3.4e+38 -3.4e+38 -3.4e+38 5.63212445570116e-08 -3.4e+38 -3.4e+38 -3.4e+38 -3.4e+38 -3.4e+38 -3.4e+38 -3.4e+38 -3.4e+38 -3.4e+38 -3.4e+38 -3.4e+38 -3.4e+38 -3.4e+38 -3.4e+38 -3.4e+38 -3.4e+38 -3.4e+38
5.97123914758413e-08 5.93664033488039e-08 5.90992499382992e-08 5.89602606737571e-08 5.87779283023337e-08 5.84998929298308e-08 5.82260959447467e-08 5.8079105969e-08 5.79555710089608e-08 5.77030228043895e-08 5.74365905947616e-08 5.7244250228905e-08 5.70399976140834e-08 5.68837883463402e-08 5.6734581477258e-08 5.65655433604206e-08 5.64736915009689e-08 5.6361766809232e-08 5.62433513096039e-08 5.61397683895848e-08 5.59908599484515e-08 5.58385302440456e-08 5.57031718528833e-08 5.56055184119941e-08 5.5676828480955e-08 5.59053852100533e-08 5.61021558098673e-08 -3.4e+38 -3.4e+38 -3.4e+38 -3.4e+38 -3.4e+38 -3.4e+38 -3.4e+38 -3.4e+38 -3.4e+38 -3.4e+38 -3.4e+38 -3.4e+38 -3.4e+38 -3.4e+38 -3.4e+38 -3.4e+38 -3.4e+38 -3.4e+38 -3.4e+38 -3.4e+38 -3.4e+38
5.93633160406171e-08 5.8978578465485e-08 5.87626871606517e-08 5.87144093344705e-08 5.85566688471317e-08 5.83179264879163e-08 5.8110320111382e-08 5.7942550313328e-08 5.77562637715801e-08 5.74759688731774e-08 5.72729774717118e-08 5.71267584348334e-08 5.69146436646406e-08 5.67309932364424e-08 5.66160274217964e-08 5.64766651223181e-08 5.63826425548086e-08 5.62845912099874e-08 5.61412143440521e-08 5.59646338160746e-08 5.5789172392906e-08 5.56324870615299e-08 5.55559545034612e-08 5.54354144810532e-08 5.54554375753469e-08 5.56675949781038e-08 5.57287087588065e-08 -3.4e+38 -3.4e+38 -3.4e+38 -3.4e+38 -3.4e+38 -3.4e+38 -3.4e+38 -3.4e+38 -3.4e+38 -3.4e+38 -3.4e+38 -3.4e+38 -3.4e+38 -3.4e+38 -3.4e+38 -3.4e+38 -3.4e+38 -3.4e+38 -3.4e+38 -3.4e+38 -3.4e+38
5.89378323923029e-08 5.85513042494767e-08 5.83284212041235e-08 5.83283750188457e-08 5.82936792170585e-08 5.811852687998e-08 5.7927717733719e-08 5.77348551189516e-08 5.75422340887144e-08 5.73259093528122e-08 5.71461669096607e-08 5.69479823298025e-08 5.67628291037181e-08 5.66129223500411e-08 5.64737803188109e-08 5.63553221866187e-08 5.62621416122511e-08 5.61412960564667e-08 5.60230297708131e-08 5.58058950161922e-08 5.5585665847957e-08 5.54897532367704e-08 5.54645431805056e-08 -3.4e+38 -3.4e+38 -3.4e+38 -3.4e+38 -3.4e+38 -3.4e+38 -3.4e+38 -3.4e+38 -3.4e+38 -3.4e+38 -3.4e+38 -3.4e+38 -3.4e+38 -3.4e+38 -3.4e+38 -3.4e+38 -3.4e+38 -3.4e+38 -3.4e+38 -3.4e+38 -3.4e+38 -3.4e+38 -3.4e+38 -3.4e+38 -3.4e+38
5.84437707118468e-08 5.80216905632369e-08 5.77681156244125e-08 5.78084922153721e-08 5.79118406562884e-08 5.78525032324251e-08 5.76707321897629e-08 5.7477301140807e-08 5.72967842060734e-08 5.71331675303099e-08 5.69681724016391e-08 5.67764857350994e-08 5.66125173406817e-08 5.64695952220973e-08 5.63045858825717e-08 5.61635680185191e-08 5.60505597491101e-08 5.59144339717932e-08 5.58440156339657e-08 5.56285080222096e-08 5.53959793592185e-08 5.53439143402557e-08 5.52983010493335e-08 -3.4e+38 -3.4e+38 -3.4e+38 -3.4e+38 -3.4e+38 -3.4e+38 -3.4e+38 -3.4e+38 -3.4e+38 -3.4e+38 -3.4e+38 -3.4e+38 -3.4e+38 -3.4e+38 -3.4e+38 -3.4e+38 -3.4e+38 -3.4e+38 -3.4e+38 -3.4e+38 -3.4e+38 -3.4e+38 -3.4e+38 -3.4e+38 -3.4e+38
5.79806105349689e-08 5.74922296436853e-08 5.71922456060747e-08 5.72785836538969e-08 5.7464127678486e-08 5.7491380545116e-08 5.74135832209777e-08 5.72228415762766e-08 5.70684228762275e-08 5.69263036709344e-08 5.67794558037349e-08 5.66024667136844e-08 5.64321283036406e-08 5.62800863690427e-08 5.61151622946454e-08 5.59449730985762e-08 5.58052306587342e-08 5.57051293981203e-08 5.55701547000353e-08 5.53657208968161e-08 5.53260761648744e-08 5.53672023784202e-08 -3.4e+38 -3.4e+38 -3.4e+38 -3.4e+38 -3.4e+38 -3.4e+38 -3.4e+38 -3.4e+38 -3.4e+38 -3.4e+38 -3.4e+38 -3.4e+38 -3.4e+38 -3.4e+38 -3.4e+38 -3.4e+38 -3.4e+38 -3.4e+38 -3.4e+38 -3.4e+38 -3.4e+38 -3.4e+38 -3.4e+38 -3.4e+38 -3.4e+38 -3.4e+38
5.76334642232723e-08 5.71757219347546e-08 5.68646107979021e-08 5.68869076289502e-08 5.70689557832793e-08 5.71168250473875e-08 5.71746312516552e-08 5.70591218718164e-08 5.69053604237979e-08 5.67550024754837e-08 5.65992728240872e-08 5.64199282848676e-08 5.62482789234764e-08 5.60759296774904e-08 5.59130270971764e-08 5.56929862227662e-08 5.55908883370648e-08 5.54306289757278e-08 5.53394521318751e-08 5.52680923249227e-08 5.51824470562678e-08 5.52575905032882e-08 -3.4e+38 -3.4e+38 -3.4e+38 -3.4e+38 -3.4e+38 -3.4e+38 -3.4e+38 -3.4e+38 -3.4e+38 -3.4e+38 -3.4e+38 -3.4e+38 -3.4e+38 -3.4e+38 -3.4e+38 -3.4e+38 -3.4e+38 -3.4e+38 -3.4e+38 -3.4e+38 -3.4e+38 -3.4e+38 -3.4e+38 -3.4e+38 -3.4e+38 -3.4e+38
5.73251526247986e-08 5.69324534183124e-08 5.66713396210616e-08 5.66602338381017e-08 5.67711495591539e-08 5.6825246730341e-08 5.68932847500037e-08 5.68854758853377e-08 5.67362263836912e-08 5.65665665419601e-08 5.64255131507707e-08 5.62768569523087e-08 5.61317321512433e-08 5.59474138128735e-08 5.57165549253114e-08 5.54674173258718e-08 5.54029888633067e-08 5.53105259371023e-08 5.53857191221141e-08 5.52301102629826e-08 5.4858464437757e-08 -3.4e+38 -3.4e+38 -3.4e+38 -3.4e+38 -3.4e+38 -3.4e+38 -3.4e+38 -3.4e+38 -3.4e+38 -3.4e+38 -3.4e+38 -3.4e+38 -3.4e+38 -3.4e+38 -3.4e+38 -3.4e+38 -3.4e+38 -3.4e+38 -3.4e+38 -3.4e+38 -3.4e+38 -3.4e+38 -3.4e+38 -3.4e+38 -3.4e+38 -3.4e+38 -3.4e+38
5.69686449125584e-08 5.65901459026463e-08 5.63571909140137e-08 5.63662965191725e-08 5.64252644608132e-08 5.64715065820565e-08 5.65162991961188e-08 5.65674049823883e-08 5.65325741774814e-08 5.63849660295546e-08 5.62320323638232e-08 5.60865771603858e-08 5.5977238844207e-08 5.59202604222264e-08 5.56946204710584e-08 5.52864953817789e-08 5.51465042519794e-08 5.51018040084728e-08 5.50728316284221e-08 5.48887086893046e-08 5.46009708557449e-08 5.42447082807485e-08 -3.4e+38 -3.4e+38 -3.4e+38 -3.4e+38 -3.4e+38 -3.4e+38 -3.4e+38 -3.4e+38 -3.4e+38 -3.4e+38 -3.4e+38 -3.4e+38 -3.4e+38 -3.4e+38 -3.4e+38 -3.4e+38 -3.4e+38 -3.4e+38 -3.4e+38 -3.4e+38 -3.4e+38 -3.4e+38 -3.4e+38 -3.4e+38 -3.4e+38 -3.4e+38
5.6607337484138e-08 5.62297479689278e-08 5.59996244930971e-08 5.60091777401794e-08 5.60543291783233e-08 5.60981341379829e-08 5.61425217426859e-08 5.62321815777977e-08 5.63154927135656e-08 5.62143469551302e-08 5.60204043154044e-08 5.58600881106486e-08 5.57314656646213e-08 5.56594557110657e-08 5.54517001205568e-08 5.50879555305528e-08 5.48636052144502e-08 5.47979830400891e-08 5.47737819545091e-08 5.45523981543283e-08 5.42287494909033e-08 5.39194040527491e-08 -3.4e+38 -3.4e+38 -3.4e+38 -3.4e+38 -3.4e+38 -3.4e+38 -3.4e+38 -3.4e+38 -3.4e+38 -3.4e+38 -3.4e+38 -3.4e+38 -3.4e+38 -3.4e+38 -3.4e+38 -3.4e+38 -3.4e+38 -3.4e+38 -3.4e+38 -3.4e+38 -3.4e+38 -3.4e+38 -3.4e+38 -3.4e+38 -3.4e+38 -3.4e+38
5.62165638484657e-08 5.58421042740065e-08 5.56099557513789e-08 5.5615938521214e-08 5.5661786291239e-08 5.57098935871636e-08 5.57589956429183e-08 5.58398660643888e-08 5.59090658214245e-08 5.59233228614175e-08 5.5809667998119e-08 5.56238397564357e-08 5.5481429228621e-08 5.53468062491902e-08 5.51438823492845e-08 5.48701173386235e-08 5.46451808247639e-08 5.4533465743134e-08 5.4467498955546e-08 5.42381179968743e-08 5.39105649011162e-08 5.36265751804876e-08 -3.4e+38 -3.4e+38 -3.4e+38 -3.4e+38 -3.4e+38 -3.4e+38 -3.4e+38 -3.4e+38 -3.4e+38 -3.4e+38 -3.4e+38 -3.4e+38 -3.4e+38 -3.4e+38 -3.4e+38 -3.4e+38 -3.4e+38 -3.4e+38 -3.4e+38 -3.4e+38 -3.4e+38 -3.4e+38 -3.4e+38 -3.4e+38 -3.4e+38 -3.4e+38
5.58332331479505e-08 5.54641985672788e-08 5.52286216759512e-08 5.52344481263845e-08 5.52882006843447e-08 5.53301227057545e-08 5.53834063055092e-08 5.54440617861474e-08 5.5499203455156e-08 5.55553683057042e-08 5.55643602240252e-08 5.54425305665518e-08 5.52987060586929e-08 5.51237562262941e-08 5.48931495814031e-08 5.46196439188407e-08 5.44128226920293e-08 5.42609335241195e-08 5.41147500143779e-08 5.39492042150869e-08 5.36959419150662e-08 5.3372339436919e-08 5.31700194983387e-08 -3.4e+38 -3.4e+38 -3.4e+38 -3.4e+38 -3.4e+38 -3.4e+38 -3.4e+38 -3.4e+38 -3.4e+38 -3.4e+38 -3.4e+38 -3.4e+38 -3.4e+38 -3.4e+38 -3.4e+38 -3.4e+38 -3.4e+38 -3.4e+38 -3.4e+38 -3.4e+38 -3.4e+38 -3.4e+38 -3.4e+38 -3.4e+38 -3.4e+38
5.54369705696445e-08 5.50756809047925e-08 5.48396918986782e-08 5.48453620297096e-08 5.48950254142255e-08 5.49440279939972e-08 5.49998482313185e-08 5.50444099189917e-08 5.5096801787613e-08 5.51524905745282e-08 5.5218006167479e-08 5.52776349138639e-08 5.52060086533857e-08 5.49105507730019e-08 5.46356773156731e-08 5.43718137180349e-08 5.41422693345339e-08 5.3974034130988e-08 5.38335775956966e-08 5.3653117504382e-08 5.34226636261792e-08 5.31405817127961e-08 5.30076498250764e-08 -3.4e+38 -3.4e+38 -3.4e+38 -3.4e+38 -3.4e+38 -3.4e+38 -3.4e+38 -3.4e+38 -3.4e+38 -3.4e+38 -3.4e+38 -3.4e+38 -3.4e+38 -3.4e+38 -3.4e+38 -3.4e+38 -3.4e+38 -3.4e+38 -3.4e+38 -3.4e+38 -3.4e+38 -3.4e+38 -3.4e+38 -3.4e+38 -3.4e+38
5.5056407433085e-08 5.46953273783402e-08 5.44639071620168e-08 5.44562972493168e-08 5.4512174330057e-08 5.45845608712625e-08 5.46171392556971e-08 5.46625962272174e-08 5.47356577840219e-08 5.48118173071543e-08 5.48792939980558e-08 5.49886394196619e-08 5.50707106583559e-08 5.48001892752836e-08 5.45008127517121e-08 5.41917266616565e-08 5.39364215512705e-08 5.37501669839457e-08 5.35929416400904e-08 5.3353502948994e-08 5.30986099533948e-08 5.28983434833208e-08 5.26292360802927e-08 -3.4e+38 -3.4e+38 -3.4e+38 -3.4e+38 -3.4e+38 -3.4e+38 -3.4e+38 -3.4e+38 -3.4e+38 -3.4e+38 -3.4e+38 -3.4e+38 -3.4e+38 -3.4e+38 -3.4e+38 -3.4e+38 -3.4e+38 -3.4e+38 -3.4e+38 -3.4e+38 -3.4e+38 -3.4e+38 -3.4e+38 -3.4e+38 -3.4e+38
5.46794645117643e-08 5.43202851588376e-08 5.4079432487697e-08 5.40675486604414e-08 5.41515987606545e-08 5.41974749523888e-08 5.42251079593825e-08 5.43000879815736e-08 5.43858185153567e-08 5.44678186997771e-08 5.45384608585664e-08 5.46503535758802e-08 5.4844914387786e-08 5.46948761837029e-08 5.43507709949154e-08 5.40443103602684e-08 5.37847277826131e-08 5.35471400553433e-08 5.33430402072099e-08 5.30906305584722e-08 5.28445589509374e-08 5.26207664108824e-08 5.23474241731492e-08 -3.4e+38 -3.4e+38 -3.4e+38 -3.4e+38 -3.4e+38 -3.4e+38 -3.4e+38 -3.4e+38 -3.4e+38 -3.4e+38 -3.4e+38 -3.4e+38 -3.4e+38 -3.4e+38 -3.4e+38 -3.4e+38 -3.4e+38 -3.4e+38 -3.4e+38 -3.4e+38 -3.4e+38 -3.4e+38 -3.4e+38 -3.4e+38 -3.4e+38
5.43022693477724e-08 5.39541638033825e-08 5.36913589144206e-08 5.36965210073959e-08 5.37934852218314e-08 5.38155511264904e-08 5.38701598884472e-08 5.39544764421862e-08 5.40267706128361e-08 5.41181037760907e-08 5.42479128284867e-08 5.43549596443427e-08 5.44671330260371e-08 5.45166471965786e-08 5.42324833929797e-08 5.39455839998482e-08 5.37242463849452e-08 5.34787147898896e-08 5.32314388124178e-08 5.29593755516089e-08 5.27494989910338e-08 5.24817522773446e-08 5.21733483083153e-08 5.19436262891304e-08 5.18629796886216e-08 5.18381533254342e-08 5.17611340455915e-08 5.16829103958116e-08 -3.4e+38 -3.4e+38 -3.4e+38 -3.4e+38 -3.4e+38 -3.4e+38 -3.4e+38 -3.4e+38 -3.4e+38 -3.4e+38 -3.4e+38 -3.4e+38 -3.4e+38 -3.4e+38 -3.4e+38 -3.4e+38 -3.4e+38 -3.4e+38 -3.4e+38 -3.4e+38
5.39392388532178e-08 5.35676925039752e-08 5.33103801103607e-08 5.33506039346321e-08 5.34372119886939e-08 5.34393116424781e-08 5.35290176628678e-08 5.36998214784035e-08 5.3832213353644e-08 5.38823350382245e-08 5.39478079986111e-08 5.39646087815981e-08 5.40140980831438e-08 5.4354757139663e-08 5.42847722329043e-08 5.39560005563544e-08 5.37166435776726e-08 5.34479802638543e-08 5.32221555715751e-08 5.29500034929242e-08 5.27106500669561e-08 5.24432799409169e-08 5.22011305292835e-08 5.19827167977382e-08 5.18995371123765e-08 5.18301987995073e-08 5.18175120589603e-08 5.16908968961616e-08 5.14538847085078e-08 -3.4e+38 -3.4e+38 -3.4e+38 -3.4e+38 -3.4e+38 -3.4e+38 -3.4e+38 -3.4e+38 -3.4e+38 -3.4e+38 -3.4e+38 -3.4e+38 -3.4e+38 -3.4e+38 -3.4e+38 -3.4e+38 -3.4e+38 -3.4e+38 -3.4e+38
5.3565006652434e-08 5.31671737746819e-08 5.29508383806387e-08 5.30333785775383e-08 5.30706429913153e-08 5.30634594042567e-08 5.32221946514255e-08 5.34435429244695e-08 5.36044133525593e-08 5.35444470983748e-08 5.34782849115345e-08 5.35165476378552e-08 5.37216884310965e-08 5.40899023349084e-08 5.42154943161677e-08 5.42716698248569e-08 5.41047953106499e-08 5.37225730568025e-08 5.33549098236108e-08 5.30360750872205e-08 5.27442729492122e-08 5.25322043642973e-08 5.2301391662013e-08 5.20840650608534e-08 5.19563130296774e-08 5.19362011175417e-08 5.199884611784e-08 5.18464133847374e-08 5.15251059596267e-08 -3.4e+38 -3.4e+38 -3.4e+38 -3.4e+38 -3.4e+38 -3.4e+38 -3.4e+38 -3.4e+38 -3.4e+38 -3.4e+38 -3.4e+38 -3.4e+38 -3.4e+38 -3.4e+38 -3.4e+38 -3.4e+38 -3.4e+38 -3.4e+38 -3.4e+38
5.31711314977201e-08 5.27962882301836e-08 5.26090424557424e-08 5.269461311741e-08 5.26863317418247e-08 5.27046744025483e-08 5.28756309847722e-08 5.30907051654594e-08 5.32072235159831e-08 5.31064259234881e-08 5.30679535870604e-08 5.32295381105996e-08 5.3458713011878e-08 5.36420756702682e-08 5.38413651440806e-08 5.41968212530719e-08 5.45573257682008e-08 5.44516431943975e-08 5.3887649897888e-08 5.33153610149384e-08 5.29936556858956e-08 5.28914085862198e-08 5.25825285535575e-08 5.22061149865749e-08 5.20908969292577e-08 5.20080938315459e-08 5.18476852562344e-08 5.16015390417124e-08 5.13627256282234e-08 5.11253652746291e-08 5.08738189353153e-08 -3.4e+38 -3.4e+38 -3.4e+38 -3.4e+38 -3.4e+38 -3.4e+38 -3.4e+38 -3.4e+38 -3.4e+38 -3.4e+38 -3.4e+38 -3.4e+38 -3.4e+38 -3.4e+38 -3.4e+38 -3.4e+38 -3.4e+38
5.27979260311895e-08 5.2470841893637e-08 5.22616367959472e-08 5.22901260069375e-08 5.22832301896869e-08 5.23514671613157e-08 5.25072572088447e-08 5.26771692932471e-08 5.27156132079654e-08 5.26748600293558e-08 5.27799848271115e-08 5.30003561038939e-08 5.31704280604117e-08 5.33978052885686e-08 5.36184927568684e-08 5.3698521185197e-08 5.40442677277042e-08 5.42982192541785e-08 5.43389084839419e-08 5.39358957496461e-08 5.36250972515973e-08 5.35767128440057e-08 5.33555279957909e-08 5.26531600542057e-08 5.21378140661e-08 5.19220932915232e-08 5.1683215929188e-08 5.15081524099514e-08 5.13576878802269e-08 5.12386719719871e-08 5.08490636264014e-08 -3.4e+38 -3.4e+38 -3.4e+38 -3.4e+38 -3.4e+38 -3.4e+38 -3.4e+38 -3.4e+38 -3.4e+38 -3.4e+38 -3.4e+38 -3.4e+38 -3.4e+38 -3.4e+38 -3.4e+38 -3.4e+38 -3.4e+38
5.25177945576161e-08 5.21614893500555e-08 5.19286480482606e-08 5.18797236281898e-08 5.19007237187452e-08 5.20665430769895e-08 5.22309164807666e-08 5.22635268396243e-08 5.22412832992813e-08 5.232617894535e-08 5.25024219655279e-08 5.2726335297848e-08 5.3040029257545e-08 5.3380038167461e-08 5.3416858492028e-08 5.32530428642985e-08 5.33106607747413e-08 5.35307549398567e-08 5.39632800666823e-08 5.41181570667959e-08 5.38802460425813e-08 5.36332578349175e-08 5.35500461751326e-08 5.29346593225455e-08 5.21657064211922e-08 5.18471381383279e-08 5.1673271883601e-08 5.15170626158579e-08 5.12566522559155e-08 5.1000998979589e-08 5.07149700013088e-08 -3.4e+38 -3.4e+38 -3.4e+38 -3.4e+38 -3.4e+38 -3.4e+38 -3.4e+38 -3.4e+38 -3.4e+38 -3.4e+38 -3.4e+38 -3.4e+38 -3.4e+38 -3.4e+38 -3.4e+38 -3.4e+38 -3.4e+38
