R_scripts/int_process_data/Bio_08.asc
NCOLS 281 
NROWS 576 
XLLCORNER 81175.2677831308 
YLLCORNER 88.2293212990044 
CELLSIZE 1000 
NODATA_value -3.4e+38 
[rows 69 to 91 of 576, columns 104 to 155 of 281]
10.0237655639648 9.97162914276123 9.91949367523193 9.86735725402832 9.81522083282471 9.76042461395264 9.65682697296143 9.5532283782959 9.44963073730469 9.34603309631348 9.24243450164795 9.13883686065674 9.03523921966553 8.931640625 8.82804298400879 8.72576522827148 8.69262599945068 8.6594877243042 8.62634944915771 8.59321022033691 8.56007194519043 8.52693367004395 8.49379444122314 8.46065616607666 8.42751789093018 8.39437866210938 8.36447715759277 8.33462333679199 8.30476856231689 8.2749137878418 8.2450590133667 8.2152042388916 8.1853494644165 8.15549468994141 8.12563991546631 8.09578514099121 8.09389591217041 8.09339141845703 8.09288597106934 8.09238147735596 8.09187698364258 8.09137153625488 8.0908670425415 8.09036254882812 8.08985710144043 8.08935260772705 8.05368995666504 8.01496505737305 7.97624111175537 7.93751668930054 7.8987922668457 7.86006784439087
10.0415067672729 9.98976421356201 9.93802070617676 9.88627815246582 9.83453559875488 9.78033638000488 9.68107032775879 9.58180522918701 9.48253917694092 9.38327312469482 9.28400802612305 9.18474197387695 9.08547592163086 8.98620986938477 8.88694477081299 8.78891372680664 8.75559997558594 8.72228622436523 8.68897247314453 8.65565872192383 8.62234497070312 8.58903121948242 8.55571746826172 8.52240371704102 8.48908996582031 8.45577621459961 8.4217700958252 8.38775444030762 8.35373973846436 8.31972408294678 8.2857084274292 8.25169277191162 8.21767711639404 8.18366146087646 8.14964580535889 8.11563014984131 8.10949039459229 8.10472965240479 8.0999698638916 8.0952091217041 8.09044933319092 8.08568954467773 8.08092880249023 8.07616901397705 8.07140827178955 8.06664848327637 8.02718544006348 7.98470067977905 7.94221544265747 7.89973068237305 7.85724544525146 7.81476020812988
10.0592470169067 10.0078983306885 9.9565486907959 9.90519905090332 9.85385036468506 9.80024814605713 9.70531463623047 9.61038112640381 9.51544761657715 9.42051410675049 9.32558059692383 9.23064708709717 9.13571357727051 9.04077911376953 8.94584560394287 8.85206317901611 8.81857395172119 8.78508567810059 8.75159645080566 8.71810722351074 8.68461799621582 8.65112972259521 8.61764049530029 8.58415126800537 8.55066204071045 8.51717376708984 8.47906303405762 8.44088649749756 8.4027099609375 8.36453342437744 8.32635688781738 8.28818035125732 8.25000381469727 8.21182727813721 8.17365074157715 8.13547420501709 8.12508392333984 8.11606788635254 8.10705280303955 8.09803771972656 8.08902168273926 8.08000659942627 8.07099056243896 8.06197547912598 8.05296039581299 8.04394435882568 8.00068092346191 7.9544358253479 7.90818977355957 7.8619441986084 7.81569862365723 7.7694525718689
10.0769882202148 10.0260324478149 9.97507667541504 9.92412090301514 9.87316513061523 9.82015991210938 9.72955894470215 9.63895702362061 9.54835605621338 9.45775413513184 9.36715316772461 9.27655124664307 9.18595027923584 9.0953483581543 9.00474739074707 8.91521263122559 8.88154792785645 8.84788417816162 8.81421947479248 8.78055572509766 8.74689102172852 8.71322727203369 8.67956352233887 8.64589881896973 8.6122350692749 8.57857036590576 8.53635597229004 8.4940185546875 8.45168113708496 8.40934371948242 8.36700630187988 8.32466888427734 8.2823314666748 8.23999404907227 8.19765663146973 8.15531921386719 8.1406774520874 8.12740707397461 8.1141357421875 8.10086536407471 8.0875940322876 8.0743236541748 8.06105327606201 8.0477819442749 8.03451156616211 8.021240234375 7.97417688369751 7.92417049407959 7.87416410446167 7.82415771484375 7.77415132522583 7.72414493560791
10.0727758407593 10.0220308303833 9.97128582000732 9.92054080963135 9.86979579925537 9.81705474853516 9.72769737243652 9.63834095001221 9.54898357391357 9.45962619781494 9.37026882171631 9.28091144561768 9.19155406951904 9.10219669342041 9.01283931732178 8.92451095581055 8.89008235931396 8.8556547164917 8.82122707366943 8.78679943084717 8.75237083435059 8.71794319152832 8.68351554870605 8.64908790588379 8.61465930938721 8.58023166656494 8.53507614135742 8.48976516723633 8.44445514678955 8.39914512634277 8.35383415222168 8.3085241317749 8.26321315765381 8.21790313720703 8.17259216308594 8.12728214263916 8.11003303527832 8.09417343139648 8.07831287384033 8.0624532699585 8.04659271240234 8.03073310852051 8.01487350463867 7.99901294708252 7.98315286636353 7.96729326248169 7.92448949813843 7.87933921813965 7.83418893814087 7.78903865814209 7.74388837814331 7.69873809814453
10.067512512207 10.0169687271118 9.96642589569092 9.91588306427002 9.86534023284912 9.81284713745117 9.72458648681641 9.63632488250732 9.54806423187256 9.45980262756348 9.37154197692871 9.28328037261963 9.19501972198486 9.10675811767578 9.01849746704102 8.93122959136963 8.89600944519043 8.86079025268555 8.82557010650635 8.79034996032715 8.75513076782227 8.71991062164307 8.68469142913818 8.64947128295898 8.61425113677979 8.5790319442749 8.53099060058594 8.48276329040527 8.43453693389893 8.38631057739258 8.33808422088623 8.28985786437988 8.24163055419922 8.19340419769287 8.14517784118652 8.09695148468018 8.07717418670654 8.05880451202393 8.04043483734131 8.02206516265869 8.00369644165039 7.98532676696777 7.96695756912231 7.9485878944397 7.93021869659424 7.91184902191162 7.87369108200073 7.8338098526001 7.79392862319946 7.75404691696167 7.71416568756104 7.6742844581604
10.0622482299805 10.0119075775146 9.96156597137451 9.91122531890869 9.86088371276855 9.80863952636719 9.72147464752197 9.63430976867676 9.54714488983154 9.45998001098633 9.37281513214111 9.2856502532959 9.19848537445068 9.11131954193115 9.02415466308594 8.93794822692871 8.90193653106689 8.86592483520508 8.82991313934326 8.79390144348145 8.75788974761963 8.72187805175781 8.685866355896 8.64985466003418 8.61384296417236 8.57783126831055 8.52690410614014 8.47576141357422 8.4246187210083 8.37347602844238 8.32233428955078 8.27119159698486 8.22004890441895 8.16890621185303 8.11776351928711 8.06662082672119 8.04431438446045 8.02343559265137 8.00255680084229 7.9816780090332 7.96079921722412 7.93992042541504 7.91904163360596 7.89816284179688 7.87728404998779 7.85640525817871 7.82289266586304 7.78828048706055 7.7536678314209 7.71905565261841 7.68444299697876 7.64983081817627
10.0569849014282 10.0068454742432 9.95670604705811 9.90656757354736 9.8564281463623 9.8044319152832 9.71836376190186 9.63229465484619 9.54622554779053 9.46015739440918 9.37408828735352 9.28801918029785 9.2019510269165 9.11588191986084 9.02981281280518 8.94466686248779 8.90786361694336 8.87106037139893 8.83425617218018 8.79745292663574 8.76064968109131 8.72384548187256 8.68704223632812 8.65023899078369 8.61343479156494 8.57663154602051 8.52281856536865 8.46875953674316 8.41470050811768 8.3606424331665 8.30658340454102 8.25252532958984 8.19846630096436 8.14440727233887 8.0903491973877 8.03629016876221 8.01145553588867 7.98806715011597 7.96467876434326 7.94129085540771 7.91790246963501 7.8945140838623 7.8711256980896 7.84773778915405 7.82434940338135 7.80096101760864 7.7720947265625 7.742751121521 7.71340751647949 7.68406391143799 7.65472030639648 7.62537717819214
10.051721572876 10.001784324646 9.95184707641602 9.90190982818604 9.85197257995605 9.80022430419922 9.71525192260742 9.63027954101562 9.54530620574951 9.46033382415771 9.37536144256592 9.29038906097412 9.20541667938232 9.12044334411621 9.03547096252441 8.95138549804688 8.91379070281982 8.87619495391846 8.83859920501709 8.80100440979004 8.76340866088867 8.7258129119873 8.68821811676025 8.65062236785889 8.61302757263184 8.57543182373047 8.51873207092285 8.46175765991211 8.40478324890137 8.34780788421631 8.29083347320557 8.23385906219482 8.17688369750977 8.11990928649902 8.06293392181396 8.00595951080322 7.97859621047974 7.95269870758057 7.92680072784424 7.90090322494507 7.87500524520874 7.84910774230957 7.8232102394104 7.79731225967407 7.7714147567749 7.74551725387573 7.7212963104248 7.69722175598145 7.67314720153809 7.64907264709473 7.62499809265137 7.60092353820801
10.0464572906494 9.99672222137451 9.94698715209961 9.89725208282471 9.84751605987549 9.79601669311523 9.71214008331299 9.62826442718506 9.54438781738281 9.46051120758057 9.37663459777832 9.29275798797607 9.20888137817383 9.1250057220459 9.04112911224365 8.95810508728027 8.91971778869629 8.8813304901123 8.84294319152832 8.80455589294434 8.76616859436035 8.72778129577637 8.68939399719238 8.6510066986084 8.61261940002441 8.57423210144043 8.51464653015137 8.45475578308105 8.39486503601074 8.33497428894043 8.27508354187012 8.21519184112549 8.15530109405518 8.09541034698486 8.03551959991455 7.97562885284424 7.9457368850708 7.91732978820801 7.88892269134521 7.86051559448242 7.83210849761963 7.80370140075684 7.77529430389404 7.74688720703125 7.71848011016846 7.69007301330566 7.67049837112427 7.65169239044189 7.63288688659668 7.61408090591431 7.59527540206909 7.57646942138672
10.0411939620972 9.99166011810303 9.9421272277832 9.89259433746338 9.84306049346924 9.79180908203125 9.70902919769287 9.62624835968018 9.5434684753418 9.46068859100342 9.37790775299072 9.29512786865234 9.21234703063965 9.12956714630127 9.04678726196289 8.96482372283936 8.92564392089844 8.88646507263184 8.84728622436523 8.80810642242432 8.76892757415771 8.72974872589111 8.6905689239502 8.65139007568359 8.61221122741699 8.57303142547607 8.51056098937988 8.44775390625 8.38494682312012 8.32213973999023 8.25933265686035 8.19652557373047 8.1337194442749 8.07091236114502 8.00810527801514 7.94529819488525 7.91287755966187 7.88196134567261 7.85104465484619 7.82012796401978 7.78921175003052 7.7582950592041 7.72737884521484 7.69646215438843 7.66554546356201 7.63462924957275 7.61969995498657 7.60616302490234 7.59262657165527 7.57908964157104 7.56555271148682 7.55201578140259
10.0359296798706 9.98659896850586 9.9372673034668 9.88793659210205 9.83860492706299 9.78760147094727 9.70591735839844 9.62423324584961 9.54254913330078 9.46086502075195 9.37918090820312 9.2974967956543 9.21581268310547 9.13412857055664 9.05244541168213 8.97154235839844 8.9315710067749 8.89160060882568 8.85162925720215 8.81165790557861 8.77168655395508 8.73171615600586 8.69174480438232 8.65177345275879 8.61180305480957 8.57183170318604 8.50647449493408 8.44075202941895 8.37502861022949 8.30930614471436 8.2435827255249 8.17785930633545 8.11213684082031 8.04641342163086 7.98069047927856 7.91496753692627 7.88001871109009 7.84659242630005 7.81316661834717 7.77974081039429 7.74631452560425 7.71288871765137 7.67946290969849 7.64603710174561 7.61261081695557 7.57918500900269 7.56890153884888 7.56063365936279 7.55236577987671 7.54409790039062 7.53583002090454 7.52756214141846
10.0306663513184 9.98153686523438 9.93240737915039 9.88327789306641 9.83414936065674 9.78339385986328 9.702805519104 9.62221813201904 9.54162979125977 9.4610424041748 9.38045406341553 9.29986667633057 9.21927833557129 9.13869094848633 9.05810260772705 8.97826099395752 8.93749809265137 8.89673519134521 8.85597229003906 8.81520938873291 8.77444648742676 8.73368358612061 8.69292068481445 8.6521577835083 8.61139488220215 8.570631980896 8.5023889541626 8.43375015258789 8.36511039733887 8.29647159576416 8.22783279418945 8.15919303894043 8.09055423736572 8.02191543579102 7.95327615737915 7.88463687896729 7.84715938568115 7.81122398376465 7.77528858184814 7.73935317993164 7.70341777801514 7.66748237609863 7.63154697418213 7.59561157226562 7.55967617034912 7.52374124526978 7.51810359954834 7.51510429382324 7.5121054649353 7.50910663604736 7.50610780715942 7.50310850143433
10.0254030227661 9.97647571563721 9.92754745483398 9.87862014770508 9.82969284057617 9.7791862487793 9.69969463348389 9.62020301818848 9.54071140289307 9.46121978759766 9.38172817230225 9.30223560333252 9.22274398803711 9.1432523727417 9.06376075744629 8.9849796295166 8.94342517852783 8.90187072753906 8.86031532287598 8.81876087188721 8.77720546722412 8.73565101623535 8.69409656524658 8.6525411605835 8.61098670959473 8.56943130493164 8.4983024597168 8.42674732208252 8.35519218444824 8.28363704681396 8.21208190917969 8.14052677154541 8.06897163391113 7.99741697311401 7.92586135864258 7.8543062210083 7.81430006027222 7.77585506439209 7.73741054534912 7.69896554946899 7.66052103042603 7.6220760345459 7.58363151550293 7.5451865196228 7.50674200057983 7.46829700469971 7.46730518341064 7.46957540512085 7.4718451499939 7.47411489486694 7.47638511657715 7.4786548614502
10.0058364868164 9.95734882354736 9.90886116027832 9.86037254333496 9.81188488006592 9.76188850402832 9.68421173095703 9.60653400421143 9.52885723114014 9.45117950439453 9.37350177764893 9.29582500457764 9.21814727783203 9.14047050476074 9.06279277801514 8.98578357696533 8.94375228881836 8.9017219543457 8.85969066619873 8.81766033172607 8.7756290435791 8.73359870910645 8.69156742095947 8.6495361328125 8.60750579833984 8.56547451019287 8.49637603759766 8.42688751220703 8.35739803314209 8.28790950775146 8.21842098236084 8.1489315032959 8.07944297790527 8.00995445251465 7.94046497344971 7.87097644805908 7.83341646194458 7.79743671417236 7.76145696640015 7.72547721862793 7.68949747085571 7.65351819992065 7.61753845214844 7.58155870437622 7.545578956604 7.50959920883179 7.51230812072754 7.518385887146 7.52446365356445 7.53054141998291 7.53661966323853 7.54269742965698
9.9850492477417 9.93702125549316 9.88899326324463 9.84096527099609 9.79293727874756 9.74347400665283 9.6676721572876 9.59187030792236 9.51606941223145 9.44026756286621 9.36446571350098 9.28866386413574 9.21286296844482 9.13706111907959 9.06125926971436 8.98608207702637 8.94360160827637 8.90112209320068 8.858642578125 8.816162109375 8.77368259429932 8.73120212554932 8.68872261047363 8.64624214172363 8.60376262664795 8.56128215789795 8.49463367462158 8.42763710021973 8.36063957214355 8.29364204406738 8.22664451599121 8.15964794158936 8.09265041351318 8.02565288543701 7.958655834198 7.89165878295898 7.85696983337402 7.82387971878052 7.79079008102417 7.75770044326782 7.72461032867432 7.69152069091797 7.65843057632446 7.62534093856812 7.59225082397461 7.55916118621826 7.56548929214478 7.57525062561035 7.58501148223877 7.59477281570435 7.60453414916992 7.61429500579834
9.96426105499268 9.91669368743896 9.86912536621094 9.82155704498291 9.7739896774292 9.72505855560303 9.65113353729248 9.57720756530762 9.50328159332275 9.42935562133789 9.35542964935303 9.28150367736816 9.2075777053833 9.13365173339844 9.05972576141357 8.9863805770874 8.94345188140869 8.90052223205566 8.85759353637695 8.81466484069824 8.77173519134521 8.7288064956665 8.68587779998779 8.64294815063477 8.60001945495605 8.55709075927734 8.49289131164551 8.42838573455811 8.3638801574707 8.2993745803833 8.2348690032959 8.1703634262085 8.10585784912109 8.04135227203369 7.97684669494629 7.91234111785889 7.88052320480347 7.85032320022583 7.82012319564819 7.78992319107056 7.75972318649292 7.72952318191528 7.69932317733765 7.66912317276001 7.63892316818237 7.60872316360474 7.61867094039917 7.63211536407471 7.64555978775024 7.65900421142578 7.67244815826416 7.6858925819397
9.94347381591797 9.89636611938477 9.84925746917725 9.80214977264404 9.75504112243652 9.70664405822754 9.63459396362305 9.56254386901855 9.49049377441406 9.41844367980957 9.34639263153076 9.27434253692627 9.20229244232178 9.13024234771729 9.05819225311279 8.98667907714844 8.9433012008667 8.89992332458496 8.85654449462891 8.81316661834717 8.76978874206543 8.72641086578369 8.68303298950195 8.6396541595459 8.59627628326416 8.55289840698242 8.49114894866943 8.4291353225708 8.36712169647217 8.30510711669922 8.24309349060059 8.18107986450195 8.119065284729 8.05705165863037 7.99503755569458 7.93302392959595 7.90407705307007 7.87676668167114 7.84945631027222 7.82214641571045 7.79483604431152 7.7675256729126 7.74021530151367 7.7129054069519 7.68559503555298 7.65828466415405 7.67185258865356 7.68898010253906 7.70610761642456 7.72323513031006 7.74036264419556 7.75749063491821
9.92268657684326 9.87603855133057 9.82938957214355 9.78274154663086 9.73609352111816 9.68822956085205 9.61805438995361 9.54788017272949 9.47770595550537 9.40753078460693 9.33735656738281 9.26718235015869 9.19700717926025 9.12683296203613 9.05665874481201 8.98697757720947 8.94315052032471 8.89932346343994 8.85549640655518 8.81166934967041 8.76784229278564 8.72401428222656 8.6801872253418 8.63636016845703 8.59253311157227 8.5487060546875 8.48940658569336 8.4298849105835 8.37036228179932 8.31083965301514 8.25131797790527 8.19179534912109 8.13227272033691 8.07275104522705 8.01322841644287 7.95370626449585 7.92763042449951 7.90321016311646 7.87878942489624 7.85436916351318 7.82994890213013 7.80552816390991 7.78110790252686 7.7566876411438 7.73226690292358 7.70784664154053 7.7250337600708 7.74584484100342 7.76665544509888 7.78746652603149 7.80827713012695 7.82908821105957
9.90189933776855 9.85571098327637 9.80952262878418 9.76333427429199 9.7171459197998 9.66981410980225 9.6015157699585 9.53321647644043 9.46491813659668 9.39661884307861 9.32832050323486 9.2600212097168 9.19172286987305 9.12342357635498 9.05512523651123 8.98727607727051 8.94299983978271 8.89872360229492 8.85444736480713 8.81017112731934 8.76589488983154 8.72161865234375 8.67734241485596 8.63306617736816 8.58878993988037 8.54451370239258 8.48766422271729 8.43063354492188 8.37360286712646 8.31657314300537 8.25954246520996 8.20251178741455 8.14548110961914 8.08845043182373 8.03141975402832 7.97438859939575 7.95118379592896 7.92965316772461 7.90812253952026 7.88659191131592 7.86506175994873 7.84353113174438 7.82200050354004 7.80046987533569 7.77893924713135 7.757408618927 7.7782154083252 7.80270957946777 7.82720375061035 7.85169744491577 7.87619161605835 7.90068578720093
9.88111209869385 9.83538341522217 9.78965473175049 9.74392604827881 9.69819736480713 9.65139961242676 9.58497619628906 9.51855278015137 9.45213031768799 9.38570690155029 9.3192834854126 9.25286102294922 9.18643760681152 9.12001419067383 9.05359172821045 8.98757457733154 8.94284915924072 8.8981237411499 8.85339832305908 8.80867385864258 8.76394844055176 8.71922302246094 8.67449760437012 8.6297721862793 8.58504676818848 8.54032135009766 8.48592185974121 8.43138313293457 8.37684440612793 8.32230567932129 8.26776599884033 8.21322727203369 8.15868854522705 8.10414886474609 8.04961013793945 7.99507141113281 7.97473764419556 7.95609664916992 7.93745565414429 7.91881513595581 7.90017414093018 7.8815336227417 7.86289262771606 7.84425210952759 7.82561111450195 7.80697059631348 7.83139705657959 7.85957431793213 7.88775157928467 7.91592884063721 7.94410610198975 7.97228336334229
9.86032390594482 9.81505584716797 9.7697868347168 9.72451782226562 9.67924976348877 9.63298511505127 9.56843757629395 9.50389003753662 9.4393424987793 9.37479496002197 9.31024742126465 9.24569988250732 9.18115234375 9.11660480499268 9.05205726623535 8.98787307739258 8.94269847869873 8.8975248336792 8.85235023498535 8.8071756362915 8.76200103759766 8.71682739257812 8.67165279388428 8.62647819519043 8.58130359649658 8.53612995147705 8.48418045043945 8.43213272094727 8.38008499145508 8.32803821563721 8.27599048614502 8.22394275665283 8.17189598083496 8.11984825134277 8.0678014755249 8.01575374603271 7.998291015625 7.98254013061523 7.96678924560547 7.95103788375854 7.93528699874878 7.91953611373901 7.90378522872925 7.88803434371948 7.87228345870972 7.85653209686279 7.88457870483398 7.91643905639648 7.94829940795898 7.98016023635864 8.0120210647583 8.0438814163208
9.83953666687012 9.79472827911377 9.74991893768311 9.70511054992676 9.66030216217041 9.61456966400146 9.55189800262451 9.48922634124756 9.42655467987061 9.36388301849365 9.3012113571167 9.23853969573975 9.17586708068848 9.11319541931152 9.05052375793457 8.98817157745361 8.94254779815674 8.89692497253418 8.8513011932373 8.80567836761475 8.76005458831787 8.714430809021 8.66880798339844 8.62318420410156 8.577561378479 8.53193759918213 8.48243808746338 8.43288230895996 8.38332653045654 8.33377075195312 8.28421497344971 8.23465919494629 8.18510341644287 8.13554763793945 8.08599185943604 8.03643608093262 8.0218448638916 8.00898361206055 7.99612236022949 7.98326110839844 7.97039985656738 7.95753860473633 7.94467735290527 7.93181657791138 7.91895532608032 7.90609407424927 7.93775987625122 7.97330379486084 8.0088472366333 8.04439163208008 8.07993507385254 8.115478515625
