R_scripts/int_process_data/Bio_12.asc
NCOLS 281 
NROWS 576 
XLLCORNER 81175.2677831308 
YLLCORNER 88.2293212990044 
CELLSIZE 1000 
NODATA_value -3.4e+38 
[rows 322 to 344 of 576, columns 156 to 207 of 281]
18.9885921478271 18.984748840332 18.9809055328369 18.9770603179932 19.0000991821289 19.0265655517578 19.0530319213867 19.079496383667 19.1059627532959 19.1324291229248 19.1588935852051 19.185359954834 19.2118263244629 19.2382907867432 19.2406120300293 19.2388019561768 19.2369937896729 19.2351856231689 19.2333755493164 19.2315673828125 19.2297592163086 19.2279491424561 19.2261409759521 19.2243328094482 19.1779537200928 19.1218605041504 19.065767288208 19.0096740722656 18.9535808563232 18.8974876403809 18.8413944244385 18.7853012084961 18.7292079925537 18.6731147766113 18.5895156860352 18.4985179901123 18.4075222015381 18.3165264129639 18.225528717041 -3.4e+38 -3.4e+38 -3.4e+38 -3.4e+38 -3.4e+38 -3.4e+38 -3.4e+38 -3.4e+38 -3.4e+38 -3.4e+38 -3.4e+38 -3.4e+38 -3.4e+38
18.9139957427979 18.9103126525879 18.9066295623779 18.9029445648193 18.9289112091064 18.9586544036865 18.9883995056152 19.0181446075439 19.0478897094727 19.0776329040527 19.1073780059814 19.1371231079102 19.1668682098389 19.1966133117676 19.2002391815186 19.1993999481201 19.1985607147217 19.1977214813232 19.1968822479248 19.1960430145264 19.1952056884766 19.1943664550781 19.1935272216797 19.1926879882812 19.1451644897461 19.0874633789062 19.029764175415 18.9720649719238 18.9143657684326 18.8566665649414 18.7989673614502 18.7412662506104 18.6835670471191 18.6258678436279 18.5403461456299 18.4473419189453 18.3543376922607 18.2613334655762 18.1683311462402 18.0753269195557 -3.4e+38 -3.4e+38 -3.4e+38 -3.4e+38 -3.4e+38 -3.4e+38 -3.4e+38 -3.4e+38 -3.4e+38 -3.4e+38 -3.4e+38 -3.4e+38
18.8407039642334 18.8373146057129 18.8339252471924 18.8305358886719 18.8577709197998 18.8889102935791 18.9200477600098 18.9511871337891 18.9823265075684 19.013463973999 19.0446033477783 19.075740814209 19.1068801879883 19.1380176544189 19.1431941986084 19.1439323425293 19.1446685791016 19.1454048156738 19.1461429595947 19.146879196167 19.1476173400879 19.1483535766602 19.1490917205811 19.1498279571533 19.1018123626709 19.0431709289551 18.9845275878906 18.9258861541748 18.867244720459 18.8086013793945 18.7499599456787 18.6913166046143 18.6326751708984 18.5740337371826 18.4882564544678 18.3951854705811 18.3021125793457 18.209041595459 18.1159687042236 18.0228977203369 -3.4e+38 -3.4e+38 -3.4e+38 -3.4e+38 -3.4e+38 -3.4e+38 -3.4e+38 -3.4e+38 -3.4e+38 -3.4e+38 -3.4e+38 -3.4e+38
18.7674121856689 18.7643184661865 18.7612228393555 18.7581272125244 18.7866325378418 18.819164276123 18.8516979217529 18.8842296600342 18.9167613983154 18.9492950439453 18.9818267822266 19.0143585205078 19.0468921661377 19.0794239044189 19.0861492156982 19.0884628295898 19.0907764434814 19.093090057373 19.0954036712646 19.0977153778076 19.1000289916992 19.1023426055908 19.1046562194824 19.106969833374 19.0584621429443 18.9988765716553 18.9392910003662 18.8797073364258 18.8201217651367 18.7605381011963 18.7009525299072 18.6413669586182 18.5817832946777 18.5221977233887 18.4361686706543 18.3430290222168 18.2498874664307 18.1567478179932 18.0636081695557 17.9704666137695 -3.4e+38 -3.4e+38 -3.4e+38 -3.4e+38 -3.4e+38 -3.4e+38 -3.4e+38 -3.4e+38 -3.4e+38 -3.4e+38 -3.4e+38 -3.4e+38
18.6941204071045 18.6913204193115 18.6885185241699 18.685718536377 18.7154922485352 18.749418258667 18.7833461761475 18.8172721862793 18.8511981964111 18.885124206543 18.9190502166748 18.9529781341553 18.9869041442871 19.0208301544189 19.0291061401367 19.032995223999 19.0368843078613 19.0407733917236 19.0446624755859 19.0485515594482 19.0524425506592 19.0563316345215 19.0602207183838 19.0641098022461 19.0151100158691 18.9545822143555 18.8940544128418 18.8335285186768 18.7730007171631 18.7124729156494 18.6519451141357 18.5914173126221 18.530891418457 18.4703636169434 18.3840808868408 18.2908725738525 18.1976623535156 18.1044540405273 18.0112457275391 17.9180374145508 -3.4e+38 -3.4e+38 -3.4e+38 -3.4e+38 -3.4e+38 -3.4e+38 -3.4e+38 -3.4e+38 -3.4e+38 -3.4e+38 -3.4e+38 -3.4e+38
18.62082862854 18.6183223724365 18.615816116333 18.6133098602295 18.6443538665771 18.6796741485596 18.714994430542 18.7503147125244 18.7856349945068 18.8209552764893 18.8562755584717 18.8915958404541 18.9269161224365 18.9622364044189 18.9720611572266 18.9775257110596 18.9829921722412 18.9884567260742 18.9939231872559 18.9993877410889 19.0048542022705 19.0103187561035 19.0157852172852 19.0212497711182 18.9717597961426 18.9102897644043 18.848819732666 18.7873497009277 18.7258796691895 18.6644096374512 18.6029396057129 18.5414695739746 18.4799995422363 18.4185276031494 18.3319911956787 18.2387142181396 18.1454391479492 18.0521621704102 17.9588851928711 17.865608215332 17.772331237793 -3.4e+38 -3.4e+38 -3.4e+38 -3.4e+38 -3.4e+38 -3.4e+38 -3.4e+38 -3.4e+38 -3.4e+38 -3.4e+38 -3.4e+38
18.5475368499756 18.5453262329102 18.5431137084961 18.540901184082 18.5732135772705 18.6099281311035 18.6466426849365 18.6833572387695 18.7200717926025 18.7567844390869 18.7934989929199 18.8302135467529 18.8669281005859 18.9036426544189 18.9150161743164 18.9220581054688 18.9291000366211 18.9361419677734 18.9431819915771 18.9502239227295 18.9572658538818 18.9643077850342 18.9713497161865 18.9783916473389 18.9284076690674 18.8659954071045 18.8035831451416 18.7411689758301 18.6787567138672 18.6163444519043 18.5539321899414 18.4915199279785 18.429105758667 18.3666934967041 18.2799034118652 18.1865577697754 18.0932140350342 17.9998683929443 17.9065227508545 17.8131790161133 17.7198333740234 17.6264877319336 -3.4e+38 -3.4e+38 -3.4e+38 -3.4e+38 -3.4e+38 -3.4e+38 -3.4e+38 -3.4e+38 -3.4e+38 -3.4e+38
18.4742469787598 18.4723281860352 18.4704093933105 18.4684925079346 18.5020751953125 18.5401821136475 18.5782909393311 18.6163997650146 18.6545066833496 18.6926155090332 18.7307243347168 18.7688312530518 18.8069400787354 18.8450489044189 18.8579711914062 18.8665904998779 18.875207901001 18.883825302124 18.8924427032471 18.9010601043701 18.9096775054932 18.9182968139648 18.9269142150879 18.9355316162109 18.8850574493408 18.8217010498047 18.7583465576172 18.6949901580811 18.6316356658936 18.5682792663574 18.5049247741699 18.4415702819824 18.3782138824463 18.3148593902588 18.2278156280518 18.1344013214111 18.0409889221191 17.9475746154785 17.8541622161865 17.7607498168945 17.6673355102539 17.5739231109619 17.4805088043213 17.3870964050293 17.286979675293 -3.4e+38 -3.4e+38 -3.4e+38 -3.4e+38 -3.4e+38 -3.4e+38 -3.4e+38
18.4009552001953 18.3993301391602 18.3977069854736 18.3960838317871 18.4309349060059 18.47043800354 18.5099391937256 18.5494422912598 18.5889434814453 18.6284465789795 18.667947769165 18.7074508666992 18.7469520568848 18.7864551544189 18.8009281158447 18.8111209869385 18.8213157653809 18.8315086364746 18.841703414917 18.8518962860107 18.8620910644531 18.8722839355469 18.8824787139893 18.892671585083 18.8417053222656 18.7774066925049 18.7131099700928 18.648811340332 18.5845127105713 18.5202159881592 18.4559173583984 18.3916206359863 18.3273220062256 18.2630233764648 18.1757259368896 18.0822448730469 17.9887638092041 17.8952827453613 17.8018016815186 17.7083187103271 17.6148376464844 17.5213565826416 17.4278755187988 17.3343925476074 17.234058380127 17.1315021514893 17.0289440155029 16.9263877868652 -3.4e+38 -3.4e+38 -3.4e+38 -3.4e+38
18.3276634216309 18.3263339996338 18.3250045776367 18.323673248291 18.3597965240479 18.400691986084 18.4415874481201 18.4824848175049 18.523380279541 18.5642757415771 18.6051731109619 18.646068572998 18.6869640350342 18.7278594970703 18.7438831329346 18.7556533813477 18.7674236297607 18.7791938781738 18.7909622192383 18.8027324676514 18.8145027160645 18.8262729644775 18.8380432128906 18.8498134613037 18.7983531951904 18.7331142425537 18.6678733825684 18.602632522583 18.5373916625977 18.4721508026123 18.406909942627 18.3416709899902 18.2764301300049 18.2111892700195 18.1236381530762 18.0300884246826 17.9365386962891 17.8429889678955 17.749439239502 17.6558895111084 17.5623397827148 17.4687900543213 17.3752403259277 17.2816905975342 17.1811370849609 17.078311920166 16.9754867553711 16.8726634979248 16.7698383331299 -3.4e+38 -3.4e+38 -3.4e+38
18.2543716430664 18.2533359527588 18.2523002624512 18.2512645721436 18.2886562347412 18.3309459686279 18.3732376098633 18.41552734375 18.4578170776367 18.5001068115234 18.5423965454102 18.5846862792969 18.6269760131836 18.6692657470703 18.6868381500244 18.7001838684082 18.7135314941406 18.7268772125244 18.7402229309082 18.753568649292 18.7669143676758 18.7802619934082 18.793607711792 18.8069534301758 18.7550029754639 18.6888198852539 18.6226367950439 18.556453704834 18.490270614624 18.4240875244141 18.3579044342041 18.2917213439941 18.2255382537842 18.1593551635742 18.0715503692627 17.9779319763184 17.884313583374 17.7906951904297 17.697078704834 17.6034603118896 17.5098419189453 17.416223526001 17.3226070404053 17.2289886474609 17.1282157897949 17.0251235961914 16.9220314025879 16.8189373016357 16.7158451080322 -3.4e+38 -3.4e+38 -3.4e+38
18.1882343292236 18.1874656677246 18.186695098877 18.1859264373779 18.2244625091553 18.2680110931396 18.3115577697754 18.3551063537598 18.3986549377441 18.4422016143799 18.4857501983643 18.529296875 18.5728454589844 18.6163921356201 18.6353626251221 18.6501312255859 18.6648998260498 18.6796684265137 18.6944370269775 18.7092056274414 18.7239742279053 18.7387428283691 18.7535095214844 18.7682781219482 18.7154712677002 18.6479339599609 18.5803966522217 18.5128612518311 18.4453239440918 18.3777866363525 18.3102493286133 18.2427139282227 18.1751766204834 18.1076393127441 18.0194931030273 17.9258060455322 17.8321189880371 17.738431930542 17.6447448730469 17.5510578155518 17.4573707580566 17.3636837005615 17.2699966430664 17.1763095855713 17.0753154754639 16.9719543457031 16.8685913085938 16.7652282714844 16.661865234375 -3.4e+38 -3.4e+38 -3.4e+38
18.1882343292236 18.1874656677246 18.186695098877 18.1859264373779 18.2244625091553 18.2680110931396 18.3115577697754 18.3551063537598 18.3986549377441 18.4422016143799 18.4857501983643 18.529296875 18.5728454589844 18.6163921356201 18.6353626251221 18.6501312255859 18.6648998260498 18.6796684265137 18.6944370269775 18.7092056274414 18.7239742279053 18.7387428283691 18.7535095214844 18.7682781219482 18.7112407684326 18.6385498046875 18.565860748291 18.4931697845459 18.4204807281494 18.3477897644043 18.2751007080078 18.2024116516113 18.1297206878662 18.0570316314697 17.9677314758301 17.8739681243896 17.7802028656006 17.6864376068115 17.5926742553711 17.498908996582 17.405143737793 17.3113803863525 17.2176151275635 17.1238498687744 17.0226173400879 16.9189643859863 16.8153114318848 16.7116584777832 16.6080055236816 -3.4e+38 -3.4e+38 -3.4e+38
18.1882343292236 18.1874656677246 18.186695098877 18.1859264373779 18.2244625091553 18.2680110931396 18.3115577697754 18.3551063537598 18.3986549377441 18.4422016143799 18.4857501983643 18.529296875 18.5728454589844 18.6163921356201 18.6353626251221 18.6501312255859 18.6648998260498 18.6796684265137 18.6944370269775 18.7092056274414 18.7239742279053 18.7387428283691 18.7535095214844 18.7682781219482 18.707010269165 18.6291656494141 18.5513229370117 18.4734802246094 18.395637512207 18.3177947998047 18.2399520874023 18.162109375 18.0842666625977 18.0064220428467 17.9159717559814 17.8221282958984 17.7282867431641 17.6344451904297 17.5406017303467 17.4467601776123 17.3529186248779 17.2590751647949 17.1652336120605 17.0713920593262 16.9699211120605 16.8659763336182 16.7620315551758 16.6580867767334 -3.4e+38 -3.4e+38 -3.4e+38 -3.4e+38
18.1882343292236 18.1874656677246 18.186695098877 18.1859264373779 18.2244625091553 18.2680110931396 18.3115577697754 18.3551063537598 18.3986549377441 18.4422016143799 18.4857501983643 18.529296875 18.5728454589844 18.6163921356201 18.6353626251221 18.6501312255859 18.6648998260498 18.6796684265137 18.6944370269775 18.7092056274414 18.7239742279053 18.7387428283691 18.7535095214844 18.7682781219482 18.7027778625488 18.6197834014893 18.5367870330811 18.4537906646729 18.3707942962646 18.2877979278564 18.2048015594482 18.1218070983887 18.0388107299805 17.9558143615723 17.8642101287842 17.7702903747559 17.6763706207275 17.5824508666992 17.4885311126709 17.3946113586426 17.3006916046143 17.2067718505859 17.1128520965576 17.0189323425293 16.9172229766846 16.81298828125 16.7087516784668 16.6045169830322 -3.4e+38 -3.4e+38 -3.4e+38 -3.4e+38
18.1882343292236 18.1874656677246 18.186695098877 18.1859264373779 18.2244625091553 18.2680110931396 18.3115577697754 18.3551063537598 18.3986549377441 18.4422016143799 18.4857501983643 18.529296875 18.5728454589844 18.6163921356201 18.6353626251221 18.6501312255859 18.6648998260498 18.6796684265137 18.6944370269775 18.7092056274414 18.7239742279053 18.7387428283691 18.7535095214844 18.7682781219482 18.6985473632812 18.6103992462158 18.5222492218018 18.4341011047363 18.3459510803223 18.2578029632568 18.1696529388428 18.0815048217773 17.9933547973633 17.9052066802979 17.8124485015869 17.7184505462646 17.624454498291 17.5304565429688 17.4364585876465 17.3424625396729 17.2484645843506 17.154468536377 17.0604705810547 16.9664726257324 16.8645248413086 16.7599983215332 16.6554737091064 16.5509471893311 -3.4e+38 -3.4e+38 -3.4e+38 -3.4e+38
18.1882343292236 18.1874656677246 18.186695098877 18.1859264373779 18.2244625091553 18.2680110931396 18.3115577697754 18.3551063537598 18.3986549377441 18.4422016143799 18.4857501983643 18.529296875 18.5728454589844 18.6163921356201 18.6353626251221 18.6501312255859 18.6648998260498 18.6796684265137 18.6944370269775 18.7092056274414 18.7239742279053 18.7387428283691 18.7535095214844 18.7682781219482 18.6943168640137 18.6010150909424 18.5077133178711 18.4144096374512 18.3211078643799 18.2278060913086 18.1345043182373 18.041202545166 17.9479007720947 17.8545989990234 17.7606868743896 17.6666126251221 17.5725383758545 17.4784622192383 17.3843879699707 17.2903137207031 17.1962394714355 17.1021633148193 17.0080890655518 16.9140148162842 16.8118286132812 16.707010269165 16.6021938323975 16.4973754882812 16.3925590515137 16.2877407073975 16.1829242706299 -3.4e+38
18.1882343292236 18.1874656677246 18.186695098877 18.1859264373779 18.2244625091553 18.2680110931396 18.3115577697754 18.3551063537598 18.3986549377441 18.4422016143799 18.4857501983643 18.529296875 18.5728454589844 18.6163921356201 18.6353626251221 18.6501312255859 18.6648998260498 18.6796684265137 18.6944370269775 18.7092056274414 18.7239742279053 18.7387428283691 18.7535095214844 18.7682781219482 18.6900863647461 18.5916309356689 18.4931755065918 18.3947200775146 18.2962646484375 18.197811126709 18.0993556976318 18.0009002685547 17.9024448394775 17.8039894104004 17.7089252471924 17.6147727966309 17.520622253418 17.4264698028564 17.3323173522949 17.2381649017334 17.1440124511719 17.0498600006104 16.9557075500488 16.8615550994873 16.7591304779053 16.6540222167969 16.5489139556885 16.4438056945801 16.3386974334717 16.2335891723633 16.1284809112549 16.0233726501465
18.1882343292236 18.1874656677246 18.186695098877 18.1859264373779 18.2244625091553 18.2680110931396 18.3115577697754 18.3551063537598 18.3986549377441 18.4422016143799 18.4857501983643 18.529296875 18.5728454589844 18.6163921356201 18.6353626251221 18.6501312255859 18.6648998260498 18.6796684265137 18.6944370269775 18.7092056274414 18.7239742279053 18.7387428283691 18.7535095214844 18.7682781219482 18.6858558654785 18.5822467803955 18.4786396026611 18.3750305175781 18.2714214324951 18.1678142547607 18.0642051696777 17.9605979919434 17.8569889068604 17.753381729126 17.6571636199951 17.5629348754883 17.4687042236328 17.374475479126 17.2802448272705 17.1860160827637 17.0917854309082 16.9975566864014 16.9033260345459 16.8090972900391 16.7064323425293 16.6010341644287 16.4956340789795 16.3902359008789 16.2848358154297 16.1794376373291 16.0740375518799 15.968638420105
18.1882343292236 18.1874656677246 18.186695098877 18.1859264373779 18.2244625091553 18.2680110931396 18.3115577697754 18.3551063537598 18.3986549377441 18.4422016143799 18.4857501983643 18.529296875 18.5728454589844 18.6163921356201 18.6353626251221 18.6501312255859 18.6648998260498 18.6796684265137 18.6944370269775 18.7092056274414 18.7239742279053 18.7387428283691 18.7535095214844 18.7682781219482 18.6816234588623 18.5728626251221 18.4641017913818 18.3553409576416 18.2465801239014 18.1378173828125 18.0290565490723 17.920295715332 17.8115348815918 17.7027740478516 17.6054039001465 17.5110950469971 17.4167881011963 17.3224811553955 17.2281742095947 17.1338672637939 17.0395603179932 16.9452514648438 16.850944519043 16.7566375732422 16.6537342071533 16.5480442047119 16.4423542022705 16.3366641998291 16.2309741973877 16.1252841949463 16.0195941925049 15.9139041900635
18.1882343292236 18.1874656677246 18.186695098877 18.1859264373779 18.2244625091553 18.2680110931396 18.3115577697754 18.3551063537598 18.3986549377441 18.4422016143799 18.4857501983643 18.529296875 18.5728454589844 18.6163921356201 18.6353626251221 18.6501312255859 18.6648998260498 18.6796684265137 18.6944370269775 18.7092056274414 18.7239742279053 18.7387428283691 18.7535095214844 18.7682781219482 18.6773929595947 18.5634784698486 18.4495639801025 18.3356513977051 18.221736907959 18.1078224182129 17.9939079284668 17.8799934387207 17.7660789489746 17.6521644592285 17.5536422729492 17.4592571258545 17.3648719787598 17.270486831665 17.1761035919189 17.0817184448242 16.9873332977295 16.8929481506348 16.79856300354 16.7041778564453 16.601037979126 16.4950561523438 16.3890743255615 16.2830944061279 16.1771125793457 16.0711326599121 15.9651508331299 15.859169960022
18.1836261749268 18.1828651428223 18.1821041107178 18.1813430786133 18.2199554443359 18.2635898590088 18.307222366333 18.3508548736572 18.3944873809814 18.4381198883057 18.4817543029785 18.5253868103027 18.569019317627 18.6126518249512 18.6317386627197 18.6466274261475 18.6615180969238 18.6764068603516 18.6912956237793 18.7061862945557 18.7210750579834 18.7359638214111 18.7508544921875 18.7657432556152 18.6711273193359 18.5526447296143 18.4341621398926 18.3156776428223 18.1971950531006 18.0787105560303 17.9602279663086 17.8417434692383 17.7232608795166 17.6047763824463 17.5052280426025 17.4107723236084 17.3163146972656 17.2218570709229 17.1273994445801 17.0329418182373 16.9384841918945 16.8440284729004 16.7495708465576 16.6551132202148 16.5517482757568 16.4454956054688 16.339241027832 16.2329883575439 16.1267356872559 16.0204830169678 15.9142293930054 15.807975769043
18.1123657226562 18.1117382049561 18.1111106872559 18.1104831695557 18.1502799987793 18.1952285766602 18.2401790618896 18.2851276397705 18.330078125 18.3750267028809 18.4199752807617 18.4649257659912 18.5098743438721 18.5548248291016 18.5757007598877 18.5924625396729 18.6092224121094 18.6259841918945 18.6427440643311 18.6595058441162 18.6762657165527 18.6930274963379 18.7097873687744 18.7265491485596 18.6354484558105 18.5208377838135 18.4062271118164 18.291618347168 18.1770076751709 18.0623970031738 17.9477863311768 17.8331775665283 17.7185668945312 17.6039562225342 17.5052280426025 17.4107723236084 17.3163146972656 17.2218570709229 17.1273994445801 17.0329418182373 16.9384841918945 16.8440284729004 16.7495708465576 16.6551132202148 16.5517482757568 16.4454956054688 16.339241027832 16.2329883575439 16.1267356872559 16.0204830169678 15.9142293930054 15.807975769043
