R_scripts/int_process_data/Bio_18_2001.2020.asc
NCOLS 281 
NROWS 577 
XLLCORNER 81175.2677831308 
YLLCORNER -911.770678700996 
CELLSIZE 1000 
NODATA_value -3.4e+38 
[rows 189 to 209 of 577, columns 192 to 239 of 281]
7.29849469749411e-09 7.42225791938722e-09 7.56182227945601e-09 7.54848006323527e-09 7.51602247106575e-09 7.47155848301873e-09 7.39174765840289e-09 7.37441840925612e-09 7.35577287969136e-09 7.33078175940705e-09 7.28343074740678e-09 7.27836813041449e-09 7.24203053081851e-09 7.15743242452049e-09 7.04867053613611e-09 6.94962887237693e-09 6.87777301777714e-09 6.82006584540318e-09 6.7446621621059e-09 6.71509736704934e-09 6.71257271989134e-09 6.75356481849576e-09 6.93505297633124e-09 7.05263225597719e-09 6.95985313825531e-09 6.95774104997327e-09 7.11181824541995e-09 7.0758923165215e-09 6.99721258712316e-09 6.97697855045476e-09 7.10743153220506e-09 7.33525862273154e-09 7.34631200316471e-09 7.4305073205494e-09 7.57447171650938e-09 7.51945172794422e-09 7.46148653973933e-09 -3.4e+38 -3.4e+38 -3.4e+38 -3.4e+38 -3.4e+38 -3.4e+38 -3.4e+38 -3.4e+38 -3.4e+38 -3.4e+38 -3.4e+38
7.38203187466979e-09 7.54592299756496e-09 7.603958351865e-09 7.55453566370079e-09 7.53240581019554e-09 7.437126026133e-09 7.40035277502216e-09 7.38423633350749e-09 7.30358795664188e-09 7.27501836550459e-09 7.21957116311955e-09 7.18764914253711e-09 7.16138881529105e-09 7.04646518912e-09 6.95583901588748e-09 6.91054591328566e-09 6.87105927710263e-09 6.90056989327559e-09 6.82376244398597e-09 6.84771350734081e-09 6.75550726469965e-09 6.67737687365388e-09 6.83882994678697e-09 7.02188529544401e-09 6.98881352789726e-09 6.96115787235385e-09 7.06389702287424e-09 7.17460890697907e-09 7.22464843505577e-09 7.07199054872376e-09 7.11946102072147e-09 7.3963692948098e-09 7.44890771287032e-09 7.39903738278258e-09 7.55274509600667e-09 7.49429585056305e-09 7.4024333329703e-09 -3.4e+38 -3.4e+38 -3.4e+38 -3.4e+38 -3.4e+38 -3.4e+38 -3.4e+38 -3.4e+38 -3.4e+38 -3.4e+38 -3.4e+38
7.57021823005743e-09 7.52811324389313e-09 7.46046335819983e-09 7.48283124352156e-09 7.54519557943922e-09 7.48315986953685e-09 7.47089501373921e-09 7.42823624833022e-09 7.32192395602738e-09 7.23630400045749e-09 7.18285075862468e-09 7.11155712096456e-09 7.06321801047238e-09 7.03070668350847e-09 7.03671254598248e-09 7.033399640477e-09 6.9956498371937e-09 6.98336055648952e-09 6.88566492712539e-09 6.81246525857659e-09 6.74598732430809e-09 6.79385259161336e-09 6.94568846881793e-09 7.02309543854085e-09 7.01743552156131e-09 7.0545218555651e-09 7.06634883940183e-09 7.17224413193662e-09 7.30915017399525e-09 7.13921055606193e-09 7.17039050357471e-09 7.37922434268512e-09 7.47957873414862e-09 7.41260963721402e-09 7.50938955462743e-09 7.50356399237262e-09 7.44010897335556e-09 -3.4e+38 -3.4e+38 -3.4e+38 -3.4e+38 -3.4e+38 -3.4e+38 -3.4e+38 -3.4e+38 -3.4e+38 -3.4e+38 -3.4e+38
7.64327445779145e-09 7.44339434533003e-09 7.30231564105566e-09 7.39704653085482e-09 7.49024753332606e-09 7.47922257460232e-09 7.43518668855359e-09 7.36226457576095e-09 7.2967361042231e-09 7.22556148247122e-09 7.12845604766699e-09 7.08141678629204e-09 7.12199188512841e-09 7.18098780438936e-09 7.15711312437861e-09 7.08972258678386e-09 7.06255542937129e-09 7.04132885331887e-09 6.89438772738526e-09 6.78909195528377e-09 6.7851124718743e-09 6.91462442858892e-09 7.04373537274705e-09 7.07264824484355e-09 7.05569780379278e-09 7.12492154164579e-09 7.13972125865325e-09 7.15956050001409e-09 7.29303195612374e-09 7.1698673664855e-09 7.20329662584618e-09 7.29014493217051e-09 7.38433714175812e-09 7.40674588328716e-09 7.43730765861983e-09 7.4925354809352e-09 7.47957518143494e-09 -3.4e+38 -3.4e+38 -3.4e+38 -3.4e+38 -3.4e+38 -3.4e+38 -3.4e+38 -3.4e+38 -3.4e+38 -3.4e+38 -3.4e+38
7.58442464388054e-09 7.28655669135492e-09 7.16577153170306e-09 7.31759763894502e-09 7.45589900930099e-09 7.49968798174905e-09 7.49705009184254e-09 7.42360350969307e-09 7.38759275975553e-09 7.28326599030993e-09 7.16113790488748e-09 7.12200254326945e-09 7.22387216711695e-09 7.24873450153041e-09 7.18929005216751e-09 7.12942771485814e-09 7.03578617589073e-09 6.95974256004206e-09 6.84505518933065e-09 6.82486867020771e-09 6.76812828004358e-09 6.82526435369368e-09 6.96070312500296e-09 7.08070002630734e-09 7.13974035448928e-09 7.1593215800192e-09 7.18995352144702e-09 7.2110295512573e-09 7.26075999324394e-09 7.14461645401343e-09 7.15289161234978e-09 7.29350846384591e-09 7.4109451908555e-09 7.46386419336886e-09 7.4524910687046e-09 7.52195372655251e-09 7.58303198011845e-09 7.69895347474403e-09 -3.4e+38 -3.4e+38 -3.4e+38 -3.4e+38 -3.4e+38 -3.4e+38 -3.4e+38 -3.4e+38 -3.4e+38 -3.4e+38
7.43155981197674e-09 7.16113257581696e-09 7.02435887234287e-09 7.17912573833246e-09 7.31952276566972e-09 7.41346495303219e-09 7.52959294914035e-09 7.54159934501786e-09 7.48098738512226e-09 7.35053928835327e-09 7.27228410823955e-09 7.20864257175435e-09 7.30710070229179e-09 7.32539406911314e-09 7.31801375053465e-09 7.26703985876043e-09 7.10072844967158e-09 6.9562728910455e-09 6.85321266402639e-09 6.83962353420497e-09 6.77957068262458e-09 6.81919276601661e-09 6.8952190623861e-09 7.01562408167433e-09 7.18206294436641e-09 7.24170234889243e-09 7.2818040486311e-09 7.26115301219465e-09 7.22270909747635e-09 7.14536518842124e-09 7.22541759756723e-09 7.43608818964958e-09 7.52090212330359e-09 7.51716022762139e-09 7.47533857037297e-09 7.55508899885626e-09 7.68731656108912e-09 7.81130093940874e-09 7.89469822848332e-09 -3.4e+38 -3.4e+38 -3.4e+38 -3.4e+38 -3.4e+38 -3.4e+38 -3.4e+38 -3.4e+38 -3.4e+38
7.24194171297654e-09 7.05144920232215e-09 7.02123337248395e-09 7.09388459085858e-09 7.20313941826589e-09 7.29012361588843e-09 7.44800709995275e-09 7.49467421456984e-09 7.47586259564059e-09 7.44452677281515e-09 7.40599093163041e-09 7.32690041971296e-09 7.34628979870422e-09 7.43132400060631e-09 7.46776507298819e-09 7.43530037539131e-09 7.29828819601153e-09 7.09795955344816e-09 6.94114410393354e-09 6.86212286993282e-09 6.82819001340818e-09 6.86829704221736e-09 6.94561741454436e-09 7.10068759346427e-09 7.2989587707184e-09 7.34216687447997e-09 7.36876115681184e-09 7.35970528964458e-09 7.31677074483628e-09 7.22196125124697e-09 7.29599891613475e-09 7.49956630130555e-09 7.57182139210499e-09 7.50800133175744e-09 7.48861328503381e-09 7.5748873840098e-09 7.68930696892767e-09 7.78389175337679e-09 7.88802800855137e-09 7.94064813902651e-09 -3.4e+38 -3.4e+38 -3.4e+38 -3.4e+38 -3.4e+38 -3.4e+38 -3.4e+38 -3.4e+38
7.11001524322796e-09 7.0002217356091e-09 7.04062053102916e-09 7.03142788438527e-09 7.18205672711747e-09 7.22299597910592e-09 7.24576221244888e-09 7.3389174737315e-09 7.47825179558959e-09 7.52732187692118e-09 7.48176809395318e-09 7.3621500007448e-09 7.29003835076014e-09 7.34748306641109e-09 7.36261762668278e-09 7.34189065099144e-09 7.26494819858203e-09 7.0907657523378e-09 7.1262968859287e-09 7.09312741875578e-09 6.99298841055906e-09 6.94025903413831e-09 6.99973545792432e-09 7.17641679415237e-09 7.40554773059898e-09 7.44761408100203e-09 7.47058415129231e-09 7.49885753492663e-09 7.42135863873727e-09 7.36558147806932e-09 7.37544691986614e-09 7.51574091850671e-09 7.63524621305578e-09 7.57274865037516e-09 7.57427365272179e-09 7.66641239380306e-09 7.70952368611688e-09 7.71581998293414e-09 7.80037900938169e-09 7.91798271393418e-09 8.0067286134522e-09 -3.4e+38 -3.4e+38 -3.4e+38 -3.4e+38 -3.4e+38 -3.4e+38 -3.4e+38
6.99483360122599e-09 6.85448231507735e-09 6.87148560274409e-09 6.9891443743586e-09 7.14897119280522e-09 7.02892766213381e-09 6.94853241611781e-09 7.10855996288728e-09 7.42443262424786e-09 7.594147533041e-09 7.5302670765609e-09 7.34930027945779e-09 7.20501036610699e-09 7.20852666447058e-09 7.1788526234684e-09 7.13337788837975e-09 7.09596337244989e-09 7.11586300994327e-09 7.3030301805943e-09 7.29280547062672e-09 7.17637593794507e-09 7.08537939431153e-09 7.10087277866478e-09 7.24639814819739e-09 7.45071204732994e-09 7.52896767153288e-09 7.55066675850458e-09 7.57091367376006e-09 7.49732453897423e-09 7.58182672200292e-09 7.54324869234324e-09 7.57074580803874e-09 7.7538295784052e-09 7.75456232560146e-09 7.65956276183033e-09 7.78992781391707e-09 7.88475684743162e-09 7.83682896354776e-09 7.83022446881887e-09 7.93979726410043e-09 8.11071032558175e-09 8.24783530362083e-09 -3.4e+38 -3.4e+38 -3.4e+38 -3.4e+38 -3.4e+38 -3.4e+38
6.90994506058473e-09 6.77397737902652e-09 6.77182887542926e-09 6.90185730789494e-09 6.97745905497982e-09 6.79083278498638e-09 6.78748524052253e-09 7.13318248912742e-09 7.50253015269209e-09 7.55478080094463e-09 7.45793027334685e-09 7.30988558572676e-09 7.17563208851857e-09 7.14370962384692e-09 7.12334768948608e-09 7.06154379415125e-09 7.09766601048045e-09 7.18926118636887e-09 7.32881666465346e-09 7.36312610882806e-09 7.25535542756006e-09 7.17483850110057e-09 7.22599713398608e-09 7.3574066838944e-09 7.5347212913357e-09 7.62508634011283e-09 7.63223617639142e-09 7.64234009409392e-09 7.59458984589401e-09 7.72939845461451e-09 7.7490325267604e-09 7.72186492525861e-09 7.84581732915512e-09 7.8379986945265e-09 7.71651986752886e-09 7.87555975989562e-09 8.03825006556735e-09 7.99067745305138e-09 8.01935140515297e-09 8.15977152512914e-09 8.27100787859081e-09 -3.4e+38 -3.4e+38 -3.4e+38 -3.4e+38 -3.4e+38 -3.4e+38 -3.4e+38
6.84681866758297e-09 6.73184619159883e-09 6.67080746197257e-09 6.68076927112793e-09 6.67027766354522e-09 6.71102595717343e-09 6.94802615441859e-09 7.4814128225853e-09 7.69610064565995e-09 7.53111084605962e-09 7.36170413517812e-09 7.24254922701562e-09 7.19313941743849e-09 7.19243287150562e-09 7.19507387003659e-09 7.10474390430704e-09 7.17674808470292e-09 7.21910708989526e-09 7.31500771067317e-09 7.43887440535218e-09 7.41625783007294e-09 7.34033589466776e-09 7.37356753433005e-09 7.54907247824121e-09 7.75357289484191e-09 7.82192000059467e-09 7.76674280444922e-09 7.78312614357901e-09 7.73167219136894e-09 7.82246267760911e-09 7.99860710998246e-09 8.0117512624156e-09 7.99546118201988e-09 7.88986209698805e-09 7.8051405338897e-09 8.01393440497122e-09 8.16822254279259e-09 8.1868112289385e-09 8.23585377673908e-09 8.29972979232707e-09 8.31578272908473e-09 -3.4e+38 -3.4e+38 -3.4e+38 -3.4e+38 -3.4e+38 -3.4e+38 -3.4e+38
6.8214371928832e-09 6.75867894983639e-09 6.7409788861994e-09 6.74381528398271e-09 6.77791556213947e-09 7.01227520494285e-09 7.29621518757995e-09 7.50528883486368e-09 7.514653788121e-09 7.40713446134578e-09 7.34163352333894e-09 7.34978655714258e-09 7.32223304211743e-09 7.30425497863507e-09 7.25911153409697e-09 7.14857195660556e-09 7.24905158122624e-09 7.29378690778049e-09 7.34217131537207e-09 7.46442818666537e-09 7.52067919052024e-09 7.54231166411046e-09 7.58305063186526e-09 7.72283925698503e-09 7.88258258666019e-09 7.94229748635189e-09 7.9452737722363e-09 7.97600918645003e-09 7.948064428831e-09 8.03791522230313e-09 8.29733615148598e-09 8.38507485667606e-09 8.25240675794703e-09 8.02325761384282e-09 7.91473642181018e-09 8.14217138156437e-09 8.29669577484538e-09 8.29435098381737e-09 8.25713630803193e-09 8.21467960321343e-09 8.20297607617704e-09 -3.4e+38 -3.4e+38 -3.4e+38 -3.4e+38 -3.4e+38 -3.4e+38 -3.4e+38
6.88941392823494e-09 6.92396140422602e-09 6.93049395650291e-09 6.86558765394807e-09 6.95994994970306e-09 7.19544912541892e-09 7.38113259401985e-09 7.37773220294002e-09 7.23673965197236e-09 7.22580040246612e-09 7.39696259799416e-09 7.52064366338345e-09 7.46949613272818e-09 7.45050643402578e-09 7.34987226636008e-09 7.19867720988532e-09 7.27780635756403e-09 7.36708694049071e-09 7.41892014488599e-09 7.48915685022666e-09 7.47546557988699e-09 7.53423989863222e-09 7.58555263047356e-09 7.67455432537645e-09 7.78353026475997e-09 7.84509612827833e-09 7.99294408437845e-09 8.19711143407176e-09 8.29112245526176e-09 8.42218295105113e-09 8.69421779015056e-09 8.75449668313877e-09 8.52828385689008e-09 8.31080981811283e-09 8.20908940823983e-09 8.34190139187285e-09 8.33185698212446e-09 8.27080626208954e-09 8.22453660731526e-09 8.1863964496165e-09 8.1511224436781e-09 -3.4e+38 -3.4e+38 -3.4e+38 -3.4e+38 -3.4e+38 -3.4e+38 -3.4e+38
6.9940586655548e-09 6.94946145074482e-09 6.86017065376632e-09 6.89047530144649e-09 6.99935576164989e-09 7.1554580038935e-09 7.29537630306254e-09 7.23160908933096e-09 7.07517289200155e-09 7.14268022505848e-09 7.3868200445304e-09 7.58154694580071e-09 7.60570628699497e-09 7.4548172079858e-09 7.36360705744232e-09 7.24852755595862e-09 7.22676984921122e-09 7.32523508517602e-09 7.41709138551983e-09 7.43199857211607e-09 7.36350447283485e-09 7.41764605294293e-09 7.42587635826908e-09 7.50334994137347e-09 7.59611129552695e-09 7.67707941662366e-09 7.95472754333559e-09 8.2223250430502e-09 8.40016856074044e-09 8.69347882570537e-09 9.07398511884594e-09 9.09948205674027e-09 8.88590445669024e-09 8.68335270354237e-09 8.60906190780497e-09 8.48798809016671e-09 8.36584579388955e-09 8.33304358849318e-09 8.2842444015796e-09 8.21055490263234e-09 -3.4e+38 -3.4e+38 -3.4e+38 -3.4e+38 -3.4e+38 -3.4e+38 -3.4e+38 -3.4e+38
6.9463768070932e-09 6.79210776510786e-09 6.74947386869462e-09 6.89040868806501e-09 6.86378642811292e-09 6.98635327367469e-09 7.04556324393479e-09 7.01604774278053e-09 7.07140834776965e-09 7.27298710145874e-09 7.51759188233336e-09 7.69327801464215e-09 7.6087598444019e-09 7.23102822064448e-09 7.31760829708605e-09 7.37008498674641e-09 7.25899473863478e-09 7.27451476834062e-09 7.31282145949308e-09 7.33793337204247e-09 7.41707584239748e-09 7.50157003182039e-09 7.44533545926629e-09 7.45047668004872e-09 7.4831891794247e-09 7.59378160353208e-09 7.82209319538651e-09 8.11212075291223e-09 8.42419023427965e-09 8.72306582522242e-09 8.96396201710559e-09 9.15017306368782e-09 9.1893239684282e-09 9.06280472889875e-09 8.87398154958419e-09 8.71778915723098e-09 8.59827142818403e-09 8.46286596356549e-09 8.40074054764273e-09 -3.4e+38 -3.4e+38 -3.4e+38 -3.4e+38 -3.4e+38 -3.4e+38 -3.4e+38 -3.4e+38 -3.4e+38
6.82290757225701e-09 6.70369226796197e-09 6.70779920497466e-09 6.73656463945349e-09 6.68541888515506e-09 6.74784672582973e-09 6.83576129034691e-09 7.03081770581093e-09 7.26673121675958e-09 7.4455703824583e-09 7.58175566772934e-09 7.65471241948035e-09 7.4781034697935e-09 7.01772995270744e-09 7.22479143178134e-09 7.47771267128883e-09 7.34364480337035e-09 7.40028571755147e-09 7.37050509513892e-09 7.32762917010632e-09 7.43355332843976e-09 7.57668860984495e-09 7.69758035090717e-09 7.67290853076474e-09 7.66449659295176e-09 7.66239338645391e-09 7.78607756046767e-09 8.09567435311465e-09 8.2832256609322e-09 8.43170244735347e-09 8.64849969417492e-09 8.89633344769436e-09 8.96576057840548e-09 8.94294149844654e-09 9.05221941849277e-09 9.06610164719268e-09 8.89306139839618e-09 -3.4e+38 -3.4e+38 -3.4e+38 -3.4e+38 -3.4e+38 -3.4e+38 -3.4e+38 -3.4e+38 -3.4e+38 -3.4e+38 -3.4e+38
6.92018797820992e-09 6.79881440035501e-09 6.70388811130351e-09 6.64098331881746e-09 6.6371663720588e-09 6.69855104717954e-09 6.82276901642354e-09 7.00374602757847e-09 7.10336145459678e-09 7.14099712695315e-09 7.25148563418543e-09 7.35054239697774e-09 7.11810743680985e-09 6.8202563596742e-09 7.07965863711024e-09 7.45507922061961e-09 7.45050510175815e-09 7.46371497939435e-09 7.53829798583183e-09 7.62997753867012e-09 7.75392905438821e-09 7.9833295529852e-09 8.13294676049736e-09 7.98991273143201e-09 7.85794718183297e-09 7.78301512127655e-09 7.74464048447498e-09 7.87688936298991e-09 7.99471955303943e-09 8.2211659702125e-09 8.54065085320599e-09 8.72519478889444e-09 8.70953709153355e-09 8.75471961592211e-09 9.17721454385401e-09 9.28499943597672e-09 -3.4e+38 -3.4e+38 -3.4e+38 -3.4e+38 -3.4e+38 -3.4e+38 -3.4e+38 -3.4e+38 -3.4e+38 -3.4e+38 -3.4e+38 -3.4e+38
7.23635729116268e-09 7.03712865757211e-09 6.75748967893242e-09 6.67795330144827e-09 6.92413149039339e-09 7.07162639557168e-09 6.8546919251844e-09 6.79236178413589e-09 6.79531009240009e-09 6.9202861219253e-09 7.08025060802697e-09 7.22733206615089e-09 6.9471295383039e-09 6.78060585457274e-09 7.26640125847666e-09 7.58243778875567e-09 7.59989671195171e-09 7.63445928697593e-09 7.74003172665516e-09 7.89104337428626e-09 8.14794987036294e-09 8.45414493966246e-09 8.49710524164493e-09 8.2228570619236e-09 8.20611933960436e-09 8.09207278962276e-09 7.9305895184234e-09 7.9445250378285e-09 8.00063038042254e-09 8.1321775979859e-09 8.2873734541522e-09 8.43806446937378e-09 8.53093951036499e-09 8.97443896974437e-09 9.4600993705285e-09 -3.4e+38 -3.4e+38 -3.4e+38 -3.4e+38 -3.4e+38 -3.4e+38 -3.4e+38 -3.4e+38 -3.4e+38 -3.4e+38 -3.4e+38 -3.4e+38 -3.4e+38
7.31389260266724e-09 7.00256652663711e-09 6.6797580799971e-09 6.80312206569056e-09 7.10080927390777e-09 6.9467418484237e-09 6.61893784226208e-09 6.68548283400128e-09 6.81077372277628e-09 6.93441171151221e-09 7.04630886971813e-09 7.15196790679329e-09 6.97878288491438e-09 6.66747546063107e-09 7.01255142843138e-09 7.60661400533991e-09 7.77670194906932e-09 7.832142046027e-09 8.05247246660201e-09 8.22134094136118e-09 8.29202129182249e-09 8.38452773876952e-09 8.42357117392112e-09 8.40779001975989e-09 8.49729975271885e-09 8.35209768013101e-09 8.31321766980864e-09 8.20004242285677e-09 8.22702794778252e-09 8.17577383571688e-09 8.16532708114437e-09 8.37501001882401e-09 8.6363574069992e-09 9.16700315656271e-09 9.82126913129377e-09 -3.4e+38 -3.4e+38 -3.4e+38 -3.4e+38 -3.4e+38 -3.4e+38 -3.4e+38 -3.4e+38 -3.4e+38 -3.4e+38 -3.4e+38 -3.4e+38 -3.4e+38
7.15588432953496e-09 6.78859191083347e-09 6.57798482350813e-09 6.74657485433272e-09 6.75249012260792e-09 6.5135887794554e-09 6.47041709100904e-09 6.65218591322514e-09 6.87087453599133e-09 7.03582259120594e-09 6.85966838886998e-09 6.73143585316893e-09 6.80208644965319e-09 6.54813980816016e-09 6.66269395210861e-09 7.1741639295908e-09 7.4333117439096e-09 7.61432872309342e-09 7.95988164270511e-09 8.06476574410908e-09 8.13459699600116e-09 8.30905655391234e-09 8.41103453552705e-09 8.14574629970366e-09 8.1863333889487e-09 8.43572323105946e-09 8.54813464457038e-09 8.4707743042145e-09 8.43841529984957e-09 8.34512547953636e-09 8.35081603867138e-09 8.68306937462648e-09 9.00871111042534e-09 9.32598265279694e-09 9.83906467411089e-09 -3.4e+38 -3.4e+38 -3.4e+38 -3.4e+38 -3.4e+38 -3.4e+38 -3.4e+38 -3.4e+38 -3.4e+38 -3.4e+38 -3.4e+38 -3.4e+38 -3.4e+38
6.9863039797724e-09 6.6328156300699e-09 6.60103038896409e-09 6.63795374222786e-09 6.49820064424489e-09 6.39454134088169e-09 6.43023945201548e-09 6.58031229505696e-09 6.67407151766497e-09 6.68448008056544e-09 6.532587359942e-09 6.52020171187928e-09 6.59222010312988e-09 6.5874243837527e-09 6.77178579877591e-09 6.77503830814885e-09 6.9485679432546e-09 7.23929582946425e-09 7.4885093681587e-09 7.72123787129431e-09 8.00091903840894e-09 8.1869693246972e-09 8.31954949376268e-09 7.89208165485888e-09 7.75517072781895e-09 8.03647548508479e-09 8.4535249911255e-09 8.48893311200527e-09 8.28460677837484e-09 8.21788770366538e-09 8.37114644269832e-09 8.63899707326254e-09 8.73535110912371e-09 9.0289526966103e-09 9.43210576309639e-09 -3.4e+38 -3.4e+38 -3.4e+38 -3.4e+38 -3.4e+38 -3.4e+38 -3.4e+38 -3.4e+38 -3.4e+38 -3.4e+38 -3.4e+38 -3.4e+38 -3.4e+38
