R_scripts/int_process_data/Bio_18_2001.2020.asc
NCOLS 281 
NROWS 577 
XLLCORNER 81175.2677831308 
YLLCORNER -911.770678700996 
CELLSIZE 1000 
NODATA_value -3.4e+38 
[rows 84 to 104 of 577, columns 144 to 191 of 281]
1.20908874023939e-08 1.20284955329453e-08 1.19306475809822e-08 1.18330296672298e-08 1.17203446947656e-08 1.16114149406599e-08 1.15150680102261e-08 1.13897797859863e-08 1.11834079774553e-08 1.09865876396498e-08 1.0841102238146e-08 1.06896598239814e-08 1.05794812910176e-08 1.05351265489162e-08 1.0469394240431e-08 1.0345425849323e-08 1.01801305163463e-08 1.00012815806849e-08 9.84045644969456e-09 9.67208269031516e-09 9.54354462123774e-09 9.4224263946785e-09 9.28520282883483e-09 9.09873154597562e-09 8.95212437512782e-09 8.81623485327054e-09 8.66490434958678e-09 8.49450021433995e-09 8.36174063323369e-09 8.24933010790119e-09 8.13055400783469e-09 8.01408006623205e-09 7.91161802737861e-09 7.82592390891068e-09 7.73421238164929e-09 7.63771179634887e-09 7.55981499622749e-09 7.4835950769625e-09 7.35991090294874e-09 7.26245241722268e-09 7.20282589128374e-09 7.16540027312362e-09 7.13567960275441e-09 7.11317182933158e-09 7.04701763609705e-09 6.97636348689912e-09 6.86302614738565e-09 6.74987532534033e-09
1.20545360360325e-08 1.19688214894609e-08 1.18629479572974e-08 1.17798109044998e-08 1.16688880780202e-08 1.15648868259655e-08 1.148134387563e-08 1.12955369502288e-08 1.10689519772222e-08 1.08936015763561e-08 1.07405195848287e-08 1.06218296380689e-08 1.05590194365845e-08 1.04826600733077e-08 1.03831023778866e-08 1.02853316974461e-08 1.01641255412233e-08 9.98876359403766e-09 9.81289893786652e-09 9.64278967785503e-09 9.52257028785652e-09 9.39706890079606e-09 9.23502341265703e-09 9.06097419317575e-09 8.92378437811203e-09 8.78841799334396e-09 8.63949711771284e-09 8.47652970037416e-09 8.33941093958401e-09 8.22300183500602e-09 8.10878830748152e-09 8.00199639883203e-09 7.91081244955194e-09 7.79231168479555e-09 7.68535635131684e-09 7.57987272947958e-09 7.51317408287377e-09 7.44004591268776e-09 7.31887439542334e-09 7.24592430501048e-09 7.20480120008915e-09 7.16153936153319e-09 7.11288761223727e-09 7.07383129849859e-09 6.99587143770941e-09 6.92708868044178e-09 6.84433398845385e-09 6.75837918961975e-09
1.20480745380291e-08 1.19477778781629e-08 1.18151559647117e-08 1.17213758699108e-08 1.16219691648212e-08 1.15504290576496e-08 1.14451506050273e-08 1.11966809157593e-08 1.09580842178048e-08 1.07914281954891e-08 1.06496296226055e-08 1.05824389251552e-08 1.05123731941603e-08 1.04102264586459e-08 1.0318973231449e-08 1.02412069935554e-08 1.0136709249764e-08 9.9716555013174e-09 9.78353220659756e-09 9.60721102671869e-09 9.49228340374475e-09 9.35515931388409e-09 9.18747300460154e-09 9.04625530040448e-09 8.89893936317776e-09 8.75507577546841e-09 8.6298204138302e-09 8.46444780933098e-09 8.32264301919849e-09 8.20805379220246e-09 8.10033551346123e-09 8.02095634355737e-09 7.91617704720693e-09 7.79412712148542e-09 7.68485630686655e-09 7.54028572913512e-09 7.45018313708101e-09 7.35984562183489e-09 7.30322469166822e-09 7.26938909068053e-09 7.19600112830676e-09 7.11974390554815e-09 7.05840674797287e-09 7.02862923418479e-09 6.95728674671159e-09 6.87619206019008e-09 6.8077494752572e-09 6.74457512062077e-09
1.20266276937286e-08 1.19464820258486e-08 1.18013776528869e-08 1.16955565232502e-08 1.16226113178186e-08 1.15620579776987e-08 1.13899050191435e-08 1.11181934769888e-08 1.08833599909985e-08 1.06986517423024e-08 1.05729771604501e-08 1.05123794114093e-08 1.04262491973373e-08 1.03413242413808e-08 1.02705088877997e-08 1.01848467437549e-08 1.00763042354401e-08 9.92631488117013e-09 9.76273017982976e-09 9.58128509864764e-09 9.44772082789314e-09 9.30386967468166e-09 9.15689657432495e-09 9.0247551653988e-09 8.86384921017225e-09 8.73905925402596e-09 8.6094376072765e-09 8.43054692722944e-09 8.2958404590272e-09 8.20470624773861e-09 8.13670109067743e-09 8.02857069714946e-09 7.87440690430685e-09 7.76631026155883e-09 7.6586550434854e-09 7.51928830311499e-09 7.40283923050811e-09 7.33040073086499e-09 7.30225657719075e-09 7.27539095635166e-09 7.19491799472394e-09 7.07957736878484e-09 7.01127467195306e-09 6.99129198977744e-09 6.9343122355292e-09 6.84315581978012e-09 6.75030609187388e-09 6.69122668384148e-09
1.20157119809505e-08 1.19340874960017e-08 1.17990781589583e-08 1.16865468413607e-08 1.16158274110489e-08 1.151042905434e-08 1.12652847050754e-08 1.10133893116426e-08 1.08030642209656e-08 1.06255715337511e-08 1.04939896772294e-08 1.04362722908036e-08 1.03686295105376e-08 1.02978141569565e-08 1.02125623513416e-08 1.01185939627157e-08 1.00298596095172e-08 9.8975627693676e-09 9.74254188434998e-09 9.56587964395794e-09 9.39206934447157e-09 9.25496745907139e-09 9.1442524663421e-09 9.00923780022822e-09 8.8301641554267e-09 8.69276828296961e-09 8.54684056861288e-09 8.38244584855374e-09 8.28425772425589e-09 8.22141643652685e-09 8.15140133170189e-09 8.00187915928063e-09 7.83226905554102e-09 7.7226216532722e-09 7.64354890492314e-09 7.5478681083041e-09 7.41033501228117e-09 7.35981409150099e-09 7.28864879562252e-09 7.20479231830495e-09 7.18494685969517e-09 7.06637859337889e-09 7.01038516126573e-09 6.98839830448605e-09 6.90947610237913e-09 6.79763845212733e-09 6.70198918584219e-09 6.66082300426751e-09
1.20582255291879e-08 1.19134035969637e-08 1.17476108840719e-08 1.16159277752104e-08 1.1505777663956e-08 1.13645146626595e-08 1.11153468651537e-08 1.08739062198993e-08 1.06823172529857e-08 1.05557855789584e-08 1.04305399872828e-08 1.03886517166529e-08 1.03327479905602e-08 1.02527941692188e-08 1.01486081760527e-08 1.00614538922628e-08 9.987886073759e-09 9.86085790799507e-09 9.69582192311691e-09 9.5284979906296e-09 9.35241484256721e-09 9.21843579249071e-09 9.12353392834575e-09 8.97370622254812e-09 8.78617534283421e-09 8.62633164899762e-09 8.48937808939354e-09 8.37022895439077e-09 8.28319723922277e-09 8.22089241125923e-09 8.14010903127382e-09 7.99014987507007e-09 7.83823228545089e-09 7.73726416269938e-09 7.66323537959579e-09 7.5550410372216e-09 7.41076178201183e-09 7.33837834943074e-09 7.29980653702e-09 7.15351111679752e-09 7.0854593303693e-09 7.00152602561843e-09 6.96754920426201e-09 6.93338453316983e-09 6.87258339127084e-09 6.77177158792119e-09 6.7199827924469e-09 6.70049127293737e-09
1.20241709922198e-08 1.18397167625517e-08 1.16398872762602e-08 1.14993792266205e-08 1.13325198114467e-08 1.11677849190528e-08 1.09484066257437e-08 1.07254578551874e-08 1.05770450176124e-08 1.04824700031259e-08 1.03703330367466e-08 1.03220170188933e-08 1.02703712201446e-08 1.01910746508338e-08 1.01099173477337e-08 1.00465609165212e-08 9.95731941344502e-09 9.81713288439323e-09 9.65460245083705e-09 9.49669409777698e-09 9.324975458469e-09 9.1554426262519e-09 9.06928487864889e-09 8.92000873164989e-09 8.73350813890283e-09 8.5824947149149e-09 8.47535552850331e-09 8.36295299677658e-09 8.27903612332648e-09 8.22038792591684e-09 8.1369337934234e-09 8.04247868302355e-09 7.90119702998027e-09 7.77211184299631e-09 7.66969421306385e-09 7.57234275283736e-09 7.40176320235264e-09 7.27569249292515e-09 7.23130089141932e-09 7.10985581520163e-09 7.01037450312469e-09 6.9570438299138e-09 6.91829304955149e-09 6.90224100097225e-09 6.83888234931374e-09 6.79156109129053e-09 6.78600553527531e-09 6.76905598240296e-09
1.19718341906605e-08 1.17773666374887e-08 1.15551612722697e-08 1.13802505197214e-08 1.11653557510749e-08 1.09606599352219e-08 1.07801749749115e-08 1.05899413682664e-08 1.04870396810952e-08 1.03954649333104e-08 1.03118242833489e-08 1.02697130799356e-08 1.02033652638056e-08 1.01337134239543e-08 1.00826369475726e-08 1.00173362937994e-08 9.90600934613894e-09 9.7755723516002e-09 9.62693924577707e-09 9.45238287641814e-09 9.27427024066674e-09 9.08695341195198e-09 8.98192187293034e-09 8.8319946911497e-09 8.6519165165555e-09 8.55209059125173e-09 8.4610585204814e-09 8.34664337645563e-09 8.27997848062978e-09 8.198574263929e-09 8.12205058764448e-09 8.05733879616355e-09 7.94058863107239e-09 7.78898812114903e-09 7.6584703023741e-09 7.57176366050771e-09 7.43317229989771e-09 7.2816415119803e-09 7.16172099402002e-09 7.06859770716051e-09 7.02392854989853e-09 7.00706692668973e-09 6.99272240112236e-09 6.98065427684469e-09 6.91353285731111e-09 6.83646739219057e-09 6.79841294370931e-09 6.77198253029587e-09
1.19228475981004e-08 1.17110570130308e-08 1.14327729505703e-08 1.12105285055009e-08 1.09944098269921e-08 1.07887974110099e-08 1.06177679981556e-08 1.04906154874129e-08 1.04060564609654e-08 1.03100710191484e-08 1.02668851198473e-08 1.02183115302523e-08 1.01517612094426e-08 1.00926964563541e-08 1.00348156450991e-08 9.9450554458258e-09 9.8309769214211e-09 9.72812319588456e-09 9.6059178389396e-09 9.4281435991661e-09 9.24531651236293e-09 9.03920227557364e-09 8.89987727958896e-09 8.73706973436583e-09 8.56118376191262e-09 8.47237302536996e-09 8.37418223653685e-09 8.28742052760845e-09 8.24088086659458e-09 8.16446554807726e-09 8.12711498099361e-09 8.05220690125452e-09 7.9064959024322e-09 7.80477726891604e-09 7.6605850551914e-09 7.54606954700421e-09 7.47791162325484e-09 7.32599580999249e-09 7.13535630580964e-09 7.08741865196316e-09 7.10610548182444e-09 7.06766822844429e-09 7.06526970262189e-09 7.11390635288467e-09 7.0379173600088e-09 6.9674088720717e-09 6.94895652131322e-09 6.79614409193618e-09
1.18233183243888e-08 1.16543139583314e-08 1.13168994175794e-08 1.10659730268026e-08 1.08639035545366e-08 1.06703401669961e-08 1.05125446125953e-08 1.04270876377655e-08 1.03257393746503e-08 1.02484918329537e-08 1.02095532028557e-08 1.01541699493168e-08 1.00968930993872e-08 1.00339141440031e-08 9.95276661086564e-09 9.86370629618705e-09 9.75749525622405e-09 9.68737356998872e-09 9.59852464177402e-09 9.43940836606316e-09 9.23147958076243e-09 8.99101504359123e-09 8.81631034843622e-09 8.66151328438036e-09 8.51223624920294e-09 8.41110470162221e-09 8.30756530234567e-09 8.22523915644524e-09 8.19064105428424e-09 8.16041278994817e-09 8.11582800963606e-09 8.00869059958131e-09 7.86913201267225e-09 7.85381182311085e-09 7.68930075167873e-09 7.54234363853357e-09 7.51763629125435e-09 7.36480920693339e-09 7.13369230354033e-09 7.03916080979639e-09 7.11375092166122e-09 7.13566716825653e-09 7.17336234856703e-09 7.26488869062791e-09 7.17388193294255e-09 7.12845116268568e-09 7.09291514411348e-09 6.87073420380102e-09
1.1714898384696e-08 1.15849223547571e-08 1.12617719594255e-08 1.09777005263823e-08 1.07594537723799e-08 1.0573592668095e-08 1.04271151712965e-08 1.03535473527927e-08 1.02502744070421e-08 1.01840864630276e-08 1.01297024102109e-08 1.00940908964731e-08 1.00620995979739e-08 9.97888172094008e-09 9.87956294551395e-09 9.78289804720589e-09 9.68808233636764e-09 9.63647028839887e-09 9.55869516872099e-09 9.4275707240854e-09 9.20286336025811e-09 8.9459826213556e-09 8.72448158162342e-09 8.58580939677722e-09 8.50506687299912e-09 8.42559888525329e-09 8.3459070765457e-09 8.26827317723655e-09 8.19645240568434e-09 8.14370526569519e-09 8.03324873288602e-09 7.91514143116956e-09 7.85371412348468e-09 7.87674991897802e-09 7.72305952523311e-09 7.51890461003768e-09 7.44254124995791e-09 7.33218419313175e-09 7.13496506321576e-09 7.06830816099568e-09 7.14865056039571e-09 7.17086878765372e-09 7.28430205043651e-09 7.37111793824852e-09 7.30864524456365e-09 7.28755500389866e-09 7.17204606814903e-09 6.87344625660558e-09
1.15820464330341e-08 1.14585185784222e-08 1.12030917875927e-08 1.09202797915486e-08 1.06874038507954e-08 1.05112114567874e-08 1.03644666182845e-08 1.02730037809806e-08 1.02012798208762e-08 1.01165529287073e-08 1.00562891347522e-08 1.00488319887404e-08 9.99684068858642e-09 9.89369386417138e-09 9.7983807734181e-09 9.70357216800721e-09 9.63785229401992e-09 9.56515844308115e-09 9.5145713530087e-09 9.4004519723967e-09 9.1964924564536e-09 8.93029472592843e-09 8.66621441275583e-09 8.50480663672215e-09 8.48549053245051e-09 8.42718872462456e-09 8.35824920386585e-09 8.31246893540083e-09 8.24479418071178e-09 8.12292544338789e-09 7.94500909506723e-09 7.8288193705589e-09 7.8431154904024e-09 7.85953258031213e-09 7.77626318892999e-09 7.56151141700911e-09 7.29263227583488e-09 7.14862480322154e-09 7.18084658402063e-09 7.24137239060951e-09 7.19481896283014e-09 7.18550108302907e-09 7.35992999878476e-09 7.40178007774261e-09 7.34801242074923e-09 7.34231520027606e-09 7.18882420258637e-09 6.84611656254219e-09
1.14884990409791e-08 1.13435447701704e-08 1.11325562102138e-08 1.08794910858023e-08 1.06632622731695e-08 1.04999182681809e-08 1.03001198681341e-08 1.01941095564939e-08 1.0178242249026e-08 1.01072119562673e-08 1.00295105553982e-08 9.97520910317462e-09 9.89683091034976e-09 9.79692771352347e-09 9.69524727167936e-09 9.61953894318412e-09 9.54881240744498e-09 9.48165190806094e-09 9.44804501301633e-09 9.30833277124066e-09 9.12118647278248e-09 8.92297791210694e-09 8.66492744222569e-09 8.41626413006225e-09 8.39417602094272e-09 8.38312175233114e-09 8.33738855732236e-09 8.27983814843947e-09 8.22317858251154e-09 8.07588040885321e-09 7.89164023018429e-09 7.78259767741929e-09 7.77590081213475e-09 7.79457920430104e-09 7.78632891496045e-09 7.6365003209844e-09 7.25675519674951e-09 7.12381176271037e-09 7.29931270981865e-09 7.27780191667193e-09 7.17650650017276e-09 7.24725790490766e-09 7.3495214358843e-09 7.3474879513924e-09 7.33612948167206e-09 7.3179755588626e-09 7.15624981495466e-09 6.89537582587718e-09
1.14148974716954e-08 1.13039746452159e-08 1.10925570950826e-08 1.08632036699419e-08 1.06357438411919e-08 1.03892245917336e-08 1.01390762452525e-08 1.00447836715034e-08 1.01300781096825e-08 1.00965884541893e-08 9.98910021365873e-09 9.90613635565296e-09 9.80409442519203e-09 9.68425339920032e-09 9.60145385420219e-09 9.52219725292025e-09 9.43420008781004e-09 9.38904065606039e-09 9.32741528458791e-09 9.17579434656091e-09 9.02046970452375e-09 8.89668072545646e-09 8.66005400723679e-09 8.3301046061024e-09 8.27916668555417e-09 8.34588043119311e-09 8.31764257469558e-09 8.21063750322537e-09 8.14021294814893e-09 8.01865418509351e-09 7.87760168208251e-09 7.76866038165736e-09 7.68791608152242e-09 7.68802710382488e-09 7.73038610901722e-09 7.62999974313061e-09 7.31785476659752e-09 7.11303682621178e-09 7.20372916873657e-09 7.20623383188013e-09 7.19070936128219e-09 7.27236537656495e-09 7.3108656906129e-09 7.33813365627611e-09 7.38756211760005e-09 7.35829353004647e-09 7.19676807037217e-09 7.10001613057898e-09
1.1202629046636e-08 1.11494147247981e-08 1.10049152013403e-08 1.08424540457008e-08 1.06244444353365e-08 1.02918278344077e-08 1.00661399216051e-08 9.99219729180822e-09 1.00924077983677e-08 9.99980542815138e-09 9.92995374815564e-09 9.8443582174923e-09 9.71650493397647e-09 9.5943306632762e-09 9.51003009674878e-09 9.43774924877516e-09 9.37115185450921e-09 9.29988797082615e-09 9.20221054911963e-09 9.05076280588446e-09 8.91296014771115e-09 8.77781847208325e-09 8.56990922670775e-09 8.28677304554049e-09 8.14698175588546e-09 8.21376122672746e-09 8.22071122286161e-09 8.12528533344903e-09 8.05408273407693e-09 7.98092347764623e-09 7.89983811699813e-09 7.80587150472911e-09 7.65363505905725e-09 7.58417684210144e-09 7.62261542774922e-09 7.49500284058513e-09 7.20379622620726e-09 7.12220016296783e-09 7.30868210396807e-09 7.34870386764896e-09 7.3196662064845e-09 7.32922478263731e-09 7.35346095126488e-09 7.46665129724988e-09 7.48723660848327e-09 7.38774597053293e-09 7.27910887121652e-09 7.27831750424457e-09
1.101512747681e-08 1.08700577428067e-08 1.071406963149e-08 1.06252580067689e-08 1.05427346852593e-08 1.02716519734258e-08 1.00049577511641e-08 9.95138638160142e-09 9.99213600749727e-09 9.91186599463845e-09 9.91524817806066e-09 9.78740377632903e-09 9.62229496082045e-09 9.54936485442204e-09 9.50119716236486e-09 9.41913391727667e-09 9.31852639496356e-09 9.21947762577702e-09 9.1346858965835e-09 9.00156393868201e-09 8.82898110177166e-09 8.65812399553079e-09 8.48728110014463e-09 8.24034618318592e-09 8.02296185042906e-09 8.03079558409081e-09 8.10452149835328e-09 8.06632005634356e-09 7.9954078913147e-09 7.93928478515227e-09 7.90240761716632e-09 7.86499487759329e-09 7.6947053173626e-09 7.52064543974029e-09 7.44970796162647e-09 7.34578353700499e-09 7.14449921446203e-09 7.12504988342744e-09 7.42049310886728e-09 7.46142969632047e-09 7.54745599351736e-09 7.53064188785402e-09 7.46840989052089e-09 7.52102646828234e-09 7.50086215361989e-09 7.37495442493241e-09 7.32234495259831e-09 7.33016181087009e-09
1.09982405405162e-08 1.07704432039668e-08 1.06058433146927e-08 1.04433208747423e-08 1.02730570716858e-08 1.01461337109754e-08 9.92731941096281e-09 9.8708410334325e-09 9.85835679756519e-09 9.88316362082742e-09 9.83992265446432e-09 9.6606012078837e-09 9.58624646330009e-09 9.56634149673619e-09 9.51053902298327e-09 9.40101507751478e-09 9.2622807201792e-09 9.17304365799509e-09 9.10703423784298e-09 9.01946783926633e-09 8.86962325807872e-09 8.66734861659779e-09 8.48719317048108e-09 8.25498247536416e-09 7.97353028048065e-09 7.93880872151931e-09 8.06027422584066e-09 8.0186355333467e-09 7.92975018981679e-09 7.8842781192634e-09 7.86349207970716e-09 7.83693199224444e-09 7.72415820193828e-09 7.47837169967625e-09 7.21431892003466e-09 7.14861458916971e-09 7.09303371593251e-09 7.04578528853972e-09 7.29563698342872e-09 7.43693506777277e-09 7.61822516182065e-09 7.60038698643939e-09 7.55894014048408e-09 7.51177609004117e-09 7.41758210409671e-09 7.33275307140957e-09 7.32593896657363e-09 7.34043403838314e-09
1.10938076502975e-08 1.08955262589916e-08 1.0699154451288e-08 1.04073469842092e-08 1.01298667232186e-08 1.00271604352997e-08 9.87808501662357e-09 9.773804876545e-09 9.81590897453088e-09 9.77325775863847e-09 9.64916857526532e-09 9.58618517898913e-09 9.60655643922337e-09 9.59873780459475e-09 9.48156042568371e-09 9.31597288200692e-09 9.21883458460115e-09 9.16878750700789e-09 9.09427910755767e-09 9.04459973583016e-09 8.9409830650311e-09 8.73713190685521e-09 8.48248760121351e-09 8.24968449109065e-09 7.97128674179248e-09 7.86079024095443e-09 7.98284460756804e-09 7.96169263850288e-09 7.87597631557446e-09 7.86315457190767e-09 7.86062237523311e-09 7.75394948249186e-09 7.67376651111817e-09 7.45949169100868e-09 7.16781922704968e-09 7.2741528356346e-09 7.33316207757184e-09 7.22116588747213e-09 7.30613569643879e-09 7.44212513836828e-09 7.49516448905752e-09 7.49208783901167e-09 7.47944817192092e-09 7.42819628030134e-09 7.34091765153266e-09 7.28553040119095e-09 7.29857640990872e-09 7.322727313408e-09
1.11496172294778e-08 1.10037152722953e-08 1.07791686687619e-08 1.0483873325029e-08 1.01469064262005e-08 9.97683891057477e-09 9.87445147870858e-09 9.7621501993217e-09 9.83951675692651e-09 9.62548352134718e-09 9.57367163323397e-09 9.64373203515834e-09 9.6091907764162e-09 9.57859747074963e-09 9.38274702377839e-09 9.17846687542578e-09 9.16566289532739e-09 9.15823417102501e-09 9.10418851418626e-09 9.038451764809e-09 8.90203111225674e-09 8.74872174705388e-09 8.5004989713866e-09 8.18007972469559e-09 7.89744625251387e-09 7.83399922710259e-09 7.9417930010095e-09 7.88825715858366e-09 7.85918796708529e-09 7.88690002195835e-09 7.83956988215095e-09 7.66699326248954e-09 7.48744000134138e-09 7.40012895406039e-09 7.18791826059828e-09 7.27598248317918e-09 7.36581329263686e-09 7.27125915034321e-09 7.38112859721696e-09 7.46465289580556e-09 7.43186401308549e-09 7.42171035739148e-09 7.40970840240607e-09 7.35664862361318e-09 7.29072402450015e-09 7.27020132984535e-09 7.28599136579078e-09 7.2840222742343e-09
1.10524283059021e-08 1.09314823859563e-08 1.06595576809809e-08 1.04176498538777e-08 1.01643369276871e-08 9.97040494610246e-09 9.88250370426158e-09 9.93864279763557e-09 9.83138370713732e-09 9.56028944898435e-09 9.54896961502527e-09 9.59686730084286e-09 9.57420720482105e-09 9.53218481924978e-09 9.31472587950566e-09 9.06208175166512e-09 9.04041286275969e-09 9.01545060827402e-09 9.00428087646787e-09 8.95548435408955e-09 8.73275585178135e-09 8.57374704565927e-09 8.47098302614313e-09 8.16519118984615e-09 7.88043319488452e-09 7.89101317621999e-09 7.89983722881971e-09 7.8262720748512e-09 7.83876608068113e-09 7.79191910993404e-09 7.69427455082905e-09 7.47595674255308e-09 7.27831661606615e-09 7.20814252730406e-09 7.17060588684149e-09 7.26550508645118e-09 7.20440862522764e-09 7.19452497577322e-09 7.37043315268693e-09 7.42690886568198e-09 7.44923855933166e-09 7.4155708240653e-09 7.34815008840428e-09 7.28624893753249e-09 7.24519599870632e-09 7.23195991980674e-09 7.25240090204693e-09 7.24646165295439e-09
1.09966409311824e-08 1.08455200376056e-08 1.06042188363631e-08 1.03525437111784e-08 1.01493959903109e-08 9.97045379591555e-09 9.89045378929632e-09 9.98787097472587e-09 9.76825731413555e-09 9.59714618886665e-09 9.55378354206005e-09 9.5609049566292e-09 9.55095202925804e-09 9.47584588573136e-09 9.26859566874327e-09 8.97853169590235e-09 8.86063844518503e-09 8.84455442218268e-09 8.93007712221561e-09 8.96703955532985e-09 8.70234551086924e-09 8.39296010468615e-09 8.26696666678117e-09 8.07769406918624e-09 7.88744269897279e-09 7.93995003078862e-09 7.79418662943954e-09 7.70802444094443e-09 7.70092967172786e-09 7.59371587832902e-09 7.46125294881494e-09 7.29251814490794e-09 7.27729654315112e-09 7.15884418411861e-09 7.10546110838095e-09 7.09831837752972e-09 7.07298486446462e-09 7.20916482066514e-09 7.35751104485871e-09 7.35533145501677e-09 7.3703327885255e-09 7.36673122503362e-09 7.32725125018874e-09 7.22003834496832e-09 7.19178139263477e-09 7.11608461045898e-09 7.1301520243594e-09 7.18803727650652e-09
