R_scripts/int_process_data/Bio_09_2001.2020.asc
NCOLS 281 
NROWS 577 
XLLCORNER 81175.2677831308 
YLLCORNER -911.770678700996 
CELLSIZE 1000 
NODATA_value -3.4e+38 
[rows 506 to 528 of 577, columns 104 to 155 of 281]
295.243377685547 295.382293701172 295.571899414062 295.703674316406 295.674621582031 295.59423828125 295.565277099609 295.676239013672 295.777984619141 295.822967529297 295.975402832031 296.082366943359 296.145965576172 296.172271728516 296.174591064453 296.120025634766 296.155700683594 296.17236328125 296.137390136719 296.182800292969 296.297119140625 296.280883789062 296.196716308594 296.171478271484 296.256256103516 296.460327148438 296.455413818359 296.429504394531 296.473114013672 296.511077880859 296.546966552734 296.548431396484 296.487396240234 296.396545410156 296.370635986328 296.411712646484 296.508880615234 296.663177490234 296.753784179688 296.799865722656 296.872314453125 296.958770751953 296.997619628906 297.021942138672 297.034118652344 297.048797607422 297.039154052734 297.107482910156 297.147827148438 297.184692382812 297.222869873047 297.197174072266
295.091796875 295.285675048828 295.507141113281 295.61865234375 295.536163330078 295.455322265625 295.462463378906 295.662078857422 295.839080810547 295.854034423828 295.953796386719 296.063171386719 296.148254394531 296.197601318359 296.201171875 296.144805908203 296.183013916016 296.213775634766 296.175415039062 296.216613769531 296.297607421875 296.254455566406 296.243927001953 296.184478759766 296.221862792969 296.38330078125 296.379028320312 296.290344238281 296.297943115234 296.347686767578 296.361145019531 296.364074707031 296.352966308594 296.343902587891 296.4228515625 296.489654541016 296.597015380859 296.732452392578 296.821685791016 296.883575439453 296.904754638672 296.919952392578 296.936737060547 296.961608886719 296.961822509766 296.989654541016 297.097473144531 297.204711914062 297.273529052734 297.295104980469 297.265289306641 297.25830078125
295.118103027344 295.128387451172 295.297607421875 295.416961669922 295.402465820312 295.308990478516 295.377075195312 295.581451416016 295.800811767578 295.901275634766 295.920196533203 296.005798339844 296.123779296875 296.207153320312 296.229827880859 296.177581787109 296.197509765625 296.255187988281 296.224426269531 296.234527587891 296.27294921875 296.245910644531 296.273101806641 296.208923339844 296.223236083984 296.325256347656 296.278900146484 296.190582275391 296.158020019531 296.193572998047 296.241271972656 296.355529785156 296.444122314453 296.422760009766 296.528564453125 296.614868164062 296.704040527344 296.769592285156 296.800811767578 296.858093261719 296.825531005859 296.823272705078 296.834197998047 296.875152587891 296.935760498047 297.010375976562 297.163665771484 297.275299072266 297.341827392578 297.343444824219 297.295013427734 297.278198242188
295.293334960938 295.195587158203 295.161071777344 295.206268310547 295.296081542969 295.298065185547 295.348937988281 295.456512451172 295.663970947266 295.849243164062 295.89892578125 295.964080810547 296.067352294922 296.145965576172 296.225219726562 296.236938476562 296.224090576172 296.272094726562 296.267669677734 296.238922119141 296.273193359375 296.287902832031 296.305358886719 296.212371826172 296.230499267578 296.281158447266 296.200317382812 296.134948730469 296.137756347656 296.176025390625 296.266082763672 296.471801757812 296.594177246094 296.614654541016 296.665283203125 296.71630859375 296.772735595703 296.765991210938 296.727874755859 296.771392822266 296.772552490234 296.761871337891 296.813537597656 296.898559570312 297.029541015625 297.073638916016 297.167907714844 297.320526123047 297.390441894531 297.384063720703 297.323394775391 297.304046630859
295.414611816406 295.430633544922 295.405853271484 295.325439453125 295.392700195312 295.402038574219 295.336303710938 295.434448242188 295.572265625 295.716796875 295.822998046875 295.919189453125 296.057403564453 296.105072021484 296.164611816406 296.250030517578 296.255310058594 296.265625 296.27685546875 296.259246826172 296.303314208984 296.336334228516 296.325378417969 296.222930908203 296.242462158203 296.212524414062 296.099395751953 296.144989013672 296.256256103516 296.323059082031 296.360443115234 296.544799804688 296.683197021484 296.748992919922 296.750335693359 296.753814697266 296.745330810547 296.709625244141 296.664611816406 296.667236328125 296.730560302734 296.824829101562 296.906524658203 296.971374511719 297.107177734375 297.159271240234 297.216766357422 297.349548339844 297.419464111328 297.383880615234 297.324890136719 297.360198974609
295.407104492188 295.583618164062 295.645599365234 295.549652099609 295.454498291016 295.521057128906 295.430786132812 295.394439697266 295.51171875 295.737487792969 295.927734375 295.932525634766 296.015991210938 296.115661621094 296.141326904297 296.220794677734 296.281890869141 296.295043945312 296.293121337891 296.280853271484 296.340393066406 296.362762451172 296.311737060547 296.234130859375 296.284118652344 296.254241943359 296.139434814453 296.167388916016 296.363586425781 296.456237792969 296.485137939453 296.617950439453 296.737457275391 296.768615722656 296.738037109375 296.700805664062 296.679779052734 296.664520263672 296.634429931641 296.665924072266 296.806671142578 296.966857910156 297.032379150391 297.06640625 297.194854736328 297.259918212891 297.345855712891 297.414367675781 297.433868408203 297.385864257812 297.344635009766 297.387512207031
295.256896972656 295.481750488281 295.619049072266 295.659851074219 295.665161132812 295.609771728516 295.649688720703 295.506958007812 295.446838378906 295.696197509766 295.969757080078 296.022155761719 295.984161376953 296.110137939453 296.201965332031 296.227142333984 296.270141601562 296.327941894531 296.303070068359 296.294036865234 296.366271972656 296.346374511719 296.254089355469 296.239410400391 296.324432373047 296.305633544922 296.163635253906 296.154327392578 296.387847900391 296.516967773438 296.553558349609 296.603271484375 296.682403564453 296.720306396484 296.709930419922 296.663177490234 296.677520751953 296.692230224609 296.707275390625 296.766632080078 296.889678955078 297.066314697266 297.143341064453 297.169708251953 297.266662597656 297.381927490234 297.437683105469 297.454956054688 297.465667724609 297.435821533203 297.380126953125 297.377075195312
295.120300292969 295.271209716797 295.367523193359 295.536499023438 295.821960449219 295.768798828125 295.810577392578 295.722137451172 295.521545410156 295.619781494141 295.826171875 296.051361083984 296.042938232422 296.11181640625 296.274108886719 296.289794921875 296.293029785156 296.343322753906 296.303497314453 296.363494873047 296.390777587891 296.301483154297 296.2646484375 296.303131103516 296.347076416016 296.296417236328 296.136322021484 296.217041015625 296.426025390625 296.492980957031 296.517913818359 296.533203125 296.5810546875 296.629058837891 296.635498046875 296.662933349609 296.743041992188 296.780883789062 296.853759765625 296.905670166016 296.959350585938 297.118743896484 297.234924316406 297.298065185547 297.33740234375 297.396850585938 297.441345214844 297.440124511719 297.423126220703 297.423675537109 297.409149169922 297.417266845703
295.088317871094 295.178741455078 295.364471435547 295.529205322266 295.765533447266 295.894744873047 295.931488037109 295.888977050781 295.667205810547 295.60693359375 295.667510986328 295.905303955078 296.030822753906 296.114227294922 296.295471191406 296.338134765625 296.361968994141 296.376953125 296.343688964844 296.398834228516 296.384704589844 296.288909912109 296.34521484375 296.370147705078 296.279907226562 296.18212890625 296.156005859375 296.328094482422 296.481536865234 296.458709716797 296.458374023438 296.497375488281 296.532989501953 296.576019287109 296.607696533203 296.714202880859 296.860076904297 296.923706054688 296.985870361328 297.026428222656 297.084320068359 297.202697753906 297.293151855469 297.317352294922 297.352355957031 297.368804931641 297.380249023438 297.370849609375 297.386474609375 297.398315429688 297.428253173828 297.47607421875
295.154022216797 295.214508056641 295.463958740234 295.683715820312 295.747131347656 295.917663574219 296.066131591797 296.052825927734 295.860015869141 295.759582519531 295.679504394531 295.757904052734 295.987091064453 296.109161376953 296.251647949219 296.387786865234 296.443298339844 296.445892333984 296.419677734375 296.370574951172 296.335479736328 296.297088623047 296.362091064453 296.355743408203 296.202697753906 296.114105224609 296.210327148438 296.401184082031 296.514923095703 296.474212646484 296.474273681641 296.518280029297 296.568084716797 296.620269775391 296.682250976562 296.776275634766 296.939270019531 297.009735107422 297.055480957031 297.136138916016 297.21630859375 297.30419921875 297.328887939453 297.28466796875 297.300354003906 297.356506347656 297.383697509766 297.391052246094 297.423065185547 297.423431396484 297.46923828125 297.486602783203
295.337615966797 295.339630126953 295.449066162109 295.779693603516 295.962097167969 296.048675537109 296.192718505859 296.192016601562 295.991180419922 295.930480957031 295.899780273438 295.775634765625 295.990661621094 296.181396484375 296.235931396484 296.354095458984 296.501770019531 296.55224609375 296.492370605469 296.419891357422 296.387420654297 296.366394042969 296.3955078125 296.367767333984 296.231262207031 296.205780029297 296.348815917969 296.491241455078 296.536834716797 296.509948730469 296.563110351562 296.610565185547 296.617431640625 296.658966064453 296.756988525391 296.850189208984 296.982391357422 297.085113525391 297.149200439453 297.261352539062 297.328338623047 297.340209960938 297.343658447266 297.335174560547 297.354736328125 297.383758544922 297.362579345703 297.374908447266 297.386138916016 297.3701171875 297.392517089844 297.422760009766
295.6171875 295.578094482422 295.565551757812 295.783355712891 296.009552001953 296.203277587891 296.331909179688 296.2900390625 296.164611816406 296.095062255859 296.183959960938 295.956878662109 295.931854248047 296.181243896484 296.335296630859 296.344940185547 296.493774414062 296.663360595703 296.6201171875 296.573852539062 296.550445556641 296.504638671875 296.517242431641 296.402252197266 296.263458251953 296.324737548828 296.514312744141 296.552215576172 296.525787353516 296.542175292969 296.656585693359 296.699371337891 296.698211669922 296.742126464844 296.818450927734 296.901763916016 297.032562255859 297.166076660156 297.262176513672 297.356567382812 297.402862548828 297.384338378906 297.387390136719 297.432098388672 297.458648681641 297.410980224609 297.286346435547 297.262756347656 297.267150878906 297.276947021484 297.380645751953 297.479705810547
295.952667236328 295.800354003906 295.736114501953 295.889678955078 296.052185058594 296.313385009766 296.475372314453 296.524963378906 296.488433837891 296.34521484375 296.419342041016 296.251831054688 296.042663574219 296.090087890625 296.349426269531 296.53515625 296.603576660156 296.701629638672 296.780426025391 296.753234863281 296.729705810547 296.685394287109 296.599334716797 296.438751220703 296.317749023438 296.414978027344 296.61572265625 296.615783691406 296.550842285156 296.612060546875 296.740203857422 296.790252685547 296.801879882812 296.837463378906 296.878295898438 296.937591552734 297.070495605469 297.200988769531 297.297943115234 297.345611572266 297.371490478516 297.401672363281 297.446502685547 297.478881835938 297.441314697266 297.358703613281 297.219635009766 297.217315673828 297.262329101562 297.359283447266 297.527160644531 297.639984130859
296.249755859375 296.065734863281 295.978118896484 295.960876464844 296.077789306641 296.236938476562 296.472869873047 296.630432128906 296.771118164062 296.713409423828 296.676055908203 296.529357910156 296.276214599609 296.122985839844 296.263549804688 296.601043701172 296.837554931641 296.877960205078 296.872253417969 296.891357421875 296.902618408203 296.810455322266 296.651672363281 296.497344970703 296.402282714844 296.500030517578 296.653381347656 296.6416015625 296.617431640625 296.713500976562 296.797424316406 296.878204345703 296.892944335938 296.884857177734 296.938812255859 296.994323730469 297.085327148438 297.188507080078 297.215118408203 297.242553710938 297.239288330078 297.268463134766 297.346618652344 297.399719238281 297.337188720703 297.253295898438 297.286987304688 297.367126464844 297.415435791016 297.519012451172 297.619140625 297.726318359375
296.486633300781 296.383117675781 296.374145507812 296.298278808594 296.355346679688 296.298431396484 296.450256347656 296.638549804688 296.844573974609 297.037872314453 297.00830078125 296.749694824219 296.528991699219 296.389343261719 296.318695068359 296.510864257812 296.855712890625 297.076446533203 296.977600097656 296.833770751953 296.823822021484 296.726287841797 296.592956542969 296.509552001953 296.551177978516 296.656951904297 296.740081787109 296.731994628906 296.707153320312 296.829437255859 296.872253417969 296.912231445312 296.920104980469 296.92919921875 297.024353027344 297.076507568359 297.147064208984 297.218048095703 297.194274902344 297.135681152344 297.147003173828 297.106811523438 297.124603271484 297.178405761719 297.237579345703 297.366271972656 297.507629394531 297.566802978516 297.623840332031 297.68798828125 297.752868652344 297.832122802734
296.508880615234 296.535308837891 296.581390380859 296.604248046875 296.721923828125 296.577087402344 296.597015380859 296.773345947266 296.873443603516 297.021850585938 297.188446044922 297.074981689453 296.864593505859 296.716857910156 296.536285400391 296.520812988281 296.798583984375 297.067749023438 297.017211914062 296.866912841797 296.773406982422 296.656463623047 296.627166748047 296.550567626953 296.66845703125 296.804565429688 296.844970703125 296.859069824219 296.791137695312 296.879272460938 296.963836669922 296.947845458984 296.945007324219 297.01708984375 297.083618164062 297.129791259766 297.240692138672 297.265716552734 297.146026611328 297.060485839844 297.071960449219 297.059783935547 297.083160400391 297.135925292969 297.300354003906 297.515625 297.6708984375 297.73974609375 297.796966552734 297.822418212891 297.867584228516 297.944549560547
296.252563476562 296.472045898438 296.673645019531 296.764282226562 296.770263671875 296.745880126953 296.867126464844 296.917541503906 296.795013427734 296.830596923828 297.067932128906 297.229095458984 297.154113769531 297.099151611328 296.839447021484 296.596801757812 296.768341064453 297.095642089844 297.136596679688 297.051879882812 296.949157714844 296.767578125 296.739013671875 296.658905029297 296.681579589844 296.884460449219 296.980499267578 296.946014404297 296.886749267578 296.962463378906 297.017974853516 296.995330810547 297.024749755859 297.120330810547 297.069641113281 297.036834716797 297.187225341797 297.204986572266 297.029083251953 296.948181152344 297.022857666016 297.131591796875 297.261901855469 297.291809082031 297.370880126953 297.567535400391 297.756072998047 297.841857910156 297.877288818359 297.907867431641 297.940979003906 297.962280273438
296.398498535156 296.584197998047 296.786773681641 296.767395019531 296.54296875 296.541961669922 296.908142089844 296.909027099609 296.635345458984 296.650390625 296.806060791016 296.913940429688 297.043701171875 297.297576904297 297.220428466797 296.803009033203 296.844177246094 297.237457275391 297.294616699219 297.111968994141 296.981689453125 296.896636962891 296.863494873047 296.757354736328 296.741485595703 296.907287597656 297.089019775391 297.076141357422 297.033660888672 297.083465576172 297.087005615234 297.082733154297 297.124847412109 297.143798828125 297.025634765625 296.941650390625 296.942901611328 297.016296386719 297.019470214844 297.053863525391 297.156890869141 297.303558349609 297.413787841797 297.45947265625 297.495819091797 297.625885009766 297.741424560547 297.828033447266 297.871948242188 297.901000976562 297.926513671875 297.925842285156
296.497772216797 296.462188720703 296.560180664062 296.533599853516 296.330535888672 296.308959960938 296.510406494141 296.564025878906 296.659912109375 296.665588378906 296.610443115234 296.822998046875 297.147613525391 297.448608398438 297.551940917969 297.085632324219 296.914672851562 297.248657226562 297.462158203125 297.337677001953 297.142150878906 297.090454101562 297.023193359375 296.877716064453 296.901702880859 296.941680908203 297.049224853516 297.062438964844 297.049072265625 297.114807128906 297.078460693359 297.100860595703 297.178375244141 297.180877685547 297.049072265625 296.896728515625 296.890228271484 297.109191894531 297.255645751953 297.277801513672 297.354949951172 297.468475341797 297.494567871094 297.536895751953 297.603057861328 297.671508789062 297.682861328125 297.736755371094 297.795501708984 297.82568359375 297.866790771484 297.932067871094
296.393432617188 296.271667480469 296.335021972656 296.166748046875 296.169250488281 296.268676757812 296.334777832031 296.587890625 297.115325927734 297.305206298828 296.991729736328 296.973876953125 297.198333740234 297.410400390625 297.591949462891 297.413452148438 297.244903564453 297.214569091797 297.401062011719 297.521026611328 297.400085449219 297.264038085938 297.122528076172 296.968597412109 297.034210205078 297.1142578125 297.028900146484 296.908935546875 296.851409912109 296.885650634766 296.864410400391 296.910522460938 297.026275634766 297.047546386719 297.018920898438 296.948333740234 297.012451171875 297.326690673828 297.430877685547 297.46044921875 297.491058349609 297.500915527344 297.455749511719 297.430023193359 297.492309570312 297.591705322266 297.631134033203 297.620330810547 297.671478271484 297.682250976562 297.707092285156 297.821258544922
296.242858886719 296.203094482422 296.131500244141 296.155578613281 296.398986816406 296.598327636719 296.647705078125 296.741638183594 297.065185546875 297.488922119141 297.499267578125 297.127624511719 297.112945556641 297.374572753906 297.566436767578 297.675506591797 297.727844238281 297.593139648438 297.440155029297 297.609252929688 297.573181152344 297.371459960938 297.173706054688 297.077606201172 297.085174560547 297.121002197266 297.090881347656 296.8740234375 296.724945068359 296.691833496094 296.728668212891 296.788757324219 296.830017089844 296.895294189453 296.892883300781 296.961059570312 297.212951660156 297.439849853516 297.510009765625 297.50927734375 297.430694580078 297.381408691406 297.367279052734 297.380310058594 297.431060791016 297.470916748047 297.53125 297.5576171875 297.595550537109 297.623291015625 297.681304931641 297.766998291016
295.9384765625 296.083831787109 296.026580810547 296.278411865234 296.629089355469 296.498321533203 296.573516845703 296.706085205078 296.951904296875 297.163696289062 297.5322265625 297.566192626953 297.370330810547 297.471343994141 297.685150146484 297.767669677734 297.907592773438 297.975921630859 297.764678955078 297.782257080078 297.682861328125 297.453948974609 297.247741699219 297.266784667969 297.221435546875 297.01171875 296.881317138672 296.75732421875 296.726348876953 296.802764892578 296.845306396484 296.844390869141 296.922149658203 297.103149414062 297.178192138672 297.247253417969 297.469970703125 297.466278076172 297.406829833984 297.3857421875 297.314331054688 297.309875488281 297.428558349609 297.537261962891 297.609954833984 297.570648193359 297.621002197266 297.684295654297 297.684478759766 297.673797607422 297.778900146484 297.911468505859
296.105560302734 296.054718017578 295.967803955078 296.082885742188 296.202301025391 296.443328857422 296.825256347656 296.849395751953 296.821899414062 296.907196044922 297.219543457031 297.481414794922 297.595916748047 297.572906494141 297.651153564453 297.811096191406 297.928833007812 298.168426513672 298.156005859375 298.007141113281 297.854431152344 297.589111328125 297.367279052734 297.360748291016 297.34619140625 297.045593261719 296.758666992188 296.854522705078 296.986999511719 297.075958251953 297.018859863281 296.99560546875 297.190826416016 297.336944580078 297.430511474609 297.434661865234 297.461181640625 297.382720947266 297.321594238281 297.347778320312 297.338989257812 297.396453857422 297.622833251953 297.717071533203 297.739593505859 297.773468017578 297.866546630859 297.875518798828 297.789794921875 297.75390625 297.850799560547 298.017364501953
