R_scripts/int_process_data/Bio_14_2001.2020.asc
NCOLS 281 
NROWS 577 
XLLCORNER 81175.2677831308 
YLLCORNER -911.770678700996 
CELLSIZE 1000 
NODATA_value -3.4e+38 
[rows 336 to 356 of 577, columns 0 to 47 of 281]
-3.4e+38 -3.4e+38 -3.4e+38 -3.4e+38 -3.4e+38 -3.4e+38 -3.4e+38 -3.4e+38 -3.4e+38 -3.4e+38 7.72352903855023e-10 8.48018322230359e-10 7.94395049741325e-10 7.47648443155668e-10 8.12702793950848e-10 8.31340496443289e-10 8.76199501842478e-10 8.18640988331509e-10 8.56986814845584e-10 8.61676563435054e-10 7.8681783310941e-10 8.18245249334382e-10 7.89371623621804e-10 8.11047007331922e-10 9.33379928902411e-10 9.51215106681502e-10 9.53827128391538e-10 1.16787590709322e-09 1.32561039922763e-09 1.52811019393795e-09 1.70861669257505e-09 1.67848002163851e-09 1.37094569030438e-09 1.12519027428704e-09 1.02855690631287e-09 9.62859236786073e-10 8.69636307410104e-10 8.16128997715992e-10 8.83201511925336e-10 9.56771550875146e-10 9.56360324266825e-10 9.9944730269641e-10 1.03562414199843e-09 9.54201162528534e-10 7.95686183607813e-10 6.50851261774221e-10 6.35816954641655e-10 5.99728322558946e-10
-3.4e+38 -3.4e+38 -3.4e+38 -3.4e+38 -3.4e+38 -3.4e+38 -3.4e+38 -3.4e+38 -3.4e+38 6.58236409822877e-10 6.69756250459841e-10 7.29580673652919e-10 7.38234418040662e-10 6.96375956898976e-10 7.4344974620999e-10 7.55241869043743e-10 8.40929326173523e-10 7.80664699551181e-10 7.5935796539639e-10 7.34776461897013e-10 7.57191476186136e-10 7.52330642228571e-10 7.20096871020814e-10 8.12155231955103e-10 9.24281484682155e-10 9.00649610446891e-10 1.11394160562384e-09 1.36540279083164e-09 1.43979028699448e-09 1.65913671690276e-09 1.67158809016854e-09 1.39306133295491e-09 1.14227183267701e-09 1.03750086299925e-09 9.38641497860715e-10 9.18068066013689e-10 8.41615221958136e-10 8.02099942021073e-10 8.44038061664776e-10 9.31931865011393e-10 9.65590385426651e-10 1.0447390730306e-09 1.15968346037221e-09 1.03898811776304e-09 7.41179506658085e-10 6.12940698196951e-10 6.0187049788496e-10 5.6612536880607e-10
-3.4e+38 -3.4e+38 -3.4e+38 -3.4e+38 -3.4e+38 -3.4e+38 -3.4e+38 -3.4e+38 7.35709881904967e-10 7.7113054830491e-10 6.5859317999184e-10 6.35110297686481e-10 6.93233193072018e-10 6.49682696529652e-10 6.52217391206023e-10 6.89003076814743e-10 7.32288618632282e-10 7.29969917845352e-10 6.67683075494807e-10 6.65740573779772e-10 7.29942495336644e-10 6.74554856416876e-10 6.94926560740328e-10 8.29146473702025e-10 8.46468173332227e-10 8.80941208869501e-10 1.1897549612172e-09 1.12331632884377e-09 1.2682072059178e-09 1.504844027167e-09 1.36796940441997e-09 1.12087750192558e-09 1.00635788591319e-09 9.56617896008538e-10 9.19696874213116e-10 9.19381515362971e-10 8.66754334971631e-10 7.9836903754682e-10 8.13038525393495e-10 9.03851660183363e-10 9.16892173297157e-10 1.0449285881009e-09 1.25914634274693e-09 1.08826303524268e-09 7.28049620590809e-10 6.06255101676112e-10 6.04914063284667e-10 5.67062063971946e-10
-3.4e+38 -3.4e+38 -3.4e+38 -3.4e+38 -3.4e+38 -3.4e+38 -3.4e+38 -3.4e+38 8.46380632246735e-10 8.71799021862074e-10 6.99552860083941e-10 6.32739916017755e-10 6.42286057672692e-10 6.06306949091362e-10 5.91532489657709e-10 6.03492922301996e-10 6.2809457634927e-10 6.28475216313262e-10 6.84820256058316e-10 8.92292240095571e-10 8.94310847598945e-10 6.83545720026046e-10 7.67630736753233e-10 8.25203516630069e-10 7.39138472649614e-10 7.98297927762093e-10 1.00299091254641e-09 1.02749053709772e-09 1.22428489568449e-09 1.21916510220643e-09 1.09977493778501e-09 1.06364550500615e-09 9.88361392728621e-10 9.1369983801215e-10 8.89816165194901e-10 8.72230232484839e-10 8.48952241838674e-10 8.21875290046847e-10 8.32465485434142e-10 8.5091278467786e-10 9.50877931948924e-10 1.11278020131778e-09 1.25758703450884e-09 1.05014585916052e-09 7.09519665242908e-10 5.75894776311259e-10 5.92226434559251e-10 5.81419912215608e-10
-3.4e+38 -3.4e+38 -3.4e+38 -3.4e+38 -3.4e+38 -3.4e+38 -3.4e+38 7.17333914490581e-10 9.05550023855284e-10 8.38430380678545e-10 7.34342364694385e-10 6.73969602349445e-10 5.88016968450233e-10 6.1940313988984e-10 6.57194687558871e-10 6.24800877702114e-10 6.6629235462301e-10 6.77514100377863e-10 6.86660506232784e-10 9.55041268291268e-10 9.45063138857449e-10 7.25491389186317e-10 8.88664253295701e-10 9.05638619652649e-10 7.72423347505935e-10 7.58753282426028e-10 8.57540594090267e-10 9.19152198797235e-10 1.01421482323616e-09 1.01585062584064e-09 9.78557124220458e-10 1.03736064183124e-09 1.05555564289261e-09 1.00159025517854e-09 9.53986001306362e-10 9.55084122900018e-10 9.40904687496413e-10 9.39361477492184e-10 9.07956543283461e-10 7.90623844171279e-10 8.44049830028837e-10 1.07349762412667e-09 1.19646137441975e-09 9.65288626808558e-10 6.954505304968e-10 5.69081060053378e-10 5.41276634624666e-10 5.5454396630239e-10
-3.4e+38 -3.4e+38 -3.4e+38 -3.4e+38 -3.4e+38 -3.4e+38 -3.4e+38 7.09767578044307e-10 8.95180984894495e-10 8.24107615482461e-10 7.61631036017008e-10 7.61634921797594e-10 6.08912531507855e-10 6.23916862618756e-10 6.90553336735178e-10 6.55858423126432e-10 6.94490132069348e-10 7.57200246948031e-10 7.60981166969543e-10 8.18942080815788e-10 9.42153244309907e-10 8.17692802357328e-10 8.42034941772596e-10 9.91385751270002e-10 9.30133137178046e-10 7.54014017889659e-10 7.38547112355548e-10 8.20532863876622e-10 9.23773335603784e-10 9.46981160154792e-10 9.21064169379093e-10 9.94175408663978e-10 1.09868736331009e-09 1.06796804733023e-09 1.03183672717222e-09 1.05911124315128e-09 9.94493487560533e-10 9.6169228136489e-10 9.29523402692922e-10 8.25305046525671e-10 7.55515927597372e-10 9.1037527516491e-10 1.05571673625349e-09 8.36504199241972e-10 6.34980790170658e-10 6.02675909178174e-10 5.59655488618915e-10 5.15390841115959e-10
-3.4e+38 -3.4e+38 -3.4e+38 -3.4e+38 -3.4e+38 -3.4e+38 -3.4e+38 -3.4e+38 8.55477244599001e-10 8.76797912052751e-10 8.07295952309772e-10 8.43864755850632e-10 6.81932343926661e-10 6.67301491841243e-10 6.37444652618058e-10 6.68228250511049e-10 7.01732449925885e-10 7.69545760448409e-10 7.383127997862e-10 6.88321177833018e-10 9.27539212103312e-10 9.41272171317564e-10 9.10092945449748e-10 1.05555175711203e-09 1.0223140112231e-09 7.71887387340797e-10 7.36398553247142e-10 7.65761787313579e-10 8.42434066949949e-10 8.72590444345178e-10 9.25349907809903e-10 1.03725017464029e-09 1.08798514641961e-09 1.05395325800117e-09 9.67739777202326e-10 9.65915458728261e-10 1.02196262563581e-09 1.09872344555839e-09 1.08989983704788e-09 1.02315000916064e-09 8.29848467720495e-10 7.76504249788701e-10 8.79763761840735e-10 7.11510850237573e-10 5.62759949751523e-10 5.73623260002876e-10 5.77207337482122e-10 4.98026841988519e-10
-3.4e+38 -3.4e+38 -3.4e+38 -3.4e+38 -3.4e+38 -3.4e+38 -3.4e+38 6.34059249549068e-10 8.38356051247047e-10 9.24784082645402e-10 8.90346907311823e-10 9.36758226544043e-10 7.52111373181208e-10 7.07516267794972e-10 7.08138880867182e-10 7.24198589985292e-10 7.84034059897465e-10 8.50734371837802e-10 7.16769976705223e-10 5.85334558600437e-10 6.74625688645847e-10 7.68589636379602e-10 8.68617677785011e-10 1.13643994215096e-09 1.12478826252982e-09 8.47416803395618e-10 8.87221629497503e-10 7.40018490930083e-10 7.9485062975948e-10 8.40863101370104e-10 9.13564945914658e-10 9.89952564367513e-10 1.09797693159663e-09 1.08839548484951e-09 1.01547725783746e-09 1.03408315244025e-09 1.18438125973341e-09 1.25974253251115e-09 1.23033183641041e-09 1.16576026609749e-09 9.79537562173505e-10 7.77674535878958e-10 7.90779997039692e-10 6.39907404842432e-10 5.201153396861e-10 4.99050856195282e-10 5.06621578022504e-10 4.81528150686472e-10
-3.4e+38 -3.4e+38 -3.4e+38 -3.4e+38 -3.4e+38 -3.4e+38 -3.4e+38 6.51374842952634e-10 8.8661644692678e-10 9.1173008032186e-10 9.2787905137115e-10 1.02614039487747e-09 8.40917058209101e-10 7.29391214093766e-10 7.85226161870156e-10 8.23205004163441e-10 8.20803536250025e-10 8.50234549432116e-10 6.83366030429511e-10 6.01675431699533e-10 6.70952016168513e-10 7.48452411158951e-10 8.47703129913668e-10 1.11640929834067e-09 1.28743316007984e-09 1.10662368157932e-09 1.04372621656523e-09 7.45851658212615e-10 7.71289032641675e-10 9.68399249678953e-10 1.08402076204328e-09 1.13579379235063e-09 1.19596832437452e-09 1.19023135791707e-09 1.13376619204075e-09 1.17442999769679e-09 1.29888810818102e-09 1.25424959307452e-09 1.20591048258234e-09 1.21177967660202e-09 1.16311460462981e-09 1.0654107596153e-09 1.00783603684818e-09 7.06758929158724e-10 5.23895427040344e-10 4.92303198207367e-10 4.85604056965627e-10 4.6567483202864e-10
-3.4e+38 -3.4e+38 -3.4e+38 -3.4e+38 -3.4e+38 -3.4e+38 -3.4e+38 7.12096048793853e-10 8.48030312639025e-10 7.70881081191277e-10 8.27392931945781e-10 9.10246489294053e-10 8.41254677030889e-10 7.85197795671877e-10 7.76764486065673e-10 8.63330240630233e-10 7.55338902536096e-10 6.77886524691473e-10 6.36953101373905e-10 6.10194006434028e-10 6.68822885963039e-10 7.30200233611811e-10 7.68521635219344e-10 9.47351308511202e-10 1.28507904317843e-09 1.33590549733498e-09 1.24247523380916e-09 9.02325714147167e-10 8.04369126861104e-10 1.00250918677602e-09 1.23782151195684e-09 1.3867174075699e-09 1.38410261030231e-09 1.35553279712042e-09 1.32884747650053e-09 1.3473488991167e-09 1.35523525734982e-09 1.22705923200073e-09 1.1369917229942e-09 1.13983034122356e-09 1.14628528891103e-09 1.15351639351502e-09 1.09705677875382e-09 7.93673349264168e-10 5.55788415290692e-10 4.99949637244868e-10 4.92107798955033e-10 4.69365435407099e-10
-3.4e+38 -3.4e+38 -3.4e+38 -3.4e+38 -3.4e+38 -3.4e+38 5.59553625656406e-10 7.22950699305613e-10 7.30480953503587e-10 7.07208736017151e-10 6.97210955635796e-10 7.00126623343067e-10 7.13768655291602e-10 6.89834855904792e-10 7.8108575163327e-10 8.84169570891657e-10 7.28887450396343e-10 6.6463229364544e-10 7.3427269819959e-10 6.26910579004658e-10 6.40366593085417e-10 7.52987561192242e-10 8.17418355225641e-10 9.25500731607798e-10 1.22103782640437e-09 1.34351896274865e-09 1.30779576057449e-09 1.03801889306254e-09 8.55574278091353e-10 1.0372143144366e-09 1.27884980383186e-09 1.44385936540203e-09 1.41433076361608e-09 1.39028577539335e-09 1.49840206908891e-09 1.44611989050247e-09 1.36574707099157e-09 1.35322930638893e-09 1.21649057494011e-09 1.14495446457141e-09 1.10643194606297e-09 1.00340324937775e-09 9.4114482873664e-10 7.47058859218441e-10 5.33369182154075e-10 4.72282712937755e-10 4.66542471322384e-10 4.59527860208198e-10
-3.4e+38 -3.4e+38 -3.4e+38 -3.4e+38 -3.4e+38 -3.4e+38 5.48602108185747e-10 6.63697319325252e-10 7.65568330951538e-10 9.21416221100202e-10 8.80321038287946e-10 7.09352743211156e-10 6.6741134840953e-10 7.0751754455145e-10 8.46267944609735e-10 9.72972480361989e-10 8.82561967952e-10 7.79139197604195e-10 8.48400627528889e-10 6.469572100265e-10 6.54352239060074e-10 8.07808153702183e-10 8.68399629982974e-10 1.08500231021935e-09 1.37435784974826e-09 1.30487687322045e-09 1.27565569219001e-09 1.09032138873033e-09 9.44902489585786e-10 1.12388809370145e-09 1.33109401279086e-09 1.39812594834865e-09 1.36086497626309e-09 1.32750899162204e-09 1.4616481358587e-09 1.29719712749221e-09 1.1838758862126e-09 1.34770195003853e-09 1.25548649254625e-09 1.12010822839181e-09 1.05875841427405e-09 9.96349891480008e-10 7.78675179891053e-10 6.71792732553911e-10 5.49705836405678e-10 4.63905081016236e-10 4.51430781645001e-10 4.41362307812554e-10
-3.4e+38 -3.4e+38 -3.4e+38 -3.4e+38 -3.4e+38 -3.4e+38 5.39888467265826e-10 7.63741625497971e-10 9.73818692351358e-10 1.07546649363854e-09 1.05301034558636e-09 9.38938149452895e-10 9.20600262688254e-10 8.87234341551135e-10 8.04229294271153e-10 8.77095951423712e-10 9.45243328054346e-10 8.95634733044659e-10 8.51744785812514e-10 6.4865152138438e-10 6.83857914740571e-10 8.19855017208937e-10 8.25077395294471e-10 9.64814561577043e-10 1.05996722510326e-09 1.03206421186997e-09 1.1128622467993e-09 1.11351450282626e-09 1.03850472665812e-09 1.20304355366585e-09 1.35032951487091e-09 1.39313649505368e-09 1.30105781703804e-09 1.18487608613549e-09 1.23914789540436e-09 1.04220454488768e-09 9.18644493808074e-10 1.04060526862071e-09 9.69403002315516e-10 8.5980128572416e-10 7.9213108294951e-10 7.90769116854051e-10 6.66629862422496e-10 5.77233205678596e-10 5.48052381255104e-10 5.05348596302468e-10 4.5873987941647e-10 4.25362689515651e-10
-3.4e+38 -3.4e+38 -3.4e+38 -3.4e+38 -3.4e+38 -3.4e+38 5.22500043231844e-10 7.3628936281267e-10 8.87476592215108e-10 8.78745909371759e-10 8.79805728271066e-10 9.35701405246903e-10 1.04205766238152e-09 1.07907160984411e-09 8.21042123178017e-10 7.9378570383426e-10 8.75263972410778e-10 9.57313006644256e-10 8.11493205965519e-10 6.33933738836134e-10 7.05928648869758e-10 7.49939610411587e-10 7.58640594789028e-10 8.66394123111291e-10 9.22046272666677e-10 9.76964065202424e-10 1.06771069763312e-09 1.08547359989331e-09 1.1643765951419e-09 1.25981092224947e-09 1.48454670778619e-09 1.50177592583844e-09 1.2583425412771e-09 1.09916287183154e-09 1.09890196942075e-09 1.00741592845566e-09 7.77399422613456e-10 7.66421315301358e-10 7.48174799891643e-10 7.81138598249242e-10 7.53228535099737e-10 6.35120733782912e-10 5.37143274303986e-10 5.38806554928328e-10 5.56375945315324e-10 5.72634328843691e-10 4.76282902006631e-10 4.12936629334837e-10
-3.4e+38 -3.4e+38 -3.4e+38 -3.4e+38 -3.4e+38 -3.4e+38 5.05052388799498e-10 6.18676998520584e-10 7.52759576894135e-10 7.68791141858571e-10 7.92436449792433e-10 8.62366233977951e-10 9.4461682920155e-10 1.11096321031567e-09 9.73031988316109e-10 7.79421527319357e-10 8.25670920523436e-10 1.03889796765344e-09 9.30288068801133e-10 6.90111523482528e-10 6.6068739368319e-10 7.22213788773018e-10 7.36109506682681e-10 9.06730746041973e-10 1.0732372768274e-09 1.04660158317671e-09 1.03378094973294e-09 1.10294917643472e-09 1.31992961005523e-09 1.41511957707507e-09 1.72436742662541e-09 1.61386071173553e-09 1.31769506417356e-09 1.21964383037465e-09 1.23834453802374e-09 1.23092802617464e-09 8.16492096156196e-10 6.78827827282902e-10 6.64672483718931e-10 7.21697701600021e-10 7.4281136797083e-10 6.3640642755658e-10 5.70314850900644e-10 7.39489858236908e-10 7.92775456393002e-10 6.58875676240456e-10 4.65304822450108e-10 4.09586198291123e-10
-3.4e+38 -3.4e+38 -3.4e+38 -3.4e+38 -3.4e+38 -3.4e+38 -3.4e+38 6.18041340327835e-10 8.24708912272598e-10 9.31958621386286e-10 9.4183150167737e-10 8.71611116615156e-10 8.80059580765646e-10 1.06699116209086e-09 1.18963527917515e-09 1.017156026073e-09 8.86984985459804e-10 1.13464959650145e-09 1.13691378533787e-09 7.94543875137776e-10 6.64360122470953e-10 7.76940289881622e-10 7.93318855052405e-10 9.56977941335424e-10 1.13490794539928e-09 1.07551356709479e-09 1.03788244665282e-09 1.21476706471668e-09 1.4546241988711e-09 1.55837676096837e-09 1.77121117772572e-09 1.65341673685759e-09 1.41895228900069e-09 1.31643396183989e-09 1.44029743687213e-09 1.31888056031926e-09 8.77465711202063e-10 7.38607341954634e-10 7.05967617697922e-10 7.46109007909723e-10 7.82334086402159e-10 7.04359570669055e-10 7.47891748531515e-10 9.12808495456829e-10 8.69438077089058e-10 6.19343187846511e-10 4.34908775659437e-10 4.11922107534934e-10
-3.4e+38 -3.4e+38 -3.4e+38 -3.4e+38 -3.4e+38 -3.4e+38 -3.4e+38 6.11723560695054e-10 8.51602677265362e-10 9.74712310863879e-10 1.03396546879964e-09 1.03117592242796e-09 9.83837122880971e-10 9.89184734123683e-10 1.1222129892019e-09 1.22333143615094e-09 1.03857267230723e-09 1.03164998765948e-09 1.12635956117657e-09 9.91600690447569e-10 8.27989954377273e-10 8.78983164032121e-10 9.46176803573451e-10 9.93527815573714e-10 1.17321852233232e-09 1.18506682245112e-09 1.12823461684286e-09 1.30518751362274e-09 1.50197454473755e-09 1.47877188272361e-09 1.50252443820165e-09 1.52633261585322e-09 1.46626411012818e-09 1.39555111910994e-09 1.54197199453421e-09 1.34095445858406e-09 1.12011722119831e-09 9.30057419967767e-10 8.61724358536264e-10 9.31238919310573e-10 9.54271550668295e-10 8.74726346911103e-10 9.08356445616931e-10 9.36918098659589e-10 7.83455078590123e-10 5.12629660942565e-10 4.10382783311292e-10 4.1273345852133e-10
-3.4e+38 -3.4e+38 -3.4e+38 -3.4e+38 -3.4e+38 -3.4e+38 4.7233161826199e-10 5.58533275185624e-10 8.3950857376891e-10 9.3138574630558e-10 8.98309815422493e-10 9.67586122335717e-10 1.10135123243538e-09 1.10481968018661e-09 1.06770148278201e-09 1.21587317991612e-09 1.22787291445547e-09 1.05029029917603e-09 1.04093267339067e-09 1.1389351683988e-09 1.10701448008399e-09 1.06947384281852e-09 1.11256148738192e-09 1.07668673976491e-09 1.09485942534349e-09 1.20972909467554e-09 1.20558296679008e-09 1.32376476447149e-09 1.39933253873181e-09 1.35530309197662e-09 1.29861754682992e-09 1.35056732464278e-09 1.39584288572081e-09 1.44182366046408e-09 1.52645629469816e-09 1.49868950582999e-09 1.44077183517055e-09 1.20727716712565e-09 1.02015029757041e-09 1.05003539196957e-09 1.03034203391417e-09 9.80610148637595e-10 9.65428514909661e-10 8.55154114187684e-10 7.07994829429737e-10 4.63882904311319e-10 4.07624295428732e-10 4.14878326138179e-10
-3.4e+38 -3.4e+38 -3.4e+38 -3.4e+38 -3.4e+38 -3.4e+38 -3.4e+38 5.30846255841766e-10 7.51507744922719e-10 7.35065841528382e-10 7.42676420362187e-10 8.84473883022707e-10 1.01781871819639e-09 1.10772435668594e-09 1.16120579818357e-09 1.19519316665873e-09 1.31299182637434e-09 1.36437705577919e-09 1.22874144192764e-09 1.14183640320675e-09 1.19959353561683e-09 1.22653232015324e-09 1.2999289422666e-09 1.26179078296929e-09 1.16709586439612e-09 1.194434551266e-09 1.22831000926027e-09 1.28173660574049e-09 1.23604004809152e-09 1.33469901797412e-09 1.26152455148798e-09 1.22544563385674e-09 1.26578181269821e-09 1.33256283785244e-09 1.42149325643715e-09 1.52964041433279e-09 1.40980838114757e-09 1.22794852064345e-09 1.0617000612001e-09 9.88512049993062e-10 9.09511133073693e-10 9.19588238890157e-10 9.67254831785169e-10 7.81752274026104e-10 5.80656633886178e-10 4.34904529056368e-10 4.17582135536776e-10 4.20874141093819e-10
-3.4e+38 -3.4e+38 -3.4e+38 -3.4e+38 -3.4e+38 -3.4e+38 -3.4e+38 5.24198739970672e-10 6.5029442941622e-10 6.37117358870398e-10 7.16997572425271e-10 9.02992847162665e-10 9.9983188395214e-10 1.05838982022988e-09 1.14079556912117e-09 1.26762200736152e-09 1.39534916954176e-09 1.55659007905484e-09 1.4872792997167e-09 1.30145116905567e-09 1.35000399748009e-09 1.36255451366196e-09 1.35700017889206e-09 1.26262689192913e-09 1.14721210309199e-09 1.1036651592633e-09 1.14375964255231e-09 1.19265941567193e-09 1.09835440742501e-09 1.20044829632349e-09 1.23088417236517e-09 1.1392596865889e-09 1.18456600084471e-09 1.20500665001799e-09 1.25600330136422e-09 1.42905076661037e-09 1.40602551823577e-09 1.23503451909812e-09 1.02777630850426e-09 9.43520150897825e-10 7.99552202224163e-10 8.06311073464627e-10 9.27320220611705e-10 7.04121316807971e-10 4.80290363036318e-10 4.26438218070757e-10 4.2892883689305e-10 4.28122759466021e-10
-3.4e+38 -3.4e+38 -3.4e+38 -3.4e+38 -3.4e+38 -3.4e+38 -3.4e+38 5.56994672606947e-10 7.14375447685711e-10 7.84581843937815e-10 7.05427771752198e-10 8.03489608180996e-10 9.44966771498912e-10 9.98889304604234e-10 1.08716213809146e-09 1.25928090177752e-09 1.40499289980056e-09 1.43472322911009e-09 1.44096956589124e-09 1.33204203223158e-09 1.33356459208755e-09 1.3624660288869e-09 1.33573130334241e-09 1.2453491571307e-09 1.09465314590551e-09 1.03730612988073e-09 1.05460395971591e-09 1.08447850699633e-09 1.04562625224958e-09 1.00236141609145e-09 1.08234943230201e-09 1.08682429722506e-09 1.17198495352966e-09 1.10981668299814e-09 1.12651632466765e-09 1.28215060790637e-09 1.3117682495789e-09 1.12558407039387e-09 9.93935489468356e-10 1.07935582693841e-09 9.5473928762857e-10 7.12854275608521e-10 7.30273508331436e-10 5.73804392889343e-10 4.40639025267586e-10 4.34490859957393e-10 4.36296498929067e-10 4.36287284077963e-10
