R_scripts/int_process_data/Bio_02.asc
NCOLS 281 
NROWS 576 
XLLCORNER 81175.2677831308 
YLLCORNER 88.2293212990044 
CELLSIZE 1000 
NODATA_value -3.4e+38 
[rows 552 to 574 of 576, columns 104 to 155 of 281]
8.79666614532471 8.8007640838623 8.79801273345947 8.78621387481689 8.7577600479126 8.6365213394165 7.99733924865723 7.85907125473022 7.73166656494141 7.62418794631958 7.61511898040771 7.53497362136841 7.4726505279541 7.4227991104126 7.38201713562012 7.34833526611328 7.33313894271851 7.31794309616089 7.30274724960327 7.2875509262085 7.27235507965088 7.25715923309326 7.24196290969849 7.22676706314087 7.21157073974609 7.19637489318848 7.17645454406738 7.15646600723267 7.13647794723511 7.11648941040039 7.09650087356567 7.07651233673096 7.05652379989624 7.03653573989868 7.01654720306396 6.99655866622925 6.98144626617432 6.96657514572144 6.95170402526855 6.93683338165283 6.92196226119995 6.90709114074707 6.89222002029419 6.87734889984131 6.86247825622559 6.84760713577271 6.85557174682617 6.86552476882935 6.87547826766968 6.88543128967285 6.89538478851318 6.90533781051636
8.68442058563232 8.67869472503662 8.66460990905762 8.63962841033936 8.59594249725342 7.84959697723389 7.69918251037598 7.55956983566284 7.42896556854248 7.31392621994019 7.25965404510498 7.21981048583984 7.19028806686401 7.16753625869751 7.14946556091309 7.13471269607544 7.11851739883423 7.10232257843018 7.08612728118896 7.06993246078491 7.0537371635437 7.03754234313965 7.0213475227356 7.00515222549438 6.98895740509033 6.97276210784912 6.9511866569519 6.9295334815979 6.90787982940674 6.88622665405273 6.86457347869873 6.84292030334473 6.82126712799072 6.79961395263672 6.77796030044556 6.75630712509155 6.74188709259033 6.72782468795776 6.7137622833252 6.69969987869263 6.68563795089722 6.67157554626465 6.65751314163208 6.64345073699951 6.6293888092041 6.61532640457153 6.62659788131714 6.64007520675659 6.6535530090332 6.66703081130981 6.68050861358643 6.69398593902588
8.62057876586914 8.60982608795166 8.59019565582275 8.55912685394287 7.75222778320312 7.67346429824829 7.53051042556763 7.39747667312622 7.27157497406006 7.15139961242676 7.00103616714478 7.00103616714478 7.00103616714478 7.00103616714478 7.00103616714478 7.00057697296143 6.97616672515869 6.95194292068481 6.927903175354 6.90404558181763 6.88036823272705 6.85686874389648 6.83354520797729 6.81039571762085 6.78741836547852 6.76461124420166 6.7423210144043 6.72003698348999 6.69775295257568 6.67546892166138 6.65318536758423 6.63090133666992 6.60861730575562 6.58633327484131 6.564049243927 6.54176568984985 6.52809000015259 6.51484107971191 6.50159168243408 6.48834276199341 6.47509336471558 6.4618444442749 6.44859504699707 6.4353461265564 6.42209672927856 6.40884733200073 6.42711114883423 6.44826936721802 6.46958637237549 6.49106359481812 6.51270246505737 6.53450584411621
8.56126308441162 8.54624080657959 8.52199649810791 7.73825120925903 7.67726230621338 7.60286426544189 7.4718770980835 7.35105228424072 7.23799180984497 7.13157796859741 7.00103616714478 7.00103616714478 7.00103616714478 7.00103616714478 7.00103616714478 7.00012969970703 6.95251560211182 6.90635967254639 6.86159563064575 6.8181619644165 6.77599954605103 6.73505401611328 6.69527292251587 6.65660762786865 6.61901140213013 6.58244132995605 6.56105518341064 6.53988027572632 6.51870584487915 6.49753141403198 6.47635698318481 6.45518207550049 6.43400764465332 6.41283321380615 6.39165878295898 6.37048387527466 6.35764265060425 6.34521389007568 6.33278560638428 6.32035684585571 6.30792808532715 6.29549932479858 6.28307056427002 6.27064180374146 6.25821304321289 6.24578428268433 6.27533721923828 6.30943918228149 6.34451007843018 6.38059139251709 6.41772747039795 6.45596551895142
8.5060567855835 8.48740482330322 7.72460412979126 7.67424392700195 7.61590194702148 7.54568099975586 7.42493534088135 7.31436109542847 7.21182537078857 7.11637353897095 7.00103616714478 7.00103616714478 7.00103616714478 7.00103616714478 7.00103616714478 6.99956607818604 6.92348575592041 6.85182762145996 6.78421688079834 6.7203197479248 6.65983915328979 6.60250806808472 6.54808616638184 6.49635791778564 6.44712781906128 6.40021991729736 6.37978887557983 6.3597240447998 6.33965873718262 6.31959342956543 6.2995285987854 6.27946329116821 6.25939798355103 6.239333152771 6.21926784515381 6.19920253753662 6.18719530105591 6.17558717727661 6.16397905349731 6.15237092971802 6.14076232910156 6.12915420532227 6.11754608154297 6.10593748092651 6.09432935714722 6.08272123336792 6.12072801589966 6.16506195068359 6.21164083480835 6.26063871383667 6.3122501373291 6.36668920516968
8.45457363128662 7.7111496925354 7.66901159286499 7.62046337127686 7.56475067138672 7.49842119216919 7.38650512695312 7.28463220596313 7.19086313247681 7.10434150695801 7.00103616714478 7.00103616714478 7.00103616714478 7.00103616714478 7.00103616714478 6.99883365631104 6.8870062828064 6.78542423248291 6.69274044036865 6.60783576965332 6.52976942062378 6.45774745941162 6.39109420776367 6.32923078536987 6.2716588973999 6.21794700622559 6.19852304458618 6.17956733703613 6.16061162948608 6.14165592193604 6.12270021438599 6.10374402999878 6.08478832244873 6.06583261489868 6.04687690734863 6.02792119979858 6.01674795150757 6.00596046447754 5.99517250061035 5.98438453674316 5.97359704971313 5.96280908584595 5.95202112197876 5.94123363494873 5.93044567108154 5.91965770721436 5.96320295333862 6.01479864120483 6.07022714614868 6.12993192672729 6.19442701339722 6.26431369781494
8.04447650909424 8.00808811187744 7.96331024169922 7.90866279602051 7.84229373931885 7.75789785385132 7.36549186706543 7.26373434066772 7.1703667640686 7.08337259292603 7.00103616714478 7.00103616714478 7.00103616714478 7.00103616714478 7.00103616714478 6.99784326553345 6.83978843688965 6.70280027389526 6.5829291343689 6.47715616226196 6.38313245773315 6.2990026473999 6.2232837677002 6.15477418899536 6.09249114990234 6.03562259674072 6.01725721359253 5.99941062927246 5.98156452178955 5.96371793746948 5.94587182998657 5.9280252456665 5.91017913818359 5.89233255386353 5.87448596954346 5.85663986206055 5.84630060195923 5.83633327484131 5.82636594772339 5.81639862060547 5.80643129348755 5.79646396636963 5.78649663925171 5.77652931213379 5.76656198501587 5.75659465789795 5.80267906188965 5.8582820892334 5.91941785812378 5.9869556427002 6.06195592880249 6.14572811126709
7.99737882614136 7.96096420288086 7.91675806045532 7.86353635787964 7.79984045028687 7.72019529342651 7.29974937438965 7.21121644973755 7.13525104522705 7.07460880279541 6.94731426239014 6.9417724609375 6.93496704101562 6.92641401290894 6.91414880752563 6.83894157409668 6.6888256072998 6.55507564544678 6.43252611160278 6.26295185089111 6.21654748916626 6.12414407730103 6.04349613189697 5.97249460220337 5.90950584411621 5.85324668884277 5.83599138259888 5.81925439834595 5.80251741409302 5.78578042984009 5.76904344558716 5.75230646133423 5.7355694770813 5.71883249282837 5.70209550857544 5.68535852432251 5.67585372924805 5.66670656204224 5.65755987167358 5.64841270446777 5.63926601409912 5.63011884689331 5.62097215652466 5.61182498931885 5.6026782989502 5.59353160858154 5.63906955718994 5.69511318206787 5.75824403762817 5.82989740371704 5.9119234085083 6.05465030670166
7.95977354049683 7.92474746704102 7.88288068771362 7.83334875106812 7.77530956268311 7.70436429977417 7.23710775375366 7.16116523742676 7.09974670410156 7.05346345901489 6.8873085975647 6.87612247467041 6.8625168800354 6.84562253952026 6.82282114028931 6.73135757446289 6.57728672027588 6.43558168411255 6.14990425109863 6.05714321136475 6.02564764022827 5.93058729171753 5.85040235519409 5.78185367584229 5.72258043289185 5.67081928253174 5.65472507476807 5.63909769058228 5.62346982955933 5.60784244537354 5.59221506118774 5.57658720016479 5.560959815979 5.54533195495605 5.52970457077026 5.51407718658447 5.50540637969971 5.49707984924316 5.48875331878662 5.48042678833008 5.47210025787354 5.46377372741699 5.45544767379761 5.44712114334106 5.43879461288452 5.43046808242798 5.47228479385376 5.5248589515686 5.58559942245483 5.65656900405884 5.74059057235718 5.77941274642944
7.93053197860718 7.8979606628418 7.85968637466431 7.8153133392334 7.76462030410767 7.70411682128906 7.16596078872681 7.0979962348938 7.04276084899902 6.99752473831177 6.80774879455566 6.78960609436035 6.76773738861084 6.74088191986084 6.70590972900391 6.60204553604126 6.43947649002075 6.02603149414062 5.91691541671753 5.82488775253296 5.80469036102295 5.71516370773315 5.6424674987793 5.58226346969604 5.53158617019653 5.48834037780762 5.47345924377441 5.4589409828186 5.44442272186279 5.42990446090698 5.41538667678833 5.40086841583252 5.38635015487671 5.3718318939209 5.35731363296509 5.34279537200928 5.33495903015137 5.32745265960693 5.31994676589966 5.31244087219238 5.30493497848511 5.29742908477783 5.2899227142334 5.28241682052612 5.27491092681885 5.26740503311157 5.30223178863525 5.34704732894897 5.40021371841431 5.46430492401123 5.54307413101196 5.571533203125
7.90842771530151 7.87900924682617 7.84505462646484 7.80653476715088 7.76370525360107 7.71361541748047 7.07628202438354 7.01117563247681 -3.4e+38 -3.4e+38 -3.4e+38 6.67830610275269 6.64654922485352 6.60794353485107 6.55887937545776 6.44126081466675 5.88127851486206 5.759521484375 5.64780044555664 5.55397319793701 5.54596900939941 5.47394561767578 5.41791296005249 5.37307739257812 5.3363881111145 5.30580949783325 5.29219341278076 5.27878475189209 5.26537561416626 5.25196695327759 5.23855829238892 5.22514915466309 5.21174049377441 5.19833183288574 5.18492269515991 5.17151403427124 5.16451168060303 5.15782594680786 5.1511402130127 5.14445495605469 5.13776922225952 5.13108396530151 5.12439823150635 5.11771297454834 5.11102724075317 5.10434198379517 5.12881278991699 5.16116380691528 5.20062303543091 5.24982213973999 5.31287527084351 5.32964754104614
7.89224052429199 7.86634349822998 7.836989402771 -3.4e+38 -3.4e+38 -3.4e+38 -3.4e+38 -3.4e+38 -3.4e+38 -3.4e+38 -3.4e+38 -3.4e+38 -3.4e+38 -3.4e+38 6.41379594802856 5.75131368637085 5.61849212646484 5.4955906867981 5.38111925125122 5.28116512298584 5.23889875411987 5.20200538635254 5.17466259002686 5.15358781814575 5.1368465423584 5.1232271194458 5.11092758178711 5.09862804412842 5.08632850646973 5.07402896881104 5.0617299079895 5.04943037033081 5.03713083267212 5.02483129501343 5.01253223419189 5.0002326965332 4.99406433105469 4.98819923400879 4.98233413696289 4.97646903991699 4.97060394287109 4.9647388458252 4.9588737487793 4.9530086517334 4.9471435546875 4.9412784576416 4.95192766189575 4.96664619445801 4.98512935638428 5.00903272628784 5.04115056991577 5.08741569519043
-3.4e+38 -3.4e+38 -3.4e+38 -3.4e+38 -3.4e+38 -3.4e+38 -3.4e+38 -3.4e+38 -3.4e+38 -3.4e+38 -3.4e+38 -3.4e+38 -3.4e+38 -3.4e+38 -3.4e+38 -3.4e+38 5.46714353561401 5.34981489181519 5.23911190032959 5.13381338119507 5.00266122817993 5.00266122817993 5.00266122817993 5.00266122817993 5.00266122817993 5.00266122817993 4.99125862121582 4.97969150543213 4.9681248664856 4.9565577507019 4.94499063491821 4.93342351913452 4.92185640335083 4.9102897644043 4.89872264862061 4.88715553283691 4.88153791427612 4.87621450424194 4.87089061737061 4.86556720733643 4.86024379730225 4.85492038726807 4.84959697723389 4.84427356719971 4.83895015716553 4.83362674713135 4.83320045471191 4.83320045471191 4.83320045471191 4.83320045471191 4.83320045471191 4.9567699432373
-3.4e+38 -3.4e+38 -3.4e+38 -3.4e+38 -3.4e+38 -3.4e+38 -3.4e+38 -3.4e+38 -3.4e+38 -3.4e+38 -3.4e+38 -3.4e+38 -3.4e+38 -3.4e+38 -3.4e+38 -3.4e+38 -3.4e+38 -3.4e+38 -3.4e+38 5.11652421951294 5.00266122817993 5.00266122817993 5.00266122817993 5.00266122817993 5.00266122817993 5.00266122817993 4.99125862121582 4.97969150543213 4.9681248664856 4.9565577507019 4.94499063491821 4.93342351913452 4.92185640335083 4.9102897644043 4.89872264862061 4.88715553283691 4.88153791427612 4.87621450424194 4.87089061737061 4.86556720733643 4.86024379730225 4.85492038726807 4.84959697723389 4.84427356719971 4.83895015716553 4.83362674713135 4.83320045471191 4.83320045471191 4.83320045471191 4.83320045471191 4.83320045471191 4.94082021713257
-3.4e+38 -3.4e+38 -3.4e+38 -3.4e+38 -3.4e+38 -3.4e+38 -3.4e+38 -3.4e+38 -3.4e+38 -3.4e+38 -3.4e+38 -3.4e+38 -3.4e+38 -3.4e+38 -3.4e+38 -3.4e+38 -3.4e+38 -3.4e+38 -3.4e+38 -3.4e+38 5.00266122817993 5.00266122817993 5.00266122817993 5.00266122817993 5.00266122817993 5.00266122817993 4.99125862121582 4.97969150543213 4.9681248664856 4.9565577507019 4.94499063491821 4.93342351913452 4.92185640335083 4.9102897644043 4.89872264862061 4.88715553283691 4.88153791427612 4.87621450424194 4.87089061737061 4.86556720733643 4.86024379730225 4.85492038726807 4.84959697723389 4.84427356719971 4.83895015716553 4.83362674713135 4.83320045471191 4.83320045471191 4.83320045471191 4.83320045471191 4.83320045471191 -3.4e+38
-3.4e+38 -3.4e+38 -3.4e+38 -3.4e+38 -3.4e+38 -3.4e+38 -3.4e+38 -3.4e+38 -3.4e+38 -3.4e+38 -3.4e+38 -3.4e+38 -3.4e+38 -3.4e+38 -3.4e+38 -3.4e+38 -3.4e+38 -3.4e+38 -3.4e+38 -3.4e+38 -3.4e+38 -3.4e+38 5.00266122817993 5.00266122817993 5.00266122817993 5.00266122817993 4.99125862121582 4.97969150543213 4.9681248664856 4.9565577507019 4.94499063491821 4.93342351913452 4.92185640335083 4.9102897644043 4.89872264862061 4.88715553283691 4.88153791427612 4.87621450424194 4.87089061737061 4.86556720733643 4.86024379730225 4.85492038726807 4.84959697723389 4.84427356719971 4.83895015716553 4.83362674713135 4.83320045471191 4.83320045471191 4.83320045471191 -3.4e+38 -3.4e+38 -3.4e+38
-3.4e+38 -3.4e+38 -3.4e+38 -3.4e+38 -3.4e+38 -3.4e+38 -3.4e+38 -3.4e+38 -3.4e+38 -3.4e+38 -3.4e+38 -3.4e+38 -3.4e+38 -3.4e+38 -3.4e+38 -3.4e+38 -3.4e+38 -3.4e+38 -3.4e+38 -3.4e+38 -3.4e+38 -3.4e+38 -3.4e+38 5.00266122817993 5.00266122817993 5.00266122817993 4.99125862121582 4.97969150543213 4.9681248664856 4.9565577507019 4.94499063491821 4.93342351913452 4.92185640335083 4.9102897644043 4.89872264862061 4.88715553283691 4.88153791427612 4.87621450424194 4.87089061737061 4.86556720733643 4.86024379730225 4.85492038726807 4.84959697723389 4.84427356719971 4.83895015716553 4.83362674713135 4.83320045471191 4.83320045471191 -3.4e+38 -3.4e+38 -3.4e+38 -3.4e+38
-3.4e+38 -3.4e+38 -3.4e+38 -3.4e+38 -3.4e+38 -3.4e+38 -3.4e+38 -3.4e+38 -3.4e+38 -3.4e+38 -3.4e+38 -3.4e+38 -3.4e+38 -3.4e+38 -3.4e+38 -3.4e+38 -3.4e+38 -3.4e+38 -3.4e+38 -3.4e+38 -3.4e+38 -3.4e+38 -3.4e+38 -3.4e+38 5.00266122817993 4.99793815612793 4.9864673614502 4.9749002456665 4.96333360671997 4.95176649093628 4.94019937515259 4.9286322593689 4.91706514358521 4.90549850463867 4.89393138885498 4.88482856750488 4.87933301925659 4.87400913238525 4.86868572235107 4.86336231231689 4.85803890228271 4.85271549224854 4.84739208221436 4.84206867218018 4.836745262146 4.83345031738281 -3.4e+38 -3.4e+38 -3.4e+38 -3.4e+38 -3.4e+38 -3.4e+38
-3.4e+38 -3.4e+38 -3.4e+38 -3.4e+38 -3.4e+38 -3.4e+38 -3.4e+38 -3.4e+38 -3.4e+38 -3.4e+38 -3.4e+38 -3.4e+38 -3.4e+38 -3.4e+38 -3.4e+38 -3.4e+38 -3.4e+38 -3.4e+38 -3.4e+38 -3.4e+38 -3.4e+38 -3.4e+38 -3.4e+38 -3.4e+38 -3.4e+38 -3.4e+38 -3.4e+38 4.97423028945923 4.9626636505127 4.951096534729 4.93952941894531 4.92796230316162 4.91639518737793 4.9048285484314 4.89326143264771 4.88450336456299 4.87902450561523 4.87370109558105 4.86837720870972 4.86305379867554 4.85773038864136 4.85240697860718 4.847083568573 4.84176015853882 4.83643674850464 -3.4e+38 -3.4e+38 -3.4e+38 -3.4e+38 -3.4e+38 -3.4e+38 -3.4e+38
-3.4e+38 -3.4e+38 -3.4e+38 -3.4e+38 -3.4e+38 -3.4e+38 -3.4e+38 -3.4e+38 -3.4e+38 -3.4e+38 -3.4e+38 -3.4e+38 -3.4e+38 -3.4e+38 -3.4e+38 -3.4e+38 -3.4e+38 -3.4e+38 -3.4e+38 -3.4e+38 -3.4e+38 -3.4e+38 -3.4e+38 -3.4e+38 -3.4e+38 -3.4e+38 -3.4e+38 -3.4e+38 4.96249341964722 4.95092630386353 4.93935918807983 4.92779207229614 4.91622543334961 4.90465831756592 4.89309120178223 4.88442087173462 4.87894630432129 4.87362289428711 -3.4e+38 4.86297559738159 4.85765218734741 -3.4e+38 -3.4e+38 4.84168195724487 -3.4e+38 -3.4e+38 -3.4e+38 -3.4e+38 -3.4e+38 -3.4e+38 -3.4e+38 -3.4e+38
-3.4e+38 -3.4e+38 -3.4e+38 -3.4e+38 -3.4e+38 -3.4e+38 -3.4e+38 -3.4e+38 -3.4e+38 -3.4e+38 -3.4e+38 -3.4e+38 -3.4e+38 -3.4e+38 -3.4e+38 -3.4e+38 -3.4e+38 -3.4e+38 -3.4e+38 -3.4e+38 -3.4e+38 -3.4e+38 -3.4e+38 -3.4e+38 -3.4e+38 -3.4e+38 -3.4e+38 -3.4e+38 4.96242904663086 4.95086193084717 4.93929481506348 4.92772769927979 -3.4e+38 4.90459394454956 -3.4e+38 4.88438940048218 4.87891674041748 -3.4e+38 4.86826944351196 -3.4e+38 -3.4e+38 4.85229921340942 4.84697580337524 -3.4e+38 -3.4e+38 -3.4e+38 -3.4e+38 -3.4e+38 -3.4e+38 -3.4e+38 -3.4e+38 -3.4e+38
-3.4e+38 -3.4e+38 -3.4e+38 -3.4e+38 -3.4e+38 -3.4e+38 -3.4e+38 -3.4e+38 -3.4e+38 -3.4e+38 -3.4e+38 -3.4e+38 -3.4e+38 -3.4e+38 -3.4e+38 -3.4e+38 -3.4e+38 -3.4e+38 -3.4e+38 -3.4e+38 -3.4e+38 -3.4e+38 -3.4e+38 -3.4e+38 -3.4e+38 -3.4e+38 -3.4e+38 -3.4e+38 -3.4e+38 -3.4e+38 -3.4e+38 4.9276967048645 4.91612958908081 4.90456295013428 4.89299583435059 -3.4e+38 4.87890243530273 4.8735785484314 4.86825513839722 -3.4e+38 4.85760831832886 4.85228490829468 -3.4e+38 -3.4e+38 -3.4e+38 -3.4e+38 -3.4e+38 -3.4e+38 -3.4e+38 -3.4e+38 -3.4e+38 -3.4e+38
-3.4e+38 -3.4e+38 -3.4e+38 -3.4e+38 -3.4e+38 -3.4e+38 -3.4e+38 -3.4e+38 -3.4e+38 -3.4e+38 -3.4e+38 -3.4e+38 -3.4e+38 -3.4e+38 -3.4e+38 -3.4e+38 -3.4e+38 -3.4e+38 -3.4e+38 -3.4e+38 -3.4e+38 -3.4e+38 -3.4e+38 -3.4e+38 -3.4e+38 -3.4e+38 -3.4e+38 -3.4e+38 -3.4e+38 -3.4e+38 -3.4e+38 -3.4e+38 -3.4e+38 4.90454578399658 4.89297866821289 4.88436603546143 -3.4e+38 -3.4e+38 -3.4e+38 4.86292362213135 -3.4e+38 -3.4e+38 -3.4e+38 -3.4e+38 -3.4e+38 -3.4e+38 -3.4e+38 -3.4e+38 -3.4e+38 -3.4e+38 -3.4e+38 -3.4e+38
