R_scripts/int_process_data/Bio_03_2001.2020.asc
NCOLS 281 
NROWS 577 
XLLCORNER 81175.2677831308 
YLLCORNER -911.770678700996 
CELLSIZE 1000 
NODATA_value -3.4e+38 
[rows 161 to 183 of 577, columns 156 to 207 of 281]
48.1592292785645 47.9723587036133 47.693660736084 47.4567527770996 47.1883544921875 47.13623046875 47.5390739440918 47.84033203125 47.8347206115723 47.7313613891602 47.5418281555176 47.2314872741699 46.8623733520508 46.5325698852539 46.4929428100586 46.3422966003418 46.1702995300293 45.9734878540039 45.8461685180664 46.5230522155762 47.6629943847656 47.5039024353027 47.0406951904297 46.8411445617676 47.1102523803711 47.149787902832 46.9040298461914 47.3564872741699 47.4746894836426 47.633544921875 47.5430068969727 47.3133544921875 47.2666702270508 46.9689865112305 46.5836448669434 46.6658821105957 46.5635147094727 46.4214210510254 46.2411270141602 46.103816986084 46.3771095275879 46.5200958251953 46.5246543884277 46.3962440490723 46.043384552002 45.7705268859863 45.7538070678711 45.8124961853027 45.9010124206543 46.1277503967285 46.1153297424316 46.1461448669434
47.8981781005859 47.6556777954102 47.52587890625 47.2318954467773 47.080696105957 47.2013854980469 47.6665878295898 47.9465217590332 47.7670288085938 47.5153770446777 47.2339019775391 46.7942047119141 46.7057609558105 46.5854873657227 46.5521278381348 46.4900512695312 46.3444442749023 46.0766830444336 45.9809036254883 46.8471603393555 47.7712364196777 47.3408470153809 47.2117919921875 47.3066482543945 47.5771789550781 47.3703460693359 47.3802223205566 47.5752639770508 47.5816116333008 47.6893997192383 47.5246276855469 47.3373870849609 47.220947265625 46.7023239135742 46.3031120300293 46.6130027770996 46.4080772399902 46.340763092041 46.2114601135254 46.1106567382812 46.2813377380371 46.3830223083496 46.3749389648438 46.3821220397949 46.0438957214355 45.6969985961914 45.7063865661621 45.8064765930176 45.9800987243652 46.0383453369141 45.9341239929199 45.9967765808105
47.806396484375 47.7748985290527 47.6565284729004 47.6249771118164 47.7537078857422 47.7766265869141 47.9096298217773 47.8001289367676 47.5582275390625 47.4956588745117 47.2390480041504 46.8861808776855 46.7213706970215 46.6236724853516 46.7738609313965 46.5883636474609 46.3548049926758 46.176097869873 46.3340301513672 47.2115821838379 47.8908004760742 47.5698738098145 47.0158576965332 47.3266258239746 47.6470565795898 47.5449295043945 47.7326049804688 47.7509918212891 47.7178001403809 47.6476211547852 47.5428771972656 47.3881416320801 47.0214462280273 46.5395164489746 46.4332504272461 46.6463241577148 46.2039108276367 46.2251739501953 46.096508026123 46.0218467712402 46.2671165466309 46.2413101196289 46.1334953308105 46.1757316589355 45.9540557861328 45.6088371276855 45.6615257263184 45.7251510620117 45.8672294616699 45.8390998840332 45.8423919677734 45.9203300476074
48.2376403808594 48.2121162414551 48.1537017822266 48.1170768737793 48.1379051208496 47.9115409851074 47.5011711120605 47.2716522216797 47.058032989502 47.0500755310059 46.9546127319336 46.9071807861328 46.6611747741699 46.6873435974121 46.7031669616699 46.4450416564941 46.3947982788086 46.5986328125 46.7659301757812 47.5700073242188 48.051456451416 47.6238670349121 46.9089393615723 47.5052337646484 47.6561050415039 47.7030601501465 47.8247451782227 47.7143516540527 47.7260780334473 47.6571464538574 47.5257949829102 47.2974891662598 46.6879653930664 46.5687294006348 46.8681182861328 46.702953338623 46.1197662353516 46.0573844909668 45.8676261901855 46.0529136657715 46.2495040893555 45.9403991699219 45.8601608276367 45.9029808044434 45.8467292785645 45.586498260498 45.5697784423828 45.5550651550293 45.6650314331055 45.6728897094727 45.7640533447266 45.8438148498535
48.2929344177246 48.07421875 48.0448341369629 48.0346794128418 47.6293182373047 47.2431755065918 46.8981437683105 46.8456802368164 46.7977638244629 46.733829498291 46.8214950561523 46.8143348693848 46.7690391540527 46.784107208252 46.5482864379883 46.4082374572754 46.982551574707 47.2142105102539 47.1526107788086 47.9595680236816 47.9421005249023 47.3175506591797 47.1330184936523 47.8095588684082 47.7064094543457 47.8328399658203 47.854377746582 47.7552757263184 47.8239288330078 47.7849464416504 47.6753807067871 47.3916320800781 46.8141822814941 46.789176940918 47.0649223327637 46.5335235595703 45.996223449707 45.8003578186035 45.7328147888184 46.1079368591309 45.8936882019043 45.478343963623 45.5380249023438 45.5767631530762 45.5343246459961 45.4574203491211 45.4057579040527 45.4195785522461 45.4808464050293 45.5086059570312 45.6332054138184 45.7344703674316
47.5425834655762 47.3762245178223 47.3954772949219 47.562873840332 47.2804336547852 47.0551376342773 47.1078987121582 47.1333236694336 47.1996994018555 47.1547203063965 47.0368270874023 46.7716865539551 46.6163101196289 46.5293426513672 46.3807640075684 46.8026847839355 47.4903182983398 47.3260841369629 47.5150718688965 48.133472442627 47.6826515197754 47.2208290100098 47.6886100769043 47.9860763549805 47.7531814575195 47.8288345336914 47.871337890625 47.8864555358887 47.8218841552734 47.7091178894043 47.713207244873 47.4750099182129 47.0949783325195 47.0131988525391 47.0398979187012 46.2693786621094 45.8193969726562 45.5757217407227 45.6080284118652 46.004711151123 45.5251655578613 45.1617546081543 45.304988861084 45.337890625 45.3481864929199 45.4151611328125 45.436222076416 45.4834136962891 45.5186920166016 45.4769630432129 45.5096588134766 45.6346206665039
47.4237327575684 47.4442367553711 47.4998588562012 47.6567153930664 47.6130905151367 47.5414581298828 47.379955291748 47.2571678161621 47.2320175170898 47.098503112793 46.8993072509766 46.6657981872559 46.4096450805664 46.2404670715332 46.508487701416 47.4525184631348 47.7171249389648 47.4584045410156 47.835807800293 48.1947822570801 47.7467155456543 47.593822479248 48.0473289489746 47.928596496582 47.6413917541504 47.6745834350586 47.7550811767578 47.8138122558594 47.6754531860352 47.4794692993164 47.6012840270996 47.5398483276367 47.2207221984863 47.156307220459 47.0292129516602 46.0712013244629 45.4831962585449 45.3377418518066 45.6661186218262 45.6802787780762 45.0333824157715 44.8870582580566 45.1467437744141 45.1932640075684 45.2661361694336 45.3571090698242 45.4036026000977 45.4449234008789 45.5007362365723 45.5704879760742 45.5720596313477 45.5894203186035
47.9483604431152 47.9420547485352 47.8196144104004 47.5791320800781 47.5566024780273 47.2265701293945 46.8223915100098 46.6759986877441 46.7591400146484 46.7511940002441 46.7179679870605 46.771785736084 46.4274673461914 46.551139831543 47.2634506225586 47.8797149658203 47.7849655151367 47.7797927856445 48.0993385314941 48.1431694030762 47.9100303649902 47.9592895507812 48.0922660827637 47.7756004333496 47.4454689025879 47.4589996337891 47.6054992675781 47.5651054382324 47.4419937133789 47.3798141479492 47.5292663574219 47.559944152832 47.2994575500488 47.2343406677246 47.1036186218262 46.3820266723633 45.505054473877 45.1391677856445 45.606315612793 45.0957336425781 44.5617523193359 44.8447647094727 45.0299758911133 44.9556579589844 45.1523323059082 45.3202285766602 45.384391784668 45.4337768554688 45.5012016296387 45.5831069946289 45.5279388427734 45.4425506591797
47.9438171386719 47.805549621582 47.5285491943359 47.2248306274414 47.0956802368164 46.8960494995117 46.7567291259766 46.7417488098145 47.0242805480957 47.1515655517578 47.1699104309082 47.0647239685059 46.7734756469727 47.328742980957 47.9063262939453 48.0995140075684 48.0349922180176 48.1410331726074 48.2005920410156 47.8507499694824 47.6286277770996 47.9903259277344 48.0218620300293 47.7025146484375 47.4292068481445 47.2641677856445 47.1534652709961 47.0658569335938 47.289966583252 47.4776611328125 47.4540061950684 47.4680099487305 47.4350891113281 47.3645973205566 47.1434516906738 46.6192016601562 45.7598991394043 45.281623840332 45.2105712890625 44.5682106018066 44.4384155273438 44.8822135925293 44.8188400268555 44.7166595458984 45.0413818359375 45.2860412597656 45.4061088562012 45.4766807556152 45.5004081726074 45.4305114746094 45.3530883789062 45.347469329834
47.8494186401367 47.6758193969727 47.3924522399902 47.2895622253418 47.1343536376953 47.07177734375 46.977596282959 47.0117378234863 47.4828796386719 47.7086143493652 47.5938491821289 47.3909873962402 47.5097732543945 48.0217247009277 48.3249359130859 48.2515525817871 48.0143356323242 48.1436386108398 48.1913757324219 47.7396354675293 47.5124244689941 47.9644393920898 47.8120651245117 47.6335105895996 47.3465156555176 46.7361030578613 46.3475570678711 46.7187957763672 47.2752723693848 47.4986457824707 47.1556129455566 46.8088989257812 47.1219749450684 47.4060173034668 46.9968070983887 46.1098213195801 45.5385437011719 45.2884788513184 44.8364944458008 44.305347442627 44.5139389038086 44.8595848083496 44.7261047363281 44.6328659057617 44.9429779052734 45.2209587097168 45.3565521240234 45.3588447570801 45.3344841003418 45.2865982055664 45.2563972473145 45.260814666748
47.5456161499023 47.3367767333984 46.9243927001953 46.9258499145508 46.9984130859375 47.1217002868652 47.1525802612305 47.1273803710938 47.6407661437988 48.0108947753906 47.994255065918 47.9636726379395 48.2786865234375 48.4909858703613 48.4123687744141 48.082878112793 47.8868942260742 48.1222877502441 48.0997161865234 47.7591514587402 47.5651512145996 47.8237457275391 47.4682006835938 47.2612380981445 46.9015274047852 46.0794906616211 45.8581466674805 46.718391418457 47.3279838562012 47.3940010070801 46.6530723571777 46.0530662536621 46.8494606018066 47.3540153503418 46.9042701721191 45.6547355651855 45.1384468078613 45.0975456237793 44.4789848327637 44.1460800170898 44.5706672668457 44.8674736022949 44.7685279846191 44.6997871398926 44.9867362976074 45.1902732849121 45.1611175537109 45.0777778625488 45.0888404846191 45.1738548278809 45.2037620544434 45.2193908691406
47.1633567810059 47.0620727539062 46.6957092285156 46.5148239135742 46.9758758544922 47.4446487426758 47.4373245239258 47.4880638122559 47.9325218200684 48.2269515991211 48.3590545654297 48.5265808105469 48.4611740112305 48.4255104064941 48.2542839050293 48.1133308410645 48.0728530883789 48.1035346984863 47.8037452697754 47.5142974853516 47.4470100402832 47.4675750732422 47.1896324157715 46.6482276916504 46.1144638061523 45.3515434265137 45.6973495483398 46.6955337524414 47.1894073486328 47.0564117431641 46.001350402832 45.7960166931152 46.9307556152344 47.3160820007324 46.8618507385254 45.6138687133789 44.9681777954102 44.898021697998 44.3259391784668 44.3239250183105 44.6431732177734 44.8960342407227 44.8666572570801 44.7546348571777 44.8826370239258 44.9252281188965 44.8586349487305 44.7904052734375 44.9020195007324 45.0523872375488 45.0800666809082 45.1545486450195
47.4055709838867 47.4587287902832 47.0593452453613 47.0007934570312 47.6121559143066 47.9903144836426 47.8736000061035 47.930347442627 48.1862525939941 48.3884353637695 48.5891418457031 48.6612739562988 48.568244934082 48.555118560791 48.3531150817871 48.250415802002 48.1801872253418 48.0341606140137 47.7121887207031 47.4891929626465 47.4335479736328 47.1996002197266 46.7968101501465 46.0446968078613 45.2109031677246 44.8003578186035 45.7025337219238 46.3355712890625 46.6727104187012 46.638111114502 45.8579864501953 46.1828384399414 47.128604888916 47.1818695068359 46.435302734375 45.2548561096191 44.7226715087891 44.804141998291 44.3739433288574 44.4327735900879 44.6690711975098 44.7990684509277 44.9027404785156 44.8337097167969 44.7440185546875 44.7442512512207 44.7947654724121 44.6853561401367 44.8126983642578 44.954704284668 44.9659957885742 45.068531036377
47.9982032775879 47.9176635742188 47.9819221496582 48.1304244995117 48.3529510498047 48.458423614502 48.3583450317383 48.3634567260742 48.5235137939453 48.6607208251953 48.6960182189941 48.5583572387695 48.6019706726074 48.4885139465332 48.3106079101562 48.1902503967285 48.0074844360352 47.6816596984863 47.5655364990234 47.6416053771973 47.338794708252 46.8261108398438 46.4703979492188 45.5454902648926 44.5098419189453 44.5497970581055 45.2366523742676 45.6441459655762 45.7617416381836 45.6555366516113 45.3141212463379 46.2431793212891 47.1653747558594 46.8561325073242 45.5903778076172 44.6171493530273 44.2855491638184 44.6320953369141 44.4971084594727 44.2838134765625 44.5191764831543 44.6951904296875 44.9008598327637 44.9348754882812 44.841064453125 44.8261299133301 44.8911933898926 44.7977905273438 44.8951377868652 45.0081176757812 45.008544921875 44.9534950256348
48.3616790771484 48.3385276794434 48.650562286377 48.8122863769531 48.8215522766113 48.8126831054688 48.7660636901855 48.828929901123 48.8660888671875 48.8032302856445 48.6989364624023 48.5605049133301 48.4678802490234 48.2800559997559 48.2110290527344 48.0842132568359 47.7351112365723 47.3567123413086 47.3682518005371 47.4973983764648 46.9808006286621 46.340648651123 46.0216903686523 45.1699600219727 44.4885482788086 44.5600509643555 44.8134117126465 45.0097808837891 44.8413200378418 44.564453125 45.1411476135254 46.4500350952148 47.0743980407715 46.428050994873 44.9321136474609 44.0896987915039 44.056755065918 44.518196105957 44.7132110595703 44.4112205505371 44.5070762634277 44.6065406799316 44.8098220825195 44.984748840332 44.9660530090332 44.8815689086914 44.955997467041 44.9263763427734 45.0117721557617 45.0687408447266 45.0604553222656 44.9463691711426
48.6457595825195 48.7981414794922 49.0210075378418 49.0127563476562 48.9076156616211 48.7863159179688 48.8382301330566 49.0147933959961 48.8376274108887 48.6383476257324 48.5970268249512 48.4852256774902 48.400951385498 48.3766784667969 48.2313919067383 47.9499320983887 47.6296157836914 47.3733940124512 47.3544273376465 47.2033309936523 46.596118927002 45.7405738830566 45.201545715332 44.6210289001465 44.3260917663574 44.4022331237793 44.6558532714844 44.549129486084 43.983528137207 44.4308815002441 46.062183380127 46.8554954528809 46.6916618347168 45.715503692627 44.4916114807129 44.0157432556152 44.2490692138672 44.5765495300293 44.7789573669434 44.6184959411621 44.5573272705078 44.4861717224121 44.682918548584 44.9365348815918 45.0167388916016 44.9392890930176 44.920970916748 45.0147323608398 45.0718307495117 45.1385803222656 45.072811126709 45.0093116760254
49.0382041931152 49.1129951477051 49.0447463989258 48.8020477294922 48.5998687744141 48.601375579834 48.7227478027344 48.8643226623535 48.8525047302246 48.7079963684082 48.4921379089355 48.3777351379395 48.1700897216797 48.2235908508301 48.2292327880859 47.9995498657227 47.666259765625 47.2967071533203 47.1337776184082 46.7473564147949 46.2395362854004 45.2654037475586 44.3103942871094 43.6443061828613 43.3281555175781 43.6243934631348 43.9370765686035 43.7989959716797 43.6357460021973 44.617748260498 46.4995002746582 46.3429908752441 45.5742568969727 44.8309288024902 44.2211837768555 44.2085876464844 44.4026031494141 44.5972290039062 44.7748336791992 44.7371292114258 44.6584815979004 44.5498466491699 44.6855354309082 44.8659324645996 44.9369812011719 44.994197845459 44.9822998046875 45.0591087341309 45.0335502624512 45.092155456543 45.1121520996094 45.11328125
49.3889808654785 48.9663352966309 48.7373313903809 48.7070007324219 48.5204467773438 48.5594024658203 48.7332649230957 48.6099662780762 48.5212478637695 48.511589050293 48.3976211547852 48.2464942932129 48.0575180053711 48.0935935974121 48.0697174072266 47.761058807373 47.4368743896484 47.0135078430176 46.7742347717285 46.316333770752 45.5414505004883 44.2200889587402 43.1871452331543 42.5470161437988 42.5445747375488 43.0850372314453 43.3397178649902 43.2696189880371 43.7705268859863 45.3528251647949 46.4675788879395 45.5971603393555 44.8117065429688 44.4987716674805 44.1335220336914 43.9280014038086 43.982551574707 44.4253387451172 44.7229804992676 44.8300094604492 44.7693405151367 44.6415824890137 44.6205406188965 44.755485534668 44.8622589111328 44.9770164489746 45.0292358398438 45.1023559570312 45.075984954834 45.0806617736816 45.1567420959473 45.2136077880859
49.0276107788086 48.8409576416016 48.6556663513184 48.5991592407227 48.5115203857422 48.561695098877 48.4947204589844 48.2916641235352 48.1613616943359 48.2074317932129 48.2767562866211 48.1811752319336 47.9677543640137 47.9139022827148 47.8207054138184 47.328540802002 46.9500122070312 46.6191444396973 46.289119720459 45.9059867858887 44.6409339904785 43.2531814575195 42.5100402832031 42.310676574707 42.6239738464355 43.094352722168 43.2672348022461 43.2546997070312 43.8259735107422 45.7132720947266 46.1351051330566 45.3867111206055 44.7770004272461 44.3976440429688 43.9436988830566 43.7220916748047 43.9388008117676 44.4143333435059 44.6446075439453 44.824348449707 44.8372077941895 44.661304473877 44.5838394165039 44.6669998168945 44.7640800476074 44.8635215759277 44.9098129272461 45.0189552307129 45.0067405700684 44.9680938720703 44.9942321777344 45.0567321777344
48.679012298584 48.6663513183594 48.6251983642578 48.4906806945801 48.4776878356934 48.4577865600586 48.240421295166 48.0974006652832 47.8986320495605 47.9348373413086 48.0911064147949 47.9460716247559 47.6547393798828 47.5416717529297 47.4361610412598 46.8786468505859 46.341251373291 45.6199531555176 45.3508682250977 45.1193923950195 43.7237968444824 42.7105293273926 42.3243751525879 42.4967079162598 43.0986785888672 43.6010589599609 43.7603034973145 43.6395111083984 43.8724060058594 45.2338638305664 45.4651641845703 45.2829322814941 44.7323455810547 44.1955032348633 43.6930160522461 43.8835487365723 44.3626289367676 44.599494934082 44.6915702819824 44.8140983581543 44.880256652832 44.7583427429199 44.6454277038574 44.667594909668 44.702938079834 44.7249946594238 44.8074417114258 44.840015411377 44.8138656616211 44.8612518310547 44.8736610412598 44.9416122436523
48.44384765625 48.3642616271973 48.412223815918 48.4398078918457 48.3933219909668 48.2831993103027 48.0399971008301 47.8838157653809 47.7353820800781 47.6879615783691 47.5789642333984 47.1894073486328 46.7585296630859 46.7676086425781 46.4546966552734 45.9408226013184 45.5500564575195 44.2253379821777 43.9274291992188 44.0140571594238 43.0536994934082 42.484561920166 42.4334297180176 42.849308013916 43.4381370544434 43.9901580810547 44.4970207214355 44.671558380127 44.8272895812988 44.9830474853516 45.190242767334 45.2334327697754 44.4543800354004 43.784553527832 43.6245460510254 44.1720008850098 44.6350021362305 44.6568717956543 44.702522277832 44.7699928283691 44.834056854248 44.8824043273926 44.8145370483398 44.7580909729004 44.7110557556152 44.7457237243652 44.903636932373 44.8043365478516 44.8812103271484 44.9901695251465 44.9857406616211 45.073371887207
48.2300300598145 48.1857872009277 48.3785209655762 48.5016708374023 48.3456916809082 48.1483306884766 47.9043998718262 47.6999778747559 47.6163711547852 47.2754783630371 46.7605895996094 46.0518341064453 45.4450569152832 45.7109336853027 45.3105049133301 45.0648574829102 44.6755523681641 43.293815612793 42.9218215942383 43.2295379638672 43.0165634155273 42.7141075134277 43.1055030822754 43.6711654663086 43.967960357666 44.3893051147461 45.0023880004883 44.7564926147461 44.6754570007324 44.7196998596191 45.303150177002 45.067985534668 44.2162399291992 43.8776741027832 44.0283508300781 44.3797950744629 44.5647392272949 44.3370056152344 44.5350303649902 44.5864410400391 44.7011337280273 44.865550994873 44.8996047973633 44.9149742126465 44.8448715209961 44.8254470825195 44.9765014648438 44.9647521972656 45.0157890319824 45.0787582397461 45.0826873779297 45.1258697509766
48.132438659668 48.0227699279785 48.2791900634766 48.430233001709 48.2276840209961 48.0100135803223 47.7832145690918 47.5009994506836 47.1915664672852 46.4296646118164 45.6384506225586 45.256477355957 44.5371055603027 44.5391311645508 44.265209197998 44.3188781738281 43.6571273803711 42.7717666625977 43.0298919677734 43.4300727844238 43.3622550964355 43.078784942627 43.6123924255371 44.2866172790527 44.4911155700684 44.8667526245117 44.9104804992676 44.1072120666504 44.1615524291992 44.7563591003418 45.3063125610352 44.5914916992188 43.8524971008301 43.766040802002 43.9531173706055 44.2423324584961 44.2177429199219 44.1681060791016 44.7021408081055 44.4577980041504 44.5533638000488 44.7370452880859 44.8504905700684 44.8890266418457 44.9052619934082 44.9300537109375 44.9817733764648 44.9992294311523 44.9711151123047 44.9657402038574 44.9491920471191 44.9572639465332
