R_scripts/int_process_data/Bio_16.asc
NCOLS 281 
NROWS 576 
XLLCORNER 81175.2677831308 
YLLCORNER 88.2293212990044 
CELLSIZE 1000 
NODATA_value -3.4e+38 
[rows 437 to 459 of 576, columns 52 to 103 of 281]
-3.4e+38 -3.4e+38 -3.4e+38 -3.4e+38 -3.4e+38 -3.4e+38 -3.4e+38 -3.4e+38 -3.4e+38 -3.4e+38 9.45826148986816 9.40947151184082 9.36513900756836 9.32467842102051 9.2876033782959 9.25350761413574 9.22204399108887 9.19223880767822 9.16028690338135 9.12833595275879 9.09638404846191 9.06443309783936 9.03248119354248 9.00052928924561 8.96857833862305 8.93662643432617 8.90467548370361 8.87223148345947 8.83700656890869 8.80178165435791 8.76655673980713 8.73133182525635 8.69610691070557 8.66088199615479 8.625657081604 8.59043216705322 8.55520725250244 8.52121543884277 8.49647998809814 8.47174549102783 8.4470100402832 8.42227554321289 8.39754009246826 8.37280464172363 8.34807014465332 8.32333469390869 8.29860019683838 8.2734375 8.24365043640137 8.21386337280273 8.18407726287842 8.15429019927979
-3.4e+38 -3.4e+38 -3.4e+38 -3.4e+38 -3.4e+38 -3.4e+38 -3.4e+38 -3.4e+38 -3.4e+38 -3.4e+38 9.41698741912842 9.36342144012451 9.31643009185791 9.27487277984619 9.23785877227783 9.20468139648438 9.17477321624756 9.14676094055176 9.11573219299316 9.08470344543457 9.05367469787598 9.02264595031738 8.99161720275879 8.9605884552002 8.9295597076416 8.89853096008301 8.86750221252441 8.83604431152344 8.80216789245605 8.76829147338867 8.73441505432129 8.70053863525391 8.66666221618652 8.63278579711914 8.59890937805176 8.56503295898438 8.53115653991699 8.4984188079834 8.47422695159912 8.45003509521484 8.42584228515625 8.40165042877197 8.3774585723877 8.35326671600342 8.32907485961914 8.30488300323486 8.28069019317627 8.25598621368408 8.22574234008789 8.19549751281738 8.16525363922119 8.135009765625
-3.4e+38 -3.4e+38 -3.4e+38 -3.4e+38 -3.4e+38 -3.4e+38 -3.4e+38 -3.4e+38 -3.4e+38 -3.4e+38 9.3364143371582 9.26983737945557 9.2612829208374 9.22023296356201 9.18479347229004 9.15388774871826 9.12669849395752 9.10128402709961 9.07117748260498 9.04107189178467 9.01096534729004 8.98085880279541 8.9507532119751 8.92064666748047 8.89054107666016 8.86043453216553 8.8303279876709 8.7998571395874 8.76732921600342 8.73480129241943 8.70227336883545 8.66974544525146 8.63721752166748 8.6046895980835 8.57216167449951 8.53963375091553 8.50710582733154 8.47562217712402 8.45197296142578 8.42832469940186 8.40467548370361 8.38102626800537 8.35737705230713 8.33372783660889 8.31007957458496 8.28643035888672 8.26278114318848 8.23853492736816 8.2078332901001 8.17713165283203 8.14643001556396 8.1157283782959
-3.4e+38 -3.4e+38 -3.4e+38 -3.4e+38 -3.4e+38 -3.4e+38 -3.4e+38 -3.4e+38 -3.4e+38 -3.4e+38 9.2304801940918 9.19871807098389 9.19832992553711 9.16002082824707 9.12806606292725 9.10100650787354 9.07779788970947 9.05580711364746 9.0266227722168 8.99743938446045 8.9682559967041 8.93907260894775 8.90988922119141 8.88070583343506 8.85152149200439 8.82233810424805 8.7931547164917 8.76367092132568 8.7324914932251 8.70131206512451 8.67013263702393 8.63895320892334 8.60777378082275 8.57659435272217 8.54541492462158 8.514235496521 8.48305606842041 8.45282554626465 8.42971992492676 8.40661334991455 8.38350772857666 8.36040210723877 8.33729553222656 8.31418991088867 8.29108333587646 8.26797771453857 8.24487209320068 8.22108364105225 8.18992519378662 8.15876579284668 8.12760734558105 8.09644794464111
-3.4e+38 -3.4e+38 -3.4e+38 -3.4e+38 -3.4e+38 -3.4e+38 -3.4e+38 -3.4e+38 -3.4e+38 -3.4e+38 9.15297222137451 9.12319469451904 9.12578868865967 9.09333515167236 9.06728172302246 9.04590511322021 9.02805042266846 9.010329246521 8.98206806182861 8.95380783081055 8.92554664611816 8.89728546142578 8.86902523040771 8.84076404571533 8.81250286102295 8.78424263000488 8.7559814453125 8.72748374938965 8.69765281677246 8.66782188415527 8.63799095153809 8.6081600189209 8.57832908630371 8.54849815368652 8.51866722106934 8.48883628845215 8.45900535583496 8.43002891540527 8.40746593475342 8.38490295410156 8.36233997344971 8.33977699279785 8.317214012146 8.29465103149414 8.27208805084229 8.24952507019043 8.22696208953857 8.20363330841064 8.17201709747314 8.14039993286133 8.10878372192383 8.07716751098633
-3.4e+38 -3.4e+38 -3.4e+38 -3.4e+38 -3.4e+38 -3.4e+38 -3.4e+38 -3.4e+38 -3.4e+38 -3.4e+38 9.06915092468262 9.03817272186279 9.04128742218018 9.01907539367676 9.00199031829834 8.98844146728516 8.9774341583252 8.96485233306885 8.93751430511475 8.91017532348633 8.88283729553223 8.85549926757812 8.82816123962402 8.80082225799561 8.7734842300415 8.7461462020874 8.7188081741333 8.69129753112793 8.66281509399414 8.63433265686035 8.60585021972656 8.57736778259277 8.54888534545898 8.5204029083252 8.49192047119141 8.46343803405762 8.43495559692383 8.4072322845459 8.38521289825439 8.36319255828857 8.34117317199707 8.31915283203125 8.29713249206543 8.27511310577393 8.25309276580811 8.23107242584229 8.20905303955078 8.18618202209473 8.15410804748535 8.12203407287598 8.08996105194092 8.05788707733154
-3.4e+38 -3.4e+38 -3.4e+38 -3.4e+38 -3.4e+38 -3.4e+38 -3.4e+38 -3.4e+38 -3.4e+38 -3.4e+38 9.0049467086792 8.96994113922119 8.9416036605835 8.93587207794189 8.93167114257812 8.92846012115479 8.92592620849609 8.91937446594238 8.89295959472656 8.86654376983643 8.84012794494629 8.81371212005615 8.78729724884033 8.7608814239502 8.73446559906006 8.70804977416992 8.6816349029541 8.65511035919189 8.6279764175415 8.60084247589111 8.57370853424072 8.54657459259033 8.51944065093994 8.49230670928955 8.46517276763916 8.43803882598877 8.41090488433838 8.38443660736084 8.36295890808105 8.34148216247559 8.32000541687012 8.29852867126465 8.27705097198486 8.25557422637939 8.23409748077393 8.21261978149414 8.19114303588867 8.16873073577881 8.13619995117188 8.10366821289062 8.07113742828369 8.03860664367676
-3.4e+38 -3.4e+38 -3.4e+38 -3.4e+38 -3.4e+38 -3.4e+38 -3.4e+38 -3.4e+38 -3.4e+38 8.92783737182617 8.97983932495117 8.94616413116455 8.90927505493164 8.90529155731201 8.90230274200439 8.89997673034668 8.89811611175537 8.89208316802979 8.8660945892334 8.8401050567627 8.81411552429199 8.78812599182129 8.7621374130249 8.7361478805542 8.7101583480835 8.68416976928711 8.65818023681641 8.63207149505615 8.60529136657715 8.57851028442383 8.55173015594482 8.5249490737915 8.4981689453125 8.47138786315918 8.44460678100586 8.41782665252686 8.39104557037354 8.36485385894775 8.34308338165283 8.32131195068359 8.29954147338867 8.27777099609375 8.25599956512451 8.23422908782959 8.21245765686035 8.19068717956543 8.16891574859619 8.14615058898926 8.11263656616211 8.07912158966064 8.04560661315918 8.01209259033203
-3.4e+38 -3.4e+38 -3.4e+38 -3.4e+38 -3.4e+38 -3.4e+38 -3.4e+38 -3.4e+38 -3.4e+38 8.92923545837402 8.96902370452881 8.93837356567383 8.90592193603516 8.89687728881836 8.88977527618408 8.8840503692627 8.87933731079102 8.87134170532227 8.84560012817383 8.81985855102539 8.79411697387695 8.76837539672852 8.74263381958008 8.71689224243164 8.6911506652832 8.66540908813477 8.63966751098633 8.61376857757568 8.58698272705078 8.56019687652588 8.53341102600098 8.50662517547607 8.47983932495117 8.45305347442627 8.42626762390137 8.39948177337646 8.37269592285156 8.3464298248291 8.32406425476074 8.30169773101807 8.27933120727539 8.25696468353271 8.23459815979004 8.21223258972168 8.189866065979 8.16749954223633 8.14513301849365 8.12172412872314 8.0870361328125 8.05234813690186 8.01766109466553 7.98297262191772
-3.4e+38 -3.4e+38 -3.4e+38 -3.4e+38 -3.4e+38 -3.4e+38 -3.4e+38 -3.4e+38 -3.4e+38 8.93291282653809 8.96083068847656 8.9322338104248 8.90306186676025 8.8893461227417 8.87812900543213 8.8687858581543 8.86088180541992 8.85060119628906 8.82510662078857 8.7996129989624 8.77411842346191 8.74862480163574 8.72313022613525 8.69763660430908 8.67214202880859 8.64664840698242 8.62115383148193 8.5954647064209 8.56867408752441 8.54188346862793 8.51509189605713 8.48830127716064 8.46151065826416 8.43471908569336 8.40792846679688 8.38113784790039 8.35434627532959 8.32800579071045 8.30504417419434 8.28208255767822 8.25912094116211 8.236159324646 8.21319770812988 8.19023609161377 8.16727447509766 8.14431190490723 8.12135028839111 8.09729766845703 8.06143665313721 8.02557563781738 7.9897141456604 7.95385360717773
-3.4e+38 -3.4e+38 -3.4e+38 -3.4e+38 -3.4e+38 -3.4e+38 -3.4e+38 -3.4e+38 -3.4e+38 8.95662498474121 8.95497226715088 8.92742156982422 8.90059280395508 8.88256454467773 8.86727428436279 8.85414218902588 8.84274196624756 8.82985973358154 8.80461311340332 8.7793664932251 8.75411987304688 8.72887325286865 8.70362758636475 8.67838096618652 8.6531343460083 8.62788772583008 8.60264110565186 8.57716178894043 8.55036544799805 8.52356910705566 8.4967737197876 8.46997737884521 8.44318103790283 8.41638565063477 8.38958930969238 8.36279296875 8.33599758148193 8.3095817565918 8.28602504730225 8.26246738433838 8.23891067504883 8.21535396575928 8.19179630279541 8.16823959350586 8.14468193054199 8.12112522125244 8.09756755828857 8.0728702545166 8.0358362197876 7.99880218505859 7.96176815032959 7.92473411560059
-3.4e+38 -3.4e+38 -3.4e+38 -3.4e+38 -3.4e+38 -3.4e+38 -3.4e+38 -3.4e+38 9.00231170654297 8.96537017822266 8.95459747314453 8.92405128479004 8.89844131469727 8.87642669677734 8.85713195800781 8.84008312225342 8.82491016387939 8.80911827087402 8.78411960601807 8.75911998748779 8.73412132263184 8.70912265777588 8.68412399291992 8.65912532806396 8.63412570953369 8.60912704467773 8.58412837982178 8.55885791778564 8.53205680847168 8.50525569915771 8.47845458984375 8.45165348052979 8.42485237121582 8.39805126190186 8.37125015258789 8.34444904327393 8.31764793395996 8.29115772247314 8.26700496673584 8.24285316467285 8.21870040893555 8.19454765319824 8.17039489746094 8.14624309539795 8.12209033966064 8.09793758392334 8.07378578186035 8.04844379425049 8.01023578643799 7.9720287322998 7.93382167816162 7.89561462402344
-3.4e+38 -3.4e+38 -3.4e+38 -3.4e+38 -3.4e+38 -3.4e+38 -3.4e+38 -3.4e+38 9.0345630645752 8.99342632293701 8.95724391937256 8.92517280578613 8.8965482711792 8.8708438873291 8.84763526916504 8.82657432556152 8.80737781524658 8.7883768081665 8.7636251449585 8.7388744354248 8.7141227722168 8.68937206268311 8.6646203994751 8.63986968994141 8.6151180267334 8.59036636352539 8.5656156539917 8.54055500030518 8.51374816894531 8.48694229125977 8.4601354598999 8.43332958221436 8.40652370452881 8.37971687316895 8.3529109954834 8.32610416412354 8.29929828643799 8.27273368835449 8.24798583984375 8.22323799133301 8.19849014282227 8.17374229431152 8.14899444580078 8.12424659729004 8.0994987487793 8.07475090026855 8.05000305175781 8.02401638031006 7.9846363067627 7.94525575637817 7.90587520599365 7.86649513244629
-3.4e+38 -3.4e+38 -3.4e+38 -3.4e+38 -3.4e+38 -3.4e+38 -3.4e+38 -3.4e+38 9.0382022857666 8.99763584136963 8.96049022674561 8.92635250091553 8.89487075805664 8.86574649810791 8.83872413635254 8.81358432769775 8.79013729095459 8.76763534545898 8.74313163757324 8.7186279296875 8.69412422180176 8.66962051391602 8.64511680603027 8.62061309814453 8.59611034393311 8.57160663604736 8.54710292816162 8.52225112915039 8.49544048309326 8.46862888336182 8.44181728363037 8.41500568389893 8.38819408416748 8.36138248443604 8.33457088470459 8.30776023864746 8.28094863891602 8.25430965423584 8.22896671295166 8.20362281799316 8.17827987670898 8.1529369354248 8.12759304046631 8.10225009918213 8.07690715789795 8.05156326293945 8.02622032165527 7.99958944320679 7.95903587341309 7.91848278045654 7.87792921066284 7.83737564086914
-3.4e+38 -3.4e+38 -3.4e+38 -3.4e+38 -3.4e+38 -3.4e+38 -3.4e+38 9.08339214324951 9.04104328155518 9.00104904174805 8.96321678161621 8.92737579345703 8.89337348937988 8.86107158660889 8.83034515380859 8.80108261108398 8.7731819152832 8.74689388275146 8.72263813018799 8.69838237762451 8.67412567138672 8.64986991882324 8.62561416625977 8.60135746002197 8.5771017074585 8.55284595489502 8.52858924865723 8.50394821166992 8.47713184356689 8.45031452178955 8.42349815368652 8.3966817855835 8.36986541748047 8.34304904937744 8.3162317276001 8.28941535949707 8.26259899139404 8.23588562011719 8.20994663238525 8.18400859832764 8.1580696105957 8.13213062286377 8.10619258880615 8.08025360107422 8.05431461334229 8.02837657928467 8.00243759155273 7.97516250610352 7.93343591690063 7.89170932769775 7.84998273849487 7.80825614929199
-3.4e+38 -3.4e+38 -3.4e+38 -3.4e+38 -3.4e+38 -3.4e+38 -3.4e+38 9.08393859863281 9.0433235168457 9.00387287139893 8.96553802490234 8.92827129364014 8.89202880859375 8.85676956176758 8.82245349884033 8.78904342651367 8.75650501251221 8.72615242004395 8.70214462280273 8.67813587188721 8.65412712097168 8.63011932373047 8.60611057281494 8.58210182189941 8.5580940246582 8.53408527374268 8.51007652282715 8.48564434051514 8.45882320404053 8.4320011138916 8.40517997741699 8.37835788726807 8.35153579711914 8.32471466064453 8.29789257049561 8.27107048034668 8.24424934387207 8.21746158599854 8.19092750549316 8.16439342498779 8.13785934448242 8.11132526397705 8.08479118347168 8.05825710296631 8.03172302246094 8.00518894195557 7.9786548614502 7.9507360458374 7.90783596038818 7.86493635177612 7.8220362663269 7.77913665771484
-3.4e+38 -3.4e+38 -3.4e+38 -3.4e+38 -3.4e+38 -3.4e+38 -3.4e+38 9.08437538146973 9.04519271850586 9.00624752044678 8.96753787994385 8.92906093597412 8.89081478118896 8.85279750823975 8.81500720977783 8.77744102478027 8.74009895324707 8.70541191101074 8.68165111541748 8.6578893661499 8.63412857055664 8.61036777496338 8.58660697937012 8.56284618377686 8.53908538818359 8.51532459259033 8.49156379699707 8.46734142303467 8.44051456451416 8.41368770599365 8.38686084747314 8.36003398895264 8.33320713043213 8.30638027191162 8.27955341339111 8.25272655487061 8.2258996963501 8.19903755187988 8.17190742492676 8.14477825164795 8.11764907836914 8.09051990509033 8.06338977813721 8.0362606048584 8.00913143157959 7.98200178146362 7.95487213134766 7.92630910873413 7.88223600387573 7.83816289901733 7.79409027099609 7.7500171661377
-3.4e+38 -3.4e+38 -3.4e+38 -3.4e+38 -3.4e+38 -3.4e+38 -3.4e+38 9.08368873596191 9.04156970977783 9.00007247924805 8.95918369293213 8.91888904571533 8.87917613983154 8.84003353118896 8.80144691467285 8.76340579986572 8.72589874267578 8.69137954711914 8.66804504394531 8.64470958709717 8.62137508392334 8.5980396270752 8.57470417022705 8.55136966705322 8.52803421020508 8.50469875335693 8.48136425018311 8.45742607116699 8.43008232116699 8.40273857116699 8.37539482116699 8.34805202484131 8.32070827484131 8.29336452484131 8.26602077484131 8.23867797851562 8.21133422851562 8.18391609191895 8.15593719482422 8.12795829772949 8.09997940063477 8.07199954986572 8.044020652771 8.01604175567627 7.9880633354187 7.96008396148682 7.93210506439209 7.90269994735718 7.8578667640686 7.81303358078003 7.76820039749146 7.72336721420288
-3.4e+38 -3.4e+38 -3.4e+38 -3.4e+38 -3.4e+38 -3.4e+38 9.09288692474365 9.08232116699219 9.03468036651611 8.98889636993408 8.94486331939697 8.90248107910156 8.86166000366211 8.82231426239014 8.78436660766602 8.74774169921875 8.71237468719482 8.6801929473877 8.65735912322998 8.63452529907227 8.61169147491455 8.58885765075684 8.56602382659912 8.54319095611572 8.52035713195801 8.49752330780029 8.47468948364258 8.45106601715088 8.42298889160156 8.39491176605225 8.36683464050293 8.33875846862793 8.31068134307861 8.2826042175293 8.25452709197998 8.22644996643066 8.19837284088135 8.17019462585449 8.14125823974609 8.11232280731201 8.08338642120361 8.05445003509521 8.02551364898682 7.99657726287842 7.96764135360718 7.93870496749878 7.90976858139038 7.87943744659424 7.83401918411255 7.78860092163086 7.74318265914917 7.69776439666748
-3.4e+38 -3.4e+38 -3.4e+38 -3.4e+38 -3.4e+38 -3.4e+38 9.09288692474365 9.08059120178223 9.02620983123779 8.97552394866943 8.92816829681396 8.88382530212402 8.84221744537354 8.80309867858887 8.76625156402588 8.73148441314697 8.6986255645752 8.66900634765625 8.64667415618896 8.62434101104736 8.60200881958008 8.57967662811279 8.55734443664551 8.53501129150391 8.51267910003662 8.49034690856934 8.46801471710205 8.44470691680908 8.41589641571045 8.38708591461182 8.35827541351318 8.32946491241455 8.30065441131592 8.27184295654297 8.24303245544434 8.2142219543457 8.18541145324707 8.15647411346436 8.12658023834229 8.09668636322021 8.06679344177246 8.03689956665039 8.00700664520264 7.97711277008057 7.94721937179565 7.91732549667358 7.88743209838867 7.85617542266846 7.81017208099365 7.76416826248169 7.71816492080688 7.67216157913208
-3.4e+38 -3.4e+38 -3.4e+38 -3.4e+38 -3.4e+38 9.09288692474365 9.09288692474365 9.07833385467529 9.01554393768311 8.95923614501953 8.90845584869385 8.86242771148682 8.82051467895508 8.78218746185303 8.74700546264648 8.71459770202637 8.68464660644531 8.6578197479248 8.63598823547363 8.61415767669678 8.59232616424561 8.57049465179443 8.54866409301758 8.52683258056641 8.50500202178955 8.48317050933838 8.46133899688721 8.43834686279297 8.40880298614502 8.37925910949707 8.34971523284912 8.32017135620117 8.29062652587891 8.26108264923096 8.23153877258301 8.20199489593506 8.17245101928711 8.1427526473999 8.11190223693848 8.08105087280273 8.05020046234131 8.01935005187988 7.98849868774414 7.95764827728271 7.92679738998413 7.89594650268555 7.86509561538696 7.83291292190552 7.7863245010376 7.73973608016968 7.6931471824646 7.64655876159668
-3.4e+38 -3.4e+38 -3.4e+38 -3.4e+38 -3.4e+38 9.09288692474365 9.09288692474365 9.07526302337646 9.00170040130615 8.93896389007568 8.88482666015625 8.83763408660889 8.7961311340332 8.7593469619751 8.72651958465576 8.69704437255859 8.67043209075928 8.64663314819336 8.62530326843262 8.60397338867188 8.58264350891113 8.56131362915039 8.53998374938965 8.51865386962891 8.49732398986816 8.47599411010742 8.45466423034668 8.43198776245117 8.40171051025391 8.37143230438232 8.34115505218506 8.31087779998779 8.28059959411621 8.25032234191895 8.22004413604736 8.1897668838501 8.15948963165283 8.12903213500977 8.09722423553467 8.06541538238525 8.03360748291016 8.00179958343506 7.96999168395996 7.93818330764771 7.90637540817261 7.87456750869751 7.84275913238525 7.80965089797974 7.76247692108154 7.71530342102051 7.66812944412231 7.62095594406128
-3.4e+38 -3.4e+38 -3.4e+38 -3.4e+38 9.03978538513184 9.06566429138184 9.05497074127197 9.01308250427246 8.94602584838867 8.88848876953125 8.83866214752197 8.78584003448486 8.76853847503662 8.73429679870605 8.70466995239258 8.67878532409668 8.65597534179688 8.6354455947876 8.61461734771729 8.59378910064697 8.57296085357666 8.55213165283203 8.53130340576172 8.51047515869141 8.48964691162109 8.46881771087646 8.44798946380615 8.42562866210938 8.39461708068848 8.36360645294189 8.332594871521 8.30158424377441 8.27057266235352 8.23956203460693 8.20855045318604 8.17753982543945 8.14652824401855 8.11531066894531 8.08254528045654 8.04977989196777 8.017014503479 7.98424959182739 7.95148420333862 7.91871881484985 7.88595342636108 7.85318803787231 7.82042264938354 7.7863883972168 7.73862981796265 7.69087076187134 7.64311170578003 7.59535312652588
