R_scripts/int_process_data/Bio_08.asc
NCOLS 281 
NROWS 576 
XLLCORNER 81175.2677831308 
YLLCORNER 88.2293212990044 
CELLSIZE 1000 
NODATA_value -3.4e+38 
[rows 138 to 160 of 576, columns 104 to 155 of 281]
10.0435762405396 9.96994686126709 9.89631748199463 9.82268810272217 9.74905776977539 9.67392539978027 9.57121276855469 9.4685001373291 9.36578750610352 9.26307487487793 9.16036128997803 9.05764865875244 8.95493602752686 8.85222339630127 8.74951076507568 8.64766311645508 8.59113883972168 8.53461456298828 8.47809028625488 8.42156600952148 8.36504173278809 8.30851745605469 8.25199317932129 8.19546890258789 8.13894462585449 8.08242034912109 8.06855869293213 8.05531311035156 8.042067527771 8.02882099151611 8.01557540893555 8.00232982635498 7.98908376693726 7.97583770751953 7.96259164810181 7.94934558868408 7.95148658752441 7.9543890953064 7.95729112625122 7.9601936340332 7.96309614181519 7.96599817276001 7.96890068054199 7.97180318832397 7.97470569610596 7.97760772705078 8.02618885040283 8.07874870300293 8.13130760192871 8.18386745452881 8.23642730712891 8.28898620605469
9.97285842895508 9.89545059204102 9.81804275512695 9.74063491821289 9.66322803497314 9.58498573303223 9.49142551422119 9.39786529541016 9.3043041229248 9.21074390411377 9.11718368530273 9.0236234664917 8.93006324768066 8.83650302886963 8.74294281005859 8.65015697479248 8.59793853759766 8.54571914672852 8.49350070953369 8.44128227233887 8.38906288146973 8.3368444442749 8.28462600708008 8.23240756988525 8.18018817901611 8.12796974182129 8.1159782409668 8.10456657409668 8.09315586090088 8.08174419403076 8.07033348083496 8.05892181396484 8.04751014709473 8.03609943389893 8.02468776702881 8.01327610015869 8.01404190063477 8.01540946960449 8.01677703857422 8.01814556121826 8.01951313018799 8.02088165283203 8.02224922180176 8.02361679077148 8.02498531341553 8.02635288238525 8.07465648651123 8.12704753875732 8.17943859100342 8.23182964324951 8.28422069549561 8.3366117477417
9.90213966369629 9.82095432281494 9.73976898193359 9.65858268737793 9.57739734649658 9.49604511260986 9.41163730621338 9.32722949981689 9.24282169342041 9.15841388702393 9.07400608062744 8.98959827423096 8.90519046783447 8.82078266143799 8.7363748550415 8.65265083312988 8.60473728179932 8.55682468414307 8.5089111328125 8.46099853515625 8.41308498382568 8.36517143249512 8.31725883483887 8.2693452835083 8.22143268585205 8.17351913452148 8.16339778900146 8.15382099151611 8.14424419403076 8.13466739654541 8.12509059906006 8.11551380157471 8.10593700408936 8.096360206604 8.08678340911865 8.0772066116333 8.0765962600708 8.07643032073975 8.07626342773438 8.07609748840332 8.07593059539795 8.07576370239258 8.07559776306152 8.07543087005615 8.07526397705078 8.07509803771973 8.12312316894531 8.17534637451172 8.22756958007812 8.27979183197021 8.33201503753662 8.38423728942871
9.83142185211182 9.74645805358887 9.66149425506592 9.57653045654297 9.49156665802002 9.40710544586182 9.33185005187988 9.25659465789795 9.18133926391602 9.10608386993408 9.03082847595215 8.95557308197021 8.88031768798828 8.80506229400635 8.72980690002441 8.65514469146729 8.61153697967529 8.5679292678833 8.52432155609131 8.48071384429932 8.43710613250732 8.39349937438965 8.34989166259766 8.30628395080566 8.26267623901367 8.21906852722168 8.21081638336182 8.20307445526123 8.19533252716064 8.18759059906006 8.17984867095947 8.17210578918457 8.16436386108398 8.1566219329834 8.14888000488281 8.14113807678223 8.13915157318115 8.137451171875 8.13574981689453 8.13404846191406 8.13234806060791 8.13064670562744 8.12894535064697 8.12724494934082 8.12554359436035 8.1238431930542 8.17159080505371 8.22364521026611 8.27569961547852 8.32775402069092 8.37980842590332 8.43186283111572
9.76070308685303 9.67196178436279 9.58321952819824 9.49447822570801 9.40573692321777 9.31816482543945 9.25206184387207 9.18595886230469 9.11985683441162 9.05375385284424 8.98765087127686 8.92154788970947 8.85544490814209 8.78934192657471 8.72323894500732 8.65763854980469 8.61833667755127 8.57903385162354 8.53973197937012 8.5004301071167 8.46112823486328 8.42182636260986 8.38252449035645 8.34322166442871 8.30391979217529 8.26461791992188 8.25823593139648 8.25232791900635 8.24642086029053 8.24051380157471 8.23460578918457 8.22869873046875 8.22279071807861 8.21688365936279 8.21097564697266 8.20506858825684 8.2017068862915 8.19847106933594 8.19523620605469 8.19200038909912 8.18876552581787 8.1855297088623 8.18229389190674 8.17905902862549 8.17582321166992 8.17258739471436 8.22005844116211 8.27194404602051 8.32383060455322 8.37571620941162 8.42760276794434 8.47948837280273
9.77048110961914 9.68008899688721 9.58969593048096 9.49930286407471 9.40891075134277 9.32015323638916 9.26139450073242 9.20263576507568 9.14387702941895 9.08511829376221 9.02635955810547 8.96760082244873 8.90884208679199 8.85008335113525 8.79132461547852 8.73298454284668 8.69654941558838 8.66011333465576 8.62367820739746 8.58724308013916 8.55080795288086 8.51437187194824 8.47793674468994 8.44150161743164 8.40506553649902 8.36863040924072 8.36008262634277 8.35193634033203 8.34379100799561 8.33564567565918 8.32749938964844 8.31935405731201 8.31120777130127 8.30306243896484 8.2949161529541 8.28677082061768 8.28247833251953 8.27837753295898 8.27427577972412 8.27017498016357 8.26607418060303 8.26197242736816 8.25787162780762 8.25376987457275 8.24966907501221 8.24556732177734 8.28762435913086 8.33370018005371 8.37977600097656 8.42585277557373 8.47192859649658 8.51800441741943
9.81099987030029 9.71976852416992 9.62853717803955 9.53730487823486 9.44607353210449 9.3568639755249 9.30475902557373 9.25265407562256 9.20054912567139 9.14844417572021 9.09633922576904 9.04423427581787 8.9921293258667 8.94002437591553 8.88791942596436 8.83615207672119 8.80203342437744 8.76791572570801 8.73379707336426 8.69967842102051 8.66556072235107 8.63144207000732 8.59732341766357 8.56320571899414 8.52908706665039 8.49496841430664 8.48271369934082 8.47077465057373 8.45883560180664 8.44689559936523 8.43495655059814 8.42301750183105 8.41107749938965 8.39913845062256 8.38719844818115 8.37525939941406 8.37020683288574 8.3654956817627 8.36078357696533 8.35607242584229 8.35136032104492 8.34664916992188 8.34193706512451 8.33722591400146 8.3325138092041 8.32780265808105 8.36248302459717 8.40059471130371 8.43870639801025 8.4768180847168 8.51492977142334 8.55304145812988
9.85151863098145 9.75944805145264 9.66737747192383 9.57530689239502 9.48323631286621 9.39357566833496 9.34812450408936 9.30267333984375 9.25722217559814 9.21177101135254 9.16631984710693 9.12086868286133 9.07541656494141 9.0299654006958 8.9845142364502 8.9393196105957 8.90751838684082 8.87571716308594 8.84391593933105 8.81211471557617 8.78031349182129 8.74851226806641 8.71671104431152 8.68490982055664 8.65310859680176 8.62130737304688 8.60534572601318 8.58961296081543 8.57387924194336 8.55814647674561 8.54241371154785 8.5266809463501 8.51094722747803 8.49521446228027 8.47948169708252 8.46374797821045 8.45793533325195 8.45261287689209 8.44729137420654 8.44196891784668 8.43664741516113 8.43132495880127 8.42600345611572 8.42068099975586 8.41535949707031 8.41003704071045 8.43734264373779 8.46749019622803 8.49763679504395 8.52778434753418 8.5579309463501 8.58807849884033
9.8920373916626 9.79912757873535 9.70621871948242 9.61330890655518 9.52040004730225 9.4302864074707 9.39148902893066 9.35269165039062 9.31389427185059 9.27509689331055 9.23629951477051 9.19750213623047 9.15870475769043 9.11990737915039 9.08110904693604 9.0424861907959 9.01300239562988 8.98351860046387 8.95403385162354 8.92455005645752 8.8950662612915 8.86558151245117 8.83609771728516 8.80661392211914 8.77712917327881 8.74764537811279 8.72797775268555 8.70845031738281 8.68892383575439 8.66939735412598 8.64987087249756 8.63034439086914 8.61081695556641 8.59129047393799 8.57176399230957 8.55223751068115 8.54566383361816 8.5397310256958 8.53379917144775 8.52786636352539 8.52193355560303 8.51600170135498 8.51006889343262 8.50413703918457 8.49820423126221 8.49227142333984 8.51220226287842 8.53438472747803 8.55656719207764 8.57874965667725 8.60093212127686 8.62311458587646
9.93255615234375 9.83880710601807 9.7450590133667 9.65131092071533 9.55756282806396 9.46699810028076 9.43485450744629 9.40271091461182 9.37056636810303 9.33842277526855 9.30627918243408 9.27413558959961 9.24199199676514 9.20984840393066 9.17770385742188 9.14565372467041 9.11848640441895 9.0913200378418 9.06415271759033 9.03698539733887 9.00981903076172 8.98265171051025 8.95548439025879 8.92831802368164 8.90115070343018 8.87398433685303 8.85060882568359 8.82728862762451 8.80396842956543 8.78064823150635 8.75732803344727 8.73400688171387 8.71068668365479 8.6873664855957 8.66404628753662 8.64072608947754 8.63339233398438 8.62684917449951 8.62030601501465 8.6137638092041 8.60722064971924 8.60067749023438 8.59413528442383 8.58759212493896 8.5810489654541 8.57450675964355 8.58706092834473 8.60127925872803 8.61549758911133 8.62971591949463 8.64393329620361 8.65815162658691
9.9730749130249 9.8784875869751 9.78390026092529 9.68931293487549 9.59472560882568 9.50370979309082 9.4782190322876 9.45272922515869 9.42723941802979 9.40174961090088 9.37625885009766 9.35076904296875 9.32527923583984 9.29978942871094 9.27429866790771 9.24882125854492 9.22397136688232 9.19912147521973 9.17427158355713 9.14942169189453 9.12457180023193 9.09972190856934 9.07487201690674 9.05002212524414 9.02517223358154 9.00032234191895 8.97324085235596 8.94612693786621 8.91901302337646 8.8918981552124 8.86478424072266 8.83767032623291 8.81055641174316 8.78344249725342 8.75632858276367 8.72921466827393 8.72111988067627 8.71396732330322 8.70681381225586 8.6996603012085 8.69250774383545 8.68535423278809 8.67820072174072 8.67104721069336 8.66389465332031 8.65674114227295 8.66192054748535 8.66817378997803 8.67442798614502 8.6806812286377 8.68693447113037 8.69318866729736
10.0135927200317 9.91816711425781 9.82274055480957 9.72731494903564 9.6318883895874 9.54042053222656 9.52158451080322 9.50274848937988 9.48391151428223 9.46507549285889 9.44623947143555 9.42740249633789 9.40856647491455 9.38973045349121 9.37089347839355 9.35198783874512 9.32945537567139 9.30692291259766 9.28438949584961 9.26185703277588 9.23932456970215 9.21679210662842 9.19425868988037 9.17172622680664 9.14919376373291 9.12666034698486 9.095871925354 9.06496429443359 9.03405666351318 9.00314903259277 8.97224140167236 8.94133377075195 8.91042613983154 8.87951946258545 8.84861183166504 8.81770420074463 8.80884838104248 8.80108547210693 8.79332160949707 8.78555774688721 8.77779388427734 8.77003002166748 8.76226711273193 8.75450325012207 8.74673938751221 8.73897552490234 8.73678016662598 8.73506927490234 8.73335838317871 8.73164749145508 8.72993659973145 8.7282247543335
10.0541114807129 9.95784664154053 9.86158180236816 9.7653169631958 9.66905117034912 9.57713222503662 9.56494998931885 9.55276679992676 9.54058456420898 9.52840137481689 9.51621913909912 9.50403690338135 9.49185371398926 9.47967147827148 9.46748828887939 9.45515537261963 9.43494033813477 9.41472434997559 9.39450836181641 9.37429332733154 9.35407733917236 9.33386135101318 9.31364631652832 9.29343032836914 9.27321434020996 9.2529993057251 9.21850395202637 9.18380260467529 9.14910125732422 9.11439990997314 9.07969856262207 9.044997215271 9.01029682159424 8.97559547424316 8.94089412689209 8.90619277954102 8.89657688140869 8.88820266723633 8.87982845306396 8.87145519256592 8.86308097839355 8.85470676422119 8.84633255004883 8.83795833587646 8.82958507537842 8.82121086120605 8.8116397857666 8.80196380615234 8.7922887802124 8.78261280059814 8.7729377746582 8.76326179504395
10.094630241394 9.99752616882324 9.90042209625244 9.80331897735596 9.70621490478516 9.61384391784668 9.60831451416016 9.60278606414795 9.59725666046143 9.59172821044922 9.5861988067627 9.58067035675049 9.57514095306396 9.56961250305176 9.56408309936523 9.55832290649414 9.54042434692383 9.52252578735352 9.5046272277832 9.48672866821289 9.46883010864258 9.45093154907227 9.43303298950195 9.41513442993164 9.39723587036133 9.37933731079102 9.34113502502441 9.30263996124268 9.26414585113525 9.22565078735352 9.18715572357178 9.14866065979004 9.11016654968262 9.07167148590088 9.03317642211914 8.9946813583374 8.9843053817749 8.97532081604004 8.96633625030518 8.95735168457031 8.94836711883545 8.9393835067749 8.93039894104004 8.92141437530518 8.91242980957031 8.90344524383545 8.88649845123291 8.86885833740234 8.85121917724609 8.83357906341553 8.81593894958496 8.79829883575439
10.1351490020752 10.037205696106 9.93926334381104 9.8413200378418 9.74337768554688 9.65055465698242 9.65167999267578 9.65280437469482 9.65392971038818 9.65505409240723 9.65617942810059 9.65730381011963 9.65842819213867 9.65955352783203 9.66067790985107 9.66149044036865 9.64590835571289 9.63032722473145 9.61474609375 9.59916400909424 9.58358287811279 9.56800174713135 9.55241966247559 9.53683853149414 9.5212574005127 9.50567531585693 9.46376705169678 9.42147827148438 9.37918949127197 9.33690166473389 9.29461288452148 9.25232410430908 9.210036277771 9.16774749755859 9.12545871734619 9.08317089080811 9.07203388214111 9.06243896484375 9.05284404754639 9.04324913024902 9.03365421295166 9.0240592956543 9.01446437835693 9.00486946105957 8.99527454376221 8.98567962646484 8.96135807037354 8.93575382232666 8.91014862060547 8.88454437255859 8.85894012451172 8.83333587646484
10.1678991317749 10.0687532424927 9.96960639953613 9.87045955657959 9.77131271362305 9.67730617523193 9.67761135101318 9.67791652679443 9.67822170257568 9.67852687835693 9.67883205413818 9.67913722991943 9.67944240570068 9.67974758148193 9.68005275726318 9.68008232116699 9.66572093963623 9.65136051177979 9.63699913024902 9.62263774871826 9.6082763671875 9.59391498565674 9.57955360412598 9.56519222259521 9.55083084106445 9.53646945953369 9.49758243560791 9.45834159851074 9.41910076141357 9.37985992431641 9.34061908721924 9.30137825012207 9.26213836669922 9.22289752960205 9.18365669250488 9.14441585540771 9.13125133514404 9.11937808990479 9.10750484466553 9.09563159942627 9.08375835418701 9.07188415527344 9.06001091003418 9.04813766479492 9.03626441955566 9.02439117431641 9.0000581741333 8.97463893890381 8.94922065734863 8.92380237579346 8.89838409423828 8.87296581268311
10.1971712112427 10.0966577529907 9.99614429473877 9.8956298828125 9.79511642456055 9.69959735870361 9.6957368850708 9.69187545776367 9.68801403045654 9.68415260314941 9.6802921295166 9.67643070220947 9.67256927490234 9.66870784759521 9.6648473739624 9.66080284118652 9.6471700668335 9.63353824615479 9.61990547180176 9.60627269744873 9.59264087677002 9.57900810241699 9.56537628173828 9.55174350738525 9.53811073303223 9.52447891235352 9.49162673950195 9.45849704742432 9.42536735534668 9.39223766326904 9.35910892486572 9.32597923278809 9.29284954071045 9.25971984863281 9.22659015655518 9.19346141815186 9.17770195007324 9.16280364990234 9.14790439605713 9.13300609588623 9.11810684204102 9.1032075881958 9.0883092880249 9.07341003417969 9.05851078033447 9.04361248016357 9.02256488800049 9.0009822845459 8.97939968109131 8.95781803131104 8.93623542785645 8.91465282440186
10.2264432907104 10.1245622634888 10.0226812362671 9.92080020904541 9.81891918182373 9.72188854217529 9.7138614654541 9.70583438873291 9.6978063583374 9.68977928161621 9.6817512512207 9.67372417449951 9.665696144104 9.65766906738281 9.64964199066162 9.64152240753174 9.62861919403076 9.61571598052979 9.60281181335449 9.58990859985352 9.57700538635254 9.56410217285156 9.55119800567627 9.53829479217529 9.52539157867432 9.51248741149902 9.48567008972168 9.45865249633789 9.43163394927979 9.40461540222168 9.37759780883789 9.35057926177979 9.32356071472168 9.29654312133789 9.26952457427979 9.242506980896 9.22415351867676 9.2062292098999 9.18830394744873 9.17037963867188 9.15245532989502 9.13453102111816 9.11660671234131 9.09868240356445 9.0807580947876 9.06283283233643 9.04507255554199 9.02732563018799 9.0095796585083 8.9918327331543 8.97408580780029 8.95633983612061
10.2557153701782 10.1524677276611 10.0492191314697 9.94597053527832 9.84272289276123 9.74418067932129 9.7319860458374 9.71979236602783 9.70759868621826 9.69540500640869 9.68321132659912 9.67101764678955 9.65882396697998 9.64663028717041 9.63443660736084 9.62224292755127 9.61006832122803 9.59789371490479 9.58571910858154 9.5735445022583 9.56136989593506 9.54919528961182 9.53702068328857 9.52484607696533 9.51267147064209 9.50049686431885 9.47971439361572 9.45880699157715 9.43790054321289 9.41699314117432 9.39608669281006 9.37517929077148 9.35427284240723 9.33336544036865 9.31245899200439 9.29155254364014 9.27060413360596 9.24965381622314 9.22870445251465 9.20775413513184 9.18680381774902 9.16585445404053 9.14490413665771 9.1239538192749 9.10300445556641 9.08205413818359 9.0675802230835 9.05366897583008 9.03975868225098 9.02584838867188 9.01193714141846 8.99802684783936
10.284987449646 10.1803722381592 10.0757570266724 9.97114086151123 9.86652565002441 9.76647186279297 9.75011157989502 9.73375129699707 9.71739101409912 9.70103168487549 9.68467140197754 9.66831111907959 9.65195083618164 9.63559055328369 9.61923122406006 9.60296249389648 9.59151744842529 9.58007144927979 9.56862545013428 9.55718040466309 9.54573440551758 9.53428840637207 9.52284336090088 9.51139736175537 9.49995136260986 9.48850631713867 9.47375774383545 9.45896244049072 9.444167137146 9.42937088012695 9.41457557678223 9.3997802734375 9.38498401641846 9.37018871307373 9.355393409729 9.34059810638428 9.31705474853516 9.2930793762207 9.26910400390625 9.2451286315918 9.22115325927734 9.19717788696289 9.17320156097412 9.14922618865967 9.12525081634521 9.10127544403076 9.09008693695068 9.08001232147217 9.06993770599365 9.05986309051514 9.04978847503662 9.03971385955811
10.3142595291138 10.2082767486572 10.1022939682007 9.99631214141846 9.89032936096191 9.78876304626465 9.76823616027832 9.74771022796631 9.72718334197998 9.70665740966797 9.68613052368164 9.66560459136963 9.64507865905762 9.62455177307129 9.60402584075928 9.58368301391602 9.57296562194824 9.56224918365479 9.55153274536133 9.54081535339355 9.5300989151001 9.51938247680664 9.50866508483887 9.49794864654541 9.48723220825195 9.47651481628418 9.46780204772949 9.4591178894043 9.45043277740479 9.44174861907959 9.43306446075439 9.4243803024292 9.415696144104 9.40701198577881 9.39832782745361 9.3896427154541 9.36350631713867 9.33650493621826 9.30950355529785 9.28250312805176 9.25550174713135 9.22850036621094 9.20149993896484 9.17449855804443 9.14749717712402 9.12049674987793 9.11259460449219 9.10635566711426 9.10011672973633 9.09387874603271 9.08763980865479 9.08140087127686
10.3435316085815 10.2361822128296 10.1288318634033 10.0214824676514 9.9141321182251 9.81105422973633 9.78636169433594 9.76166915893555 9.73697662353516 9.71228313446045 9.68759059906006 9.66289806365967 9.63820552825928 9.61351299285889 9.5888204574585 9.56440258026123 9.55441474914551 9.54442691802979 9.53443908691406 9.52445125579834 9.51446342468262 9.50447559356689 9.49448776245117 9.48449993133545 9.47451210021973 9.464524269104 9.46184539794922 9.45927238464355 9.45669937133789 9.45412635803223 9.45155334472656 9.4489803314209 9.44640731811523 9.44383430480957 9.44126129150391 9.43868827819824 9.40995693206787 9.37993049621582 9.34990406036377 9.3198766708374 9.28985023498535 9.2598237991333 9.22979736328125 9.1997709274292 9.16974449157715 9.1397180557251 9.13510227203369 9.13269901275635 9.13029670715332 9.12789344787598 9.12549114227295 9.12308788299561
10.3728036880493 10.2640867233276 10.155369758606 10.0466527938843 9.9379358291626 9.83334541320801 9.80448627471924 9.77562808990479 9.74676895141602 9.71790981292725 9.68905067443848 9.66019153594971 9.63133239746094 9.60247325897217 9.57361507415771 9.54512310028076 9.53586387634277 9.52660465240479 9.51734638214111 9.50808715820312 9.49882793426514 9.48956871032715 9.48031044006348 9.47105121612549 9.4617919921875 9.45253276824951 9.45588970184326 9.45942783355713 9.462965965271 9.46650409698486 9.47004318237305 9.47358131408691 9.47711944580078 9.48065757751465 9.48419570922852 9.48773384094238 9.45640754699707 9.42335605621338 9.39030361175537 9.35725116729736 9.32419967651367 9.29114723205566 9.25809478759766 9.22504329681396 9.19199085235596 9.15893840789795 9.15760898590088 9.15904235839844 9.160475730896 9.16190814971924 9.1633415222168 9.16477489471436
