R_scripts/int_process_data/Bio_10_2001.2020.asc
NCOLS 281 
NROWS 577 
XLLCORNER 81175.2677831308 
YLLCORNER -911.770678700996 
CELLSIZE 1000 
NODATA_value -3.4e+38 
[rows 69 to 91 of 577, columns 156 to 207 of 281]
292.439910888672 292.546295166016 292.597930908203 292.735778808594 293.057556152344 293.276550292969 293.177124023438 292.928955078125 292.869873046875 292.874969482422 292.892059326172 292.889617919922 292.857696533203 292.902648925781 293.004577636719 293.087524414062 293.211761474609 293.405151367188 293.538269042969 293.706848144531 293.894470214844 293.848480224609 293.797180175781 293.987457275391 294.261779785156 294.445190429688 294.564422607422 294.6484375 294.786865234375 294.914733886719 294.96484375 295.006744384766 295.098754882812 295.207000732422 295.266082763672 295.352661132812 295.406341552734 295.498046875 295.565582275391 295.570953369141 295.575531005859 295.62353515625 295.646362304688 295.663330078125 295.673583984375 295.640502929688 295.544342041016 295.568634033203 295.604827880859 295.596466064453 295.488067626953 295.304290771484
292.503021240234 292.587585449219 292.652984619141 292.904510498047 293.217224121094 293.201141357422 292.958190917969 292.845733642578 292.916931152344 292.963134765625 292.960876464844 292.953643798828 292.959655761719 293.066772460938 293.187347412109 293.235778808594 293.318359375 293.504241943359 293.742034912109 293.867431640625 293.870788574219 293.807159423828 293.849639892578 294.002136230469 294.258422851562 294.468933105469 294.624176025391 294.750122070312 294.860656738281 294.927398681641 294.968109130859 294.9697265625 295.011901855469 295.160614013672 295.212158203125 295.269866943359 295.362548828125 295.482177734375 295.571716308594 295.615234375 295.647216796875 295.658782958984 295.665435791016 295.707122802734 295.705902099609 295.664794921875 295.647216796875 295.6630859375 295.639556884766 295.519439697266 295.393829345703 295.265808105469
292.570495605469 292.634918212891 292.695526123047 292.980804443359 293.1357421875 292.950531005859 292.802124023438 292.873107910156 292.987426757812 293.036804199219 293.070037841797 293.071868896484 293.134429931641 293.179779052734 293.326873779297 293.429016113281 293.466339111328 293.542572021484 293.805511474609 293.962005615234 293.930328369141 293.848693847656 293.983795166016 294.080261230469 294.297027587891 294.486694335938 294.633392333984 294.769714355469 294.844268798828 294.857971191406 294.882598876953 294.848358154297 294.829956054688 295.001800537109 295.132659912109 295.219451904297 295.328948974609 295.459808349609 295.520477294922 295.554046630859 295.638854980469 295.692779541016 295.696258544922 295.712249755859 295.67626953125 295.592254638672 295.563385009766 295.648834228516 295.573059082031 295.355407714844 295.200836181641 295.063873291016
292.632965087891 292.681915283203 292.752075195312 293.005401611328 292.990020751953 292.773864746094 292.752716064453 292.877685546875 293.013549804688 293.127532958984 293.194152832031 293.230834960938 293.306243896484 293.29443359375 293.419372558594 293.57421875 293.594635009766 293.621520996094 293.845336914062 293.948791503906 293.883911132812 293.901153564453 294.056457519531 294.142974853516 294.285614013672 294.437255859375 294.589599609375 294.722137451172 294.765411376953 294.756805419922 294.770294189453 294.683258056641 294.718627929688 294.893096923828 295.067321777344 295.221588134766 295.356262207031 295.424011230469 295.443756103516 295.474151611328 295.597320556641 295.687469482422 295.710540771484 295.716644287109 295.678680419922 295.642639160156 295.524597167969 295.499298095703 295.414031982422 295.205688476562 295.049957275391 294.905853271484
292.660522460938 292.730529785156 292.895751953125 293.061828613281 292.928741455078 292.689788818359 292.664672851562 292.775604248047 292.975646972656 293.175415039062 293.266357421875 293.305236816406 293.411529541016 293.376983642578 293.400726318359 293.517059326172 293.655517578125 293.753967285156 293.924255371094 293.903137207031 293.793426513672 293.903503417969 293.961303710938 293.982849121094 294.115600585938 294.282135009766 294.459106445312 294.635955810547 294.652282714844 294.557891845703 294.539672851562 294.500793457031 294.611846923828 294.726043701172 294.880645751953 295.126922607422 295.308380126953 295.350708007812 295.373565673828 295.409057617188 295.542907714844 295.689849853516 295.723785400391 295.667938232422 295.593902587891 295.568328857422 295.532958984375 295.484161376953 295.34033203125 295.161071777344 295.037750244141 294.938812255859
292.679626464844 292.86181640625 293.062835693359 293.060882568359 292.8271484375 292.605407714844 292.635803222656 292.820709228516 293.056457519531 293.245300292969 293.315979003906 293.363586425781 293.458587646484 293.411224365234 293.450317382812 293.497863769531 293.65771484375 293.853363037109 293.941101074219 293.866333007812 293.883270263672 293.970245361328 293.972473144531 293.952087402344 294.044067382812 294.203857421875 294.350463867188 294.493621826172 294.498718261719 294.244201660156 294.208312988281 294.3173828125 294.411468505859 294.431549072266 294.663818359375 295.048950195312 295.235717773438 295.266479492188 295.295257568359 295.364227294922 295.523223876953 295.696411132812 295.732208251953 295.664642333984 295.510650634766 295.289886474609 295.298217773438 295.488983154297 295.436248779297 295.392150878906 295.271942138672 295.163146972656
292.739837646484 293.015075683594 293.140838623047 292.991943359375 292.688323974609 292.569702148438 292.695739746094 292.915863037109 293.112945556641 293.254333496094 293.349822998047 293.447113037109 293.517639160156 293.481628417969 293.518737792969 293.570037841797 293.731475830078 293.912048339844 293.961669921875 293.934967041016 293.998992919922 294.037200927734 293.995361328125 293.959167480469 294.074768066406 294.205871582031 294.284332275391 294.371551513672 294.352752685547 293.977172851562 293.915252685547 294.101715087891 294.152557373047 294.119995117188 294.568725585938 295.001647949219 295.161956787109 295.220031738281 295.2685546875 295.366088867188 295.520660400391 295.686431884766 295.730407714844 295.638244628906 295.425720214844 295.062286376953 294.931854248047 295.199890136719 295.395355224609 295.4189453125 295.407684326172 295.357482910156
292.913726806641 293.115417480469 293.149200439453 292.938903808594 292.661499023438 292.711273193359 292.876220703125 292.982360839844 293.078216552734 293.179046630859 293.288391113281 293.428619384766 293.560333251953 293.585205078125 293.582702636719 293.611022949219 293.801300048828 293.971130371094 293.961242675781 293.875701904297 293.9560546875 294.045989990234 294.026153564453 293.998840332031 294.075439453125 294.198181152344 294.29638671875 294.316680908203 294.244903564453 293.962280273438 293.904937744141 293.986267089844 294.081085205078 294.202301025391 294.654083251953 295.014984130859 295.176391601562 295.258453369141 295.310363769531 295.39794921875 295.495239257812 295.648406982422 295.688049316406 295.594299316406 295.452453613281 295.158966064453 294.928497314453 294.956665039062 295.056579589844 295.051422119141 295.215728759766 295.319854736328
293.082061767578 293.167510986328 293.134307861328 292.851287841797 292.654968261719 292.855773925781 293.021118164062 293.049682617188 293.064697265625 293.124114990234 293.223449707031 293.339385986328 293.483795166016 293.593872070312 293.637359619141 293.726837158203 293.904083251953 293.903686523438 293.825073242188 293.860504150391 294.035339355469 294.112457275391 294.067169189453 293.962615966797 293.95458984375 294.126129150391 294.317932128906 294.289001464844 294.151306152344 294.082000732422 294.194763183594 294.134155273438 294.400085449219 294.67138671875 294.898468017578 295.089233398438 295.236785888672 295.315551757812 295.354583740234 295.393859863281 295.473907470703 295.653137207031 295.699859619141 295.653961181641 295.571746826172 295.405883789062 295.211120605469 295.107604980469 295.033599853516 294.846771240234 294.810974121094 294.937255859375
293.129241943359 293.180969238281 293.044921875 292.726989746094 292.675964355469 292.933685302734 293.087982177734 293.089508056641 293.041442871094 293.094909667969 293.234771728516 293.360992431641 293.447113037109 293.472991943359 293.597839355469 293.810089111328 293.956848144531 293.866882324219 293.820190429688 293.908813476562 294.123413085938 294.203125 294.113037109375 293.996276855469 293.911651611328 294 294.303741455078 294.392761230469 294.279266357422 294.367706298828 294.486572265625 294.408538818359 294.637390136719 294.896667480469 295.066833496094 295.182189941406 295.306274414062 295.377380371094 295.386779785156 295.377136230469 295.432037353516 295.585845947266 295.6767578125 295.757415771484 295.663696289062 295.485504150391 295.373443603516 295.329833984375 295.303466796875 295.055389404297 294.741424560547 294.668273925781
293.142486572266 293.153472900391 292.894134521484 292.669494628906 292.73193359375 292.994293212891 293.146667480469 293.126708984375 293.095855712891 293.154296875 293.213989257812 293.338684082031 293.436889648438 293.418609619141 293.485443115234 293.677337646484 293.919219970703 293.897796630859 293.872497558594 293.916564941406 294.117462158203 294.269958496094 294.255126953125 294.224182128906 294.197723388672 294.153900146484 294.369750976562 294.619171142578 294.628875732422 294.685882568359 294.706390380859 294.657196044922 294.726776123047 294.919342041016 295.087127685547 295.241149902344 295.3876953125 295.449523925781 295.427764892578 295.389831542969 295.391754150391 295.47509765625 295.557861328125 295.770660400391 295.711364746094 295.525756835938 295.494110107422 295.494750976562 295.468963623047 295.282104492188 294.973541259766 294.778564453125
293.148834228516 293.080657958984 292.812774658203 292.621734619141 292.693969726562 292.983764648438 293.189788818359 293.202667236328 293.208404541016 293.182739257812 293.182922363281 293.322937011719 293.402923583984 293.364776611328 293.442687988281 293.593017578125 293.867950439453 294.018005371094 293.998168945312 293.987945556641 294.071166992188 294.294952392578 294.344848632812 294.362854003906 294.417175292969 294.460845947266 294.574371337891 294.741577148438 294.785339355469 294.810913085938 294.782501220703 294.72998046875 294.797637939453 294.957641601562 295.064910888672 295.263092041016 295.451995849609 295.506591796875 295.431457519531 295.361541748047 295.359191894531 295.401031494141 295.446197509766 295.759521484375 295.789215087891 295.662902832031 295.625518798828 295.591888427734 295.526794433594 295.370635986328 295.057434082031 294.704528808594
293.133361816406 292.986328125 292.726684570312 292.519226074219 292.539916992188 292.829071044922 293.200164794922 293.281005859375 293.232940673828 293.170166015625 293.273620605469 293.334533691406 293.304931640625 293.229309082031 293.368225097656 293.590118408203 293.795562744141 294.090362548828 294.175445556641 294.167907714844 294.157348632812 294.308349609375 294.397735595703 294.453338623047 294.505218505859 294.570983886719 294.716735839844 294.822113037109 294.839752197266 294.865264892578 294.818023681641 294.773834228516 294.859588623047 295.061584472656 295.128814697266 295.325500488281 295.526214599609 295.526336669922 295.397003173828 295.3701171875 295.450347900391 295.339935302734 295.331359863281 295.781341552734 295.843688964844 295.604187011719 295.483093261719 295.486114501953 295.419677734375 295.319580078125 295.102233886719 294.807281494141
293.104187011719 292.881561279297 292.625213623047 292.529876708984 292.570434570312 292.811157226562 293.216430664062 293.334045410156 293.233093261719 293.246704101562 293.234069824219 293.254730224609 293.232452392578 293.148681640625 293.323974609375 293.571746826172 293.746002197266 293.997528076172 294.244140625 294.275756835938 294.321929931641 294.391021728516 294.469085693359 294.493133544922 294.578399658203 294.590789794922 294.754211425781 294.891418457031 294.886932373047 294.934478759766 294.864288330078 294.746856689453 294.816955566406 295.099822998047 295.233795166016 295.415100097656 295.569396972656 295.504058837891 295.409576416016 295.460144042969 295.604278564453 295.363647460938 295.277435302734 295.75830078125 295.851837158203 295.533264160156 295.319976806641 295.218963623047 295.211608886719 295.228118896484 295.13134765625 295.011505126953
293.159759521484 292.87060546875 292.629638671875 292.669982910156 292.885284423828 293.052642822266 293.260498046875 293.378662109375 293.307739257812 293.241668701172 293.069763183594 293.236755371094 293.270202636719 293.217315673828 293.332458496094 293.551544189453 293.725677490234 293.87744140625 294.143127441406 294.322601318359 294.417724609375 294.484832763672 294.527954101562 294.562072753906 294.628448486328 294.667114257812 294.7783203125 294.929290771484 294.960388183594 294.969970703125 294.866943359375 294.730163574219 294.799652099609 295.034912109375 295.278472900391 295.526336669922 295.600463867188 295.529541015625 295.495727539062 295.572845458984 295.714141845703 295.609893798828 295.417510986328 295.754577636719 295.826751708984 295.560333251953 295.301788330078 294.923767089844 294.875915527344 295.026763916016 295.034851074219 295.038360595703
293.204010009766 292.930725097656 292.755554199219 292.826324462891 293.04052734375 293.199157714844 293.291351318359 293.399230957031 293.339080810547 293.201507568359 293.166015625 293.376892089844 293.395446777344 293.326599121094 293.363708496094 293.525329589844 293.679168701172 293.876647949219 294.120269775391 294.344848632812 294.47314453125 294.512115478516 294.572448730469 294.673706054688 294.661773681641 294.657867431641 294.879119873047 295.008148193359 295.031219482422 294.991180419922 294.908172607422 294.807312011719 294.902191162109 295.015869140625 295.295013427734 295.563140869141 295.650604248047 295.625061035156 295.653411865234 295.733978271484 295.785888671875 295.730316162109 295.658752441406 295.820556640625 295.823638916016 295.531982421875 295.261993408203 294.822570800781 294.663238525391 294.800262451172 294.878387451172 294.938690185547
293.094360351562 292.973754882812 292.953338623047 292.919830322266 292.986877441406 293.182067871094 293.332061767578 293.437652587891 293.354400634766 293.261199951172 293.356781005859 293.490295410156 293.469635009766 293.412719726562 293.439422607422 293.543395996094 293.701568603516 293.90234375 294.096099853516 294.25146484375 294.317718505859 294.519134521484 294.654541015625 294.791595458984 294.732177734375 294.714538574219 294.928894042969 295.005096435547 294.977661132812 294.970123291016 294.980926513672 294.962066650391 295.090759277344 295.179962158203 295.319610595703 295.468658447266 295.634552001953 295.763061523438 295.802764892578 295.828918457031 295.658020019531 295.326812744141 295.369781494141 295.756958007812 295.746368408203 295.389739990234 295.113647460938 294.740783691406 294.570892333984 294.720123291016 294.854736328125 294.978546142578
293.100921630859 293.087249755859 293.047088623047 292.943969726562 292.950286865234 293.150665283203 293.377746582031 293.499053955078 293.409057617188 293.379577636719 293.494842529297 293.482788085938 293.511627197266 293.506256103516 293.432373046875 293.537078857422 293.700592041016 293.873413085938 294.022430419922 294.042755126953 294.165924072266 294.377380371094 294.517181396484 294.813568115234 294.863739013672 294.929107666016 294.908996582031 294.866485595703 294.973754882812 295.098663330078 295.160278320312 295.108062744141 295.200439453125 295.327331542969 295.403503417969 295.46533203125 295.574951171875 295.814422607422 295.826232910156 295.706604003906 295.436004638672 294.884338378906 295.014373779297 295.583038330078 295.677612304688 295.218566894531 294.932373046875 294.740478515625 294.609436035156 294.801422119141 295.157531738281 295.358367919922
293.244293212891 293.175476074219 293.069213867188 293.002502441406 293.023406982422 293.173889160156 293.361755371094 293.519012451172 293.502136230469 293.507171630859 293.542663574219 293.501098632812 293.583984375 293.511199951172 293.463775634766 293.615631103516 293.739135742188 293.806549072266 293.786926269531 293.922027587891 294.234954833984 294.372589111328 294.499877929688 294.761413574219 294.914916992188 294.948272705078 294.867950439453 294.811798095703 294.950164794922 295.204925537109 295.283843994141 295.200134277344 295.236511230469 295.391235351562 295.544708251953 295.589172363281 295.6845703125 295.753021240234 295.593200683594 295.418243408203 295.132446289062 294.655883789062 294.911529541016 295.442321777344 295.545318603516 295.023742675781 294.845092773438 294.902404785156 294.822265625 294.986419677734 295.432495117188 295.751068115234
293.290344238281 293.183349609375 293.125610351562 293.089569091797 293.051208496094 293.136627197266 293.305450439453 293.495086669922 293.621459960938 293.608673095703 293.524383544922 293.499847412109 293.641662597656 293.622344970703 293.646362304688 293.740234375 293.720794677734 293.679931640625 293.671905517578 293.952301025391 294.302429199219 294.438842773438 294.460235595703 294.544311523438 294.785186767578 294.792083740234 294.887878417969 295.026458740234 294.952178955078 295.200256347656 295.238677978516 295.170349121094 295.277557373047 295.484039306641 295.638366699219 295.634765625 295.602264404297 295.513977050781 295.303466796875 295.164825439453 295.010711669922 294.72802734375 294.725311279297 295.146331787109 295.312896728516 294.935272216797 294.8779296875 295.113830566406 295.169403076172 295.186004638672 295.430847167969 295.863525390625
293.266693115234 293.195037841797 293.197235107422 293.14404296875 293.062530517578 293.126617431641 293.313934326172 293.498138427734 293.673889160156 293.655914306641 293.533447265625 293.560791015625 293.722290039062 293.783172607422 293.783752441406 293.722290039062 293.667449951172 293.634521484375 293.670074462891 293.937561035156 294.202239990234 294.303558349609 294.308532714844 294.437561035156 294.728729248047 294.832916259766 294.826080322266 295.152465820312 295.222991943359 295.344635009766 295.313293457031 295.290161132812 295.342651367188 295.515075683594 295.544799804688 295.478637695312 295.423919677734 295.348083496094 295.168029785156 295.015319824219 294.902557373047 294.766448974609 294.594848632812 294.871887207031 294.976776123047 294.787170410156 294.853607177734 295.200531005859 295.447509765625 295.364685058594 295.376434326172 295.907867431641
293.318145751953 293.252197265625 293.197265625 293.085693359375 293.049041748047 293.142944335938 293.312469482422 293.461944580078 293.656341552734 293.772705078125 293.637237548828 293.666534423828 293.817260742188 293.854675292969 293.76904296875 293.693115234375 293.638092041016 293.599548339844 293.644592285156 293.7265625 293.946685791016 294.128234863281 294.225219726562 294.354461669922 294.735595703125 294.988708496094 294.996337890625 295.228637695312 295.388031005859 295.422180175781 295.412109375 295.3447265625 295.401245117188 295.418090820312 295.323181152344 295.266632080078 295.284484863281 295.233612060547 295.203338623047 294.999237060547 294.832855224609 294.778869628906 294.672454833984 294.704498291016 294.692260742188 294.791656494141 294.958984375 295.203094482422 295.555725097656 295.580444335938 295.563262939453 296.041595458984
293.379150390625 293.295806884766 293.169891357422 293.06982421875 293.092987060547 293.156494140625 293.278198242188 293.459747314453 293.667327880859 293.875122070312 293.817840576172 293.851226806641 293.977996826172 293.87744140625 293.756011962891 293.694610595703 293.595947265625 293.629547119141 293.657287597656 293.650909423828 293.787536621094 294.024261474609 294.220825195312 294.352203369141 294.634460449219 294.947113037109 295.155944824219 295.294616699219 295.303344726562 295.241943359375 295.17333984375 295.103240966797 295.174957275391 295.272094726562 295.269561767578 295.234832763672 295.283111572266 295.289672851562 295.319610595703 295.113037109375 294.901092529297 294.843292236328 294.751647949219 294.607818603516 294.557220458984 294.907623291016 295.191253662109 295.361114501953 295.692260742188 295.896636962891 295.960784912109 296.223236083984
