R_scripts/int_process_data/Bio_10_2001.2020.asc
NCOLS 281 
NROWS 577 
XLLCORNER 81175.2677831308 
YLLCORNER -911.770678700996 
CELLSIZE 1000 
NODATA_value -3.4e+38 
[rows 207 to 229 of 577, columns 156 to 207 of 281]
294.227844238281 294.126220703125 293.873626708984 293.472625732422 293.223571777344 293.475738525391 293.938995361328 294.076629638672 293.795623779297 293.394195556641 293.508544921875 293.816986083984 293.843322753906 293.785491943359 294.241485595703 294.657897949219 294.960693359375 295.260284423828 295.397674560547 295.46435546875 295.453704833984 295.531921386719 295.634338378906 295.666473388672 295.684387207031 295.759033203125 295.783050537109 295.799896240234 295.835357666016 295.868438720703 295.880706787109 295.857604980469 295.802429199219 295.714630126953 295.591979980469 295.400238037109 295.400238037109 295.638916015625 295.936157226562 295.766998291016 295.407440185547 295.571350097656 295.935760498047 295.855895996094 295.711364746094 295.569580078125 295.441589355469 295.321685791016 295.5078125 295.8427734375 295.463348388672 294.819030761719
293.750610351562 293.657165527344 293.524719238281 293.326721191406 293.429595947266 293.865386962891 294.253387451172 294.170288085938 293.96142578125 293.925415039062 294.207366943359 294.293762207031 293.963531494141 293.859985351562 294.354187011719 294.751159667969 295.067321777344 295.299072265625 295.413269042969 295.504180908203 295.524017333984 295.607482910156 295.682800292969 295.709655761719 295.752746582031 295.765533447266 295.745574951172 295.730560302734 295.785522460938 295.865081787109 295.868011474609 295.810668945312 295.723724365234 295.553436279297 295.417358398438 295.390045166016 295.597320556641 295.898345947266 296.063323974609 295.844329833984 295.823455810547 296.08447265625 296.126190185547 295.91845703125 295.673004150391 295.487915039062 295.675567626953 295.810455322266 295.729461669922 295.9990234375 295.871276855469 295.318511962891
293.630035400391 293.639801025391 293.553497314453 293.615051269531 293.842315673828 294.182891845703 294.430603027344 294.249603271484 294.299438476562 294.437591552734 294.557739257812 294.286651611328 294.074645996094 294.031555175781 294.396453857422 294.895263671875 295.223297119141 295.377502441406 295.440521240234 295.543060302734 295.59912109375 295.654602050781 295.663726806641 295.706481933594 295.776977539062 295.772308349609 295.703765869141 295.70947265625 295.794982910156 295.839599609375 295.856048583984 295.798217773438 295.653045654297 295.530853271484 295.600891113281 295.637603759766 295.801910400391 296.084808349609 296.048126220703 295.984527587891 296.132141113281 296.239868164062 296.193817138672 296.023590087891 295.915344238281 295.898223876953 296.057434082031 296.066314697266 295.983856201172 295.984619140625 295.78466796875 295.776428222656
293.948333740234 294.027435302734 293.91650390625 293.957366943359 294.221557617188 294.3916015625 294.527954101562 294.429321289062 294.622100830078 294.765258789062 294.638000488281 294.399871826172 294.352935791016 294.261962890625 294.484252929688 295.006103515625 295.333740234375 295.460754394531 295.533355712891 295.609436035156 295.654815673828 295.670074462891 295.630859375 295.650207519531 295.768096923828 295.788513183594 295.707885742188 295.715637207031 295.720947265625 295.72412109375 295.747924804688 295.687896728516 295.625579833984 295.668731689453 295.835479736328 295.911987304688 296.021148681641 296.187713623047 296.087524414062 296.162994384766 296.288604736328 296.267181396484 296.135467529297 296.005584716797 296.1748046875 296.228363037109 296.14013671875 295.899780273438 295.785522460938 295.758331298828 295.410675048828 295.348663330078
294.233856201172 294.277740478516 294.150604248047 294.205963134766 294.494964599609 294.570678710938 294.637390136719 294.607360839844 294.789886474609 294.875701904297 294.792144775391 294.680816650391 294.556060791016 294.537872314453 294.806091308594 295.173187255859 295.409912109375 295.529968261719 295.610473632812 295.63525390625 295.669342041016 295.671600341797 295.638519287109 295.649536132812 295.738830566406 295.769012451172 295.670532226562 295.617553710938 295.580139160156 295.638244628906 295.684326171875 295.685913085938 295.787078857422 295.926452636719 296.052368164062 296.133483886719 296.205535888672 296.2763671875 296.278656005859 296.323364257812 296.351531982422 296.244812011719 296.112640380859 296.193023681641 296.315277099609 296.137939453125 295.880523681641 295.807312011719 295.556732177734 295.474029541016 295.346160888672 294.831451416016
294.44677734375 294.443603515625 294.358306884766 294.498168945312 294.661956787109 294.671997070312 294.745513916016 294.827178955078 294.934906005859 294.927886962891 294.865295410156 294.769104003906 294.734008789062 294.861938476562 295.092468261719 295.340698242188 295.505950927734 295.621429443359 295.670806884766 295.676544189453 295.6787109375 295.652526855469 295.639862060547 295.582214355469 295.567962646484 295.608184814453 295.546844482422 295.504943847656 295.5244140625 295.721954345703 295.822998046875 295.779449462891 295.874145507812 296.113067626953 296.204193115234 296.269653320312 296.320251464844 296.350952148438 296.378295898438 296.404418945312 296.414703369141 296.367767333984 296.34521484375 296.402435302734 296.403442382812 296.113067626953 296.013580322266 296.062347412109 295.670837402344 295.433776855469 295.692596435547 294.896728515625
294.57666015625 294.524627685547 294.513763427734 294.709991455078 294.794403076172 294.780822753906 294.858032226562 294.939147949219 294.916656494141 294.836517333984 294.808868408203 294.770141601562 294.829406738281 295.020446777344 295.219818115234 295.419250488281 295.555297851562 295.655944824219 295.684387207031 295.688079833984 295.635284423828 295.503936767578 295.406616210938 295.348297119141 295.315002441406 295.426971435547 295.609222412109 295.643402099609 295.616760253906 295.787994384766 295.951538085938 296.027557373047 296.132873535156 296.252502441406 296.299621582031 296.337188720703 296.349517822266 296.377868652344 296.397583007812 296.406646728516 296.437683105469 296.462188720703 296.4697265625 296.482452392578 296.459716796875 296.356658935547 296.32568359375 296.091613769531 295.765228271484 295.573120117188 295.950012207031 295.436340332031
294.630645751953 294.555908203125 294.588836669922 294.791839599609 294.901092529297 294.924896240234 294.955261230469 294.894012451172 294.759918212891 294.872985839844 295.008941650391 294.994293212891 295.026153564453 295.132598876953 295.323944091797 295.520263671875 295.596984863281 295.621826171875 295.597076416016 295.548736572266 295.469635009766 295.369537353516 295.292388916016 295.326171875 295.403717041016 295.585205078125 295.815582275391 295.729858398438 295.702941894531 295.926666259766 296.117034912109 296.230133056641 296.305419921875 296.337829589844 296.341735839844 296.318511962891 296.250823974609 296.222320556641 296.187957763672 296.241363525391 296.376495361328 296.413665771484 296.410827636719 296.367950439453 296.312225341797 296.435607910156 296.521148681641 296.364654541016 296.209716796875 295.885040283203 296.111022949219 296.045837402344
294.705474853516 294.667205810547 294.675262451172 294.791137695312 294.938018798828 295.006103515625 294.898651123047 294.784820556641 294.790252685547 295.013641357422 295.179809570312 295.196685791016 295.270263671875 295.3349609375 295.464050292969 295.603515625 295.61328125 295.596069335938 295.532135009766 295.477355957031 295.483764648438 295.575439453125 295.626525878906 295.659576416016 295.669128417969 295.782592773438 295.936462402344 295.875549316406 295.882507324219 296.105621337891 296.262786865234 296.322784423828 296.362518310547 296.373962402344 296.351348876953 296.286499023438 296.118194580078 295.952423095703 295.799987792969 295.911041259766 296.197204589844 296.127960205078 296.171600341797 296.045379638672 296.020202636719 296.217529296875 296.305755615234 296.449157714844 296.509216308594 296.337005615234 296.383605957031 296.436065673828
294.805114746094 294.753356933594 294.737274169922 294.789947509766 294.978576660156 295.055114746094 294.883605957031 294.858825683594 295.054626464844 295.175048828125 295.304473876953 295.365447998047 295.438293457031 295.507354736328 295.605743408203 295.656127929688 295.676544189453 295.729034423828 295.721618652344 295.732696533203 295.814086914062 295.887908935547 295.887908935547 295.873962402344 295.919830322266 296.010803222656 296.095306396484 296.128662109375 296.148590087891 296.273773193359 296.303802490234 296.284515380859 296.345703125 296.343963623047 296.39794921875 296.356811523438 296.235229492188 296.111938476562 295.897003173828 295.828338623047 296.172668457031 296.063537597656 296.190734863281 296.238555908203 296.213165283203 296.160522460938 296.240600585938 296.459686279297 296.570739746094 296.583343505859 296.581390380859 296.765594482422
294.852416992188 294.792602539062 294.862670898438 294.9677734375 295.079132080078 295.113861083984 295.016815185547 295.063079833984 295.240234375 295.337615966797 295.424133300781 295.481689453125 295.529479980469 295.59716796875 295.669952392578 295.71044921875 295.763214111328 295.826721191406 295.870208740234 295.928863525391 296.004241943359 296.054077148438 296.074188232422 296.052734375 296.131988525391 296.222442626953 296.261047363281 296.289794921875 296.335266113281 296.375152587891 296.326171875 296.264343261719 296.252563476562 296.266204833984 296.419097900391 296.442413330078 296.443481445312 296.461212158203 296.367614746094 296.246490478516 296.480102539062 296.452758789062 296.527191162109 296.65625 296.640106201172 296.547271728516 296.458312988281 296.41357421875 296.394256591797 296.494293212891 296.720703125 296.957977294922
294.928741455078 294.893707275391 295.008697509766 295.107360839844 295.134582519531 295.095336914062 295.145050048828 295.248962402344 295.367065429688 295.4482421875 295.451141357422 295.445281982422 295.513885498047 295.614532470703 295.706634521484 295.760772705078 295.785888671875 295.839324951172 295.933380126953 296.018035888672 296.066497802734 296.100555419922 296.154571533203 296.200561523438 296.246520996094 296.298278808594 296.339599609375 296.372283935547 296.381713867188 296.383819580078 296.398712158203 296.390716552734 296.341552734375 296.428070068359 296.575439453125 296.605895996094 296.627075195312 296.683074951172 296.682556152344 296.676513671875 296.776062011719 296.795745849609 296.810577392578 296.825042724609 296.762420654297 296.690765380859 296.624938964844 296.549560546875 296.418426513672 296.171997070312 296.391479492188 296.986999511719
294.992095947266 294.988983154297 295.106048583984 295.142517089844 295.125762939453 295.164703369141 295.308013916016 295.382415771484 295.410675048828 295.373352050781 295.291229248047 295.334289550781 295.508361816406 295.650482177734 295.730743408203 295.772369384766 295.797576904297 295.842468261719 295.950958251953 296.050750732422 296.099884033203 296.115844726562 296.124664306641 296.1796875 296.259765625 296.301940917969 296.375732421875 296.377868652344 296.297454833984 296.281829833984 296.436492919922 296.553039550781 296.605041503906 296.677062988281 296.764343261719 296.786865234375 296.799224853516 296.830902099609 296.856506347656 296.880859375 296.9296875 296.941650390625 296.93359375 296.742248535156 296.583953857422 296.706176757812 296.827880859375 296.806457519531 296.726531982422 296.517272949219 296.643707275391 297.075164794922
295.074493408203 295.118835449219 295.184478759766 295.209167480469 295.241668701172 295.305297851562 295.339019775391 295.326690673828 295.274963378906 295.137084960938 295.164611816406 295.388458251953 295.582427978516 295.703735351562 295.737548828125 295.778778076172 295.824890136719 295.861206054688 295.967468261719 296.059814453125 296.130737304688 296.169158935547 296.156127929688 296.1064453125 296.162506103516 296.308258056641 296.397613525391 296.363220214844 296.293487548828 296.247253417969 296.436981201172 296.621826171875 296.758605957031 296.835754394531 296.885803222656 296.915161132812 296.927825927734 296.93310546875 296.982574462891 297.022857666016 297.033935546875 297.013092041016 297.004638671875 296.884338378906 296.850128173828 296.916229248047 296.971923828125 297.009613037109 296.968017578125 296.911224365234 296.99658203125 297.190734863281
295.109161376953 295.203033447266 295.233245849609 295.270904541016 295.315948486328 295.334625244141 295.251312255859 295.137115478516 295.020599365234 294.960998535156 295.213836669922 295.503082275391 295.655517578125 295.735198974609 295.741638183594 295.784088134766 295.829833984375 295.864166259766 295.962890625 296.043029785156 296.134460449219 296.208862304688 296.209197998047 296.116760253906 296.128845214844 296.342041015625 296.430572509766 296.402252197266 296.377624511719 296.347290039062 296.491790771484 296.672576904297 296.799621582031 296.915954589844 296.989227294922 297.022918701172 297.027954101562 297.027893066406 297.076782226562 297.110565185547 297.083038330078 297.104034423828 297.096496582031 297.072937011719 297.074768066406 297.086761474609 297.089324951172 297.089569091797 297.051513671875 297.067321777344 297.184967041016 297.356567382812
295.148315429688 295.258392333984 295.290435791016 295.272552490234 295.283843994141 295.341674804688 295.287933349609 295.201782226562 295.059417724609 294.9658203125 295.28515625 295.573303222656 295.679016113281 295.715850830078 295.759307861328 295.794189453125 295.815460205078 295.856597900391 295.943511962891 296.031097412109 296.134490966797 296.2119140625 296.195434570312 296.098846435547 296.062774658203 296.318481445312 296.457580566406 296.466857910156 296.417205810547 296.324279785156 296.428649902344 296.626739501953 296.775848388672 296.919311523438 297.054321289062 297.120025634766 297.12451171875 297.110778808594 297.146362304688 297.174926757812 297.176422119141 297.190948486328 297.177307128906 297.203247070312 297.209625244141 297.218933105469 297.211822509766 297.093017578125 296.98583984375 297.191833496094 297.364471435547 297.499389648438
295.168090820312 295.236938476562 295.311431884766 295.250183105469 295.198852539062 295.323669433594 295.377563476562 295.370880126953 295.298889160156 295.173950195312 295.346588134766 295.597900390625 295.659790039062 295.657989501953 295.716461181641 295.736114501953 295.736450195312 295.821166992188 295.911285400391 296.014404296875 296.105102539062 296.13720703125 296.100616455078 296.020111083984 295.9306640625 296.250366210938 296.424621582031 296.425903320312 296.381744384766 296.229034423828 296.24755859375 296.557037353516 296.803619384766 296.927642822266 297.082153320312 297.186157226562 297.198181152344 297.197082519531 297.209503173828 297.273559570312 297.271606445312 297.227630615234 297.273315429688 297.300994873047 297.274322509766 297.251861572266 297.244812011719 297.170104980469 297.001861572266 297.171844482422 297.363800048828 297.550842285156
295.029846191406 295.1123046875 295.216735839844 295.205718994141 295.166351318359 295.282348632812 295.311614990234 295.363616943359 295.438049316406 295.441619873047 295.4609375 295.522888183594 295.559143066406 295.539581298828 295.495635986328 295.446502685547 295.466735839844 295.667175292969 295.796905517578 295.87109375 295.920257568359 295.934478759766 295.901214599609 295.764739990234 295.754058837891 296.123382568359 296.264190673828 296.364624023438 296.407775878906 296.395141601562 296.503143310547 296.698303222656 296.902252197266 297.051208496094 297.167999267578 297.247863769531 297.250946044922 297.255859375 297.286590576172 297.355773925781 297.300994873047 297.319244384766 297.375427246094 297.350463867188 297.309112548828 297.283966064453 297.278259277344 297.230743408203 297.063323974609 297.166870117188 297.393493652344 297.564971923828
294.909332275391 294.938903808594 295.088684082031 295.10009765625 295.07470703125 295.148742675781 295.123779296875 295.243774414062 295.411468505859 295.493072509766 295.541687011719 295.556549072266 295.527313232422 295.422607421875 295.268951416016 295.104644775391 295.201293945312 295.431732177734 295.538848876953 295.546752929688 295.582763671875 295.6904296875 295.796295166016 295.850036621094 295.932189941406 296.083465576172 296.145355224609 296.432281494141 296.634094238281 296.701965332031 296.791046142578 296.883087158203 297.020050048828 297.193359375 297.290130615234 297.334686279297 297.322875976562 297.312316894531 297.383483886719 297.410827636719 297.345672607422 297.4111328125 297.421661376953 297.390563964844 297.37890625 297.351196289062 297.275848388672 297.232421875 297.187927246094 297.193176269531 297.403106689453 297.543792724609
295.030670166016 294.880767822266 294.987457275391 294.96337890625 294.873382568359 294.889831542969 295.090606689453 295.321807861328 295.406860351562 295.432586669922 295.462921142578 295.530822753906 295.520843505859 295.354888916016 295.217132568359 294.964294433594 294.818939208984 294.976806640625 295.173461914062 295.332977294922 295.490142822266 295.753173828125 296.087829589844 296.266937255859 296.379974365234 296.425903320312 296.408538818359 296.558227539062 296.767547607422 296.873443603516 296.962646484375 297.063262939453 297.156921386719 297.300567626953 297.379974365234 297.376983642578 297.376800537109 297.408203125 297.463043212891 297.433746337891 297.399810791016 297.488983154297 297.452667236328 297.323760986328 297.248687744141 297.277648925781 297.284637451172 297.351959228516 297.384643554688 297.121032714844 297.222747802734 297.4296875
294.961975097656 294.798095703125 294.831970214844 294.752380371094 294.618682861328 294.867980957031 295.163208007812 295.324096679688 295.269165039062 295.213348388672 295.300872802734 295.482330322266 295.446350097656 295.120391845703 294.828460693359 294.673278808594 294.592315673828 294.734069824219 295.023010253906 295.593963623047 295.955871582031 296.160827636719 296.357116699219 296.450103759766 296.547332763672 296.60595703125 296.669158935547 296.739410400391 296.879547119141 297.009918212891 297.153747558594 297.250579833984 297.259704589844 297.358947753906 297.416564941406 297.419311523438 297.449890136719 297.520538330078 297.5107421875 297.427307128906 297.469360351562 297.567779541016 297.4560546875 297.279205322266 297.181488037109 297.336975097656 297.490142822266 297.531524658203 297.403717041016 297.120635986328 297.087371826172 297.044586181641
294.730072021484 294.710906982422 294.707885742188 294.575836181641 294.553375244141 294.961639404297 295.07421875 295.118865966797 295.014282226562 295.033935546875 295.277862548828 295.451477050781 295.316467285156 294.976043701172 294.5849609375 294.529174804688 294.936157226562 295.09326171875 295.323333740234 295.885192871094 296.204772949219 296.332183837891 296.466217041016 296.568298339844 296.657470703125 296.717498779297 296.783355712891 296.861907958984 297.002746582031 297.139617919922 297.250305175781 297.318725585938 297.400512695312 297.439361572266 297.44580078125 297.508575439453 297.552520751953 297.593780517578 297.546905517578 297.471496582031 297.570770263672 297.630706787109 297.514892578125 297.366668701172 297.325256347656 297.510162353516 297.624694824219 297.546478271484 297.403228759766 297.311798095703 297.212554931641 296.977294921875
294.839813232422 294.934051513672 294.845001220703 294.680450439453 294.644805908203 294.818664550781 294.81982421875 294.906219482422 294.818054199219 295.082214355469 295.279388427734 295.246429443359 295.050933837891 294.700439453125 294.390289306641 294.593322753906 295.204406738281 295.558502197266 295.771820068359 296.048126220703 296.281860351562 296.418853759766 296.542541503906 296.655914306641 296.737945556641 296.822937011719 296.894775390625 296.986389160156 297.090057373047 297.186798095703 297.263549804688 297.370269775391 297.505096435547 297.524566650391 297.522979736328 297.592346191406 297.625213623047 297.612365722656 297.593963623047 297.591552734375 297.681610107422 297.687194824219 297.601348876953 297.507751464844 297.543304443359 297.659454345703 297.635925292969 297.51123046875 297.434661865234 297.317810058594 297.205902099609 297.217437744141
