R_scripts/int_process_data/Bio_19.asc
NCOLS 281 
NROWS 576 
XLLCORNER 81175.2677831308 
YLLCORNER 88.2293212990044 
CELLSIZE 1000 
NODATA_value -3.4e+38 
[rows 299 to 321 of 576, columns 0 to 51 of 281]
-3.4e+38 -3.4e+38 -3.4e+38 -3.4e+38 -3.4e+38 -3.4e+38 -3.4e+38 -3.4e+38 -3.4e+38 -3.4e+38 -3.4e+38 -3.4e+38 -3.4e+38 -3.4e+38 -3.4e+38 -3.4e+38 -3.4e+38 -3.4e+38 -3.4e+38 -3.4e+38 -3.4e+38 -3.4e+38 -3.4e+38 -3.4e+38 -3.4e+38 -3.4e+38 6.93743467330933 6.93743467330933 6.93743467330933 6.95869827270508 7.02114534378052 7.07693099975586 7.12706613540649 7.17236852645874 7.21350479125977 7.25102424621582 7.28538370132446 7.31696605682373 7.3460955619812 7.37639474868774 7.414475440979 7.45255565643311 7.49063587188721 7.52871608734131 7.56679630279541 7.60487699508667 7.64295721054077 7.68103742599487 7.71911764144897 7.76206922531128 7.81968355178833 7.87729787826538
-3.4e+38 -3.4e+38 -3.4e+38 -3.4e+38 -3.4e+38 -3.4e+38 -3.4e+38 -3.4e+38 -3.4e+38 -3.4e+38 -3.4e+38 -3.4e+38 -3.4e+38 -3.4e+38 -3.4e+38 -3.4e+38 -3.4e+38 -3.4e+38 -3.4e+38 -3.4e+38 -3.4e+38 -3.4e+38 -3.4e+38 -3.4e+38 -3.4e+38 6.93743467330933 6.93743467330933 6.93743467330933 6.93743467330933 6.95417976379395 7.00472354888916 7.05168104171753 7.0954213142395 7.13626337051392 7.17448616027832 7.21033382415771 7.24402141571045 7.27573823928833 7.30565214157104 7.33744096755981 7.37763452529907 7.41782760620117 7.45802116394043 7.49821424484253 7.53840780258179 7.57860088348389 7.61879444122314 7.6589879989624 7.6991810798645 7.74276781082153 7.79656791687012 7.8503680229187
-3.4e+38 -3.4e+38 -3.4e+38 -3.4e+38 -3.4e+38 -3.4e+38 -3.4e+38 -3.4e+38 -3.4e+38 -3.4e+38 -3.4e+38 -3.4e+38 -3.4e+38 -3.4e+38 -3.4e+38 -3.4e+38 -3.4e+38 -3.4e+38 -3.4e+38 -3.4e+38 -3.4e+38 -3.4e+38 -3.4e+38 -3.4e+38 -3.4e+38 6.93743467330933 6.93743467330933 6.93743467330933 6.93743467330933 6.95071744918823 6.99167251586914 7.03092479705811 7.06857776641846 7.10472774505615 7.1394624710083 7.17286396026611 7.20500707626343 7.2359619140625 7.26579284667969 7.29848718643188 7.34079360961914 7.3831000328064 7.42540645599365 7.46771287918091 7.51001882553101 7.55232524871826 7.59463167190552 7.63693809509277 7.67924451828003 7.72346591949463 7.77345180511475 7.82343769073486
-3.4e+38 -3.4e+38 -3.4e+38 -3.4e+38 -3.4e+38 -3.4e+38 -3.4e+38 -3.4e+38 -3.4e+38 -3.4e+38 -3.4e+38 -3.4e+38 -3.4e+38 -3.4e+38 -3.4e+38 -3.4e+38 -3.4e+38 -3.4e+38 -3.4e+38 -3.4e+38 -3.4e+38 -3.4e+38 -3.4e+38 6.93033027648926 -3.4e+38 -3.4e+38 6.93743467330933 6.93743467330933 6.93743467330933 6.94797992706299 6.98105144500732 7.01356029510498 7.04552030563354 7.07694625854492 7.10785055160522 7.13824605941772 7.16814613342285 7.19756174087524 7.22650527954102 7.2595329284668 7.30395269393921 7.34837198257446 7.39279127120972 7.43721103668213 7.48163032531738 7.52604961395264 7.57046937942505 7.6148886680603 7.65930795669556 7.70416450500488 7.75033617019653 7.79650783538818
-3.4e+38 -3.4e+38 -3.4e+38 -3.4e+38 -3.4e+38 -3.4e+38 -3.4e+38 -3.4e+38 -3.4e+38 -3.4e+38 -3.4e+38 -3.4e+38 -3.4e+38 -3.4e+38 -3.4e+38 -3.4e+38 -3.4e+38 -3.4e+38 -3.4e+38 -3.4e+38 -3.4e+38 -3.4e+38 6.9244589805603 6.92496109008789 6.93439197540283 -3.4e+38 -3.4e+38 6.93381881713867 6.93370771408081 6.94229888916016 6.96974945068359 6.99720048904419 7.02465105056763 7.05210208892822 7.07955265045166 7.10700368881226 7.13445425033569 7.16190528869629 7.18935585021973 7.2219820022583 7.26776313781738 7.31354475021362 7.35932588577271 7.40510749816895 7.45088863372803 7.49667024612427 7.54245138168335 7.58823299407959 7.63401412963867 7.67895746231079 7.72137832641602 7.76379919052124
-3.4e+38 -3.4e+38 -3.4e+38 -3.4e+38 -3.4e+38 -3.4e+38 -3.4e+38 -3.4e+38 -3.4e+38 -3.4e+38 -3.4e+38 -3.4e+38 -3.4e+38 -3.4e+38 -3.4e+38 -3.4e+38 -3.4e+38 -3.4e+38 -3.4e+38 -3.4e+38 -3.4e+38 6.91765689849854 6.91347789764404 6.91268348693848 6.92037153244019 6.91847229003906 -3.4e+38 6.91584825515747 6.91490411758423 6.92262935638428 6.94887971878052 6.97513055801392 7.00138139724731 7.02763223648071 7.05388259887695 7.08013343811035 7.10638427734375 7.13263511657715 7.15888547897339 7.19016742706299 7.23423910140991 7.27831029891968 7.3223819732666 7.36645364761353 7.41052484512329 7.45459651947021 7.49866819381714 7.5427393913269 7.58681106567383 7.62960004806519 7.66852855682373 7.70745754241943
-3.4e+38 -3.4e+38 -3.4e+38 -3.4e+38 -3.4e+38 -3.4e+38 -3.4e+38 -3.4e+38 -3.4e+38 -3.4e+38 -3.4e+38 -3.4e+38 -3.4e+38 -3.4e+38 -3.4e+38 -3.4e+38 -3.4e+38 -3.4e+38 -3.4e+38 -3.4e+38 6.92825078964233 6.91095972061157 6.9048900604248 6.90247631072998 6.90840482711792 6.90441083908081 6.90120315551758 6.89857053756714 6.89637041091919 6.90295934677124 6.92800998687744 6.95306062698364 6.97811126708984 7.00316190719604 7.02821254730225 7.05326318740845 7.07831382751465 7.10336446762085 7.12841510772705 7.15835285186768 7.20071458816528 7.24307632446289 7.2854380607605 7.32779979705811 7.37016105651855 7.41252279281616 7.45488452911377 7.49724626541138 7.53960752487183 7.58024215698242 7.61567878723145 7.65111541748047
-3.4e+38 -3.4e+38 -3.4e+38 -3.4e+38 -3.4e+38 -3.4e+38 -3.4e+38 -3.4e+38 -3.4e+38 -3.4e+38 -3.4e+38 -3.4e+38 -3.4e+38 -3.4e+38 -3.4e+38 -3.4e+38 -3.4e+38 -3.4e+38 -3.4e+38 6.94741296768188 6.92822217941284 6.91261053085327 6.89898157119751 6.8942699432373 6.89807224273682 6.89172267913818 6.8864278793335 6.88194513320923 6.87810134887695 6.88328981399536 6.90714025497437 6.93099069595337 6.95484161376953 6.97869205474854 7.00254249572754 7.02639293670654 7.05024385452271 7.07409429550171 7.09794473648071 7.12653875350952 7.16719055175781 7.2078423500061 7.24849367141724 7.28914546966553 7.32979726791382 7.37044906616211 7.4111008644104 7.45175266265869 7.49240446090698 7.53088474273682 7.56282901763916 7.59477376937866
-3.4e+38 -3.4e+38 -3.4e+38 -3.4e+38 -3.4e+38 -3.4e+38 -3.4e+38 -3.4e+38 -3.4e+38 -3.4e+38 -3.4e+38 -3.4e+38 -3.4e+38 -3.4e+38 -3.4e+38 -3.4e+38 -3.4e+38 6.97111797332764 6.96662616729736 6.95182847976685 6.93115949630737 6.91386604309082 6.89958190917969 6.8888258934021 6.88905954360962 6.88021564483643 6.87258625030518 6.86593723297119 6.86009120941162 6.86362028121948 6.88627052307129 6.90892124176025 6.93157148361206 6.95422220230103 6.97687244415283 6.9995231628418 7.0221734046936 7.04482412338257 7.06747436523438 7.09472417831421 7.13366603851318 7.17260789871216 7.21154975891113 7.25049161911011 7.28943347930908 7.32837533950806 7.36731719970703 7.40625905990601 7.44520092010498 7.48152732849121 7.50997924804688 7.5384316444397
-3.4e+38 -3.4e+38 -3.4e+38 -3.4e+38 -3.4e+38 -3.4e+38 -3.4e+38 -3.4e+38 -3.4e+38 -3.4e+38 6.97798490524292 -3.4e+38 -3.4e+38 -3.4e+38 -3.4e+38 6.97798490524292 6.97798490524292 6.97798490524292 6.97798490524292 6.96884536743164 6.94551610946655 6.92574119567871 6.90876579284668 6.89403438568115 6.8811297416687 6.86973190307617 6.85959196090698 6.85051202774048 6.84233427047729 6.84395027160645 6.86540079116821 6.88685131072998 6.90830183029175 6.92975187301636 6.95120239257812 6.97265291213989 6.99410343170166 7.01555347442627 7.03700399398804 7.0629096031189 7.10014200210571 7.13737392425537 7.17460584640503 7.21183776855469 7.24906969070435 7.286301612854 7.32353353500366 7.36076593399048 7.39799785614014 7.43216943740845 7.45712995529175 7.48208999633789
-3.4e+38 -3.4e+38 -3.4e+38 -3.4e+38 -3.4e+38 -3.4e+38 -3.4e+38 -3.4e+38 -3.4e+38 6.97798490524292 6.97798490524292 6.97798490524292 6.97798490524292 -3.4e+38 6.97798490524292 6.97798490524292 6.97798490524292 6.97798490524292 6.97798490524292 6.96917772293091 6.94582843780518 6.9249963760376 6.90629482269287 6.88941335678101 6.87409830093384 6.86014175415039 6.84736967086792 6.83563852310181 6.82482528686523 6.82428073883057 6.84453105926514 6.86478137969971 6.88503170013428 6.90528202056885 6.92553234100342 6.94578266143799 6.96603298187256 6.98628330230713 7.0065336227417 7.03109550476074 7.06661748886108 7.10213947296143 7.13766193389893 7.17318391799927 7.20870590209961 7.24422788619995 7.27975034713745 7.31527233123779 7.35079431533813 7.38281202316284 7.40428018569946 7.42574787139893
-3.4e+38 -3.4e+38 -3.4e+38 -3.4e+38 -3.4e+38 -3.4e+38 -3.4e+38 -3.4e+38 -3.4e+38 -3.4e+38 -3.4e+38 6.97798490524292 6.97798490524292 6.97798490524292 6.97798490524292 6.97798490524292 6.97798490524292 6.97798490524292 6.97798490524292 6.96942234039307 6.94606971740723 6.92439651489258 6.90422868728638 6.88541412353516 6.86782121658325 6.85133457183838 6.835853099823 6.82128763198853 6.8075590133667 6.80461120605469 6.82366132736206 6.84271144866943 6.86176204681396 6.88081216812134 6.89986228942871 6.91891241073608 6.93796253204346 6.95701313018799 6.97606325149536 6.99928092956543 7.03309345245361 7.06690549850464 7.10071754455566 7.13453006744385 7.16834211349487 7.20215463638306 7.23596668243408 7.26977872848511 7.30359125137329 7.33345413208008 7.35143041610718 7.36940622329712
-3.4e+38 -3.4e+38 -3.4e+38 -3.4e+38 -3.4e+38 -3.4e+38 -3.4e+38 -3.4e+38 -3.4e+38 -3.4e+38 -3.4e+38 -3.4e+38 -3.4e+38 6.97798490524292 6.97798490524292 6.97798490524292 6.97798490524292 6.97798490524292 6.97798490524292 6.96960973739624 6.94626140594482 6.923903465271 6.90247488021851 6.88191890716553 6.8621826171875 6.84321880340576 6.82498216629028 6.80743265151978 6.79053115844727 6.78494167327881 6.80279159545898 6.82064199447632 6.83849191665649 6.85634183883667 6.874192237854 6.89204216003418 6.90989255905151 6.92774248123169 6.94559288024902 6.96746635437012 6.99956893920898 7.03167152404785 7.06377363204956 7.09587621688843 7.12797832489014 7.160080909729 7.19218301773071 7.22428560256958 7.25638771057129 7.28409671783447 7.29858064651489 7.31306457519531
-3.4e+38 -3.4e+38 -3.4e+38 -3.4e+38 -3.4e+38 -3.4e+38 -3.4e+38 -3.4e+38 -3.4e+38 -3.4e+38 -3.4e+38 -3.4e+38 -3.4e+38 6.97833013534546 6.97798490524292 6.97798490524292 6.97798490524292 6.97798490524292 6.97798490524292 6.96975803375244 6.94641733169556 6.92349052429199 6.90096759796143 6.87883758544922 6.85709047317505 6.83571577072144 6.81470489501953 6.79404783248901 6.77373600006104 6.76527166366577 6.78192186355591 6.79857206344604 6.81522226333618 6.83187198638916 6.8485221862793 6.86517238616943 6.88182210922241 6.89847230911255 6.91512250900269 6.93565225601196 6.96604442596436 6.99643707275391 7.02682971954346 7.05722188949585 7.0876145362854 7.11800718307495 7.14839935302734 7.17879199981689 7.20918464660645 7.23473882675171 7.24573087692261 7.25672245025635
-3.4e+38 -3.4e+38 -3.4e+38 -3.4e+38 -3.4e+38 -3.4e+38 -3.4e+38 -3.4e+38 -3.4e+38 -3.4e+38 -3.4e+38 -3.4e+38 -3.4e+38 6.98093128204346 6.97881889343262 6.97881889343262 6.97881889343262 6.97881889343262 6.97881889343262 6.97083234786987 6.94789743423462 6.92496252059937 6.90202713012695 6.8790922164917 6.85615730285645 6.83322238922119 6.81028699874878 6.78735208511353 6.76441717147827 6.75357913970947 6.76901578903198 6.78445243835449 6.799889087677 6.81532573699951 6.83076238632202 6.84619855880737 6.86163520812988 6.87707185745239 6.8925085067749 6.91158056259155 6.9398946762085 6.9682092666626 6.99652338027954 7.02483749389648 7.05315160751343 7.08146572113037 7.10978031158447 7.13809442520142 7.16640853881836 7.18956804275513 7.19721126556396 7.2048544883728
-3.4e+38 -3.4e+38 -3.4e+38 -3.4e+38 -3.4e+38 -3.4e+38 -3.4e+38 -3.4e+38 -3.4e+38 -3.4e+38 -3.4e+38 -3.4e+38 -3.4e+38 -3.4e+38 6.9839186668396 6.9839186668396 6.9839186668396 6.9839186668396 6.9839186668396 6.97677946090698 6.9562783241272 6.93577671051025 6.91527509689331 6.89477396011353 6.87427234649658 6.85377073287964 6.83326959609985 6.81276798248291 6.79226636886597 6.78269100189209 6.79684543609619 6.81100034713745 6.82515478134155 6.83930921554565 6.85346364974976 6.86761856079102 6.88177299499512 6.89592742919922 6.91008186340332 6.92711544036865 6.95146703720093 6.9758186340332 7.00016975402832 7.0245213508606 7.04887294769287 7.07322454452515 7.09757614135742 7.1219277381897 7.14627933502197 7.16581249237061 7.17084217071533 7.17587232589722
-3.4e+38 -3.4e+38 -3.4e+38 -3.4e+38 -3.4e+38 -3.4e+38 -3.4e+38 -3.4e+38 -3.4e+38 -3.4e+38 -3.4e+38 -3.4e+38 -3.4e+38 -3.4e+38 6.98901844024658 6.98901844024658 6.98901844024658 6.98901844024658 6.98901844024658 6.98272705078125 6.96465873718262 6.94659090042114 6.92852306365967 6.91045522689819 6.89238739013672 6.87431955337524 6.85625171661377 6.83818387985229 6.82011604309082 6.81180286407471 6.82467555999756 6.83754777908325 6.8504204750061 6.86329317092896 6.87616539001465 6.8890380859375 6.90191078186035 6.91478300094604 6.9276556968689 6.94265031814575 6.9630389213562 6.98342800140381 7.00381660461426 7.02420568466187 7.04459428787231 7.06498336791992 7.08537197113037 7.10576105117798 7.12614965438843 7.14205694198608 7.1444730758667 7.14688968658447
-3.4e+38 -3.4e+38 -3.4e+38 -3.4e+38 -3.4e+38 -3.4e+38 -3.4e+38 -3.4e+38 -3.4e+38 -3.4e+38 -3.4e+38 -3.4e+38 -3.4e+38 -3.4e+38 6.99411821365356 6.99411821365356 6.99411821365356 6.99411821365356 6.99411821365356 6.98867416381836 6.9730396270752 6.95740556716919 6.94177103042603 6.92613697052002 6.91050291061401 6.89486837387085 6.87923431396484 6.86359977722168 6.84796571731567 6.84091472625732 6.85250520706177 6.86409568786621 6.87568616867065 6.8872766494751 6.89886713027954 6.91045761108398 6.92204809188843 6.93363857269287 6.94522905349731 6.95818471908569 6.97461128234863 6.99103736877441 7.0074634552002 7.02388954162598 7.04031562805176 7.05674171447754 7.07316827774048 7.08959436416626 7.10602045059204 7.11830139160156 7.11810445785522 7.11790704727173
-3.4e+38 -3.4e+38 -3.4e+38 -3.4e+38 -3.4e+38 -3.4e+38 -3.4e+38 -3.4e+38 -3.4e+38 -3.4e+38 -3.4e+38 -3.4e+38 -3.4e+38 -3.4e+38 6.99921798706055 6.99921798706055 6.99921798706055 6.99921798706055 6.99921798706055 6.99462127685547 6.98142051696777 6.96821975708008 6.95501899719238 6.94181871414185 6.92861795425415 6.91541719436646 6.90221643447876 6.88901567459106 6.87581539154053 6.87002611160278 6.88033485412598 6.89064311981201 6.90095186233521 6.91126012802124 6.92156887054443 6.93187713623047 6.94218587875366 6.9524941444397 6.96280288696289 6.97371959686279 6.98618316650391 6.99864673614502 7.01111030578613 7.02357339859009 7.0360369682312 7.04850053787231 7.06096410751343 7.07342767715454 7.0858907699585 7.09454584121704 7.09173536300659 7.08892488479614
-3.4e+38 -3.4e+38 -3.4e+38 -3.4e+38 -3.4e+38 -3.4e+38 -3.4e+38 -3.4e+38 -3.4e+38 -3.4e+38 -3.4e+38 -3.4e+38 -3.4e+38 -3.4e+38 -3.4e+38 7.00431776046753 7.00431776046753 7.00431776046753 7.00431776046753 7.00056838989258 6.98980140686035 6.97903442382812 6.96826696395874 6.95749998092651 6.94673299789429 6.93596601486206 6.92519903182983 6.91443204879761 6.90366458892822 6.8991379737854 6.90816450119019 6.91719102859497 6.92621755599976 6.93524408340454 6.94427061080933 6.95329713821411 6.96232318878174 6.97134971618652 6.98037624359131 6.98925447463989 6.99775505065918 7.00625610351562 7.01475667953491 7.02325773239136 7.03175830841064 7.04025936126709 7.04875993728638 7.05726099014282 7.06576156616211 7.07078981399536 7.06536626815796 7.0599422454834
-3.4e+38 -3.4e+38 -3.4e+38 -3.4e+38 -3.4e+38 -3.4e+38 -3.4e+38 -3.4e+38 -3.4e+38 -3.4e+38 -3.4e+38 -3.4e+38 -3.4e+38 -3.4e+38 -3.4e+38 7.00941753387451 7.00941753387451 7.00941753387451 7.00941753387451 7.00651550292969 6.99818229675293 6.98984861373901 6.9815149307251 6.97318172454834 6.96484804153442 6.95651483535767 6.94818115234375 6.93984794616699 6.93151426315308 6.92824983596802 6.93599414825439 6.94373846054077 6.95148324966431 6.95922756195068 6.96697187423706 6.9747166633606 6.98246097564697 6.99020528793335 6.99795007705688 7.00478935241699 7.00932741165161 7.01386547088623 7.01840353012085 7.02294158935547 7.02747964859009 7.03201770782471 7.03655576705933 7.0410943031311 7.04563236236572 7.04703426361084 7.03899717330933 7.03096008300781
-3.4e+38 -3.4e+38 -3.4e+38 -3.4e+38 -3.4e+38 -3.4e+38 -3.4e+38 -3.4e+38 -3.4e+38 -3.4e+38 -3.4e+38 -3.4e+38 -3.4e+38 -3.4e+38 -3.4e+38 7.01451730728149 7.01451730728149 7.01451730728149 7.01451730728149 7.0124626159668 7.00656270980835 7.0006628036499 6.99476289749146 6.98886299133301 6.98296356201172 6.97706365585327 6.97116374969482 6.96526384353638 6.95936393737793 6.95736122131348 6.9638237953186 6.97028636932373 6.97674894332886 6.98321104049683 6.98967361450195 6.99613618850708 7.00259876251221 7.00906085968018 7.0155234336853 7.02032375335693 7.02089929580688 7.02147483825684 7.02205038070679 7.02262544631958 7.02320098876953 7.02377653121948 7.02435207366943 7.02492761611938 7.02550268173218 7.02327871322632 7.01262807846069 7.00197744369507
-3.4e+38 -3.4e+38 -3.4e+38 -3.4e+38 -3.4e+38 -3.4e+38 -3.4e+38 -3.4e+38 -3.4e+38 -3.4e+38 -3.4e+38 -3.4e+38 -3.4e+38 -3.4e+38 -3.4e+38 7.01961708068848 7.01961708068848 7.01961708068848 7.01961708068848 7.01840972900391 7.01494359970093 7.01147747039795 7.00801086425781 7.00454473495483 7.00107860565186 6.99761247634888 6.99414587020874 6.99067974090576 6.98721361160278 6.98647308349609 6.99165344238281 6.99683427810669 7.00201463699341 7.00719499588013 7.01237535476685 7.01755571365356 7.02273607254028 7.027916431427 7.03309726715088 7.03585863113403 7.03247165679932 7.02908420562744 7.02569675445557 7.02230978012085 7.01892232894897 7.01553535461426 7.01214790344238 7.00876092910767 7.00537347793579 6.9995231628418 6.98625898361206 6.97299480438232
