R_scripts/int_process_data/Bio_13.asc
NCOLS 281 
NROWS 576 
XLLCORNER 81175.2677831308 
YLLCORNER 88.2293212990044 
CELLSIZE 1000 
NODATA_value -3.4e+38 
[rows 161 to 183 of 576, columns 52 to 103 of 281]
-3.4e+38 -3.4e+38 -3.4e+38 -3.4e+38 -3.4e+38 -3.4e+38 -3.4e+38 -3.4e+38 -3.4e+38 -3.4e+38 -3.4e+38 -3.4e+38 -3.4e+38 -3.4e+38 -3.4e+38 -3.4e+38 7.44897270202637 -3.4e+38 -3.4e+38 7.54296636581421 -3.4e+38 -3.4e+38 7.66256618499756 7.70019102096558 7.7367730140686 7.77235507965088 7.80697679519653 7.84505081176758 7.90742206573486 7.96979331970215 8.03216457366943 8.09453582763672 8.156907081604 8.21927833557129 8.28164958953857 8.34402179718018 8.40639305114746 8.47045040130615 8.54716682434082 8.62388229370117 8.70059776306152 8.77731418609619 8.85402965545654 8.93074607849121 9.00746154785156 9.08417797088623 9.16089344024658 9.23728656768799 9.3101921081543 9.38309860229492 9.45600414276123 9.52890968322754
-3.4e+38 -3.4e+38 -3.4e+38 -3.4e+38 -3.4e+38 -3.4e+38 -3.4e+38 -3.4e+38 -3.4e+38 -3.4e+38 -3.4e+38 -3.4e+38 -3.4e+38 -3.4e+38 -3.4e+38 -3.4e+38 7.44897270202637 -3.4e+38 7.49126815795898 -3.4e+38 7.56195211410522 7.59692621231079 -3.4e+38 7.66615200042725 7.70040845870972 7.73443031311035 7.76821994781494 7.80629110336304 7.86971950531006 7.93314790725708 7.99657678604126 8.06000518798828 8.12343406677246 8.18686294555664 8.2502908706665 8.31371974945068 8.37714862823486 8.44211196899414 8.51859760284424 8.59508228302002 8.67156791687012 8.7480525970459 8.824538230896 8.90102386474609 8.97750854492188 9.05399417877197 9.13047885894775 9.20674324035645 9.28062057495117 9.35449695587158 9.42837333679199 9.50225067138672
-3.4e+38 -3.4e+38 -3.4e+38 -3.4e+38 -3.4e+38 -3.4e+38 -3.4e+38 -3.4e+38 -3.4e+38 -3.4e+38 -3.4e+38 -3.4e+38 -3.4e+38 -3.4e+38 -3.4e+38 7.42819976806641 7.42819976806641 -3.4e+38 7.46731901168823 7.50037384033203 -3.4e+38 7.56648349761963 7.59953832626343 7.63259315490723 7.66564750671387 7.69870233535767 7.73175716400146 7.76945877075195 7.83338260650635 7.8973069190979 7.96123123168945 8.02515506744385 8.08907985687256 8.15300369262695 8.21692752838135 8.28085231781006 8.34477615356445 8.41018772125244 8.48676300048828 8.56333827972412 8.63991355895996 8.7164888381958 8.79306411743164 8.86963939666748 8.94621562957764 9.02279090881348 9.09936618804932 9.175705909729 9.24950695037842 9.32330799102783 9.39710903167725 9.47091007232666
-3.4e+38 -3.4e+38 -3.4e+38 -3.4e+38 -3.4e+38 -3.4e+38 -3.4e+38 -3.4e+38 -3.4e+38 -3.4e+38 -3.4e+38 -3.4e+38 -3.4e+38 -3.4e+38 -3.4e+38 7.3966178894043 7.3966178894043 -3.4e+38 7.4352331161499 -3.4e+38 7.50048971176147 7.53311777114868 7.56574630737305 7.59837436676025 7.63100290298462 7.66363096237183 7.69625949859619 7.73362922668457 7.79775667190552 7.86188411712646 7.92601156234741 7.99013900756836 8.05426692962646 8.11839389801025 8.18252182006836 8.24664878845215 8.31077671051025 8.37639808654785 8.4532299041748 8.53006267547607 8.60689449310303 8.6837272644043 8.76055908203125 8.83739185333252 8.91422367095947 8.99105644226074 9.06788921356201 9.14441204071045 9.21759223937988 9.29077243804932 9.36395263671875 9.4371337890625
-3.4e+38 -3.4e+38 -3.4e+38 -3.4e+38 -3.4e+38 -3.4e+38 -3.4e+38 -3.4e+38 -3.4e+38 -3.4e+38 -3.4e+38 -3.4e+38 -3.4e+38 -3.4e+38 -3.4e+38 7.36503648757935 7.36503648757935 -3.4e+38 7.40314674377441 7.43534851074219 7.46755027770996 7.49975204467773 7.53195428848267 7.56415605545044 7.59635782241821 7.62855958938599 7.66076135635376 7.69779968261719 7.76213073730469 7.82646131515503 7.89079236984253 7.95512294769287 8.01945400238037 8.08378505706787 8.14811515808105 8.21244621276855 8.27677726745605 8.34260845184326 8.41969776153564 8.49678611755371 8.57387542724609 8.65096473693848 8.72805404663086 8.80514335632324 8.88223266601562 8.95932197570801 9.03641128540039 9.11311721801758 9.18567752838135 9.2582368850708 9.33079719543457 9.40335655212402
-3.4e+38 -3.4e+38 -3.4e+38 -3.4e+38 -3.4e+38 -3.4e+38 -3.4e+38 -3.4e+38 -3.4e+38 -3.4e+38 -3.4e+38 -3.4e+38 -3.4e+38 -3.4e+38 -3.4e+38 7.33345508575439 -3.4e+38 7.33928489685059 7.37106037139893 7.40283584594727 7.43461132049561 7.46638679504395 7.49816179275513 7.52993726730347 7.56171274185181 7.59348821640015 7.62526369094849 7.6619701385498 7.7265043258667 7.79103851318359 7.85557270050049 7.92010688781738 7.98464107513428 8.04917526245117 8.11370944976807 8.17824363708496 8.24277782440186 8.30881786346436 8.38616466522217 8.46351051330566 8.54085731506348 8.61820316314697 8.69554901123047 8.77289581298828 8.85024166107178 8.92758846282959 9.00493431091309 9.08182334899902 9.15376281738281 9.22570133209229 9.29764080047607 9.36958026885986
-3.4e+38 -3.4e+38 -3.4e+38 -3.4e+38 -3.4e+38 -3.4e+38 -3.4e+38 -3.4e+38 -3.4e+38 -3.4e+38 -3.4e+38 -3.4e+38 -3.4e+38 -3.4e+38 -3.4e+38 -3.4e+38 7.30187320709229 7.30762481689453 7.33897399902344 7.37032318115234 7.40167188644409 7.433021068573 7.46436977386475 7.49571895599365 7.52706813812256 7.55841684341431 7.58976602554321 7.62614059448242 7.69087839126587 7.75561571121216 7.82035303115845 7.88509082794189 7.94982814788818 8.01456546783447 8.07930278778076 8.14404010772705 8.20877838134766 8.27502822875977 8.35263156890869 8.43023490905762 8.50783824920654 8.58544158935547 8.66304492950439 8.740647315979 8.81825065612793 8.89585399627686 8.97345733642578 9.05052852630615 9.12184715270996 9.19316673278809 9.26448535919189 9.3358039855957
-3.4e+38 -3.4e+38 -3.4e+38 -3.4e+38 -3.4e+38 -3.4e+38 -3.4e+38 -3.4e+38 -3.4e+38 -3.4e+38 -3.4e+38 -3.4e+38 -3.4e+38 -3.4e+38 -3.4e+38 7.27029180526733 7.27029180526733 7.27596521377563 7.30688762664795 7.33781003952026 7.36873292922974 7.39965534210205 7.43057775497437 7.46150064468384 7.49242305755615 7.52334547042847 7.55426788330078 7.5903115272522 7.65525197982788 7.72019290924072 7.78513383865356 7.85007429122925 7.91501522064209 7.97995615005493 8.04489707946777 8.10983753204346 8.17477893829346 8.24123859405518 8.31909847259521 8.39695835113525 8.47481918334961 8.55267906188965 8.630539894104 8.70839977264404 8.78625965118408 8.86412048339844 8.94198036193848 9.0192346572876 9.08993244171143 9.16063117980957 9.2313289642334 9.30202674865723
-3.4e+38 -3.4e+38 -3.4e+38 -3.4e+38 -3.4e+38 -3.4e+38 -3.4e+38 -3.4e+38 -3.4e+38 -3.4e+38 -3.4e+38 -3.4e+38 -3.4e+38 -3.4e+38 7.23870992660522 7.23870992660522 7.23870992660522 7.24430513381958 7.27480125427246 7.30529737472534 7.33579349517822 7.3662896156311 7.39678573608398 7.42728185653687 7.45777797698975 7.48827409744263 7.51877021789551 7.55448198318481 7.61962604522705 7.68477010726929 7.74991416931152 7.81505823135376 7.880202293396 7.94534635543823 8.01049041748047 8.07563495635986 8.14077854156494 8.20744800567627 8.28556537628174 8.36368274688721 8.44180011749268 8.51991748809814 8.59803485870361 8.67615127563477 8.75426864624023 8.8323860168457 8.91050338745117 8.98793983459473 9.05801773071289 9.12809562683105 9.1981725692749 9.26825046539307
-3.4e+38 -3.4e+38 -3.4e+38 -3.4e+38 -3.4e+38 -3.4e+38 -3.4e+38 -3.4e+38 -3.4e+38 -3.4e+38 -3.4e+38 -3.4e+38 -3.4e+38 -3.4e+38 7.20712852478027 7.20712852478027 7.20712852478027 7.21264553070068 7.24271488189697 7.27278470993042 7.30285453796387 7.33292388916016 7.3629937171936 7.39306354522705 7.42313289642334 7.45320272445679 7.48327255249023 7.51865243911743 7.58399963378906 7.64934730529785 7.71469449996948 7.78004217147827 7.84538984298706 7.91073703765869 7.97608470916748 8.04143238067627 8.10677909851074 8.17365837097168 8.25203227996826 8.33040714263916 8.40878105163574 8.48715496063232 8.56552982330322 8.6439037322998 8.72227764129639 8.80065250396729 8.87902641296387 8.95664596557617 9.02610301971436 9.09556007385254 9.16501712799072 9.23447418212891
-3.4e+38 -3.4e+38 -3.4e+38 -3.4e+38 -3.4e+38 -3.4e+38 -3.4e+38 -3.4e+38 -3.4e+38 -3.4e+38 -3.4e+38 -3.4e+38 -3.4e+38 -3.4e+38 7.17554664611816 7.17554664611816 7.17554664611816 7.18098545074463 7.21062898635864 7.2402720451355 7.26991510391235 7.29955863952637 7.32920169830322 7.35884475708008 7.38848829269409 7.41813135147095 7.4477744102478 7.48282289505005 7.54837369918823 7.61392450332642 7.6794753074646 7.74502611160278 7.81057691574097 7.87612771987915 7.94167852401733 8.00722885131836 8.07277965545654 8.13986873626709 8.2185001373291 8.2971305847168 8.37576198577881 8.45439338684082 8.53302478790283 8.61165523529053 8.69028663635254 8.76891803741455 8.84754943847656 8.9253511428833 8.99418830871582 9.06302452087402 9.13186073303223 9.20069789886475
-3.4e+38 -3.4e+38 -3.4e+38 -3.4e+38 -3.4e+38 -3.4e+38 -3.4e+38 -3.4e+38 -3.4e+38 -3.4e+38 -3.4e+38 -3.4e+38 -3.4e+38 -3.4e+38 7.14396524429321 7.14396524429321 7.14396524429321 7.14932584762573 7.17854261398315 7.20775938034058 7.236976146698 7.26619291305542 7.29540967941284 7.32462644577026 7.35384321212769 7.38305997848511 7.41227674484253 7.44699335098267 7.5127477645874 7.57850170135498 7.64425563812256 7.71001005172729 7.77576398849487 7.84151792526245 7.90727233886719 7.97302627563477 8.03878021240234 8.1060791015625 8.18496704101562 8.26385498046875 8.34274291992188 8.421630859375 8.50051975250244 8.57940769195557 8.65829563140869 8.73718357086182 8.81607246398926 8.89405727386475 8.96227264404297 9.03048896789551 9.09870529174805 9.16692066192627
-3.4e+38 -3.4e+38 -3.4e+38 -3.4e+38 -3.4e+38 -3.4e+38 -3.4e+38 -3.4e+38 -3.4e+38 -3.4e+38 -3.4e+38 -3.4e+38 -3.4e+38 7.1133246421814 7.1133246421814 7.1133246421814 7.1133246421814 7.11835145950317 7.14575004577637 7.1731481552124 7.20054626464844 7.22794485092163 7.25534296035767 7.2827410697937 7.31013965606689 7.33753776550293 7.36493587493896 7.39800214767456 7.46305418014526 7.52810668945312 7.59315872192383 7.65821075439453 7.72326278686523 7.78831481933594 7.8533673286438 7.9184193611145 7.98347139358521 8.05004501342773 8.12803840637207 8.20603179931641 8.28402519226074 8.36201858520508 8.44001197814941 8.51800537109375 8.59599876403809 8.67399215698242 8.75198554992676 8.82903575897217 8.89588356018066 8.96273231506348 9.02958011627197 9.09642791748047
-3.4e+38 -3.4e+38 -3.4e+38 -3.4e+38 -3.4e+38 -3.4e+38 -3.4e+38 -3.4e+38 -3.4e+38 -3.4e+38 -3.4e+38 -3.4e+38 -3.4e+38 7.08324956893921 7.08324956893921 7.08324956893921 7.08324956893921 7.08778953552246 7.11253309249878 7.13727712631226 7.16202068328857 7.18676471710205 7.21150827407837 7.23625230789185 7.26099586486816 7.28573989868164 7.31048345565796 7.34110736846924 7.40491390228271 7.46872043609619 7.53252696990967 7.59633350372314 7.66014003753662 7.7239465713501 7.78775310516357 7.85155963897705 7.91536617279053 7.98065423965454 8.05706119537354 8.13346862792969 8.20987510681152 8.28628253936768 8.36268997192383 8.43909645080566 8.51550388336182 8.59191036224365 8.6683177947998 8.74376201629639 8.80879306793213 8.87382507324219 8.93885612487793 9.00388717651367
-3.4e+38 -3.4e+38 -3.4e+38 -3.4e+38 -3.4e+38 -3.4e+38 -3.4e+38 -3.4e+38 -3.4e+38 -3.4e+38 -3.4e+38 -3.4e+38 -3.4e+38 7.05317449569702 7.05317449569702 7.05317449569702 7.05317449569702 7.05722713470459 7.07931661605835 7.10140562057495 7.12349510192871 7.14558458328247 7.16767358779907 7.18976306915283 7.21185255050659 7.23394155502319 7.25603103637695 7.28421258926392 7.34677362442017 7.40933418273926 7.47189521789551 7.53445625305176 7.59701728820801 7.65957832336426 7.72213888168335 7.7846999168396 7.84726095199585 7.91126346588135 7.986083984375 8.06090450286865 8.13572597503662 8.21054649353027 8.28536701202393 8.36018753051758 8.43500804901123 8.5098295211792 8.58465003967285 8.65848827362061 8.72170257568359 8.78491687774658 8.84813213348389 8.91134643554688
-3.4e+38 -3.4e+38 -3.4e+38 -3.4e+38 -3.4e+38 -3.4e+38 -3.4e+38 -3.4e+38 -3.4e+38 -3.4e+38 -3.4e+38 -3.4e+38 -3.4e+38 7.02309942245483 7.02309942245483 7.02309942245483 7.02309942245483 7.02666521072388 7.04609966278076 7.0655345916748 7.08496952056885 7.10440444946289 7.12383937835693 7.14327430725098 7.16270875930786 7.1821436882019 7.20157861709595 7.22731781005859 7.28863286972046 7.34994840621948 7.41126346588135 7.47257900238037 7.53389453887939 7.59520959854126 7.65652513504028 7.71784067153931 7.77915573120117 7.84187269210815 7.91510677337646 7.98834133148193 8.0615758895874 8.13481044769287 8.20804405212402 8.28127861022949 8.35451316833496 8.42774772644043 8.5009822845459 8.57321453094482 8.63461208343506 8.69600963592529 8.75740814208984 8.81880569458008
-3.4e+38 -3.4e+38 -3.4e+38 -3.4e+38 -3.4e+38 -3.4e+38 -3.4e+38 -3.4e+38 -3.4e+38 -3.4e+38 -3.4e+38 -3.4e+38 -3.4e+38 6.99302387237549 6.99302387237549 6.99302387237549 6.99302387237549 6.99610280990601 7.01288318634033 7.02966356277466 7.04644393920898 7.06322431564331 7.08000469207764 7.09678506851196 7.11356544494629 7.13034582138062 7.14712619781494 7.17042255401611 7.23049259185791 7.29056215286255 7.35063219070435 7.41070175170898 7.47077178955078 7.53084135055542 7.59091091156006 7.65098094940186 7.71105051040649 7.77248191833496 7.84412956237793 7.91577768325806 7.98742580413818 8.05907344818115 8.13072204589844 8.20236968994141 8.27401828765869 8.34566593170166 8.41731357574463 8.48794078826904 8.54752159118652 8.607102394104 8.66668319702148 8.72626399993896
-3.4e+38 -3.4e+38 -3.4e+38 -3.4e+38 -3.4e+38 -3.4e+38 -3.4e+38 -3.4e+38 -3.4e+38 -3.4e+38 -3.4e+38 -3.4e+38 6.9629487991333 6.9629487991333 6.9629487991333 6.9629487991333 6.9629487991333 6.96554040908813 6.9796667098999 6.99379253387451 7.00791835784912 7.02204418182373 7.03617000579834 7.05029582977295 7.06442213058472 7.07854795455933 7.09267377853394 7.11352777481079 7.1723518371582 7.23117637634277 7.29000043869019 7.3488245010376 7.40764856338501 7.46647310256958 7.52529716491699 7.5841212272644 7.64294528961182 7.70309066772461 7.77315235137939 7.84321403503418 7.91327571868896 7.98333740234375 8.05339908599854 8.12346076965332 8.19352245330811 8.26358413696289 8.33364582061768 8.40266704559326 8.46043109893799 8.51819515228271 8.57595920562744 8.63372325897217
-3.4e+38 -3.4e+38 -3.4e+38 -3.4e+38 -3.4e+38 -3.4e+38 -3.4e+38 -3.4e+38 -3.4e+38 -3.4e+38 -3.4e+38 -3.4e+38 6.93287372589111 6.93287372589111 6.93287372589111 6.93287372589111 6.93287372589111 6.93497848510742 6.94644975662231 6.95792150497437 6.96939277648926 6.98086404800415 6.99233531951904 7.00380706787109 7.01527833938599 7.02674961090088 7.03822135925293 7.05663299560547 7.11421155929565 7.17179012298584 7.22936868667603 7.28694725036621 7.3445258140564 7.40210437774658 7.45968294143677 7.51726150512695 7.57484006881714 7.63369989395142 7.70217514038086 7.77065086364746 7.8391261100769 7.90760135650635 7.97607660293579 8.04455184936523 8.11302757263184 8.18150234222412 8.24997806549072 8.31739330291748 8.37334060668945 8.42928791046143 8.4852352142334 8.54118251800537
-3.4e+38 -3.4e+38 -3.4e+38 -3.4e+38 -3.4e+38 -3.4e+38 -3.4e+38 -3.4e+38 -3.4e+38 -3.4e+38 -3.4e+38 -3.4e+38 6.90279865264893 6.90279865264893 6.90279865264893 6.90279865264893 6.90279865264893 6.90441608428955 6.91323328018188 6.92204999923706 6.93086719512939 6.93968391418457 6.9485011100769 6.95731782913208 6.96613502502441 6.97495174407959 6.98376893997192 6.99973821640015 7.05607128143311 7.11240434646606 7.16873693466187 7.22506999969482 7.28140306472778 7.33773612976074 7.3940691947937 7.45040225982666 7.50673484802246 7.56430912017822 7.63119792938232 7.69808721542358 7.76497602462769 7.83186531066895 7.89875411987305 7.96564340591431 8.03253173828125 8.09942150115967 8.16631031036377 8.2321195602417 8.28625011444092 8.34038066864014 8.39451122283936 8.44864177703857
-3.4e+38 -3.4e+38 -3.4e+38 -3.4e+38 -3.4e+38 -3.4e+38 -3.4e+38 -3.4e+38 -3.4e+38 -3.4e+38 -3.4e+38 -3.4e+38 6.87272357940674 6.87272357940674 6.87272357940674 6.87272357940674 6.87272357940674 6.87385416030884 6.8800163269043 6.88617897033691 6.89234161376953 6.89850378036499 6.90466642379761 6.91082906723022 6.91699123382568 6.9231538772583 6.92931652069092 6.94284343719482 6.9979305267334 7.05301809310913 7.10810565948486 7.16319274902344 7.21828031539917 7.27336740493774 7.32845497131348 7.38354253768921 7.43862962722778 7.49491834640503 7.56022071838379 7.62552356719971 7.69082641601562 7.75612878799438 7.8214316368103 7.88673448562622 7.95203685760498 8.0173397064209 8.08264255523682 8.14684581756592 8.19915962219238 8.25147342681885 8.30378723144531 8.35610103607178
-3.4e+38 -3.4e+38 -3.4e+38 -3.4e+38 -3.4e+38 -3.4e+38 -3.4e+38 -3.4e+38 -3.4e+38 -3.4e+38 -3.4e+38 6.82901096343994 6.84264802932739 6.84264802932739 6.84264802932739 6.84264802932739 6.84264802932739 6.84329175949097 6.84679985046387 6.85030794143677 6.85381603240967 6.85732364654541 6.86083173751831 6.86433982849121 6.86784791946411 6.87135601043701 6.87486410140991 6.8859486579895 6.93979024887085 6.9936318397522 7.0474739074707 7.10131549835205 7.15515756607056 7.2089991569519 7.26284122467041 7.31668281555176 7.37052440643311 7.42552757263184 7.48924398422241 7.55295991897583 7.61667633056641 7.68039274215698 7.74410915374756 7.80782556533813 7.87154150009155 7.93525791168213 7.99897432327271 8.06157207489014 8.11206912994385 8.16256618499756 8.21306324005127 8.26356029510498
-3.4e+38 -3.4e+38 -3.4e+38 -3.4e+38 -3.4e+38 -3.4e+38 -3.4e+38 -3.4e+38 -3.4e+38 -3.4e+38 -3.4e+38 6.79527568817139 6.80972576141357 6.80972576141357 6.80972576141357 6.80972576141357 6.80972576141357 6.8100004196167 6.81149578094482 6.81299114227295 6.81448650360107 6.8159818649292 6.81747674942017 6.81897211074829 6.82046747207642 6.82196283340454 6.82345819473267 6.83259105682373 6.8848237991333 6.93705701828003 6.9892897605896 7.04152250289917 7.0937557220459 7.14598846435547 7.19822120666504 7.25045442581177 7.30268716812134 7.35604953765869 7.41788959503174 7.47972965240479 7.54156923294067 7.60340929031372 7.66524934768677 7.72708940505981 7.7889289855957 7.85076904296875 7.9126091003418 7.97332334518433 8.0218620300293 8.07040119171143 8.11894035339355 8.16747951507568
