R_scripts/int_process_data/Bio_18.asc
NCOLS 281 
NROWS 576 
XLLCORNER 81175.2677831308 
YLLCORNER 88.2293212990044 
CELLSIZE 1000 
NODATA_value -3.4e+38 
[rows 322 to 344 of 576, columns 0 to 51 of 281]
-3.4e+38 -3.4e+38 -3.4e+38 -3.4e+38 -3.4e+38 -3.4e+38 -3.4e+38 -3.4e+38 -3.4e+38 -3.4e+38 -3.4e+38 -3.4e+38 -3.4e+38 -3.4e+38 1.26978933811188 1.26978933811188 1.26978933811188 1.26978933811188 1.26978933811188 1.27072834968567 1.27342522144318 1.27612209320068 1.27881896495819 1.28151571750641 1.28421258926392 1.28690946102142 1.28960633277893 1.29230308532715 1.29499995708466 1.29644823074341 1.29518485069275 1.29392147064209 1.29265797138214 1.29139459133148 1.29013121128082 1.28886771202087 1.28760433197021 1.28634095191956 1.28507745265961 1.28258407115936 1.27696359157562 1.27134323120117 1.26572275161743 1.26010239124298 1.25448203086853 1.24886155128479 1.24324119091034 1.23762083053589 1.23200035095215 1.22757565975189 1.22675013542175 1.22592449188232
-3.4e+38 -3.4e+38 -3.4e+38 -3.4e+38 -3.4e+38 -3.4e+38 -3.4e+38 -3.4e+38 -3.4e+38 -3.4e+38 -3.4e+38 -3.4e+38 -3.4e+38 -3.4e+38 -3.4e+38 1.2638236284256 1.2638236284256 1.2638236284256 1.2638236284256 1.26470577716827 1.26723909378052 1.26977252960205 1.27230584621429 1.27483916282654 1.27737259864807 1.27990591526031 1.28243935108185 1.28497266769409 1.28750598430634 1.28870558738708 1.28700816631317 1.28531074523926 1.28361344337463 1.28191602230072 1.28021860122681 1.27852118015289 1.27682387828827 1.27512645721436 1.27342903614044 1.27033603191376 1.26369524002075 1.25705444812775 1.25041353702545 1.24377274513245 1.23713195323944 1.23049116134644 1.22385036945343 1.21720945835114 1.21056866645813 1.20545279979706 1.20492708683014 1.20440137386322
-3.4e+38 -3.4e+38 -3.4e+38 -3.4e+38 -3.4e+38 -3.4e+38 -3.4e+38 -3.4e+38 -3.4e+38 -3.4e+38 -3.4e+38 -3.4e+38 -3.4e+38 -3.4e+38 -3.4e+38 1.25920033454895 1.25920033454895 1.25920033454895 1.25920033454895 1.26012516021729 1.26278114318848 1.26543712615967 1.26809298992157 1.27074897289276 1.27340483665466 1.27606081962585 1.27871680259705 1.28137266635895 1.28402864933014 1.28507852554321 1.28264045715332 1.28020226955414 1.27776420116425 1.27532601356506 1.27288794517517 1.27044975757599 1.2680116891861 1.2655736207962 1.26313543319702 1.25969052314758 1.25368618965149 1.24768173694611 1.24167740345001 1.23567306995392 1.22966873645782 1.22366440296173 1.21766006946564 1.21165561676025 1.20565128326416 1.20097041130066 1.20027339458466 1.19957637786865
-3.4e+38 -3.4e+38 -3.4e+38 -3.4e+38 -3.4e+38 -3.4e+38 -3.4e+38 -3.4e+38 -3.4e+38 -3.4e+38 -3.4e+38 -3.4e+38 -3.4e+38 -3.4e+38 1.25457715988159 1.25457715988159 1.25457715988159 1.25457715988159 1.25457715988159 1.25554466247559 1.25832319259644 1.26110172271729 1.26388013362885 1.26665866374969 1.26943719387054 1.27221572399139 1.27499413490295 1.2777726650238 1.28055119514465 1.28145158290863 1.27827262878418 1.27509379386902 1.27191495895386 1.2687361240387 1.26555728912354 1.26237845420837 1.25919950008392 1.25602066516876 1.2528418302536 1.24904501438141 1.24367702007294 1.23830914497375 1.23294126987457 1.22757339477539 1.22220551967621 1.21683764457703 1.21146976947784 1.20610177516937 1.20073390007019 1.19648802280426 1.19561970233917 1.19475126266479
-3.4e+38 -3.4e+38 -3.4e+38 -3.4e+38 -3.4e+38 -3.4e+38 -3.4e+38 -3.4e+38 -3.4e+38 -3.4e+38 -3.4e+38 -3.4e+38 -3.4e+38 -3.4e+38 1.24995386600494 1.24995386600494 1.24995386600494 1.24995386600494 1.24995386600494 1.2509640455246 1.2538651227951 1.25676620006561 1.25966727733612 1.26256835460663 1.26546943187714 1.26837050914764 1.27127158641815 1.27417266368866 1.27707374095917 1.27782452106476 1.27390491962433 1.2699853181839 1.26606571674347 1.26214611530304 1.2582266330719 1.25430703163147 1.25038743019104 1.24646782875061 1.24254822731018 1.23839938640594 1.23366796970367 1.2289365530014 1.22420513629913 1.21947371959686 1.21474230289459 1.21001088619232 1.20527946949005 1.20054793357849 1.19581651687622 1.19200575351715 1.1909658908844 1.18992614746094
-3.4e+38 -3.4e+38 -3.4e+38 -3.4e+38 -3.4e+38 -3.4e+38 -3.4e+38 -3.4e+38 -3.4e+38 -3.4e+38 -3.4e+38 -3.4e+38 -3.4e+38 -3.4e+38 1.24533069133759 1.24533069133759 1.24533069133759 1.24533069133759 1.24533069133759 1.2463835477829 1.24940717220306 1.25243079662323 1.25545454025269 1.25847816467285 1.26150178909302 1.26452541351318 1.26754903793335 1.27057278156281 1.27359640598297 1.27419745922089 1.26953721046448 1.26487684249878 1.26021659374237 1.25555622577667 1.25089585781097 1.24623560905457 1.24157524108887 1.23691499233246 1.23225462436676 1.22775387763977 1.22365891933441 1.21956396102905 1.21546900272369 1.21137404441833 1.20727908611298 1.20318412780762 1.19908905029297 1.19499409198761 1.19089913368225 1.18752336502075 1.18631219863892 1.18510103225708
-3.4e+38 -3.4e+38 -3.4e+38 -3.4e+38 -3.4e+38 -3.4e+38 -3.4e+38 -3.4e+38 -3.4e+38 -3.4e+38 -3.4e+38 -3.4e+38 -3.4e+38 1.23183977603912 1.24070739746094 1.24070739746094 1.24070739746094 1.24070739746094 1.24070739746094 1.2418030500412 1.24494922161102 1.24809539318085 1.25124168395996 1.25438785552979 1.2575341463089 1.26068031787872 1.26382648944855 1.26697278022766 1.27011895179749 1.2705705165863 1.26516938209534 1.25976836681366 1.25436735153198 1.24896633625031 1.24356520175934 1.23816418647766 1.23276317119598 1.22736203670502 1.22196102142334 1.2171083688736 1.21364986896515 1.2101913690567 1.20673286914825 1.20327436923981 1.19981586933136 1.19635736942291 1.19289875030518 1.18944025039673 1.18598175048828 1.18304097652435 1.18165850639343 1.18027591705322
-3.4e+38 -3.4e+38 -3.4e+38 -3.4e+38 -3.4e+38 -3.4e+38 -3.4e+38 -3.4e+38 -3.4e+38 -3.4e+38 -3.4e+38 -3.4e+38 -3.4e+38 1.22677373886108 1.23608422279358 1.23608422279358 1.23608422279358 1.23608422279358 1.23608422279358 1.23722243309021 1.24049127101898 1.24375998973846 1.24702882766724 1.25029754638672 1.25356638431549 1.25683522224426 1.26010394096375 1.26337277889252 1.266641497612 1.26694345474243 1.26080167293549 1.25465989112854 1.24851810932159 1.24237632751465 1.2362345457077 1.23009276390076 1.22395098209381 1.21780920028687 1.21166741847992 1.20646286010742 1.20364081859589 1.20081877708435 1.19799673557281 1.19517469406128 1.19235265254974 1.18953049182892 1.18670845031738 1.18388640880585 1.18106436729431 1.17855858802795 1.17700469493866 1.17545092105865
-3.4e+38 -3.4e+38 -3.4e+38 -3.4e+38 -3.4e+38 -3.4e+38 -3.4e+38 -3.4e+38 -3.4e+38 -3.4e+38 -3.4e+38 -3.4e+38 -3.4e+38 1.22160458564758 1.23146092891693 1.23146092891693 1.23146092891693 1.23146092891693 1.23146092891693 1.23264193534851 1.23603320121765 1.23942458629608 1.24281597137451 1.24620735645294 1.24959874153137 1.25299000740051 1.25638139247894 1.25977277755737 1.2631641626358 1.26331651210785 1.25643396377563 1.24955141544342 1.24266886711121 1.23578643798828 1.22890388965607 1.22202134132385 1.21513879299164 1.20825636386871 1.2013738155365 1.19581735134125 1.19363176822662 1.191446185112 1.18926060199738 1.18707489967346 1.18488931655884 1.18270373344421 1.18051815032959 1.17833256721497 1.17614698410034 1.17407619953156 1.17235100269318 1.1706258058548
-3.4e+38 -3.4e+38 -3.4e+38 -3.4e+38 -3.4e+38 -3.4e+38 -3.4e+38 -3.4e+38 -3.4e+38 -3.4e+38 -3.4e+38 -3.4e+38 1.20705461502075 1.21629154682159 1.22683775424957 1.22683775424957 1.22683775424957 1.22683775424957 1.22683775424957 1.22806131839752 1.23157525062561 1.2350891828537 1.23860311508179 1.24211704730988 1.24563097953796 1.24914491176605 1.25265884399414 1.25617277622223 1.25968670845032 1.25968945026398 1.25206625461578 1.2444429397583 1.23681974411011 1.22919642925262 1.22157323360443 1.21394991874695 1.20632672309875 1.19870340824127 1.19108021259308 1.18517184257507 1.18362259864807 1.18207347393036 1.18052434921265 1.17897522449493 1.17742609977722 1.17587697505951 1.1743278503418 1.17277872562408 1.17122960090637 1.16959381103516 1.16769731044769 1.16580069065094
-3.4e+38 -3.4e+38 -3.4e+38 -3.4e+38 -3.4e+38 -3.4e+38 -3.4e+38 -3.4e+38 -3.4e+38 -3.4e+38 -3.4e+38 -3.4e+38 1.19987714290619 1.21006262302399 1.22221446037292 1.22221446037292 1.22221446037292 1.22221446037292 1.22221446037292 1.22348082065582 1.22711730003357 1.23075377941132 1.23439025878906 1.23802673816681 1.24166333675385 1.24529981613159 1.24893629550934 1.25257277488708 1.25620937347412 1.2560623884201 1.24769842624664 1.23933446407318 1.23097050189972 1.22260653972626 1.21424245834351 1.20587849617004 1.19751453399658 1.18915057182312 1.18078660964966 1.17452621459961 1.17361354827881 1.17270088195801 1.17178821563721 1.17087554931641 1.16996288299561 1.1690502166748 1.168137550354 1.1672248840332 1.1663122177124 1.16511142253876 1.16304349899292 1.16097557544708
-3.4e+38 -3.4e+38 -3.4e+38 -3.4e+38 -3.4e+38 -3.4e+38 -3.4e+38 -3.4e+38 -3.4e+38 -3.4e+38 -3.4e+38 1.17190623283386 1.18538951873779 1.19690251350403 1.21571946144104 1.216383934021 1.21687078475952 1.21724283695221 1.21753633022308 1.21900081634521 1.22274661064148 1.22649252414703 1.2302383184433 1.23398423194885 1.23773002624512 1.24147582054138 1.24522173404694 1.2489675283432 1.25271332263947 1.25243437290192 1.24341368675232 1.23439311981201 1.2253725528717 1.21635186672211 1.2073312997818 1.19831073284149 1.18929004669189 1.18026947975159 1.17124879360199 1.16467273235321 1.16431081295013 1.16394877433777 1.16358685493469 1.16322481632233 1.16286289691925 1.16250097751617 1.16213893890381 1.16177701950073 1.16141498088837 1.16060090065002 1.15842592716217 1.15625107288361
-3.4e+38 -3.4e+38 -3.4e+38 -3.4e+38 -3.4e+38 -3.4e+38 -3.4e+38 -3.4e+38 -3.4e+38 -3.4e+38 -3.4e+38 1.15132510662079 1.16540575027466 1.17694664001465 1.19397985935211 1.20039582252502 1.20532214641571 1.20922362804413 1.2123898267746 1.21545076370239 1.2191835641861 1.2229163646698 1.2266491651535 1.23038196563721 1.23411476612091 1.23784756660461 1.24158036708832 1.24531316757202 1.24904608726501 1.24879610538483 1.23989629745483 1.23099637031555 1.22209656238556 1.21319675445557 1.20429682731628 1.19539701938629 1.18649709224701 1.17759728431702 1.16869747638702 1.16213965415955 1.16153573989868 1.16093182563782 1.16032791137695 1.1597238779068 1.15911996364594 1.15851604938507 1.15791213512421 1.15730822086334 1.15670430660248 1.1558301448822 1.1541428565979 1.15245544910431
-3.4e+38 -3.4e+38 -3.4e+38 -3.4e+38 -3.4e+38 -3.4e+38 -3.4e+38 -3.4e+38 -3.4e+38 -3.4e+38 1.08351397514343 1.13246214389801 1.14766991138458 1.15968263149261 1.17541301250458 1.18603670597076 1.19454276561737 1.20150697231293 1.20731365680695 1.21190071105957 1.21562051773071 1.21934032440186 1.22306001186371 1.22677981853485 1.23049962520599 1.23421943187714 1.23793911933899 1.24165892601013 1.24537873268127 1.24515795707703 1.23637878894806 1.22759974002838 1.2188206911087 1.21004152297974 1.20126247406006 1.19248330593109 1.18370425701141 1.17492508888245 1.16614603996277 1.15960657596588 1.15876066684723 1.15791475772858 1.15706884860992 1.15622293949127 1.15537703037262 1.15453124046326 1.1536853313446 1.15283942222595 1.1519935131073 1.15105938911438 1.14985966682434 1.1486599445343
-3.4e+38 -3.4e+38 -3.4e+38 -3.4e+38 -3.4e+38 -3.4e+38 -3.4e+38 -3.4e+38 -3.4e+38 -3.4e+38 1.0710117816925 1.09802341461182 1.13120150566101 1.144415974617 1.15937161445618 1.17306971549988 1.18445825576782 1.19407606124878 1.20230615139008 1.20835065841675 1.21205747127533 1.21576416492462 1.2194709777832 1.2231776714325 1.22688436508179 1.23059117794037 1.23429787158966 1.23800456523895 1.24171137809753 1.24151980876923 1.23286139965057 1.22420310974121 1.21554470062256 1.2068864107132 1.19822800159454 1.18956959247589 1.18091130256653 1.17225289344788 1.16359460353851 1.15707349777222 1.15598571300507 1.15489780902863 1.15380990505219 1.15272200107574 1.15163421630859 1.15054631233215 1.14945840835571 1.14837062358856 1.14728271961212 1.14628851413727 1.14557647705078 1.14486443996429
-3.4e+38 -3.4e+38 -3.4e+38 -3.4e+38 -3.4e+38 -3.4e+38 -3.4e+38 -3.4e+38 -3.4e+38 1.02569448947906 1.05860924720764 1.08641850948334 1.11012256145477 1.13025188446045 1.1453732252121 1.16130173206329 1.17500364780426 1.18691539764404 1.19736623764038 1.20480072498322 1.20849442481995 1.21218812465668 1.21588182449341 1.21957552433014 1.22326922416687 1.2269629240036 1.23065662384033 1.23435032367706 1.23804402351379 1.23788154125214 1.22934401035309 1.22080636024475 1.2122688293457 1.20373117923737 1.19519352912903 1.18665599822998 1.17811834812164 1.1695808172226 1.16104316711426 1.15454041957855 1.15321063995361 1.15188074111938 1.15055096149445 1.14922106266022 1.14789128303528 1.14656138420105 1.14523160457611 1.14390170574188 1.14257192611694 1.14151775836945 1.14129328727722 1.14106893539429
-3.4e+38 -3.4e+38 -3.4e+38 -3.4e+38 -3.4e+38 -3.4e+38 -3.4e+38 -3.4e+38 -3.4e+38 0.99650901556015 1.03311860561371 1.06398284435272 1.09035575389862 1.1131511926651 1.13305103778839 1.15057384967804 1.16612160205841 1.18001043796539 1.1924923658371 1.20125067234039 1.20493125915527 1.20861196517944 1.21229267120361 1.21597337722778 1.21965396404266 1.22333467006683 1.227015376091 1.23069596290588 1.23437666893005 1.23424339294434 1.22582650184631 1.21740972995758 1.20899283885956 1.20057594776154 1.1921591758728 1.18374228477478 1.17532539367676 1.16690862178802 1.15849173069 1.15200746059418 1.15043556690216 1.14886379241943 1.14729201793671 1.14572012424469 1.14414834976196 1.14257657527924 1.14100480079651 1.13943290710449 1.13786113262177 1.13674688339233 1.13701009750366 1.13727331161499
-3.4e+38 -3.4e+38 -3.4e+38 -3.4e+38 -3.4e+38 -3.4e+38 -3.4e+38 -3.4e+38 0.980694890022278 0.993857443332672 1.02557218074799 1.0537486076355 1.07894766330719 1.10161745548248 1.12212073802948 1.14075398445129 1.1577615737915 1.17334771156311 1.18768322467804 1.19770061969757 1.20136821269989 1.2050359249115 1.20870351791382 1.21237111091614 1.21603882312775 1.21970641613007 1.22337412834167 1.22704172134399 1.23070931434631 1.23060524463654 1.22230911254883 1.21401298046112 1.2057169675827 1.197420835495 1.18912470340729 1.18082857131958 1.17253255844116 1.16423642635345 1.15594029426575 1.14947438240051 1.14766061306 1.14584684371948 1.14403295516968 1.14221918582916 1.14040541648865 1.13859164714813 1.13677787780762 1.1349641084671 1.13315033912659 1.13197612762451 1.13272702693939 1.13347780704498
-3.4e+38 -3.4e+38 -3.4e+38 -3.4e+38 -3.4e+38 -3.4e+38 -3.4e+38 -3.4e+38 0.980694890022278 0.991913557052612 1.0197606086731 1.04551720619202 1.0694100856781 1.09163451194763 1.11235928535461 1.13173139095306 1.14987909793854 1.16691470146179 1.18293762207031 1.19415056705475 1.19780516624451 1.20145976543427 1.20511436462402 1.20876896381378 1.21242356300354 1.2160781621933 1.21973276138306 1.22338736057281 1.22704207897186 1.22696697711945 1.21879172325134 1.21061635017395 1.20244097709656 1.19426560401917 1.18609035015106 1.17791497707367 1.16973960399628 1.16156423091888 1.15338897705078 1.14694130420685 1.14488554000854 1.14282977581024 1.14077401161194 1.13871824741364 1.13666260242462 1.13460683822632 1.13255107402802 1.13049530982971 1.12843954563141 1.12720537185669 1.12844383716583 1.12968230247498
-3.4e+38 -3.4e+38 -3.4e+38 -3.4e+38 -3.4e+38 -3.4e+38 -3.4e+38 0.980694890022278 0.980694890022278 0.990427374839783 1.01514744758606 1.03875303268433 1.06131780147552 1.08290922641754 1.10358870029449 1.1234130859375 1.14243412017822 1.16069972515106 1.17825412750244 1.19060051441193 1.19424211978912 1.19788372516632 1.20152521133423 1.20516681671143 1.20880842208862 1.21244990825653 1.21609151363373 1.21973311901093 1.22337472438812 1.22332882881165 1.21527421474457 1.20721960067749 1.1991651058197 1.19111049175262 1.18305587768555 1.17500126361847 1.16694664955139 1.15889203548431 1.15083754062653 1.14440822601318 1.14211046695709 1.13981282711029 1.1375150680542 1.13521730899811 1.13291966915131 1.13062191009521 1.12832427024841 1.12602651119232 1.12372875213623 1.12243449687958 1.12416064739227 1.12588667869568
-3.4e+38 -3.4e+38 -3.4e+38 -3.4e+38 -3.4e+38 -3.4e+38 -3.4e+38 -3.4e+38 0.980694890022278 0.989254236221313 1.01139664649963 1.03309607505798 1.05436563491821 1.07521796226501 1.09566533565521 1.11571943759918 1.13539135456085 1.15469205379486 1.17363178730011 1.1870504617691 1.19067907333374 1.19430756568909 1.19793605804443 1.20156466960907 1.20519316196442 1.20882177352905 1.2124502658844 1.21607875823975 1.21970736980438 1.21969068050385 1.21175682544708 1.20382297039032 1.19588911533356 1.18795526027679 1.18002140522003 1.17208755016327 1.1641538143158 1.15621995925903 1.14828610420227 1.14187514781952 1.13933539390564 1.13679575920105 1.13425612449646 1.13171637058258 1.12917673587799 1.1266371011734 1.12409734725952 1.12155771255493 1.11901807785034 1.11766374111176 1.11987745761871 1.12209117412567
-3.4e+38 -3.4e+38 -3.4e+38 -3.4e+38 -3.4e+38 -3.4e+38 -3.4e+38 -3.4e+38 0.980694890022278 0.988360643386841 1.00847196578979 1.02858328819275 1.0486946105957 1.06880593299866 1.08891725540161 1.10902857780457 1.12913990020752 1.14925122261047 1.16936254501343 1.18373012542725 1.18734645843506 1.19096279144287 1.19457912445068 1.1981954574585 1.20181179046631 1.20542812347412 1.20904457569122 1.21266090869904 1.21627724170685 1.21628773212433 1.20846688747406 1.2006459236145 1.19282507896423 1.18500423431396 1.17718327045441 1.16936242580414 1.16154146194458 1.15372061729431 1.14589965343475 1.1395058631897 1.13673996925354 1.13397395610809 1.13120794296265 1.1284419298172 1.12567591667175 1.12290990352631 1.12014389038086 1.1173779964447 1.11461198329926 1.11318981647491 1.11581301689148 1.11843621730804
-3.4e+38 -3.4e+38 -3.4e+38 -3.4e+38 -3.4e+38 -3.4e+38 -3.4e+38 -3.4e+38 0.980694890022278 0.988360643386841 1.00847196578979 1.02858328819275 1.0486946105957 1.06880593299866 1.08891725540161 1.10902857780457 1.12913990020752 1.14925122261047 1.16936254501343 1.18373012542725 1.18734645843506 1.19096279144287 1.19457912445068 1.1981954574585 1.20181179046631 1.20542812347412 1.20904457569122 1.21266090869904 1.21627724170685 1.21628773212433 1.20846688747406 1.2006459236145 1.19282507896423 1.18500423431396 1.17718327045441 1.16936242580414 1.16154146194458 1.15372061729431 1.14589965343475 1.1395058631897 1.13673996925354 1.13397395610809 1.13120794296265 1.1284419298172 1.12567591667175 1.12290990352631 1.12014389038086 1.1173779964447 1.11461198329926 1.11300992965698 1.11491143703461 1.11681306362152
