R_scripts/int_process_data/Bio_01.asc
NCOLS 281 
NROWS 576 
XLLCORNER 81175.2677831308 
YLLCORNER 88.2293212990044 
CELLSIZE 1000 
NODATA_value -3.4e+38 
[rows 23 to 45 of 576, columns 52 to 103 of 281]
-3.4e+38 -3.4e+38 -3.4e+38 -3.4e+38 -3.4e+38 -3.4e+38 -3.4e+38 -3.4e+38 -3.4e+38 -3.4e+38 -3.4e+38 -3.4e+38 -3.4e+38 -3.4e+38 -3.4e+38 -3.4e+38 13.9004535675049 13.8979568481445 13.8843517303467 13.8707466125488 13.8571405410767 13.8435354232788 13.8299293518066 13.8163242340088 13.8027181625366 13.7891130447388 13.7755069732666 13.7612609863281 13.7433958053589 13.7255306243896 13.7076654434204 13.6898002624512 13.6719350814819 13.6540699005127 13.6362047195435 13.6183395385742 13.600474357605 13.5772104263306 13.5134325027466 13.4496545791626 13.3858766555786 13.3220987319946 13.2583198547363 13.1945419311523 13.1307640075684 13.0669860839844 13.0032081604004 12.9370317459106 12.8449192047119 12.7528076171875 12.6606950759888 12.5685834884644
-3.4e+38 -3.4e+38 -3.4e+38 -3.4e+38 -3.4e+38 -3.4e+38 -3.4e+38 -3.4e+38 -3.4e+38 -3.4e+38 -3.4e+38 -3.4e+38 -3.4e+38 -3.4e+38 -3.4e+38 13.9041023254395 13.9041023254395 13.9012746810913 13.8858585357666 13.8704433441162 13.8550271987915 13.8396110534668 13.8241958618164 13.8087797164917 13.7933645248413 13.7779483795166 13.7625322341919 13.7466745376587 13.7283201217651 13.7099666595459 13.6916122436523 13.6732578277588 13.6549043655396 13.636549949646 13.6181955337524 13.5998411178589 13.5814876556396 13.5579719543457 13.4957237243652 13.4334754943848 13.3712282180786 13.3089799880981 13.2467317581177 13.1844835281372 13.1222352981567 13.0599870681763 12.9977388381958 12.933256149292 12.8445997238159 12.7559432983398 12.6672868728638 12.5786304473877
-3.4e+38 -3.4e+38 -3.4e+38 -3.4e+38 -3.4e+38 -3.4e+38 -3.4e+38 -3.4e+38 -3.4e+38 -3.4e+38 -3.4e+38 -3.4e+38 -3.4e+38 -3.4e+38 13.9077520370483 13.9077520370483 13.9077520370483 13.9045915603638 13.8873653411865 13.8701400756836 13.8529138565063 13.8356876373291 13.8184614181519 13.8012361526489 13.7840099334717 13.7667837142944 13.7495584487915 13.7320890426636 13.7132453918457 13.6944026947021 13.6755590438843 13.6567163467407 13.6378726959229 13.6190299987793 13.6001863479614 13.5813436508179 13.5625 13.5387334823608 13.4780158996582 13.4172973632812 13.3565788269043 13.2958612442017 13.2351427078247 13.1744241714478 13.1137065887451 13.0529880523682 12.9922704696655 12.929479598999 12.8442792892456 12.7590789794922 12.6738786697388 12.5886783599854
-3.4e+38 -3.4e+38 -3.4e+38 -3.4e+38 -3.4e+38 -3.4e+38 -3.4e+38 -3.4e+38 -3.4e+38 -3.4e+38 -3.4e+38 13.9365491867065 13.9114007949829 13.9114007949829 13.9114007949829 13.9114007949829 13.9114007949829 13.9079084396362 13.8888721466064 13.8698358535767 13.8508005142212 13.8317642211914 13.8127279281616 13.7936916351318 13.7746553421021 13.7556200027466 13.7365837097168 13.7175025939941 13.6981706619263 13.6788387298584 13.6595067977905 13.6401739120483 13.6208419799805 13.6015100479126 13.5821781158447 13.5628452301025 13.5435132980347 13.519495010376 13.4603071212769 13.4011182785034 13.3419303894043 13.2827425003052 13.2235536575317 13.1643657684326 13.1051778793335 13.0459890365601 12.9868011474609 12.9257040023804 12.8439598083496 12.7622146606445 12.6804704666138 12.598726272583
-3.4e+38 -3.4e+38 -3.4e+38 -3.4e+38 -3.4e+38 -3.4e+38 -3.4e+38 -3.4e+38 -3.4e+38 14.005518913269 13.9699440002441 13.9422292709351 13.9150505065918 13.9150505065918 13.9150505065918 13.9150505065918 13.9150505065918 13.9112253189087 13.8903789520264 13.869532585144 13.848687171936 13.8278408050537 13.8069944381714 13.7861480712891 13.7653017044067 13.7444553375244 13.7236089706421 13.702917098999 13.6830959320068 13.6632747650146 13.6434535980225 13.6236324310303 13.6038112640381 13.5839900970459 13.5641689300537 13.5443477630615 13.5245265960693 13.5002565383911 13.4425983428955 13.3849401473999 13.3272819519043 13.2696237564087 13.2119655609131 13.1543073654175 13.0966491699219 13.038990020752 12.9813318252563 12.9219284057617 12.8436393737793 12.7653512954712 12.6870622634888 12.6087741851807
-3.4e+38 -3.4e+38 -3.4e+38 -3.4e+38 -3.4e+38 -3.4e+38 -3.4e+38 -3.4e+38 -3.4e+38 14.017050743103 13.978497505188 13.9483327865601 13.9186992645264 13.9186992645264 13.9186992645264 13.9186992645264 13.9186992645264 13.9145431518555 13.8918867111206 13.8692293167114 13.8465728759766 13.8239164352417 13.8012599945068 13.778603553772 13.7559471130371 13.7332906723022 13.7106342315674 13.6883306503296 13.6680212020874 13.6477108001709 13.6274003982544 13.6070899963379 13.5867805480957 13.5664701461792 13.5461597442627 13.5258493423462 13.505539894104 13.4810180664062 13.4248895645142 13.3687610626221 13.3126335144043 13.2565050125122 13.2003765106201 13.144248008728 13.0881195068359 13.0319919586182 12.9758634567261 12.9181518554688 12.8433198928833 12.7684869766235 12.6936540603638 12.6188220977783
-3.4e+38 -3.4e+38 -3.4e+38 -3.4e+38 -3.4e+38 -3.4e+38 -3.4e+38 -3.4e+38 14.0828971862793 14.0302352905273 13.9881343841553 13.9550085067749 13.9223489761353 13.9223489761353 13.9223489761353 13.9223489761353 13.9223489761353 13.9178600311279 13.8933935165405 13.8689260482788 13.8444595336914 13.819993019104 13.7955265045166 13.7710599899292 13.7465934753418 13.7221260070801 13.6976594924927 13.6737451553345 13.6529455184937 13.6321468353271 13.6113471984863 13.5905485153198 13.569748878479 13.5489501953125 13.5281505584717 13.5073518753052 13.4865522384644 13.4617795944214 13.4071807861328 13.3525829315186 13.29798412323 13.2433862686157 13.1887874603271 13.1341896057129 13.0795907974243 13.0249929428101 12.9703941345215 12.9143762588501 12.842999458313 12.7716226577759 12.7002458572388 12.6288690567017
-3.4e+38 -3.4e+38 -3.4e+38 -3.4e+38 -3.4e+38 -3.4e+38 -3.4e+38 14.1746997833252 14.1033058166504 14.0456514358521 13.9992570877075 13.9624824523926 13.9259977340698 13.9259977340698 13.9259977340698 13.9259977340698 13.9259977340698 13.9211769104004 13.8949003219604 13.8686227798462 13.8423461914062 13.8160696029663 13.7897930145264 13.7635154724121 13.7372388839722 13.7109622955322 13.684684753418 13.659158706665 13.6378707885742 13.6165828704834 13.5952949523926 13.5740060806274 13.5527181625366 13.5314302444458 13.510142326355 13.4888534545898 13.467565536499 13.4425411224365 13.3894729614258 13.3364038467407 13.28333568573 13.2302675247192 13.1771993637085 13.1241302490234 13.0710620880127 13.017993927002 12.9649257659912 12.9105997085571 12.8426790237427 12.7747583389282 12.7068376541138 12.6389169692993
-3.4e+38 -3.4e+38 -3.4e+38 -3.4e+38 -3.4e+38 14.576491355896 14.5602216720581 14.209267616272 14.1310949325562 14.0675668716431 14.0159978866577 13.9744062423706 13.9296474456787 13.9296474456787 13.9296474456787 13.9296474456787 13.9296474456787 13.9244937896729 13.8964071273804 13.8683195114136 13.8402328491211 13.8121461868286 13.7840585708618 13.7559719085693 13.7278842926025 13.6997976303101 13.6717100143433 13.6445732116699 13.6227960586548 13.6010189056396 13.5792417526245 13.5574645996094 13.5356874465942 13.5139102935791 13.492133140564 13.4703559875488 13.4485788345337 13.4233026504517 13.3717641830444 13.3202257156372 13.26868724823 13.2171487808228 13.1656103134155 13.1140718460083 13.0625333786011 13.0109949111938 12.9594564437866 12.9068241119385 12.8423595428467 12.7778940200806 12.7134294509888 12.648964881897
-3.4e+38 -3.4e+38 -3.4e+38 -3.4e+38 -3.4e+38 -3.4e+38 14.6006145477295 14.5019054412842 14.1967391967773 14.1280794143677 14.071852684021 14.0233392715454 13.9420108795166 13.939492225647 13.9376630783081 13.9362745285034 13.9351854324341 13.9289999008179 13.8992691040039 13.8695383071899 13.8398065567017 13.8100757598877 13.7803449630737 13.7506132125854 13.7208824157715 13.6911516189575 13.6614208221436 13.6328353881836 13.6107196807861 13.5886030197144 13.5664863586426 13.5443696975708 13.5222539901733 13.5001373291016 13.4780206680298 13.455904006958 13.4337882995605 13.4084053039551 13.3585119247437 13.3086185455322 13.2587242126465 13.2088308334351 13.1589374542236 13.1090431213379 13.0591497421265 13.009256362915 12.9593620300293 12.9085187911987 12.8474006652832 12.786283493042 12.7251653671265 12.6640472412109
-3.4e+38 -3.4e+38 -3.4e+38 -3.4e+38 -3.4e+38 -3.4e+38 14.6653270721436 14.5690879821777 14.4410734176636 14.2169647216797 14.1585702896118 14.110312461853 14.0373620986938 14.0104026794434 13.9898357391357 13.9736289978027 13.9605283737183 13.9461259841919 13.9165153503418 13.886905670166 13.8572950363159 13.8276844024658 13.79807472229 13.7684640884399 13.7388534545898 13.7092428207397 13.679633140564 13.6513385772705 13.6304721832275 13.6096067428589 13.5887403488159 13.5678739547729 13.54700756073 13.5261421203613 13.5052757263184 13.4844093322754 13.4635429382324 13.439600944519 13.3925704956055 13.3455400466919 13.2985105514526 13.2514801025391 13.2044506072998 13.1574201583862 13.1103897094727 13.0633602142334 13.0163297653198 12.9682931900024 12.9093656539917 12.8504371643066 12.7915096282959 12.7325820922852
-3.4e+38 -3.4e+38 -3.4e+38 -3.4e+38 -3.4e+38 14.7272043228149 14.7228317260742 14.6286211013794 14.4997615814209 14.2974481582642 14.2346725463867 14.1847925186157 14.1179885864258 14.073616027832 14.0382537841797 14.0094089508057 13.9854326248169 13.9632520675659 13.933762550354 13.9042730331421 13.8747835159302 13.8452939987183 13.815803527832 13.7863140106201 13.7568244934082 13.7273349761963 13.6978454589844 13.6698417663574 13.6502256393433 13.6306095123291 13.6109943389893 13.5913782119751 13.5717620849609 13.5521459579468 13.5325307846069 13.5129146575928 13.4932985305786 13.4707956314087 13.4266290664673 13.3824625015259 13.3382959365845 13.2941293716431 13.249963760376 13.2057971954346 13.1616306304932 13.1174640655518 13.0732975006104 13.0280666351318 12.9713296890259 12.9145917892456 12.8578548431396 12.8011169433594
-3.4e+38 -3.4e+38 -3.4e+38 -3.4e+38 -3.4e+38 14.7752714157104 14.7750930786133 14.6832857131958 14.5521907806396 14.4411869049072 14.3045377731323 14.2500267028809 14.1870584487915 14.1303234100342 14.0833082199097 14.0437126159668 14.0099086761475 13.9803781509399 13.9510097503662 13.9216403961182 13.8922710418701 13.8629026412964 13.8335332870483 13.8041639328003 13.7747955322266 13.7454261779785 13.7160577774048 13.6883449554443 13.669979095459 13.6516132354736 13.6332473754883 13.6148824691772 13.5965166091919 13.5781507492065 13.5597848892212 13.5414190292358 13.5230541229248 13.5019912719727 13.4606885910034 13.4193849563599 13.3780822753906 13.3367795944214 13.2954759597778 13.2541732788086 13.2128705978394 13.1715679168701 13.1302642822266 13.0878410339355 13.0332937240601 12.9787464141846 12.9241991043091 12.8696527481079
-3.4e+38 -3.4e+38 -3.4e+38 -3.4e+38 -3.4e+38 14.8174533843994 14.8243017196655 14.7391309738159 14.6036567687988 14.489501953125 14.3923721313477 14.3098764419556 14.2468891143799 14.1814775466919 14.125337600708 14.0766286849976 14.0339670181274 13.9975051879883 13.9682559967041 13.9390077590942 13.9097595214844 13.8805112838745 13.8512630462646 13.8220148086548 13.7927665710449 13.7635183334351 13.7342691421509 13.7068471908569 13.6897325515747 13.6726169586182 13.6555013656616 13.6383857727051 13.6212711334229 13.6041555404663 13.5870399475098 13.5699243545532 13.5528087615967 13.5331869125366 13.4947471618652 13.4563074111938 13.4178686141968 13.3794288635254 13.340989112854 13.3025503158569 13.2641105651855 13.2256708145142 13.1872320175171 13.1476144790649 13.0952577590942 13.0429010391235 12.9905443191528 12.9381875991821
-3.4e+38 -3.4e+38 -3.4e+38 -3.4e+38 -3.4e+38 -3.4e+38 14.8957948684692 14.8592929840088 14.708423614502 14.5816316604614 14.4735803604126 14.3803997039795 14.2992181777954 14.2278575897217 14.1646375656128 14.1082410812378 14.0576190948486 14.0146312713623 13.9855031967163 13.9563751220703 13.9272480010986 13.8981199264526 13.868992805481 13.839864730835 13.8107376098633 13.7816095352173 13.7524814605713 13.7253503799438 13.7094850540161 13.6936206817627 13.677755355835 13.6618900299072 13.6460247039795 13.6301603317261 13.6142950057983 13.5984296798706 13.5825643539429 13.5643815994263 13.5288057327271 13.4932298660278 13.4576539993286 13.4220781326294 13.3865022659302 13.350926399231 13.3153505325317 13.2797746658325 13.2441987991333 13.2073888778687 13.1572217941284 13.1070556640625 13.0568885803223 13.0067224502563
-3.4e+38 -3.4e+38 -3.4e+38 -3.4e+38 -3.4e+38 -3.4e+38 14.8957948684692 14.8656797409058 14.7366743087769 14.622257232666 14.5200843811035 14.4282922744751 14.3453731536865 14.2701015472412 14.2014656066895 14.1386251449585 14.0808744430542 14.0317573547363 14.0027503967285 13.9737434387207 13.9447364807129 13.9157295227051 13.8867225646973 13.8577146530151 13.8287076950073 13.7997007369995 13.7706937789917 13.7438535690308 13.7292385101318 13.7146234512329 13.7000093460083 13.6853942871094 13.6707792282104 13.6561641693115 13.6415491104126 13.626935005188 13.6123199462891 13.5955772399902 13.5628652572632 13.5301523208618 13.4974403381348 13.4647283554077 13.4320154190063 13.3993034362793 13.3665914535522 13.3338785171509 13.3011665344238 13.267162322998 13.2191858291626 13.1712102890015 13.123233795166 13.0752573013306
-3.4e+38 -3.4e+38 -3.4e+38 -3.4e+38 -3.4e+38 14.8957948684692 14.8957948684692 14.8703184127808 14.7582559585571 14.6547002792358 14.5587205886841 14.4695129394531 14.3863868713379 14.3087396621704 14.236047744751 14.1678504943848 14.1037435531616 14.0488834381104 14.0199966430664 13.9911108016968 13.9622240066528 13.9333381652832 13.9044513702393 13.8755655288696 13.8466787338257 13.8177928924561 13.7889060974121 13.7623567581177 13.7489919662476 13.7356271743774 13.7222623825073 13.7088985443115 13.6955337524414 13.6821689605713 13.6688041687012 13.6554393768311 13.6420755386353 13.6267728805542 13.596923828125 13.5670747756958 13.5372266769409 13.5073776245117 13.4775285720825 13.4476804733276 13.4178314208984 13.3879823684692 13.3581342697144 13.3269367218018 13.2811508178711 13.2353649139404 13.1895790100098 13.1437931060791
-3.4e+38 -3.4e+38 -3.4e+38 -3.4e+38 -3.4e+38 -3.4e+38 14.8957948684692 14.8738412857056 14.775279045105 14.6812076568604 14.5913286209106 14.5053672790527 14.4230718612671 14.3442144393921 14.2685823440552 14.1959829330444 14.1262359619141 14.0660095214844 14.0372438430786 14.0084781646729 13.9797124862671 13.9509468078613 13.9221811294556 13.8934154510498 13.864649772644 13.8358840942383 13.8071184158325 13.7808589935303 13.7687454223633 13.756630897522 13.7445163726807 13.7324018478394 13.7202882766724 13.7081737518311 13.6960592269897 13.6839447021484 13.6718301773071 13.6579675674438 13.6309823989868 13.6039972305298 13.5770120620728 13.5500268936157 13.5230417251587 13.4960565567017 13.4690713882446 13.4420862197876 13.4151010513306 13.3867101669312 13.3431148529053 13.2995185852051 13.2559232711792 13.2123279571533
-3.4e+38 -3.4e+38 -3.4e+38 -3.4e+38 -3.4e+38 -3.4e+38 14.8957948684692 14.8766059875488 14.7890501022339 14.7032718658447 14.6192188262939 14.5368375778198 14.4560804367065 14.376898765564 14.2992467880249 14.2230815887451 14.1483602523804 14.0831356048584 14.0544910430908 14.0258455276489 13.9972009658813 13.9685554504395 13.9399108886719 13.91126537323 13.8826208114624 13.8539762496948 13.8253307342529 13.7993621826172 13.7884979248047 13.7776346206665 13.766770362854 13.7559061050415 13.745041847229 13.7341775894165 13.7233142852783 13.7124500274658 13.7015857696533 13.6891632080078 13.6650409698486 13.6409196853638 13.6167984008789 13.5926761627197 13.5685548782349 13.54443359375 13.5203113555908 13.496190071106 13.4720687866211 13.4464845657349 13.4050788879395 13.363673210144 13.3222684860229 13.2808628082275
-3.4e+38 -3.4e+38 -3.4e+38 -3.4e+38 -3.4e+38 14.8961935043335 14.8961935043335 14.8791532516479 14.8004198074341 14.7216854095459 14.6429510116577 14.5642166137695 14.4854831695557 14.4067487716675 14.3280143737793 14.2492799758911 14.1705465316772 14.1010274887085 14.0725202560425 14.0440120697021 14.0155048370361 13.9869976043701 13.9584903717041 13.9299821853638 13.9014749526978 13.8729677200317 13.8444604873657 13.818793296814 13.8091554641724 13.7995176315308 13.7898797988892 13.7802419662476 13.770604133606 13.7609663009644 13.7513284683228 13.7416906356812 13.7320528030396 13.7210350036621 13.6996593475342 13.6782827377319 13.656907081604 13.6355304718018 13.6141548156738 13.5927782058716 13.5714025497437 13.5500259399414 13.5286502838135 13.5057535171509 13.4664058685303 13.427059173584 13.3877115249634 13.3483648300171
-3.4e+38 -3.4e+38 -3.4e+38 -3.4e+38 -3.4e+38 14.9036979675293 14.9036979675293 14.8871746063232 14.810827255249 14.7344799041748 14.6581325531006 14.5817852020264 14.5054378509521 14.4290904998779 14.3527421951294 14.2763948440552 14.200047492981 14.1325578689575 14.1044883728027 14.0764188766479 14.0483484268188 14.0202789306641 13.9922094345093 13.9641399383545 13.9360704421997 13.9079999923706 13.8799304962158 13.8547554016113 13.8459167480469 13.8370780944824 13.828239440918 13.8194007873535 13.8105621337891 13.8017234802246 13.7928848266602 13.7840461730957 13.7752075195312 13.7649707794189 13.7442359924316 13.7235012054443 13.702766418457 13.6820316314697 13.6612968444824 13.6405620574951 13.6198272705078 13.5990924835205 13.5783586502075 13.5560235977173 13.5163822174072 13.4767398834229 13.4370985031128 13.3974571228027
-3.4e+38 -3.4e+38 -3.4e+38 -3.4e+38 -3.4e+38 14.9112024307251 14.9112024307251 14.8951959609985 14.821234703064 14.7472743988037 14.6733140945435 14.5993528366089 14.5253925323486 14.4514312744141 14.3774709701538 14.3035097122192 14.229549407959 14.1640892028809 14.136456489563 14.1088247299194 14.0811929702759 14.0535612106323 14.0259284973145 13.9982967376709 13.9706649780273 13.9430332183838 13.9154005050659 13.890718460083 13.8826789855957 13.8746385574341 13.8665990829468 13.8585596084595 13.8505201339722 13.8424806594849 13.8344411849976 13.8264017105103 13.8183622360229 13.8089056015015 13.7888116836548 13.7687187194824 13.7486257553101 13.7285327911377 13.708438873291 13.6883459091187 13.6682529449463 13.6481590270996 13.6280660629272 13.6062936782837 13.5663576126099 13.526421546936 13.4864854812622 13.4465494155884
-3.4e+38 -3.4e+38 -3.4e+38 -3.4e+38 -3.4e+38 14.9187068939209 14.9187068939209 14.9032173156738 14.8316431045532 14.7600688934326 14.688494682312 14.6169204711914 14.5453472137451 14.4737730026245 14.4021987915039 14.3306245803833 14.259051322937 14.1956195831299 14.1684255599976 14.1412305831909 14.1140365600586 14.0868425369263 14.0596485137939 14.0324535369873 14.005259513855 13.9780654907227 13.9508714675903 13.9266805648804 13.9194402694702 13.9121999740601 13.9049596786499 13.8977184295654 13.8904781341553 13.8832378387451 13.875997543335 13.8687572479248 13.8615169525146 13.852840423584 13.8333883285522 13.8139371871948 13.7944850921631 13.7750329971313 13.7555818557739 13.7361297607422 13.7166776657104 13.697226524353 13.6777744293213 13.6565637588501 13.6163339614868 13.5761032104492 13.5358724594116 13.4956426620483
