R_scripts/int_process_data/Bio_19_2001.2020.asc
NCOLS 281 
NROWS 577 
XLLCORNER 81175.2677831308 
YLLCORNER -911.770678700996 
CELLSIZE 1000 
NODATA_value -3.4e+38 
[rows 147 to 167 of 577, columns 144 to 191 of 281]
3.43077353193166e-08 3.41789636593148e-08 3.38450973913496e-08 3.33401928287458e-08 3.25538564993622e-08 3.17443458186517e-08 3.10977092965459e-08 3.03235196952301e-08 2.97610291966066e-08 2.91673973862316e-08 2.86282677564031e-08 2.85972667768419e-08 2.82349645885915e-08 2.73519198401573e-08 2.69115183471058e-08 2.65383288677867e-08 2.60485855108072e-08 2.64413646533512e-08 2.66230273382462e-08 2.50805030077572e-08 2.41342732465455e-08 2.39569981630439e-08 2.30642172027729e-08 2.23926406306418e-08 2.24195080278378e-08 2.23365645979356e-08 2.19577884763567e-08 2.10839026237863e-08 2.10696953217848e-08 2.14324131775356e-08 2.18863753786991e-08 2.18806128771121e-08 2.10779464993038e-08 2.02056540388185e-08 2.05761612193101e-08 2.0190539018472e-08 1.84075421572061e-08 1.75167542693089e-08 1.74535053076852e-08 1.72904552897535e-08 1.6775427269522e-08 1.60467852339252e-08 1.64795928014883e-08 1.73141216919248e-08 1.81250801034594e-08 1.88125781619419e-08 1.89519120397108e-08 1.87072650703612e-08
3.42833210709159e-08 3.42058150692992e-08 3.37889183299467e-08 3.32032747962785e-08 3.23758619913406e-08 3.19625392819489e-08 3.13995656142652e-08 3.06686338547024e-08 3.00619724669104e-08 2.92260526890686e-08 2.88677757254163e-08 2.90609474262737e-08 2.84265233574388e-08 2.77961369476998e-08 2.77151084304705e-08 2.71915521210531e-08 2.65138080379757e-08 2.69352842252601e-08 2.65578048441739e-08 2.53636844860239e-08 2.48586982110055e-08 2.42922766346965e-08 2.34596555515054e-08 2.32309957937105e-08 2.2872034932675e-08 2.26744045761507e-08 2.21690097390592e-08 2.12292903256639e-08 2.08676809165809e-08 2.13600852561058e-08 2.15751985166435e-08 2.13950261951368e-08 2.14757811534128e-08 2.10882777906818e-08 2.07955750397559e-08 1.97368645871165e-08 1.83702724143586e-08 1.8067147777856e-08 1.75481069675243e-08 1.72289720268282e-08 1.66192553052724e-08 1.63808486774997e-08 1.71328320419661e-08 1.78333916522888e-08 1.87345889912649e-08 1.89561362162749e-08 1.87098070369984e-08 1.85273272279574e-08
3.43269199731822e-08 3.4534753723392e-08 3.41242021306698e-08 3.32390328594556e-08 3.21224540300591e-08 3.17732293808604e-08 3.16320019067007e-08 3.1076183404366e-08 3.03160589965046e-08 2.93044006838272e-08 2.92715629512941e-08 2.93505983961495e-08 2.87454700043099e-08 2.83062746575524e-08 2.81985883532343e-08 2.73326339339519e-08 2.68919588819472e-08 2.72372240317509e-08 2.64637733948803e-08 2.57604675368839e-08 2.53468481759e-08 2.45734348425231e-08 2.43072193484295e-08 2.38495374560443e-08 2.30712906557073e-08 2.29605294777002e-08 2.21950919865321e-08 2.14792503783201e-08 2.12737667482088e-08 2.15194617680936e-08 2.08196020423657e-08 2.06511820977084e-08 2.14322355418517e-08 2.12492459183977e-08 2.07315888900439e-08 1.97968663684378e-08 1.88070625739556e-08 1.82783441715628e-08 1.76803442997198e-08 1.75425558524012e-08 1.69126455062951e-08 1.68605627237639e-08 1.7420855868977e-08 1.79403727429417e-08 1.87656397088176e-08 1.85150668130518e-08 1.82354735756007e-08 1.84179853590649e-08
3.49180631076251e-08 3.48435946762038e-08 3.43498989252566e-08 3.33854650591547e-08 3.24242179772227e-08 3.18659694187318e-08 3.16040562609032e-08 3.12872145968868e-08 3.04108667137371e-08 2.96264346388853e-08 2.97078095456982e-08 2.94811588474886e-08 2.90534547531252e-08 2.87858821224063e-08 2.82150534047787e-08 2.75602580757095e-08 2.74299694069668e-08 2.73661289185156e-08 2.65469033422505e-08 2.59852814821215e-08 2.52629650532299e-08 2.5012758086973e-08 2.51161456077398e-08 2.41149766821991e-08 2.35187620489796e-08 2.33019186168804e-08 2.22621814316426e-08 2.17018421011517e-08 2.15796926994472e-08 2.11258139870552e-08 2.035985779969e-08 2.02898959855702e-08 2.1036090203097e-08 2.10630961561264e-08 2.04936476677631e-08 1.9699164965914e-08 1.87861921574495e-08 1.84539477032786e-08 1.83114963192565e-08 1.78244423665319e-08 1.6989718076843e-08 1.66927627276436e-08 1.6735375751864e-08 1.74935603780568e-08 1.83220372207415e-08 1.80420229867195e-08 1.81565749102219e-08 1.81915620345308e-08
3.57063960620962e-08 3.51940094844849e-08 3.46682931251507e-08 3.38357217799512e-08 3.33095364624114e-08 3.28099361013301e-08 3.21030775296549e-08 3.13452730438257e-08 3.05711225223604e-08 3.01912947975325e-08 3.01859515161595e-08 2.97721314268529e-08 2.93998212441693e-08 2.91979755928651e-08 2.8500949156296e-08 2.80986807155159e-08 2.78604908032776e-08 2.74691913659808e-08 2.67555471111791e-08 2.57830343741716e-08 2.50760265885219e-08 2.53867984412182e-08 2.54088163842425e-08 2.4429711587004e-08 2.40029454090518e-08 2.33896102486142e-08 2.24842793272728e-08 2.20685869578574e-08 2.18204334601069e-08 2.1185533327639e-08 2.05681160991844e-08 2.02387351322386e-08 2.06605292873974e-08 2.00552179308033e-08 1.94534219843945e-08 1.95524858526142e-08 1.91527878001807e-08 1.91050304465534e-08 1.86143065405986e-08 1.75714891526013e-08 1.67728408939638e-08 1.6698631810641e-08 1.68666378641547e-08 1.75572960614545e-08 1.81072472571486e-08 1.76287251463236e-08 1.74067285030333e-08 1.75421970283196e-08
3.62405003784261e-08 3.5727978797695e-08 3.52027065275706e-08 3.45102790788587e-08 3.39077459443615e-08 3.33051204393087e-08 3.26779812098721e-08 3.17897850266036e-08 3.1218192475535e-08 3.08269036963793e-08 3.05085876561861e-08 3.00169133993222e-08 2.9690733427401e-08 2.93794588657192e-08 2.88557835403935e-08 2.8446297761775e-08 2.79693779248191e-08 2.72622440178338e-08 2.6533614416735e-08 2.57874699371996e-08 2.54906815655431e-08 2.59185810591589e-08 2.555804279325e-08 2.49164084920039e-08 2.41479316542836e-08 2.34302266477471e-08 2.29027445897145e-08 2.25313758761558e-08 2.18365272530718e-08 2.11088639900936e-08 2.07199679636005e-08 2.06820232051541e-08 2.07792307804766e-08 1.93291800343331e-08 1.81662613840672e-08 1.85788113782337e-08 1.94548768206459e-08 1.94033749068012e-08 1.86353812381412e-08 1.74998415758409e-08 1.67347486978997e-08 1.70106169150586e-08 1.76244459026975e-08 1.7859514755969e-08 1.74737664337954e-08 1.67272098394733e-08 1.68253393439954e-08 1.73199730113538e-08
3.67904675613318e-08 3.62018859334512e-08 3.54309435124378e-08 3.45883286456683e-08 3.37949259687775e-08 3.32730714092122e-08 3.25315774318824e-08 3.20470476822265e-08 3.15409032225489e-08 3.10546290904767e-08 3.0456636324061e-08 3.00435729627679e-08 2.96992759274417e-08 2.92745401253569e-08 2.88641341938956e-08 2.83387251442946e-08 2.76727050163572e-08 2.67981690171837e-08 2.62869566114432e-08 2.60484682712558e-08 2.61746126994922e-08 2.63632013997039e-08 2.5719817386971e-08 2.51510083870699e-08 2.43366660157562e-08 2.34965433776324e-08 2.32640822162011e-08 2.26833609673349e-08 2.15077502474514e-08 2.10086792407083e-08 2.11394191040881e-08 2.13607105337132e-08 2.10275263867743e-08 1.9457928601696e-08 1.78395200833847e-08 1.79822166046506e-08 1.93490095057314e-08 1.92997102743675e-08 1.88148323587711e-08 1.77319421368338e-08 1.68965570424007e-08 1.72688512378727e-08 1.78650640947353e-08 1.74479826142715e-08 1.65825788656093e-08 1.62590847452293e-08 1.66969797987804e-08 1.71343170762839e-08
3.71392978593121e-08 3.61178180696697e-08 3.51443958379605e-08 3.43125563517788e-08 3.34982281913199e-08 3.27729239302244e-08 3.20389759167483e-08 3.16189918692089e-08 3.1241022213635e-08 3.06725063126123e-08 2.99398692504838e-08 2.96281204015258e-08 2.93730941791637e-08 2.90183326256965e-08 2.87022530187642e-08 2.81474719088237e-08 2.76143374833282e-08 2.71122271300328e-08 2.66794888403865e-08 2.65070507765586e-08 2.67075961346563e-08 2.62060524391927e-08 2.52614889006963e-08 2.46535947212578e-08 2.4081463934067e-08 2.37486528220643e-08 2.35618564659035e-08 2.25727134761655e-08 2.14008792909226e-08 2.11495585489274e-08 2.15348201493271e-08 2.17508073774297e-08 2.10150616908322e-08 1.98118925709423e-08 1.8366906218148e-08 1.87939939166881e-08 1.91140010485924e-08 1.86337505425627e-08 1.85562765153691e-08 1.79290893242978e-08 1.716074038427e-08 1.70491230022662e-08 1.75535443958097e-08 1.73653766921689e-08 1.7103511495975e-08 1.65296132337289e-08 1.6442763595137e-08 1.68540488232338e-08
3.70265382798607e-08 3.61837635409756e-08 3.54971021465644e-08 3.46326061162472e-08 3.37237189285133e-08 3.2879288625054e-08 3.21255022583955e-08 3.15401109673985e-08 3.12146219982878e-08 3.07548440048322e-08 3.01110922862335e-08 2.98554745370438e-08 2.96553253065213e-08 2.93113338045714e-08 2.88674861792515e-08 2.82715557631263e-08 2.78965490707606e-08 2.7742313335466e-08 2.72638533971303e-08 2.70598956575441e-08 2.6934179331306e-08 2.56678909238417e-08 2.46664519920614e-08 2.45608422488885e-08 2.45741968996072e-08 2.48275551228971e-08 2.36778969764373e-08 2.25058975900083e-08 2.16652349394053e-08 2.15547046877873e-08 2.19012239455196e-08 2.1932963889526e-08 2.09968398223737e-08 2.00657339632926e-08 1.91758058321057e-08 1.99994083516231e-08 1.8748380625766e-08 1.7814176800357e-08 1.79639183528479e-08 1.78591594846012e-08 1.79264834088144e-08 1.78169941023043e-08 1.81656965025923e-08 1.85912689687484e-08 1.83916295526387e-08 1.68182392457084e-08 1.62134465853114e-08 1.68557647839407e-08
3.6604919984029e-08 3.58052858473457e-08 3.52215892007735e-08 3.44715544997598e-08 3.37749774814711e-08 3.30468949982787e-08 3.23079234476609e-08 3.20713908763537e-08 3.17738404476131e-08 3.1252746168775e-08 3.06957801399221e-08 3.03299785286981e-08 2.99491098587623e-08 2.96142506073238e-08 2.92053705663875e-08 2.85221872786678e-08 2.84447239096153e-08 2.86347301425849e-08 2.82538383800102e-08 2.78589737945367e-08 2.69238515926418e-08 2.55431622520064e-08 2.52738843187217e-08 2.57205989839804e-08 2.58691148502521e-08 2.5384599311451e-08 2.39791173584081e-08 2.29254428774084e-08 2.21745928286055e-08 2.20838174413984e-08 2.23617302452794e-08 2.22045652975567e-08 2.13568807083675e-08 2.03680325938649e-08 2.05094217164969e-08 2.08998400808014e-08 1.85533810537208e-08 1.79539387801242e-08 1.83107928819481e-08 1.813674188611e-08 1.87646751470538e-08 1.95132692226707e-08 1.94902760597415e-08 2.00383087900491e-08 1.93204723331064e-08 1.71844352081507e-08 1.64835611826675e-08 1.70565535029255e-08
3.60757326234307e-08 3.52049340790472e-08 3.44737216551039e-08 3.38566117363825e-08 3.34418928105151e-08 3.28354197165481e-08 3.25952385082928e-08 3.27186882032038e-08 3.21594910701606e-08 3.13910319960087e-08 3.0744427448326e-08 3.04329468292508e-08 3.03213596453134e-08 3.02208285063443e-08 3.00616633808204e-08 2.95460100829814e-08 2.9548381519362e-08 2.93975190857054e-08 2.8785454020408e-08 2.79584906337504e-08 2.671037613311e-08 2.5786226487412e-08 2.627146322709e-08 2.67585598123787e-08 2.66058162168292e-08 2.55372096802375e-08 2.43660185361705e-08 2.33665495841251e-08 2.28866170459696e-08 2.28276846314657e-08 2.28148095970937e-08 2.24045280106111e-08 2.2022634382779e-08 2.12347739392271e-08 2.21719709259105e-08 2.10976320857981e-08 1.89647906267965e-08 1.90562925439508e-08 1.91282989447927e-08 1.9026581199455e-08 2.02669259152799e-08 2.10172679260268e-08 2.06436094885021e-08 2.11025064089654e-08 1.99012362145368e-08 1.84832700256266e-08 1.76892811509788e-08 1.80284285278276e-08
3.56205696050438e-08 3.48282043205472e-08 3.41547625737348e-08 3.37484138412947e-08 3.35297656306466e-08 3.31127196773195e-08 3.3039658120515e-08 3.32221112842035e-08 3.23535012114462e-08 3.15307602249959e-08 3.09550216570642e-08 3.08366594481413e-08 3.10446424123256e-08 3.08001943949421e-08 3.07488718931381e-08 3.0500547865131e-08 3.01367535371355e-08 2.95783202375333e-08 2.87051573621966e-08 2.77391816183581e-08 2.69767213012528e-08 2.66776751800535e-08 2.68945061776549e-08 2.72673243983945e-08 2.68093351962762e-08 2.58962096211235e-08 2.46731026720681e-08 2.36589663415998e-08 2.35923316438402e-08 2.35302231033074e-08 2.29515553229476e-08 2.21933635913274e-08 2.31359873481551e-08 2.33244872305249e-08 2.34065424820074e-08 2.10307735670767e-08 1.97051441830354e-08 2.01820853362733e-08 1.99942959966393e-08 2.06443822037272e-08 2.19785292188135e-08 2.18647819849593e-08 2.151839595399e-08 2.1829192675682e-08 2.09208295132157e-08 2.02498444679122e-08 1.94393035002349e-08 1.91205362654046e-08
3.54628753029829e-08 3.49735920224248e-08 3.43719435136336e-08 3.39926593539985e-08 3.38620402828838e-08 3.38439889446818e-08 3.38314123382588e-08 3.37687744433879e-08 3.29664437970223e-08 3.23944995272996e-08 3.19678967741766e-08 3.17691473128434e-08 3.17246389158754e-08 3.14144124047289e-08 3.11701171540335e-08 3.06161176411024e-08 2.99555367178073e-08 2.92785902189507e-08 2.86645889246984e-08 2.83256476052429e-08 2.79691594329279e-08 2.77733036568861e-08 2.7795758583693e-08 2.76947087485269e-08 2.69386983831055e-08 2.58232990546503e-08 2.47705909117713e-08 2.42868427591247e-08 2.41574724668681e-08 2.37682424852892e-08 2.28888676900851e-08 2.26390675095445e-08 2.42744970790909e-08 2.50278748836763e-08 2.39090223175253e-08 2.15071160880598e-08 2.07312087496803e-08 2.15005648840361e-08 2.12125943477304e-08 2.21836646829843e-08 2.29726335732039e-08 2.26292478089363e-08 2.24566729656317e-08 2.23918590336325e-08 2.17975220095923e-08 2.13398205772819e-08 2.07329655665944e-08 2.01290504264762e-08
3.55715066291395e-08 3.50539188787025e-08 3.46159580999483e-08 3.42647723527989e-08 3.4212000343814e-08 3.44466037915936e-08 3.4587856134749e-08 3.41853585439367e-08 3.35518208771646e-08 3.31994556290738e-08 3.28168958674269e-08 3.24409157315131e-08 3.22056585844166e-08 3.1987735127359e-08 3.12148777936727e-08 3.05762313246305e-08 2.99862712438426e-08 2.93301596343554e-08 2.91319057765804e-08 2.92290938119777e-08 2.89736821201814e-08 2.86353163403419e-08 2.84753216561739e-08 2.78964940036985e-08 2.70164193238998e-08 2.5695683802951e-08 2.50206966256883e-08 2.47676634756999e-08 2.41782700527438e-08 2.34751702521407e-08 2.27536709473952e-08 2.34700650025843e-08 2.52923371135694e-08 2.54905785368464e-08 2.37415971326982e-08 2.21612435069574e-08 2.21940279487853e-08 2.28673435742621e-08 2.21468479111309e-08 2.29751115909949e-08 2.33933477034043e-08 2.32939374456009e-08 2.30837962078567e-08 2.26721930118856e-08 2.22197567012472e-08 2.16578950329449e-08 2.10295141300776e-08 2.04166248352067e-08
3.56301725901176e-08 3.49691937628904e-08 3.46892328195736e-08 3.47528121835694e-08 3.47534374611769e-08 3.49501654284268e-08 3.47897284314058e-08 3.43434365390749e-08 3.40831327605429e-08 3.37857457566315e-08 3.33193703738743e-08 3.30018252725495e-08 3.26762865654473e-08 3.20715400903282e-08 3.13315560163119e-08 3.06367979874267e-08 2.98959719202685e-08 2.94681701262789e-08 2.97630329271215e-08 2.99020364025182e-08 2.95785316239972e-08 2.90873582997619e-08 2.8462512347005e-08 2.76208993454929e-08 2.66759307976372e-08 2.57772274636636e-08 2.53777372449804e-08 2.47771616557202e-08 2.41572379877653e-08 2.35338308840483e-08 2.30479209051282e-08 2.40262156836479e-08 2.58678714004645e-08 2.53444696340921e-08 2.4237232665314e-08 2.36193926639316e-08 2.3885267097512e-08 2.37205117770145e-08 2.29996661715859e-08 2.36430306443935e-08 2.36326869185177e-08 2.37155450832915e-08 2.32933885513376e-08 2.25933280972868e-08 2.22521503445705e-08 2.14165911671671e-08 2.04027532646478e-08 2.03630357020756e-08
3.55575124899588e-08 3.50047777430973e-08 3.48097408675585e-08 3.53408644571118e-08 3.53143789766364e-08 3.50503661650237e-08 3.45503181620188e-08 3.44701547305704e-08 3.46440458542929e-08 3.42930484009685e-08 3.38125047960602e-08 3.33384768680389e-08 3.25347464524839e-08 3.18489696837787e-08 3.1323580174103e-08 3.05442959813718e-08 2.99775031464833e-08 2.98109448237938e-08 3.01939913072147e-08 3.02959399789415e-08 2.96982456404749e-08 2.89690991195357e-08 2.81924581457815e-08 2.71373856719492e-08 2.66594497588812e-08 2.61186379191258e-08 2.57303458539582e-08 2.52869263306366e-08 2.47195206526385e-08 2.39792043998932e-08 2.35553159200208e-08 2.48608689190633e-08 2.62895891722792e-08 2.52751064522272e-08 2.47983358292458e-08 2.47400731012704e-08 2.5006155368601e-08 2.43822100287616e-08 2.41603554940184e-08 2.43032243218977e-08 2.40769448822675e-08 2.40585187327724e-08 2.34920563002561e-08 2.28820518088924e-08 2.24168026363714e-08 2.11516244519316e-08 2.01155128110031e-08 2.05435970457302e-08
3.53703271116501e-08 3.51594344749628e-08 3.5315633084565e-08 3.56354235009348e-08 3.51158035982735e-08 3.48107036529655e-08 3.46945192575276e-08 3.48534001659573e-08 3.50694016049147e-08 3.48321655962991e-08 3.41725829855477e-08 3.33271472641172e-08 3.26404254735735e-08 3.225731859402e-08 3.1752051654621e-08 3.13647134930761e-08 3.1220615426264e-08 3.0919728999379e-08 3.08016616656914e-08 3.03039335847188e-08 2.96105895358778e-08 2.91785049455484e-08 2.84471841638378e-08 2.75407820993223e-08 2.69426703169984e-08 2.64424695473053e-08 2.6364041616489e-08 2.57150052362931e-08 2.50021088277208e-08 2.44215900835343e-08 2.44480009570225e-08 2.57598777864132e-08 2.67338595705269e-08 2.5930514624406e-08 2.46858355978929e-08 2.50235494547724e-08 2.53742182820815e-08 2.49558258502702e-08 2.50723193317981e-08 2.48801370617002e-08 2.45812010746249e-08 2.42167264019599e-08 2.37723742912976e-08 2.32405081845855e-08 2.22995897303235e-08 2.1119975102124e-08 2.06874535280122e-08 2.09100452508437e-08
3.54109381817125e-08 3.57237581738445e-08 3.58917837672834e-08 3.55948124308725e-08 3.52273268333647e-08 3.5093023598165e-08 3.50412783234333e-08 3.52038576068026e-08 3.53798874641598e-08 3.50249500513655e-08 3.424644390293e-08 3.37977397180111e-08 3.34590630757248e-08 3.30944338600148e-08 3.2687914597318e-08 3.2304249941717e-08 3.20145332466382e-08 3.13516750338749e-08 3.0420114427443e-08 2.97333127008415e-08 2.90762400823041e-08 2.87206010085583e-08 2.82394143624742e-08 2.78206275794446e-08 2.70921844958139e-08 2.67952628973944e-08 2.6492722682292e-08 2.5722538765649e-08 2.53221781321145e-08 2.54032883617583e-08 2.54528629284323e-08 2.6621613358202e-08 2.72388298583337e-08 2.62564068265192e-08 2.4735674841736e-08 2.55815528760195e-08 2.56179966129366e-08 2.54798777632459e-08 2.54717367198509e-08 2.50400482570967e-08 2.48257734369872e-08 2.44648354907895e-08 2.39765576282025e-08 2.33253629744468e-08 2.19152269664846e-08 2.14699795719753e-08 2.18579341293434e-08 2.13128075188251e-08
3.58322758131635e-08 3.61933807369041e-08 3.59816674233571e-08 3.57453373567296e-08 3.56771856502291e-08 3.55148728203858e-08 3.55030884691132e-08 3.58425502611226e-08 3.56662965828036e-08 3.50586724096047e-08 3.46246942228845e-08 3.43699717575419e-08 3.37638752512248e-08 3.31352048021927e-08 3.27706572988973e-08 3.24206332891208e-08 3.15177679510725e-08 3.06168885799707e-08 2.97712308139353e-08 2.93403576989704e-08 2.89264328046102e-08 2.84785084403438e-08 2.82790129091381e-08 2.79239120715147e-08 2.75216347489504e-08 2.72062017359076e-08 2.64895305690516e-08 2.59188865925353e-08 2.65704329649452e-08 2.67032067569062e-08 2.6367315442144e-08 2.75280278572154e-08 2.72713993609841e-08 2.59502339616802e-08 2.53833558616634e-08 2.63625938856649e-08 2.59434713711926e-08 2.59510830602494e-08 2.57557832838984e-08 2.53483705137114e-08 2.5243242163242e-08 2.49447076328124e-08 2.45206379645424e-08 2.37832704641505e-08 2.24515090962996e-08 2.22007656702772e-08 2.2540067590171e-08 2.12635491436686e-08
3.65101833210701e-08 3.64724037638098e-08 3.62329366510039e-08 3.5995228131469e-08 3.60391183562569e-08 3.62197880576787e-08 3.62228824712929e-08 3.64701797650469e-08 3.6099553568647e-08 3.5454633007248e-08 3.49289983603285e-08 3.38784360565114e-08 3.29877103411036e-08 3.24171729459977e-08 3.21059161478843e-08 3.19907513812723e-08 3.12572403515787e-08 3.05844629622243e-08 3.03199776396923e-08 3.00084721516214e-08 2.97745934574323e-08 2.93645872062598e-08 2.88559167671565e-08 2.81040151151046e-08 2.75275109373752e-08 2.70455675632775e-08 2.64700794616601e-08 2.68191229224612e-08 2.76493938855538e-08 2.71251483496826e-08 2.72158260372635e-08 2.8041462485362e-08 2.70419580061798e-08 2.60144208397151e-08 2.65957851297571e-08 2.68972133454781e-08 2.62532395822745e-08 2.6167104039132e-08 2.60128416584848e-08 2.58177177414609e-08 2.54663756749096e-08 2.5044480267411e-08 2.48530707125383e-08 2.42085889112786e-08 2.32746497630387e-08 2.29175078914068e-08 2.27643841554936e-08 2.10234976094625e-08
3.69655275278546e-08 3.68952335350059e-08 3.66755052993994e-08 3.63365835198692e-08 3.65795571610761e-08 3.68543275897082e-08 3.67165426951033e-08 3.64477479308789e-08 3.62412428955849e-08 3.56664600076328e-08 3.47736701655776e-08 3.3750556127643e-08 3.30608465048954e-08 3.27404379163454e-08 3.24776685545203e-08 3.23496927023825e-08 3.19599458009634e-08 3.15181409860088e-08 3.09594057057438e-08 3.04387590688293e-08 3.00700122579656e-08 2.95284579010513e-08 2.88960819716522e-08 2.81929199985598e-08 2.74589400106606e-08 2.68435158545799e-08 2.6929301455425e-08 2.8116764028141e-08 2.82498486825489e-08 2.75774034719234e-08 2.79806524616788e-08 2.836003432094e-08 2.7376588107586e-08 2.68922271118299e-08 2.74460454363634e-08 2.70195901208581e-08 2.62868500300328e-08 2.61206558604954e-08 2.60306212140904e-08 2.59116941236925e-08 2.54332626070664e-08 2.48765736898804e-08 2.49050859935096e-08 2.45969538070767e-08 2.37915642742337e-08 2.34724346626081e-08 2.3020005457397e-08 2.09285211383303e-08
