R_scripts/int_process_data/Bio_19_2001.2020.asc
NCOLS 281 
NROWS 577 
XLLCORNER 81175.2677831308 
YLLCORNER -911.770678700996 
CELLSIZE 1000 
NODATA_value -3.4e+38 
[rows 21 to 41 of 577, columns 96 to 143 of 281]
6.23291214196797e-08 5.7888495774705e-08 5.44746860953182e-08 5.27159791374743e-08 4.78334527542756e-08 4.38169855954129e-08 3.96513470946047e-08 3.65800651991322e-08 3.56516380861649e-08 3.74739528297141e-08 3.876514398371e-08 4.20966550507273e-08 4.89671947434545e-08 5.19098826146092e-08 5.23304066746277e-08 5.07618906908647e-08 4.54314061926198e-08 4.53987674120526e-08 4.93614109586815e-08 5.13415763236935e-08 -3.4e+38 -3.4e+38 -3.4e+38 -3.4e+38 -3.4e+38 -3.4e+38 -3.4e+38 -3.4e+38 -3.4e+38 -3.4e+38 -3.4e+38 -3.4e+38 -3.4e+38 -3.4e+38 -3.4e+38 -3.4e+38 -3.4e+38 -3.4e+38 -3.4e+38 -3.4e+38 -3.4e+38 -3.4e+38 -3.4e+38 -3.4e+38 -3.4e+38 -3.4e+38 -3.4e+38 -3.4e+38
6.24089295797603e-08 5.68895544006409e-08 5.26429957403707e-08 5.10400894881968e-08 4.71047520989032e-08 4.41670202633304e-08 4.17356709192518e-08 3.94321659769048e-08 3.84088885141409e-08 3.87297767190375e-08 3.95361894334201e-08 4.41933281081219e-08 5.06655375431819e-08 5.53596599672801e-08 5.60668809157505e-08 5.04232140485783e-08 4.68729410840751e-08 4.95474239414762e-08 5.26144425805342e-08 5.13298097359893e-08 -3.4e+38 -3.4e+38 -3.4e+38 -3.4e+38 -3.4e+38 -3.4e+38 -3.4e+38 -3.4e+38 -3.4e+38 -3.4e+38 -3.4e+38 -3.4e+38 -3.4e+38 -3.4e+38 -3.4e+38 -3.4e+38 -3.4e+38 -3.4e+38 -3.4e+38 -3.4e+38 -3.4e+38 -3.4e+38 -3.4e+38 -3.4e+38 -3.4e+38 -3.4e+38 -3.4e+38 -3.4e+38
6.2254059685074e-08 5.9386334072542e-08 5.61478685767725e-08 5.42814255766189e-08 5.11843332162698e-08 4.82532662715585e-08 4.51934667466958e-08 4.25779980162133e-08 4.04450766211539e-08 3.86375091920854e-08 3.98653483557609e-08 4.4952262356901e-08 5.02871522201076e-08 5.59377291153851e-08 5.80433372476818e-08 5.13421447578821e-08 5.01561316923471e-08 5.41076090598835e-08 5.39475912830767e-08 -3.4e+38 -3.4e+38 -3.4e+38 -3.4e+38 -3.4e+38 -3.4e+38 -3.4e+38 -3.4e+38 -3.4e+38 -3.4e+38 -3.4e+38 -3.4e+38 -3.4e+38 -3.4e+38 -3.4e+38 -3.4e+38 -3.4e+38 -3.4e+38 -3.4e+38 -3.4e+38 -3.4e+38 -3.4e+38 -3.4e+38 -3.4e+38 -3.4e+38 -3.4e+38 -3.4e+38 -3.4e+38 -3.4e+38
5.99818719138057e-08 5.82479806610081e-08 5.68331692818447e-08 5.58604256184481e-08 5.32074224679491e-08 5.00368635414361e-08 4.60812294988955e-08 4.20501642395266e-08 3.98058936923462e-08 3.78869593475883e-08 3.88622858338294e-08 4.39107274985417e-08 4.82097988196983e-08 5.32452872903377e-08 5.729383545372e-08 5.71665097481855e-08 5.71717109210113e-08 5.71473606214568e-08 -3.4e+38 -3.4e+38 -3.4e+38 -3.4e+38 -3.4e+38 -3.4e+38 -3.4e+38 -3.4e+38 -3.4e+38 -3.4e+38 -3.4e+38 -3.4e+38 -3.4e+38 -3.4e+38 -3.4e+38 -3.4e+38 -3.4e+38 -3.4e+38 -3.4e+38 -3.4e+38 -3.4e+38 -3.4e+38 -3.4e+38 -3.4e+38 -3.4e+38 -3.4e+38 -3.4e+38 -3.4e+38 -3.4e+38 -3.4e+38
5.69328761912402e-08 5.4944738536733e-08 5.44706360017244e-08 5.58360859770346e-08 5.35881703456198e-08 5.05124937433266e-08 4.72237040582968e-08 4.34012363825786e-08 4.13782998975876e-08 4.01114625958598e-08 4.16628722632595e-08 4.58785933687977e-08 5.08800432896805e-08 5.41543094811914e-08 5.54664616458922e-08 5.88108051147174e-08 6.14210335925236e-08 -3.4e+38 -3.4e+38 -3.4e+38 -3.4e+38 -3.4e+38 -3.4e+38 -3.4e+38 -3.4e+38 -3.4e+38 -3.4e+38 -3.4e+38 -3.4e+38 -3.4e+38 -3.4e+38 -3.4e+38 -3.4e+38 -3.4e+38 -3.4e+38 -3.4e+38 -3.4e+38 -3.4e+38 -3.4e+38 -3.4e+38 -3.4e+38 4.0917946364516e-08 4.02610105254553e-08 3.99413124796411e-08 -3.4e+38 -3.4e+38 -3.4e+38 -3.4e+38
5.79866501482229e-08 5.57664066036523e-08 5.59130732824542e-08 5.81717500836021e-08 5.44922329481778e-08 5.09407094284597e-08 4.99556378485977e-08 4.81355151293883e-08 4.55902267049169e-08 4.41123866323778e-08 4.7717520601509e-08 5.23049941136833e-08 5.61351285455203e-08 5.78574379517249e-08 5.6356491029419e-08 6.08833090609551e-08 6.33305390351779e-08 -3.4e+38 -3.4e+38 -3.4e+38 -3.4e+38 -3.4e+38 -3.4e+38 -3.4e+38 -3.4e+38 -3.4e+38 -3.4e+38 -3.4e+38 -3.4e+38 -3.4e+38 -3.4e+38 -3.4e+38 -3.4e+38 -3.4e+38 -3.4e+38 -3.4e+38 -3.4e+38 -3.4e+38 -3.4e+38 -3.4e+38 -3.4e+38 4.09429503633874e-08 4.07331626206542e-08 4.04298319267582e-08 -3.4e+38 -3.4e+38 -3.4e+38 -3.4e+38
6.16607422898596e-08 5.84538923931177e-08 5.89455559918406e-08 6.00885172730159e-08 5.53115668822102e-08 5.27410293216235e-08 5.37536948286288e-08 5.2408747563959e-08 4.86776343677775e-08 4.63561313779337e-08 4.90536855579649e-08 5.49040528596834e-08 6.0322008721414e-08 6.10011099411167e-08 5.74457068580614e-08 6.1866202827332e-08 6.4929395193758e-08 -3.4e+38 -3.4e+38 -3.4e+38 -3.4e+38 -3.4e+38 -3.4e+38 -3.4e+38 -3.4e+38 -3.4e+38 -3.4e+38 -3.4e+38 -3.4e+38 -3.4e+38 -3.4e+38 -3.4e+38 -3.4e+38 -3.4e+38 -3.4e+38 -3.4e+38 -3.4e+38 -3.4e+38 -3.4e+38 -3.4e+38 -3.4e+38 3.99032877851369e-08 4.02459292558888e-08 -3.4e+38 -3.4e+38 -3.4e+38 -3.4e+38 -3.4e+38
6.41561967995585e-08 6.0890499753441e-08 6.1469961565308e-08 6.1671499906879e-08 5.75259520019245e-08 5.71829197326679e-08 5.70260993981719e-08 5.51146968064131e-08 5.34975654886694e-08 5.2465367161858e-08 5.31254542579518e-08 5.77951162483714e-08 6.29814280728169e-08 6.40622914716005e-08 5.93508566737455e-08 6.20937683493139e-08 6.50456470907557e-08 -3.4e+38 -3.4e+38 -3.4e+38 -3.4e+38 -3.4e+38 -3.4e+38 -3.4e+38 -3.4e+38 -3.4e+38 -3.4e+38 -3.4e+38 -3.4e+38 -3.4e+38 -3.4e+38 -3.4e+38 -3.4e+38 -3.4e+38 -3.4e+38 -3.4e+38 -3.4e+38 -3.4e+38 -3.4e+38 -3.4e+38 -3.4e+38 3.94329262576321e-08 3.94381061141758e-08 -3.4e+38 -3.4e+38 -3.4e+38 -3.4e+38 -3.4e+38
6.55060077292546e-08 6.35259880255035e-08 6.44771773750108e-08 6.33729086985113e-08 6.11428916386103e-08 6.08352408448809e-08 5.89871120837415e-08 5.75239411659823e-08 5.83384363039841e-08 5.96778093608918e-08 6.01082277285059e-08 6.25255935915447e-08 6.65716228809288e-08 6.67405046783642e-08 6.1899285697109e-08 6.17520541368322e-08 6.41709831938897e-08 6.57699388284527e-08 -3.4e+38 -3.4e+38 -3.4e+38 -3.4e+38 -3.4e+38 -3.4e+38 -3.4e+38 -3.4e+38 -3.4e+38 -3.4e+38 -3.4e+38 -3.4e+38 -3.4e+38 -3.4e+38 -3.4e+38 -3.4e+38 -3.4e+38 -3.4e+38 -3.4e+38 -3.4e+38 -3.4e+38 -3.4e+38 3.78771289888391e-08 3.80814135780838e-08 3.80332885185908e-08 3.84592304669695e-08 -3.4e+38 -3.4e+38 -3.4e+38 -3.4e+38
6.75807001471185e-08 6.65843984393177e-08 6.67715340796349e-08 6.55491589895973e-08 6.39265280710788e-08 6.18104607497116e-08 5.91529598636953e-08 5.85478225900715e-08 6.10283521496058e-08 6.46236486545604e-08 6.63047785565141e-08 6.77202720567038e-08 7.02203877267493e-08 6.93957744601903e-08 6.64466881517001e-08 6.6195653403156e-08 6.66544295313543e-08 6.73970106390698e-08 -3.4e+38 -3.4e+38 -3.4e+38 -3.4e+38 -3.4e+38 -3.4e+38 -3.4e+38 -3.4e+38 -3.4e+38 -3.4e+38 -3.4e+38 -3.4e+38 -3.4e+38 -3.4e+38 -3.4e+38 -3.4e+38 -3.4e+38 -3.4e+38 -3.4e+38 -3.4e+38 -3.4e+38 -3.4e+38 3.60210599126276e-08 3.60431542389961e-08 3.69842929615061e-08 3.8238894717324e-08 -3.4e+38 -3.4e+38 -3.4e+38 3.17410560057851e-08
6.90424002414147e-08 6.74364244446224e-08 6.62602914758281e-08 6.48217550747177e-08 6.34375680874655e-08 6.0774183907597e-08 5.74462397651132e-08 5.80450212339656e-08 6.3084414136938e-08 6.77752396427422e-08 7.09802847609353e-08 7.20668467124597e-08 7.30765279399748e-08 7.28675715322424e-08 7.12636492039564e-08 7.03784976963107e-08 6.88074450749809e-08 6.71818156661175e-08 6.7095093925218e-08 6.64557617824357e-08 -3.4e+38 -3.4e+38 -3.4e+38 -3.4e+38 -3.4e+38 -3.4e+38 -3.4e+38 -3.4e+38 -3.4e+38 -3.4e+38 -3.4e+38 -3.4e+38 -3.4e+38 -3.4e+38 4.2456697713078e-08 4.10872189604561e-08 4.15425773780953e-08 4.12725782439338e-08 4.04147542099054e-08 3.84410547837888e-08 3.78892792696206e-08 3.66305599186489e-08 3.66791113037834e-08 -3.4e+38 -3.4e+38 -3.4e+38 -3.4e+38 3.27243334652394e-08
6.89339998416472e-08 6.50514309086248e-08 6.40052704170557e-08 6.43178879045081e-08 6.4315898384848e-08 6.11124306715283e-08 5.8367980670937e-08 6.00870251332708e-08 6.49493756554875e-08 7.01038302963752e-08 7.41373895607467e-08 7.42122310271043e-08 7.38106749054168e-08 7.36599758965895e-08 7.16387447141642e-08 6.96689639312353e-08 6.66856294628815e-08 6.44564721596907e-08 6.5644407243326e-08 6.55829950346742e-08 -3.4e+38 -3.4e+38 -3.4e+38 -3.4e+38 -3.4e+38 -3.4e+38 -3.4e+38 -3.4e+38 -3.4e+38 -3.4e+38 -3.4e+38 -3.4e+38 -3.4e+38 -3.4e+38 4.27212540898836e-08 4.27903010802311e-08 4.34949996019895e-08 4.30763726910754e-08 4.18558592230056e-08 4.05430213845648e-08 3.98019857072995e-08 3.73409783094303e-08 3.64984629186438e-08 -3.4e+38 -3.4e+38 3.40336363535698e-08 3.40275576604654e-08 3.50767557222298e-08
6.85438834580054e-08 6.50295746140728e-08 6.59912586797873e-08 6.72981101956793e-08 6.60775114624812e-08 6.20695104203151e-08 6.1189560085495e-08 6.48735465347272e-08 6.82505856275384e-08 7.26534707951032e-08 7.50328581489157e-08 7.29962010836971e-08 7.08710885533037e-08 6.94155914970906e-08 6.81954830383802e-08 6.77657610026472e-08 6.4647245778815e-08 6.16761397509435e-08 6.30952214919489e-08 6.47295053113339e-08 -3.4e+38 -3.4e+38 -3.4e+38 -3.4e+38 -3.4e+38 -3.4e+38 -3.4e+38 -3.4e+38 -3.4e+38 -3.4e+38 -3.4e+38 -3.4e+38 -3.4e+38 4.54212596423531e-08 4.39408829322474e-08 4.52507684656211e-08 4.54043416198147e-08 4.49328823037831e-08 4.33827906931583e-08 4.22059223126325e-08 4.07016820247463e-08 3.82880287475018e-08 3.7865195423592e-08 3.7486508119855e-08 3.54362903465244e-08 3.56242040311372e-08 3.622895405897e-08 3.69997543714362e-08
6.91378758688188e-08 6.84380268012319e-08 7.04109979210443e-08 6.95445194764943e-08 6.67842741108871e-08 6.49525517815164e-08 6.56320509051511e-08 6.86933177007631e-08 7.230097764932e-08 7.54087210452781e-08 7.49412762957036e-08 7.23569755223252e-08 6.99682800586743e-08 6.69333246605675e-08 6.52651479526867e-08 6.50254037282139e-08 6.26765697120391e-08 5.91260054250142e-08 6.02527947535236e-08 6.27617851023388e-08 -3.4e+38 -3.4e+38 -3.4e+38 -3.4e+38 -3.4e+38 -3.4e+38 -3.4e+38 -3.4e+38 -3.4e+38 -3.4e+38 -3.4e+38 -3.4e+38 -3.4e+38 4.58058018182328e-08 4.54958914986037e-08 4.71119463441028e-08 4.7796483215734e-08 4.72433860920773e-08 4.48267911679068e-08 4.34089599821164e-08 4.17267322916359e-08 3.985666552353e-08 3.98371824417154e-08 3.87297447446144e-08 3.64438186295502e-08 3.76293698423069e-08 3.89064354067159e-08 3.92806214222219e-08
7.01375029166229e-08 7.14860064476852e-08 7.2450795585155e-08 7.00449760415722e-08 6.85918948306607e-08 6.97642477121008e-08 7.13002492602755e-08 7.29492057871539e-08 7.55914300043514e-08 7.60240013164548e-08 7.42146184506964e-08 7.26081168522796e-08 7.06871148281607e-08 6.75509284064901e-08 6.50209912578248e-08 6.32436751857313e-08 6.06901977562302e-08 5.68034295156394e-08 5.79588288474042e-08 6.09307875265586e-08 -3.4e+38 -3.4e+38 -3.4e+38 -3.4e+38 -3.4e+38 -3.4e+38 -3.4e+38 -3.4e+38 -3.4e+38 -3.4e+38 -3.4e+38 -3.4e+38 4.66487861672249e-08 4.65610661137816e-08 4.75898005447561e-08 4.85138862416079e-08 4.93121028455334e-08 4.96583325571009e-08 4.66273100130365e-08 4.40630394393793e-08 4.24237853735576e-08 4.13723846293124e-08 4.15696597144688e-08 4.00378610265761e-08 3.85307608041785e-08 3.94890093957656e-08 4.07281888215039e-08 4.07282101377859e-08
7.17126056315465e-08 7.320200978711e-08 7.39802743510154e-08 7.26414199903047e-08 7.22834059274646e-08 7.36986081051327e-08 7.56281224312261e-08 7.67944641211216e-08 7.731048867754e-08 7.637452625886e-08 7.52053495034488e-08 7.43309129802583e-08 7.1655271938198e-08 6.87913583874433e-08 6.57018972560763e-08 6.26456966301703e-08 5.93005857751905e-08 5.60177184638633e-08 5.65932829488247e-08 5.9052542411564e-08 -3.4e+38 -3.4e+38 -3.4e+38 -3.4e+38 -3.4e+38 -3.4e+38 -3.4e+38 -3.4e+38 -3.4e+38 4.64257396970424e-08 4.52432615816178e-08 4.617674420615e-08 4.81132786944727e-08 4.87639262303219e-08 4.89530798120086e-08 4.98786647540328e-08 5.06887332107908e-08 5.12123783380503e-08 4.76360497714268e-08 4.44091554641091e-08 4.32850377762861e-08 4.29783000299722e-08 4.31532711786531e-08 4.17238439354151e-08 4.09233784637308e-08 4.15061514047466e-08 4.21510861770003e-08 4.17825383181025e-08
7.38486249929338e-08 7.45488151210338e-08 7.52104298840095e-08 7.52821449623298e-08 7.54413136405674e-08 7.60289040613316e-08 7.66337393542926e-08 7.71703909663302e-08 7.69653709653539e-08 7.49851167825e-08 7.31176328372385e-08 7.25242870203147e-08 7.15970926989939e-08 6.86892747125967e-08 6.43501607555663e-08 6.15105193446652e-08 5.84027048944336e-08 5.49668612848109e-08 5.62866979691989e-08 5.77678385127456e-08 5.67578943844183e-08 5.86671440316877e-08 -3.4e+38 -3.4e+38 -3.4e+38 -3.4e+38 -3.4e+38 -3.4e+38 4.86006150879348e-08 4.71943053526047e-08 4.6743576120889e-08 4.83984514687563e-08 5.01894987792184e-08 5.09393203174113e-08 5.02487296216714e-08 5.09550659444358e-08 5.19088985129201e-08 5.2608726264225e-08 4.91896443577389e-08 4.63998155453282e-08 4.51974955240075e-08 4.4644927754689e-08 4.51275745660951e-08 4.41913705628849e-08 4.37413127940545e-08 4.3933045645872e-08 4.34936708870737e-08 4.24215045313758e-08
7.42672128239974e-08 7.36677847612555e-08 7.43987911278055e-08 7.50694510998073e-08 7.54493356680541e-08 7.54824398541132e-08 7.58468345907204e-08 7.68555423746875e-08 7.68982815202435e-08 7.45465769114162e-08 7.1652152655588e-08 6.94026383030177e-08 6.85367425035111e-08 6.75172699970972e-08 6.39074215769142e-08 5.96881690739792e-08 5.70822678014338e-08 5.5809170618204e-08 5.80219925438996e-08 5.87537947183137e-08 5.94265472386724e-08 6.17507183164889e-08 6.18977225030903e-08 6.13187935982751e-08 5.8225296584169e-08 5.63225093230812e-08 5.38995550414256e-08 5.10929787367331e-08 4.95484613338704e-08 4.84116746690688e-08 4.84692534996611e-08 5.01911863182158e-08 5.17549132439399e-08 5.26849497362036e-08 5.20893799205169e-08 5.27522026061433e-08 5.3760683016435e-08 5.42216831433961e-08 5.1910237885977e-08 4.91747691455657e-08 4.68115750607012e-08 4.66985348168691e-08 4.71451677697132e-08 4.6520469254574e-08 4.58590179164275e-08 4.50951880281991e-08 4.38251106515963e-08 4.20805648104761e-08
7.4068289279694e-08 7.14375048005422e-08 7.27239424236359e-08 7.27762454744152e-08 7.32658094193539e-08 7.4040272579623e-08 7.49934301325084e-08 7.5561835899407e-08 7.63917213930654e-08 7.60763469997983e-08 7.2905216086383e-08 6.92336996621634e-08 6.62621104652317e-08 6.44554205564418e-08 6.28993390705546e-08 5.9204992908235e-08 5.96466307456467e-08 6.14237123386374e-08 6.18670696894696e-08 6.23772677954548e-08 6.47262154984674e-08 6.54665299748558e-08 6.41855848471096e-08 6.09572481380383e-08 5.65000632946067e-08 5.4553474626573e-08 5.43498366312178e-08 5.17305878133811e-08 4.99063190773086e-08 4.92360072712472e-08 5.00278645176877e-08 5.11967392924362e-08 5.24375352028983e-08 5.36029354236689e-08 5.41194431491476e-08 5.47292664521137e-08 5.57352493046892e-08 5.60136577121284e-08 5.40846336605227e-08 5.07733552979062e-08 4.87238551727387e-08 4.90748455206358e-08 4.83688396002435e-08 4.73515981980199e-08 4.62501290598993e-08 4.47654180391055e-08 4.29216520103637e-08 4.0912979670793e-08
7.45252961564802e-08 7.09373253471313e-08 7.1018050107341e-08 7.03115787814568e-08 7.02240541272658e-08 7.2774810178089e-08 7.37679357598608e-08 7.34519645106957e-08 7.40581285185726e-08 7.44393773288721e-08 7.34356859766194e-08 7.13576824296069e-08 6.7500238287721e-08 6.38910009342908e-08 6.26209839538205e-08 6.11320203347532e-08 6.29781879979419e-08 6.64800339222893e-08 6.63781491994087e-08 6.77249474279051e-08 6.75939872962772e-08 6.40732409351585e-08 6.34266257293348e-08 5.98375038407539e-08 5.54108332551095e-08 5.32122150787018e-08 5.20869143372238e-08 5.07681185979436e-08 4.9808935642659e-08 5.09997839515108e-08 5.1966448921803e-08 5.2600253042101e-08 5.32764197203051e-08 5.41913962592844e-08 5.56129116091597e-08 5.44705152094593e-08 5.57093464692571e-08 5.70958107459774e-08 5.50684440270288e-08 5.23472643010336e-08 5.10427398126012e-08 4.98711472118885e-08 4.80724402507349e-08 4.73993644334314e-08 4.59194851032407e-08 4.41974350451346e-08 4.22510026965028e-08 4.0800657075124e-08
7.38830081559172e-08 7.0164944077078e-08 6.79648266554977e-08 6.80709675293656e-08 6.92043471417492e-08 7.18471895311268e-08 7.14989099037666e-08 7.04160285636135e-08 7.11257897023643e-08 7.12151333459587e-08 7.14063119744424e-08 7.06108451709042e-08 6.78769325190842e-08 6.59060930274791e-08 6.58392949048903e-08 6.57656400449014e-08 6.72422828529307e-08 7.00605795600495e-08 7.06696638985704e-08 7.00801123798556e-08 6.57613838939142e-08 6.1847266863424e-08 6.23102494046179e-08 5.84175552376109e-08 5.46312861615661e-08 5.48966383462357e-08 5.42999671893085e-08 5.30729344916381e-08 5.20997645026e-08 5.31133892422986e-08 5.40702878026877e-08 5.49851648656841e-08 5.54575336764174e-08 5.63274795695179e-08 5.8713883532846e-08 5.68972353676145e-08 5.68782070331508e-08 5.7910540363082e-08 5.63969919653573e-08 5.39098863328036e-08 5.17711065128879e-08 4.91029545912625e-08 4.79359343330543e-08 4.72910564042195e-08 4.55740014615458e-08 4.45171508545172e-08 4.34483418132459e-08 4.21708250541997e-08
