R_scripts/int_process_data/Bio_07_2001.2020.asc
NCOLS 281 
NROWS 577 
XLLCORNER 81175.2677831308 
YLLCORNER -911.770678700996 
CELLSIZE 1000 
NODATA_value -3.4e+38 
[rows 460 to 482 of 577, columns 102 to 152 of 281]
19.5529251098633 19.7236576080322 19.9013175964355 20.0808868408203 20.2687511444092 20.472843170166 20.5404739379883 20.5841236114502 20.567455291748 20.51589012146 20.5205974578857 20.5271987915039 20.6077308654785 20.7997245788574 20.9974708557129 21.1773242950439 21.5408611297607 21.9244270324707 22.1310348510742 22.2071151733398 22.170373916626 22.1174983978271 22.1639461517334 22.567497253418 22.2457752227783 22.0465774536133 22.0289077758789 21.9947719573975 21.9630012512207 21.9559955596924 21.979284286499 22.1559448242188 22.3534832000732 22.4148654937744 22.5509643554688 22.6795997619629 22.8919410705566 23.0721225738525 23.2131290435791 23.3029747009277 23.3607234954834 23.1374130249023 22.4771194458008 21.9224948883057 21.6514930725098 21.5572948455811 21.5027694702148 21.2886924743652 21.1889743804932 21.2429161071777 21.0609378814697
19.4446086883545 19.6396598815918 19.8303489685059 20.0116310119629 20.1896438598633 20.422779083252 20.6010608673096 20.6347236633301 20.6230220794678 20.6013946533203 20.5938911437988 20.6180858612061 20.6750049591064 20.966724395752 21.4616012573242 21.5036392211914 21.4762306213379 21.783031463623 22.1120090484619 22.2345638275146 22.3286590576172 22.2492256164551 22.2502346038818 22.3369064331055 22.0021858215332 21.812328338623 21.7132358551025 21.6854915618896 21.6515560150146 21.6751594543457 21.746129989624 21.9209594726562 22.0710029602051 22.2706432342529 22.5219326019287 22.6472473144531 22.8047161102295 22.9985942840576 23.238826751709 23.3322448730469 23.1993007659912 23.1059532165527 22.9334735870361 22.4711418151855 22.1968059539795 22.0754508972168 21.8836364746094 21.6704082489014 21.7034111022949 21.8466129302979 21.5116786956787
19.426851272583 19.6452751159668 19.7809009552002 19.9373226165771 20.1085815429688 20.3029308319092 20.4993648529053 20.571533203125 20.5968074798584 20.606725692749 20.6072368621826 20.6343269348145 20.7059803009033 21.0233612060547 21.4661922454834 21.6032333374023 21.6505699157715 21.7685718536377 21.9312381744385 22.2307033538818 22.1496715545654 21.9964027404785 21.9157600402832 21.8543834686279 21.7125911712646 21.5708065032959 21.4909591674805 21.4367599487305 21.4567394256592 21.5677375793457 21.7071666717529 21.8121452331543 21.9342098236084 22.094087600708 22.2378101348877 22.3600406646729 22.5421752929688 22.7369976043701 23.0705680847168 23.2004776000977 23.1081295013428 23.0343837738037 22.9655933380127 22.9226760864258 22.6442241668701 22.3431072235107 22.056303024292 21.9098339080811 21.7778034210205 21.7511711120605 21.6987113952637
19.152904510498 19.3916759490967 19.5095558166504 19.7065601348877 19.9328441619873 20.1580410003662 20.3605289459229 20.4502449035645 20.5416221618652 20.5795822143555 20.5816078186035 20.6126804351807 20.6915435791016 20.8348007202148 21.0845928192139 21.5284748077393 21.9030170440674 22.1381893157959 22.0051956176758 22.2598152160645 22.1811923980713 21.7774467468262 21.4633693695068 21.4159622192383 21.417896270752 21.3622150421143 21.3201198577881 21.3208084106445 21.4102268218994 21.5324001312256 21.6675643920898 21.7337093353271 21.8525333404541 21.9810237884521 22.0120849609375 22.0396213531494 22.2219467163086 22.4879741668701 22.793909072876 22.8743839263916 22.9037303924561 22.9669609069824 22.8604335784912 22.9039058685303 22.6874542236328 22.403076171875 22.0749225616455 21.8613529205322 21.684741973877 21.5820941925049 21.5225067138672
18.8865299224854 19.0764141082764 19.2190799713135 19.3880615234375 19.576566696167 19.8012847900391 20.0596981048584 20.2787342071533 20.4612674713135 20.5269165039062 20.5325565338135 20.538293838501 20.5931491851807 20.6792449951172 20.8486194610596 21.273588180542 21.7543487548828 22.2065944671631 22.2979564666748 22.3319301605225 22.2295227050781 21.7027721405029 21.2232322692871 21.1721458435059 21.1824474334717 21.1590003967285 21.1884479522705 21.3107261657715 21.3716278076172 21.4175872802734 21.5047473907471 21.6266326904297 21.7837924957275 21.866189956665 21.9457912445068 22.1421909332275 22.2820873260498 22.412296295166 22.5555610656738 22.5053768157959 22.5348491668701 22.6997108459473 22.6930618286133 22.7168388366699 22.7400684356689 22.5993385314941 22.4137306213379 22.186351776123 21.9627227783203 21.770378112793 21.6360321044922
18.868745803833 19.0014114379883 19.1639137268066 19.288387298584 19.364782333374 19.4934463500977 19.703784942627 20.0239906311035 20.1875 20.2852478027344 20.3860092163086 20.4263286590576 20.4850425720215 20.4862232208252 20.5178699493408 20.8495407104492 21.3191928863525 21.7523059844971 22.2474117279053 22.1369171142578 21.6763801574707 21.3828315734863 21.1040458679199 20.9961128234863 21.0171089172363 21.0169105529785 21.0963706970215 21.1549530029297 21.1537761688232 21.2390365600586 21.3824806213379 21.4836292266846 21.6355228424072 21.7759380340576 22.0263500213623 22.3108711242676 22.5173301696777 22.6023750305176 22.4584197998047 22.2434597015381 22.1410045623779 22.2242069244385 22.3302574157715 22.3775653839111 22.5402202606201 22.581241607666 22.5964336395264 22.4742164611816 22.3217239379883 22.2446575164795 22.1128196716309
18.8892345428467 19.0922546386719 19.2964096069336 19.4791603088379 19.4675693511963 19.5663356781006 19.6498928070068 19.6982231140137 19.7942543029785 20.0100364685059 20.1917381286621 20.2852573394775 20.2773380279541 20.1857814788818 20.1283893585205 20.274055480957 20.6209869384766 21.2615909576416 21.7742977142334 21.524284362793 21.1092472076416 21.0978679656982 20.9417610168457 20.7976818084717 20.8062705993652 20.8261585235596 20.9510288238525 21.0184307098389 21.0819854736328 21.2360782623291 21.4398174285889 21.4865188598633 21.5991611480713 21.847053527832 22.1459484100342 22.36252784729 22.5309581756592 22.724494934082 22.5808048248291 22.301399230957 22.1013011932373 21.982889175415 22.0996170043945 22.1518230438232 22.2733478546143 22.358247756958 22.4217491149902 22.3893356323242 22.3731803894043 22.4648170471191 22.4088935852051
18.8477535247803 19.1107959747314 19.2599315643311 19.4465007781982 19.5094165802002 19.6284828186035 19.9012985229492 19.7313976287842 19.5407848358154 19.7544002532959 19.9031448364258 19.9685382843018 19.9225463867188 19.8825817108154 20.1402149200439 20.1947269439697 20.2004203796387 20.6113300323486 21.0768184661865 20.8710441589355 20.8847770690918 20.9856395721436 20.768253326416 20.6847381591797 20.7539119720459 20.8254642486572 20.898365020752 20.9758472442627 21.0925941467285 21.2243671417236 21.3754615783691 21.4916915893555 21.6061630249023 21.8906326293945 22.1976947784424 22.3414535522461 22.4610977172852 22.6366901397705 22.5572452545166 22.386905670166 22.1340103149414 21.9340362548828 22.0221080780029 21.9668407440186 21.9959354400635 22.1412181854248 22.2023506164551 22.2042427062988 22.2141342163086 22.27685546875 22.2801208496094
18.9076519012451 19.2025623321533 19.2937698364258 19.4592704772949 19.5977821350098 19.6618499755859 20.0279579162598 19.8717575073242 19.6575527191162 19.8228950500488 19.6975955963135 19.6058712005615 19.7401733398438 19.9266490936279 20.4692668914795 20.4255237579346 20.3036117553711 20.3119010925293 20.4657745361328 20.3489036560059 20.4734401702881 20.7339954376221 20.679313659668 20.7082099914551 20.7798004150391 20.810375213623 20.8633518218994 20.9217624664307 21.010892868042 21.1542797088623 21.2864894866943 21.4016628265381 21.6143264770508 21.9513416290283 22.1527423858643 22.2200717926025 22.3674659729004 22.5356826782227 22.4062633514404 22.2710800170898 22.0711917877197 21.8564758300781 21.9552688598633 21.8121871948242 21.8221168518066 22.0519199371338 22.0812454223633 22.0173664093018 22.0076637268066 22.0434513092041 21.9725646972656
18.9761219024658 19.149600982666 19.3816814422607 19.6124305725098 19.7143993377686 19.7595748901367 20.0438938140869 20.0103187561035 19.9761753082275 20.2314968109131 19.9070701599121 19.6422004699707 19.932767868042 20.0553817749023 20.485258102417 20.4371032714844 20.5397529602051 20.8277816772461 20.685791015625 20.5071430206299 20.4951152801514 20.6729602813721 20.7268581390381 20.7899322509766 20.8306121826172 20.8224811553955 20.8966617584229 20.9634952545166 20.9935741424561 21.0886421203613 21.2369842529297 21.399772644043 21.7175121307373 22.0179958343506 22.0240249633789 22.0981960296631 22.3087387084961 22.4649467468262 22.2698040008545 22.1173057556152 22.0003414154053 21.752010345459 21.8516330718994 21.6492404937744 21.6961250305176 21.9555339813232 22.0200347900391 21.9808864593506 21.8961868286133 21.8781700134277 21.8801212310791
19.1412773132324 19.1936531066895 19.3393039703369 19.5269737243652 19.7452831268311 19.8876628875732 20.0597400665283 20.1238880157471 20.0033569335938 20.2291889190674 20.2355690002441 19.8766651153564 20.2484588623047 20.1665096282959 20.339864730835 20.4633636474609 20.8053607940674 21.1809425354004 21.2607440948486 21.0825119018555 20.8499011993408 20.8146553039551 20.8508758544922 20.7388763427734 20.8277683258057 20.8289566040039 20.8549575805664 20.8851337432861 20.9441318511963 21.0481014251709 21.1687831878662 21.3534965515137 21.6956062316895 21.8685722351074 21.85080909729 22.0833377838135 22.2684593200684 22.3634223937988 22.1747245788574 21.9645824432373 21.8788986206055 21.6537818908691 21.6391716003418 21.5107326507568 21.5394668579102 21.7751712799072 21.8270282745361 21.8820991516113 21.8658008575439 21.7490825653076 21.9101753234863
19.0641670227051 19.2653923034668 19.4923248291016 19.6258201599121 19.7522678375244 19.9436130523682 20.1707897186279 20.2763614654541 19.9311676025391 19.9445209503174 20.2723331451416 20.0004005432129 20.2762908935547 20.3041515350342 20.3898239135742 20.6377124786377 20.8830604553223 21.221996307373 21.4258918762207 21.4109687805176 21.1900978088379 21.0369853973389 20.9485893249512 20.7049579620361 20.6959190368652 20.7782535552979 20.8587608337402 20.8416194915771 20.8673419952393 20.9720211029053 21.1219387054443 21.3194198608398 21.653470993042 21.6918430328369 21.7840156555176 22.019416809082 22.0491504669189 22.2106151580811 22.146167755127 21.870231628418 21.7813129425049 21.712516784668 21.5723838806152 21.3746948242188 21.3831081390381 21.5564918518066 21.558521270752 21.6958885192871 21.7682876586914 21.6127262115479 21.8227577209473
19.1420497894287 19.2347030639648 19.469669342041 19.7982330322266 19.811674118042 19.8326358795166 20.2699317932129 20.4501609802246 20.109992980957 19.907247543335 20.2332324981689 20.244779586792 20.5038757324219 20.6417293548584 20.8657379150391 20.9636344909668 20.862455368042 21.0617485046387 21.3894233703613 21.6390647888184 21.4613609313965 21.2365684509277 20.9982051849365 20.7997341156006 20.7713184356689 20.74831199646 20.9352645874023 20.9450187683105 20.9216976165771 20.9879302978516 21.0827980041504 21.3039989471436 21.445951461792 21.44287109375 21.6704406738281 21.7797355651855 21.8948383331299 22.0434074401855 22.0750694274902 21.8501052856445 21.6201133728027 21.5392589569092 21.5044078826904 21.4064750671387 21.288969039917 21.4093475341797 21.3821105957031 21.5829200744629 21.7023277282715 21.5272445678711 21.702938079834
19.1789798736572 19.3741569519043 19.4515171051025 19.8568916320801 19.9616069793701 19.8475284576416 20.2463455200195 20.5017795562744 20.3646965026855 19.999906539917 20.0689888000488 20.4561023712158 20.9921112060547 21.5610046386719 21.4898529052734 21.1010417938232 20.9739856719971 21.2371292114258 21.4529914855957 21.7834777832031 21.6776714324951 21.3773174285889 21.040376663208 20.9472560882568 20.8307285308838 20.8652629852295 20.8596172332764 21.0096817016602 20.9958457946777 21.0358104705811 21.1106815338135 21.2151794433594 21.1810607910156 21.1950759887695 21.3890781402588 21.5151691436768 21.8067054748535 21.8943119049072 21.8689804077148 21.8278751373291 21.664852142334 21.4441146850586 21.2856216430664 21.2421531677246 21.1681728363037 21.3160266876221 21.2378902435303 21.3713512420654 21.5317916870117 21.4033794403076 21.5755958557129
19.0812129974365 19.4419498443604 19.5794849395752 19.7378711700439 19.9098796844482 19.927864074707 20.1184101104736 20.3868255615234 20.5428619384766 20.2779140472412 20.0838642120361 20.5401287078857 21.2862987518311 22.119384765625 22.0017871856689 21.2735500335693 21.2028331756592 21.6190662384033 21.7962818145752 21.9539089202881 21.769567489624 21.337495803833 21.1111526489258 21.0171051025391 20.9394264221191 21.0568237304688 20.8893756866455 21.0406112670898 21.0980358123779 21.1025676727295 21.1061363220215 21.1025485992432 21.0156631469727 21.0185871124268 21.1654834747314 21.2589683532715 21.496675491333 21.7385520935059 21.6723918914795 21.6820182800293 21.7922973632812 21.6540336608887 21.4101810455322 21.0970039367676 21.112979888916 21.3456134796143 21.1752128601074 21.126428604126 21.2823467254639 21.3005237579346 21.5286121368408
18.8475646972656 19.2971725463867 19.6537017822266 19.6737041473389 19.8846378326416 20.1621437072754 20.2606887817383 20.5348491668701 20.9611206054688 20.9087867736816 20.7112045288086 21.0246238708496 21.4774112701416 21.9505748748779 22.0889072418213 21.5553817749023 21.499979019165 22.0862140655518 22.3569602966309 21.8793601989746 21.5690937042236 21.3886585235596 21.2730388641357 21.1699905395508 21.1305694580078 21.2298793792725 20.920991897583 20.9618530273438 21.1179141998291 21.1029071807861 21.0182971954346 20.9157695770264 20.8278312683105 20.7861137390137 20.8998355865479 20.9550800323486 21.043966293335 21.3736057281494 21.46510887146 21.4879703521729 21.7037372589111 21.62744140625 21.5305080413818 21.1205253601074 21.1025428771973 21.3428497314453 21.1703701019287 20.9789237976074 21.0930976867676 21.3126487731934 21.596923828125
18.9207878112793 19.225269317627 19.5377712249756 19.753532409668 19.9402904510498 20.2011566162109 20.6406784057617 21.0937938690186 21.4958896636963 21.5625858306885 21.6141605377197 21.7805805206299 22.1558094024658 22.2128849029541 21.8817024230957 21.747859954834 21.7116146087646 22.1784038543701 22.4456024169922 21.9439430236816 21.695140838623 21.5257949829102 21.5408382415771 21.3977108001709 21.3965740203857 21.3486976623535 20.9065685272217 20.8900756835938 21.0355262756348 20.9802494049072 20.9026622772217 20.6750450134277 20.5559539794922 20.5846385955811 20.6396350860596 20.7488574981689 20.7449989318848 20.9535007476807 21.1803665161133 21.2275295257568 21.537992477417 21.5397243499756 21.5009632110596 21.2412014007568 21.0604686737061 21.300910949707 21.0913219451904 20.8968048095703 20.9984855651855 21.2484493255615 21.645055770874
19.1098709106445 19.3008422851562 19.5590686798096 19.8635787963867 20.1216201782227 20.1510257720947 20.7140617370605 21.3080234527588 21.7562389373779 22.1445178985596 22.5734157562256 22.6019344329834 22.9212532043457 22.6976108551025 22.0430889129639 21.8283176422119 21.9688129425049 22.3785591125488 22.3966045379639 22.1051063537598 21.8994770050049 21.7158527374268 21.7503261566162 21.5755138397217 21.5957889556885 21.2935791015625 20.8879432678223 20.9554195404053 21.0262546539307 20.8714027404785 20.7365474700928 20.5513896942139 20.4938354492188 20.5766010284424 20.7294902801514 20.8627452850342 20.7759819030762 20.631175994873 20.8258876800537 20.9235172271729 21.2358570098877 21.4112949371338 21.4216613769531 21.3846874237061 21.0179672241211 21.1684417724609 20.962085723877 20.8277339935303 20.8415794372559 21.182788848877 21.6182346343994
19.2676811218262 19.5161972045898 19.8225612640381 20.0629596710205 20.3082046508789 20.3306179046631 20.8056545257568 21.4898242950439 22.132682800293 22.6996669769287 23.162109375 23.0092544555664 22.7486057281494 22.552978515625 22.2286987304688 22.0830421447754 22.116096496582 22.214807510376 22.1551322937012 22.0658092498779 21.9780693054199 21.8351860046387 21.7241554260254 21.617805480957 21.5210380554199 21.1006679534912 20.9670372009277 21.1186103820801 21.0422439575195 20.8356838226318 20.5720081329346 20.6261367797852 20.7382335662842 20.7474536895752 20.876220703125 20.9561996459961 20.777868270874 20.6126556396484 20.6418590545654 20.7027149200439 20.8436851501465 21.0143642425537 21.1763477325439 21.2387199401855 20.90234375 20.8274364471436 20.8883934020996 20.9226589202881 20.721622467041 20.9398899078369 21.416955947876
19.3625450134277 19.6924934387207 20.1359367370605 20.4580898284912 20.7313461303711 20.6774082183838 21.1974658966064 22.1075210571289 22.6898956298828 23.0070018768311 23.0406589508057 22.850399017334 22.4524211883545 22.288646697998 22.1597309112549 22.0274143218994 21.8534088134766 21.6855182647705 21.6431465148926 21.6828784942627 21.6945667266846 21.5377025604248 21.4351692199707 21.320743560791 21.1392917633057 20.9896755218506 21.0995445251465 21.1045112609863 20.8659572601318 20.7140216827393 20.6644248962402 20.7852439880371 20.8910064697266 20.9196491241455 20.8483715057373 20.8160076141357 20.7405815124512 20.6278972625732 20.595287322998 20.5120029449463 20.6160259246826 20.8200759887695 20.8575992584229 20.9244613647461 20.9109210968018 20.9745693206787 21.0945777893066 21.2070255279541 20.7657852172852 20.689603805542 21.2488079071045
19.4613361358643 19.8545761108398 20.3653964996338 20.8535633087158 21.1940670013428 21.2762756347656 21.5382461547852 22.0646533966064 22.5951824188232 22.9651679992676 22.7968158721924 22.5984745025635 22.4634075164795 22.4076633453369 22.2313632965088 21.9990882873535 21.799524307251 21.5949974060059 21.4320240020752 21.4228935241699 21.383394241333 21.4137134552002 21.3647575378418 21.2525310516357 21.2152786254883 21.2478885650635 21.2673797607422 21.1062908172607 20.8195705413818 20.6219711303711 20.759370803833 20.9414024353027 20.963960647583 21.0205860137939 20.8441505432129 20.7085208892822 20.7101650238037 20.4839859008789 20.4704284667969 20.5929527282715 20.7895774841309 20.9106426239014 20.8001365661621 21.0208473205566 21.2401313781738 21.405237197876 21.4246368408203 21.4268169403076 20.9924087524414 20.8486061096191 21.3549365997314
19.6689014434814 20.2393341064453 20.5223121643066 21.0463771820068 21.5758895874023 21.5369815826416 21.4581642150879 21.8927230834961 22.4609680175781 22.8183250427246 22.696138381958 22.3897399902344 22.291353225708 22.3156661987305 22.1361446380615 21.9130764007568 21.7441940307617 21.6136608123779 21.5491313934326 21.4785957336426 21.4442729949951 21.5861988067627 21.6150913238525 21.483736038208 21.4430274963379 21.4027481079102 21.1502151489258 21.0311965942383 20.7115325927734 20.5278663635254 20.8209991455078 21.0864715576172 21.1076202392578 21.0468921661377 20.9319667816162 20.7399864196777 20.4751625061035 20.3225727081299 20.6200313568115 20.7863597869873 20.9636344909668 21.0784091949463 20.9409675598145 21.0880222320557 21.493444442749 21.7065601348877 21.7101573944092 21.5985794067383 21.1338729858398 20.9955711364746 21.3970603942871
20.0423049926758 20.5543384552002 20.6266746520996 20.8745670318604 21.3585720062256 21.2072982788086 21.1067714691162 21.6448040008545 22.0330543518066 22.4476470947266 22.6402816772461 22.2740879058838 22.0025024414062 22.058277130127 21.9875831604004 21.8618793487549 21.7489051818848 21.6086235046387 21.6611213684082 21.6569519042969 21.5906562805176 21.5729579925537 21.5428867340088 21.3960800170898 21.1673965454102 21.0802631378174 20.8729839324951 20.784761428833 20.6217555999756 20.5101718902588 20.9309768676758 21.2629299163818 21.2645263671875 21.0050678253174 20.832181930542 20.6406345367432 20.3187274932861 20.4623527526855 20.8204479217529 20.9837379455566 21.0808792114258 21.1507263183594 20.987117767334 21.1116352081299 21.5129356384277 21.8301582336426 21.9265003204346 21.6883926391602 21.2772560119629 21.0280628204346 21.0064220428467
