R_scripts/int_process_data/Bio_01.asc
NCOLS 281 
NROWS 576 
XLLCORNER 81175.2677831308 
YLLCORNER 88.2293212990044 
CELLSIZE 1000 
NODATA_value -3.4e+38 
[rows 437 to 459 of 576, columns 52 to 103 of 281]
-3.4e+38 -3.4e+38 -3.4e+38 -3.4e+38 -3.4e+38 -3.4e+38 -3.4e+38 -3.4e+38 -3.4e+38 -3.4e+38 16.872917175293 16.8618793487549 16.8518505096436 16.8426990509033 16.8343124389648 16.8265991210938 16.8194808959961 16.8139896392822 16.8135776519775 16.8131656646729 16.8127536773682 16.8123416900635 16.8119297027588 16.8115177154541 16.8111038208008 16.8106918334961 16.8102798461914 16.8145351409912 16.8451347351074 16.875732421875 16.9063301086426 16.9369277954102 16.9675254821777 16.9981250762939 17.0287227630615 17.0593204498291 17.0899181365967 17.1186141967773 17.1330413818359 17.1474666595459 17.1618919372559 17.1763191223145 17.1907444000244 17.2051696777344 17.219596862793 17.2340221405029 17.2484474182129 17.2638473510742 17.2897777557373 17.3157062530518 17.3416366577148 17.3675670623779
-3.4e+38 -3.4e+38 -3.4e+38 -3.4e+38 -3.4e+38 -3.4e+38 -3.4e+38 -3.4e+38 -3.4e+38 -3.4e+38 16.8613605499268 16.8487434387207 16.8376731872559 16.8278846740723 16.8191661834717 16.811351776123 16.8043079376221 16.7989959716797 16.798698425293 16.7984027862549 16.7981052398682 16.7978096008301 16.7975120544434 16.7972164154053 16.7969188690186 16.7966232299805 16.7963256835938 16.8008441925049 16.8325290679932 16.8642139434814 16.8958988189697 16.927583694458 16.9592685699463 16.9909534454346 17.0226383209229 17.0543231964111 17.0860080718994 17.1158657073975 17.1320095062256 17.1481552124023 17.1643009185791 17.1804466247559 17.196590423584 17.2127361297607 17.2288818359375 17.2450256347656 17.2611713409424 17.277982711792 17.3019924163818 17.3260040283203 17.3500156402588 17.3740253448486
-3.4e+38 -3.4e+38 -3.4e+38 -3.4e+38 -3.4e+38 -3.4e+38 -3.4e+38 -3.4e+38 -3.4e+38 -3.4e+38 16.8466339111328 16.827974319458 16.8216228485107 16.8116340637207 16.8030109405518 16.7954902648926 16.788875579834 16.7840023040771 16.783821105957 16.7836399078369 16.7834587097168 16.7832775115967 16.7830963134766 16.7829151153564 16.7827339172363 16.7825527191162 16.7823715209961 16.7871513366699 16.8199214935303 16.8526935577393 16.8854656219482 16.9182376861572 16.9510097503662 16.9837818145752 17.0165519714355 17.0493240356445 17.0820960998535 17.1131153106689 17.1309795379639 17.1488437652588 17.1667079925537 17.1845722198486 17.2024383544922 17.2203025817871 17.238166809082 17.256031036377 17.2738952636719 17.2921180725098 17.314208984375 17.3363018035889 17.3583927154541 17.3804836273193
-3.4e+38 -3.4e+38 -3.4e+38 -3.4e+38 -3.4e+38 -3.4e+38 -3.4e+38 -3.4e+38 -3.4e+38 -3.4e+38 16.8212127685547 16.8092956542969 16.8032989501953 16.7937259674072 16.7857398986816 16.7789764404297 16.7731761932373 16.769006729126 16.7689418792725 16.7688770294189 16.7688102722168 16.7687454223633 16.7686786651611 16.7686138153076 16.7685489654541 16.768482208252 16.7684173583984 16.773458480835 16.807315826416 16.8411750793457 16.8750343322754 16.9088916778564 16.9427509307861 16.9766101837158 17.0104675292969 17.0443267822266 17.0781860351562 17.1103649139404 17.1299495697021 17.1495323181152 17.169116973877 17.18869972229 17.2082843780518 17.2278671264648 17.2474517822266 17.2670345306396 17.2866191864014 17.3062515258789 17.3264255523682 17.3465976715088 17.3667697906494 17.3869438171387
-3.4e+38 -3.4e+38 -3.4e+38 -3.4e+38 -3.4e+38 -3.4e+38 -3.4e+38 -3.4e+38 -3.4e+38 -3.4e+38 16.8016796112061 16.7887916564941 16.7821846008301 16.7738914489746 16.7672328948975 16.7617702484131 16.7572078704834 16.7540130615234 16.7540626525879 16.754114151001 16.7541637420654 16.7542133331299 16.7542629241943 16.7543125152588 16.7543621063232 16.7544136047363 16.7544631958008 16.759765625 16.7947101593018 16.8296566009521 16.8646011352539 16.8995475769043 16.9344921112061 16.9694385528564 17.0043830871582 17.0393295288086 17.0742740631104 17.1076145172119 17.1289176940918 17.1502208709717 17.1715240478516 17.1928272247314 17.2141304016113 17.2354335784912 17.2567367553711 17.278039932251 17.2993431091309 17.3203868865967 17.3386402130127 17.3568954467773 17.3751487731934 17.3934020996094
-3.4e+38 -3.4e+38 -3.4e+38 -3.4e+38 -3.4e+38 -3.4e+38 -3.4e+38 -3.4e+38 -3.4e+38 -3.4e+38 16.7801303863525 16.7655220031738 16.75758934021 16.7518043518066 16.7473545074463 16.7438259124756 16.7409591674805 16.7390193939209 16.739185333252 16.7393493652344 16.7395153045654 16.7396812438965 16.7398471832275 16.74001121521 16.740177154541 16.7403430938721 16.7405090332031 16.746072769165 16.7821044921875 16.8181381225586 16.8541698455811 16.8902015686035 16.926233291626 16.9622669219971 16.9982986450195 17.034330368042 17.0703620910645 17.104866027832 17.1278877258301 17.1509094238281 17.1739330291748 17.1969547271729 17.2199764251709 17.2430000305176 17.2660217285156 17.2890434265137 17.3120651245117 17.3345222473145 17.3508567810059 17.3671913146973 17.3835258483887 17.3998603820801
-3.4e+38 -3.4e+38 -3.4e+38 -3.4e+38 -3.4e+38 -3.4e+38 -3.4e+38 -3.4e+38 -3.4e+38 -3.4e+38 16.7723770141602 16.755199432373 16.7285747528076 16.7270584106445 16.7259464263916 16.7250957489014 16.7244243621826 16.7240257263184 16.7243061065674 16.7245864868164 16.7248687744141 16.7251491546631 16.7254295349121 16.7257118225098 16.7259922027588 16.7262725830078 16.7265548706055 16.7323799133301 16.7694988250732 16.8066177368164 16.8437366485596 16.8808555603027 16.9179763793945 16.9550952911377 16.9922142028809 17.029333114624 17.0664520263672 17.1021156311035 17.1268577575684 17.1515979766846 17.1763401031494 17.2010822296143 17.2258224487305 17.2505645751953 17.2753067016602 17.3000469207764 17.3247890472412 17.3486576080322 17.363073348999 17.3774890899658 17.3919048309326 17.4063205718994
-3.4e+38 -3.4e+38 -3.4e+38 -3.4e+38 -3.4e+38 -3.4e+38 -3.4e+38 -3.4e+38 -3.4e+38 16.7891025543213 16.7867736816406 16.7707099914551 16.7420959472656 16.7373085021973 16.7337169647217 16.7309226989746 16.728687286377 16.7274150848389 16.728759765625 16.7301063537598 16.7314529418945 16.7327976226807 16.7341442108154 16.7354907989502 16.7368354797363 16.7381820678711 16.7395286560059 16.7461585998535 16.7826023101807 16.8190479278564 16.8554935455322 16.891939163208 16.9283847808838 16.9648303985596 17.0012760162354 17.0377216339111 17.0741672515869 17.1092987060547 17.1345615386963 17.1598243713379 17.1850872039795 17.2103519439697 17.2356147766113 17.2608776092529 17.2861404418945 17.3114032745361 17.3366661071777 17.3609580993652 17.3747520446777 17.3885440826416 17.4023380279541 17.416130065918
-3.4e+38 -3.4e+38 -3.4e+38 -3.4e+38 -3.4e+38 -3.4e+38 -3.4e+38 -3.4e+38 -3.4e+38 16.8126850128174 16.8059101104736 16.7916965484619 16.7680130004883 16.7585945129395 16.7511978149414 16.7452354431152 16.740327835083 16.7374248504639 16.7401790618896 16.7429313659668 16.7456836700439 16.7484378814697 16.7511901855469 16.753942489624 16.7566967010498 16.759449005127 16.7622013092041 16.7698287963867 16.804967880249 16.8401050567627 16.875244140625 16.9103813171387 16.945520401001 16.9806575775146 17.015796661377 17.0509338378906 17.0860710144043 17.120059967041 17.1454124450684 17.1707668304443 17.1961193084717 17.221471786499 17.246826171875 17.2721786499023 17.2975330352783 17.3228855133057 17.3482398986816 17.3726005554199 17.3862380981445 17.3998737335205 17.4135112762451 17.4271469116211
-3.4e+38 -3.4e+38 -3.4e+38 -3.4e+38 -3.4e+38 -3.4e+38 -3.4e+38 -3.4e+38 -3.4e+38 16.8337917327881 16.823429107666 16.8102283477783 16.7901210784912 16.7776489257812 16.7674503326416 16.7589550018311 16.7517681121826 16.7474365234375 16.7515964508057 16.7557563781738 16.759916305542 16.7640762329102 16.7682361602783 16.7723960876465 16.7765560150146 16.7807159423828 16.784875869751 16.7935009002686 16.8273315429688 16.8611621856689 16.8949928283691 16.9288234710693 16.9626541137695 16.9964847564697 17.0303153991699 17.0641460418701 17.0979747772217 17.1308193206787 17.1562633514404 17.1817073822021 17.2071514129639 17.232593536377 17.2580375671387 17.2834815979004 17.3089237213135 17.3343677520752 17.3598117828369 17.3842430114746 17.3977222442627 17.4112033843994 17.4246845245361 17.4381637573242
-3.4e+38 -3.4e+38 -3.4e+38 -3.4e+38 -3.4e+38 -3.4e+38 -3.4e+38 -3.4e+38 -3.4e+38 16.8690795898438 16.8398494720459 16.8267555236816 16.8092002868652 16.7948055267334 16.7825984954834 16.7721138000488 16.7630138397217 16.7574481964111 16.7630138397217 16.7685813903809 16.7741470336914 16.7797145843506 16.7852802276611 16.7908477783203 16.7964153289795 16.80198097229 16.8075485229492 16.8171730041504 16.8496952056885 16.8822193145752 16.9147415161133 16.9472637176514 16.9797878265381 17.0123100280762 17.0448341369629 17.077356338501 17.1098804473877 17.141580581665 17.1671142578125 17.19264793396 17.2181816101074 17.2437152862549 17.2692489624023 17.2947826385498 17.3203163146973 17.3458499908447 17.3713836669922 17.3958835601807 17.4092082977295 17.4225330352783 17.4358577728271 17.4491806030273
-3.4e+38 -3.4e+38 -3.4e+38 -3.4e+38 -3.4e+38 -3.4e+38 -3.4e+38 -3.4e+38 16.9043025970459 16.8807353973389 16.8600425720215 16.8418941497803 16.8258323669434 16.8103351593018 16.7967510223389 16.7847499847412 16.7740669250488 16.7674579620361 16.7744312286377 16.7814064025879 16.7883796691895 16.795352935791 16.8023262023926 16.8093013763428 16.8162746429443 16.8232479095459 16.8302211761475 16.8408451080322 16.8720607757568 16.9032745361328 16.9344902038574 16.965705871582 16.9969215393066 17.0281372070312 17.0593528747559 17.0905685424805 17.1217842102051 17.1523418426514 17.1779651641846 17.2035884857178 17.2292137145996 17.2548370361328 17.280460357666 17.3060855865479 17.3317089080811 17.3573322296143 17.3829555511475 17.4075260162354 17.4206943511963 17.4338626861572 17.4470310211182 17.4601993560791
-3.4e+38 -3.4e+38 -3.4e+38 -3.4e+38 -3.4e+38 -3.4e+38 -3.4e+38 -3.4e+38 16.9264049530029 16.9007892608643 16.8782577514648 16.8582859039307 16.840461730957 16.8244571685791 16.8100032806396 16.7968902587891 16.7849349975586 16.7774696350098 16.7858505249023 16.7942295074463 16.8026103973389 16.8109912872314 16.819372177124 16.8277530670166 16.8361339569092 16.8445148468018 16.8528957366943 16.8645153045654 16.8944244384766 16.9243316650391 16.9542388916016 16.9841480255127 17.0140552520752 17.0439643859863 17.0738716125488 17.1037788391113 17.1336879730225 17.1631011962891 17.1888160705566 17.2145309448242 17.2402439117432 17.2659587860107 17.2916717529297 17.3173866271973 17.3431015014648 17.3688144683838 17.3945293426514 17.41916847229 17.4321804046631 17.4451923370361 17.4582042694092 17.4712162017822
-3.4e+38 -3.4e+38 -3.4e+38 -3.4e+38 -3.4e+38 -3.4e+38 -3.4e+38 -3.4e+38 16.9325408935547 16.9101486206055 16.8896484375 16.8708057403564 16.8534297943115 16.8373546600342 16.8224391937256 16.8085632324219 16.7956218719482 16.7874794006348 16.7972679138184 16.8070545196533 16.8168430328369 16.8266296386719 16.8364181518555 16.8462047576904 16.855993270874 16.865779876709 16.8755683898926 16.8881874084473 16.9167881011963 16.9453887939453 16.9739894866943 17.0025901794434 17.0311889648438 17.0597896575928 17.0883903503418 17.1169910430908 17.1455917358398 17.1738624572754 17.1996669769287 17.225471496582 17.2512760162354 17.2770805358887 17.3028831481934 17.3286876678467 17.3544921875 17.3802967071533 17.4061012268066 17.4308090209961 17.4436645507812 17.456521987915 17.4693775177002 17.4822330474854
-3.4e+38 -3.4e+38 -3.4e+38 -3.4e+38 -3.4e+38 -3.4e+38 -3.4e+38 16.9580726623535 16.9373302459717 16.9177417755127 16.8992099761963 16.8816566467285 16.8650016784668 16.8491802215576 16.8341312408447 16.8197994232178 16.8061332702637 16.7974910736084 16.8086853027344 16.8198795318604 16.8310737609863 16.8422698974609 16.8534641265869 16.8646583557129 16.8758525848389 16.8870468139648 16.8982410430908 16.9118595123291 16.939151763916 16.9664459228516 16.9937381744385 17.0210304260254 17.0483245849609 17.0756168365479 17.1029090881348 17.1302013397217 17.1574954986572 17.1846237182617 17.2105178833008 17.2364120483398 17.2623062133789 17.288200378418 17.3140964508057 17.3399906158447 17.3658847808838 17.3917789459229 17.4176731109619 17.4424514770508 17.455150604248 17.4678516387939 17.4805507659912 17.4932498931885
-3.4e+38 -3.4e+38 -3.4e+38 -3.4e+38 -3.4e+38 -3.4e+38 -3.4e+38 16.9588317871094 16.9411735534668 16.9240207672119 16.9073543548584 16.8911514282227 16.8753929138184 16.8600635528564 16.8451442718506 16.8306179046631 16.8164710998535 16.8075008392334 16.8201026916504 16.8327045440674 16.8453063964844 16.8579082489014 16.8705081939697 16.8831100463867 16.8957118988037 16.9083137512207 16.9209156036377 16.9355316162109 16.9615173339844 16.9875011444092 17.0134868621826 17.0394725799561 17.0654582977295 17.0914421081543 17.1174278259277 17.1434135437012 17.1693992614746 17.195384979248 17.2213687896729 17.2473526000977 17.2733383178711 17.2993221282959 17.3253078460693 17.3512916564941 17.3772773742676 17.4032611846924 17.4292469024658 17.4540939331055 17.4666366577148 17.4791793823242 17.4917240142822 17.5042667388916
-3.4e+38 -3.4e+38 -3.4e+38 -3.4e+38 -3.4e+38 -3.4e+38 -3.4e+38 16.9594402313232 16.9443264007568 16.9293041229248 16.9143714904785 16.8995304107666 16.8847770690918 16.8701133728027 16.8555355072021 16.8410453796387 16.8266410827637 16.817512512207 16.8315200805664 16.8455295562744 16.8595371246338 16.8735466003418 16.8875541687012 16.9015636444092 16.9155712127686 16.9295806884766 16.9435882568359 16.9592037200928 16.9838809967041 17.0085582733154 17.0332355499268 17.0579147338867 17.082592010498 17.1072692871094 17.1319465637207 17.1566257476807 17.181303024292 17.2061443328857 17.2322196960449 17.2582950592041 17.2843685150146 17.3104438781738 17.336519241333 17.3625946044922 17.3886680603027 17.4147434234619 17.4408187866211 17.4657344818115 17.4781227111816 17.4905090332031 17.5028972625732 17.5152835845947
-3.4e+38 -3.4e+38 -3.4e+38 -3.4e+38 -3.4e+38 -3.4e+38 -3.4e+38 16.9597244262695 16.9459972381592 16.9324722290039 16.9191455841064 16.9060134887695 16.8930702209473 16.880313873291 16.8677368164062 16.855339050293 16.8431148529053 16.8358383178711 16.8498935699463 16.8639488220215 16.8780040740967 16.8920593261719 16.9061145782471 16.9201698303223 16.9342250823975 16.9482803344727 16.9623355865479 16.9778614044189 17.0016822814941 17.0255031585693 17.0493240356445 17.0731468200684 17.0969676971436 17.1207885742188 17.1446094512939 17.1684303283691 17.1922512054443 17.2161731719971 17.2408466339111 17.2655220031738 17.2901954650879 17.314868927002 17.339542388916 17.3642158508301 17.3888893127441 17.4135627746582 17.4382381439209 17.4617786407471 17.4730777740479 17.484375 17.4956741333008 17.5069713592529
-3.4e+38 -3.4e+38 -3.4e+38 -3.4e+38 -3.4e+38 -3.4e+38 16.9627227783203 16.9599418640137 16.9474029541016 16.9353542327881 16.9237632751465 16.9126091003418 16.9018650054932 16.8915100097656 16.8815231323242 16.871883392334 16.8625755310059 16.8576889038086 16.8712158203125 16.8847408294678 16.898265838623 16.9117908477783 16.9253177642822 16.9388427734375 16.9523677825928 16.965892791748 16.9794178009033 16.9943943023682 17.0175495147705 17.0407047271729 17.0638618469238 17.0870170593262 17.1101722717285 17.1333293914795 17.1564846038818 17.1796417236328 17.2027969360352 17.2258911132812 17.2485332489014 17.2711734771729 17.2938137054443 17.3164539337158 17.3390941619873 17.3617343902588 17.3843746185303 17.4070148468018 17.4296550750732 17.4512100219727 17.4610233306885 17.4708366394043 17.4806499481201 17.4904613494873
-3.4e+38 -3.4e+38 -3.4e+38 -3.4e+38 -3.4e+38 -3.4e+38 16.9627227783203 16.9602165222168 16.9491310119629 16.9388008117676 16.9291477203369 16.920108795166 16.9116268157959 16.9036540985107 16.8961429595947 16.8890571594238 16.8823585510254 16.8795413970947 16.8925361633301 16.9055328369141 16.9185276031494 16.9315223693848 16.9445190429688 16.9575138092041 16.9705104827881 16.9835052490234 16.9965019226074 17.0109272003174 17.0334167480469 17.055908203125 17.0783977508545 17.1008892059326 17.1233787536621 17.1458702087402 17.1683597564697 17.1908512115479 17.2133407592773 17.2356109619141 17.256217956543 17.2768249511719 17.2974319458008 17.3180389404297 17.3386459350586 17.3592529296875 17.3798599243164 17.4004669189453 17.4210739135742 17.4406414031982 17.4489688873291 17.45729637146 17.4656257629395 17.4739532470703
-3.4e+38 -3.4e+38 -3.4e+38 -3.4e+38 -3.4e+38 16.9627227783203 16.9627227783203 16.9605751037598 16.9513072967529 16.9429988861084 16.9355030059814 16.9287109375 16.9225254058838 16.9168682098389 16.9116764068604 16.9068927764893 16.902473449707 16.9013919830322 16.9138584136963 16.9263229370117 16.9387893676758 16.9512557983398 16.9637203216553 16.9761867523193 16.9886531829834 17.0011177062988 17.0135841369629 17.027458190918 17.0492839813232 17.0711097717285 17.0929355621338 17.1147594451904 17.1365852355957 17.158411026001 17.1802349090576 17.2020606994629 17.2238864898682 17.2453289031982 17.2639026641846 17.2824764251709 17.3010501861572 17.3196239471436 17.3381977081299 17.3567714691162 17.3753452301025 17.3939170837402 17.4124908447266 17.4300727844238 17.4369144439697 17.4437580108643 17.4506015777588 17.4574432373047
-3.4e+38 -3.4e+38 -3.4e+38 -3.4e+38 -3.4e+38 16.9627227783203 16.9627227783203 16.9610633850098 16.9541320800781 16.9482231140137 16.9431228637695 16.9386768341064 16.9347667694092 16.931303024292 16.9282093048096 16.9254341125488 16.9229259490967 16.9232425689697 16.9351787567139 16.947114944458 16.9590511322021 16.9709873199463 16.9829235076904 16.9948596954346 17.0067958831787 17.0187320709229 17.0306663513184 17.0439910888672 17.0651512145996 17.086311340332 17.1074714660645 17.1286315917969 17.1497917175293 17.1709499359131 17.1921100616455 17.2132701873779 17.2344303131104 17.2550468444824 17.2715873718262 17.2881278991699 17.3046684265137 17.3212089538574 17.3377494812012 17.3542881011963 17.37082862854 17.3873691558838 17.4039096832275 17.4195041656494 17.424861907959 17.4302196502686 17.4355773925781 17.4409351348877
-3.4e+38 -3.4e+38 -3.4e+38 -3.4e+38 16.9629764556885 16.9628524780273 16.9622459411621 16.9588356018066 16.9532699584961 16.9489727020264 16.9460868835449 16.9490776062012 16.9486217498779 16.9471321105957 16.9458446502686 16.9447193145752 16.9437274932861 16.9450950622559 16.9565010070801 16.9679069519043 16.9793128967285 16.9907188415527 17.002124786377 17.0135307312012 17.024938583374 17.0363445281982 17.0477504730225 17.0605239868164 17.081018447876 17.1015129089355 17.1220073699951 17.1425018310547 17.1629962921143 17.1834907531738 17.2039852142334 17.224479675293 17.2449760437012 17.2647647857666 17.2792720794678 17.2937793731689 17.3082866668701 17.3227939605713 17.3372993469238 17.351806640625 17.3663139343262 17.3808212280273 17.3953285217285 17.408935546875 17.4128074645996 17.4166793823242 17.4205532073975 17.4244251251221
