R_scripts/int_process_data/Bio_02_2001.2020.asc
NCOLS 281 
NROWS 577 
XLLCORNER 81175.2677831308 
YLLCORNER -911.770678700996 
CELLSIZE 1000 
NODATA_value -3.4e+38 
[rows 368 to 390 of 577, columns 153 to 203 of 281]
10.4654684066772 10.4665470123291 10.5223569869995 10.5903654098511 10.6501846313477 10.676365852356 10.7016868591309 10.7436723709106 10.8035860061646 10.8663320541382 10.8950309753418 10.9410581588745 11.0078477859497 11.0759229660034 11.1388416290283 11.1756954193115 11.2122373580933 11.2266120910645 11.2020721435547 11.142520904541 11.0905208587646 11.0609979629517 11.0458555221558 11.0237741470337 11.0008592605591 10.9526252746582 10.920392036438 10.9056911468506 10.8944826126099 10.8899307250977 10.8914489746094 10.8833208084106 10.8891334533691 10.9007177352905 10.909122467041 10.9127798080444 10.9146585464478 10.9194021224976 10.9207029342651 10.9152116775513 10.8933639526367 10.8607387542725 10.8656196594238 10.8996515274048 10.9211893081665 10.9375133514404 10.9753351211548 10.992787361145 10.9847850799561 11.0000600814819 11.0386991500854
10.5188283920288 10.4748649597168 10.499981880188 10.5741109848022 10.6195793151855 10.6441736221313 10.6877288818359 10.7349996566772 10.8027973175049 10.8375263214111 10.8505945205688 10.8963384628296 10.9642505645752 11.0383434295654 11.0969705581665 11.1385984420776 11.1963224411011 11.2221450805664 11.21630859375 11.1749238967896 11.1292600631714 11.0985679626465 11.0759534835815 11.0562868118286 11.0377140045166 10.9826250076294 10.9338693618774 10.9166250228882 10.9057588577271 10.8948373794556 10.9027729034424 10.898458480835 10.8969850540161 10.9134721755981 10.9187660217285 10.9230136871338 10.9259128570557 10.9319534301758 10.9366130828857 10.9348926544189 10.9230012893677 10.8979454040527 10.8916826248169 10.9239463806152 10.9504556655884 10.9625511169434 10.9803628921509 11.0063495635986 11.016487121582 11.0157222747803 11.0470628738403
10.5368947982788 10.4789180755615 10.4814481735229 10.5490951538086 10.5535612106323 10.5971765518188 10.6551151275635 10.7052936553955 10.7529582977295 10.7909440994263 10.8540639877319 10.8871479034424 10.9400444030762 11.0157871246338 11.0607595443726 11.1055774688721 11.151065826416 11.2116088867188 11.2365760803223 11.1980714797974 11.1494226455688 11.1211233139038 11.1073713302612 11.0914506912231 11.0557069778442 11.0002784729004 10.9716501235962 10.9524793624878 10.9219017028809 10.8988962173462 10.9086561203003 10.9132871627808 10.906099319458 10.9215526580811 10.9290971755981 10.9335536956787 10.9376907348633 10.9436264038086 10.9518489837646 10.9533491134644 10.9492692947388 10.9389085769653 10.9295959472656 10.9497966766357 10.971752166748 10.9716234207153 10.9797534942627 11.0137357711792 11.0431795120239 11.050124168396 11.0638761520386
10.5278472900391 10.4895038604736 10.5072078704834 10.5037565231323 10.5052633285522 10.5466709136963 10.6163368225098 10.6522302627563 10.6735343933105 10.741156578064 10.8162260055542 10.8685312271118 10.8845748901367 10.9170265197754 10.996000289917 11.0608310699463 11.1060609817505 11.1637096405029 11.2004919052124 11.1904134750366 11.1568946838379 11.1397485733032 11.1463470458984 11.1383275985718 11.0780849456787 11.0363817214966 11.0253524780273 10.9986801147461 10.9513025283813 10.9182977676392 10.9114484786987 10.9237604141235 10.9199781417847 10.9273462295532 10.9382781982422 10.9431018829346 10.9488906860352 10.9545259475708 10.9644622802734 10.9700632095337 10.9703235626221 10.9720869064331 10.9725980758667 10.9902534484863 10.9944715499878 10.9769830703735 11.0012121200562 11.0330324172974 11.0586977005005 11.0716800689697 11.0790271759033
10.5734071731567 10.5280685424805 10.5514554977417 10.534291267395 10.5568714141846 10.5621385574341 10.5774507522583 10.6106748580933 10.6328630447388 10.6712694168091 10.740406036377 10.8101043701172 10.8313589096069 10.8447675704956 10.8871583938599 10.9566335678101 11.0307054519653 11.0847911834717 11.1292362213135 11.1416702270508 11.140287399292 11.1457929611206 11.1737480163574 11.1900701522827 11.1409845352173 11.0842018127441 11.0611543655396 11.0351867675781 10.9896278381348 10.954062461853 10.9275255203247 10.926962852478 10.9295806884766 10.9337816238403 10.9464426040649 10.9529685974121 10.9601306915283 10.9656209945679 10.9762420654297 10.985878944397 10.9910173416138 10.9979848861694 11.0091104507446 11.0236167907715 11.0109529495239 11.0063514709473 11.0309104919434 11.053126335144 11.0731029510498 11.085994720459 11.0944604873657
10.6486339569092 10.5959587097168 10.614818572998 10.5898189544678 10.6167974472046 10.6222105026245 10.6217050552368 10.6456317901611 10.6634120941162 10.651894569397 10.6830291748047 10.7622652053833 10.8494434356689 10.8951482772827 10.9178743362427 10.9004497528076 10.9334211349487 11.0061168670654 11.065484046936 11.0822906494141 11.0953845977783 11.1193065643311 11.158616065979 11.1957206726074 11.1828966140747 11.134970664978 11.0874280929565 11.0561437606812 11.0225410461426 10.9859895706177 10.958348274231 10.9429311752319 10.9351358413696 10.9373435974121 10.9500284194946 10.9619922637939 10.9701652526855 10.9763269424438 10.9863138198853 10.9992790222168 11.0102243423462 11.0216913223267 11.0344696044922 11.0370111465454 11.0299682617188 11.0452404022217 11.0623645782471 11.0718584060669 11.088189125061 11.1012544631958 11.1073770523071
10.6829843521118 10.7345094680786 10.8392000198364 10.7271499633789 10.7441320419312 10.724573135376 10.7119264602661 10.7199964523315 10.7212400436401 10.7046270370483 10.7024536132812 10.7321157455444 10.8081731796265 10.9132518768311 11.0176801681519 10.9808578491211 10.9285821914673 10.9503688812256 10.9993677139282 11.0228309631348 11.030369758606 11.058144569397 11.1016092300415 11.1503114700317 11.1699628829956 11.1641645431519 11.1282711029053 11.0794363021851 11.0518474578857 11.0197620391846 10.9877948760986 10.963755607605 10.9505043029785 10.9470405578613 10.9529342651367 10.9702596664429 10.9802227020264 10.9872903823853 10.9951324462891 11.008957862854 11.0250949859619 11.0423355102539 11.0574283599854 11.0542583465576 11.0516777038574 11.0662431716919 11.0824785232544 11.0952625274658 11.1085319519043 11.1123456954956 11.109917640686
10.7468824386597 10.8988809585571 11.058910369873 10.9018516540527 11.0078897476196 11.0059719085693 10.9421453475952 10.9380044937134 10.8327159881592 10.7417993545532 10.7665405273438 10.8120908737183 10.8037233352661 10.8378305435181 11.0011215209961 11.0939302444458 11.0586576461792 10.9682092666626 10.9378995895386 10.9621057510376 10.9847393035889 11.0039587020874 11.0452766418457 11.0982475280762 11.1349878311157 11.1466255187988 11.1426105499268 11.1145763397217 11.0823516845703 11.0484781265259 11.021276473999 10.9912786483765 10.9724636077881 10.9637174606323 10.9609575271606 10.9749088287354 10.9893674850464 10.9979887008667 11.0056085586548 11.0174570083618 11.0303182601929 11.0521478652954 11.0746641159058 11.0730619430542 11.0710411071777 11.0798683166504 11.0949029922485 11.1107730865479 11.1142234802246 -3.4e+38 -3.4e+38
10.7944936752319 10.909351348877 11.019681930542 11.0171184539795 11.1646585464478 11.3129301071167 11.2307786941528 11.1484718322754 10.9837875366211 10.8313932418823 10.8419284820557 10.9314041137695 10.9974546432495 10.8707227706909 10.8911819458008 11.0693397521973 11.155743598938 11.0779275894165 10.9344062805176 10.9020671844482 10.9299049377441 10.9644393920898 11.0109596252441 11.0580415725708 11.1042213439941 11.1157855987549 11.1219463348389 11.1309003829956 11.1150226593018 11.0780992507935 11.0513715744019 11.0175790786743 10.9913129806519 10.9790420532227 10.9729604721069 10.9806003570557 10.997444152832 11.0089635848999 11.017650604248 11.0284967422485 11.0405073165894 11.0612964630127 11.088794708252 11.0943450927734 11.0916748046875 11.0966320037842 11.1105966567993 -3.4e+38 -3.4e+38 -3.4e+38 -3.4e+38
10.7495756149292 10.7777709960938 10.8927392959595 10.9639110565186 11.124903678894 11.3215379714966 11.3018894195557 11.2020969390869 11.1232233047485 11.012677192688 10.9950494766235 11.0155534744263 11.204460144043 11.1893634796143 10.9795732498169 11.0172071456909 11.2527656555176 11.2698535919189 11.0541086196899 10.9065713882446 10.8856134414673 10.9254570007324 10.9768867492676 11.0212202072144 11.0631685256958 11.0926761627197 11.1050815582275 11.1080513000488 11.1116676330566 11.0976419448853 11.0676879882812 11.0340070724487 11.0064182281494 10.993106842041 10.9887933731079 10.9895629882812 11.0008659362793 11.0159101486206 11.0265483856201 11.0381774902344 11.054386138916 11.0724086761475 11.09019947052 11.1019439697266 11.1073770523071 11.1140031814575 11.1202993392944 -3.4e+38 -3.4e+38 -3.4e+38 -3.4e+38
10.6772975921631 10.7301635742188 10.7869634628296 10.8308401107788 10.9860172271729 11.11448097229 11.1837825775146 11.1991500854492 11.2310838699341 11.2375783920288 11.2594709396362 11.2101678848267 11.2900276184082 11.5252637863159 11.3595952987671 11.2072877883911 11.351466178894 11.4709625244141 11.2767934799194 11.0098304748535 10.8794937133789 10.8911800384521 10.9347162246704 10.9875392913818 11.0298957824707 11.0677623748779 11.0971908569336 11.1001739501953 11.088662147522 11.0906171798706 11.0732555389404 11.0509719848633 11.0256805419922 11.006010055542 10.9974098205566 10.9948987960815 11.0007562637329 11.0158596038818 11.0297241210938 11.0440502166748 11.0606594085693 11.0774440765381 11.0877141952515 11.1001062393188 11.1145114898682 11.1203861236572 11.1213779449463 -3.4e+38 -3.4e+38 -3.4e+38 -3.4e+38
10.6409883499146 10.7128648757935 10.7052440643311 10.741039276123 10.866907119751 10.9562015533447 11.0415325164795 11.094838142395 11.129976272583 11.2419509887695 11.3602962493896 11.4556789398193 11.4682998657227 11.5099449157715 11.5008029937744 11.3101511001587 11.2965049743652 11.4270505905151 11.3712568283081 11.1432504653931 10.9509162902832 10.8756837844849 10.90260887146 10.9489526748657 10.9944667816162 11.0358638763428 11.0724840164185 11.1020860671997 11.1016578674316 11.083423614502 11.0643997192383 11.0500526428223 11.038535118103 11.0197267532349 11.0054578781128 11.0014457702637 11.0058679580688 11.0172309875488 11.0299291610718 11.0451717376709 11.0628223419189 11.0804948806763 11.0955047607422 11.1052293777466 -3.4e+38 -3.4e+38 -3.4e+38 -3.4e+38 -3.4e+38 -3.4e+38 -3.4e+38
10.6125888824463 10.6582250595093 10.6392726898193 10.6943712234497 10.8190746307373 10.8853321075439 10.9134922027588 10.9907569885254 11.018346786499 11.0597486495972 11.2077541351318 11.3581991195679 11.4705905914307 11.2903184890747 11.2281160354614 11.2232761383057 11.2044038772583 11.2289981842041 11.2766256332397 11.1463708877563 11.0187835693359 10.8944072723389 10.8781976699829 10.9144945144653 10.9613857269287 11.012809753418 11.0519742965698 11.0875444412231 11.1100482940674 11.0852146148682 11.0509262084961 11.0315647125244 11.0322494506836 11.0324859619141 11.0200338363647 11.0115928649902 11.0131864547729 11.0206565856934 11.0313425064087 11.044132232666 11.0619983673096 11.0820474624634 -3.4e+38 -3.4e+38 -3.4e+38 -3.4e+38 -3.4e+38 -3.4e+38 -3.4e+38 -3.4e+38 -3.4e+38
10.6164417266846 10.5936288833618 10.6162996292114 10.6890697479248 10.7953433990479 10.8334484100342 10.8187379837036 10.8988542556763 10.9420480728149 10.9701814651489 11.0420064926147 11.1166858673096 11.2043237686157 11.09299659729 11.0109033584595 11.0353565216064 11.0612754821777 11.053692817688 11.1175422668457 11.0859146118164 11.0081491470337 10.9131031036377 10.8747329711914 10.903226852417 10.9432754516602 10.9930553436279 11.03626537323 11.0653009414673 11.0904541015625 11.088360786438 11.0460138320923 11.0262060165405 11.0175800323486 11.0205698013306 11.0227279663086 11.0145435333252 11.0126781463623 11.0186223983765 11.0301427841187 11.0432529449463 11.0597085952759 11.0796976089478 -3.4e+38 -3.4e+38 -3.4e+38 -3.4e+38 -3.4e+38 -3.4e+38 -3.4e+38 -3.4e+38 -3.4e+38
10.6268730163574 10.5512933731079 10.5806341171265 10.6623430252075 10.7355442047119 10.741512298584 10.7417812347412 10.821681022644 10.8885517120361 10.9289474487305 10.9745311737061 10.9797592163086 11.0213489532471 11.0116415023804 10.9565315246582 10.9163017272949 10.9452695846558 10.9716958999634 10.9797258377075 10.9951267242432 10.9836282730103 10.9175586700439 10.8818416595459 10.9041662216187 10.927640914917 10.9711904525757 11.0062227249146 11.0370283126831 11.0587873458862 11.0820569992065 11.0542898178101 11.0247106552124 11.018988609314 11.0099716186523 11.0188970565796 11.0175924301147 11.0115604400635 11.0156269073486 11.0281391143799 11.0422592163086 11.0577774047852 11.0770587921143 -3.4e+38 -3.4e+38 -3.4e+38 -3.4e+38 -3.4e+38 -3.4e+38 -3.4e+38 -3.4e+38 -3.4e+38
10.6155471801758 10.5995216369629 10.5498371124268 10.6219930648804 10.6639204025269 10.6597833633423 10.6938152313232 10.7974662780762 10.8581380844116 10.8776073455811 10.9264879226685 10.9092016220093 10.9197616577148 10.956901550293 10.9388084411621 10.8873376846313 10.8768253326416 10.9191493988037 10.9067974090576 10.9001235961914 10.9434070587158 10.9370803833008 10.8797731399536 10.8950252532959 10.9151563644409 10.9357261657715 10.9679346084595 10.9960985183716 11.0329265594482 11.0571775436401 11.0679512023926 11.026575088501 11.0189981460571 11.0107698440552 11.011173248291 11.0184812545776 11.0092964172363 11.0168581008911 11.0307550430298 11.0419750213623 11.057300567627 -3.4e+38 -3.4e+38 -3.4e+38 -3.4e+38 -3.4e+38 -3.4e+38 -3.4e+38 -3.4e+38 -3.4e+38 -3.4e+38
10.543890953064 10.6271238327026 10.5635824203491 10.5843820571899 10.6262845993042 10.6388807296753 10.7080535888672 10.7877054214478 10.8108577728271 10.8690948486328 10.9060087203979 10.8579349517822 10.8360385894775 10.8726072311401 10.895094871521 10.8619556427002 10.8425931930542 10.857873916626 10.8671274185181 10.8631658554077 10.9124708175659 10.9389095306396 10.8889799118042 10.8909196853638 10.9158115386963 10.9156503677368 10.9250030517578 10.9567823410034 11.0096797943115 11.0440988540649 11.053653717041 11.0365314483643 11.0171003341675 11.0168504714966 11.0112648010254 11.0124988555908 11.0130195617676 11.0234117507935 11.0330247879028 11.0425567626953 11.0567560195923 -3.4e+38 -3.4e+38 -3.4e+38 -3.4e+38 -3.4e+38 -3.4e+38 -3.4e+38 -3.4e+38 -3.4e+38 -3.4e+38
10.4819374084473 10.5725317001343 10.553599357605 10.5568351745605 10.5812110900879 10.6341695785522 10.7045860290527 10.7464942932129 10.7547750473022 10.8580045700073 10.8677473068237 10.8001079559326 10.7808408737183 10.8229846954346 10.8663349151611 10.8669633865356 10.8434743881226 10.8319416046143 10.85462474823 10.8653573989868 10.8944759368896 10.9230194091797 10.8900871276855 10.888277053833 10.9337701797485 10.9256763458252 10.8977098464966 10.9344711303711 10.9939060211182 11.0371341705322 11.0310230255127 11.0379228591919 11.0222835540771 11.0163164138794 11.0236577987671 11.01828956604 11.0229759216309 11.0283584594727 11.0349531173706 11.0450754165649 11.0569314956665 -3.4e+38 -3.4e+38 -3.4e+38 -3.4e+38 -3.4e+38 -3.4e+38 -3.4e+38 -3.4e+38 -3.4e+38 -3.4e+38
10.4571018218994 10.5049285888672 10.5237989425659 10.556866645813 10.5581846237183 10.6128816604614 10.6750860214233 10.6789960861206 10.72705078125 10.8199033737183 10.8147420883179 10.7598896026611 10.7566890716553 10.8028974533081 10.8407735824585 10.8613510131836 10.8728303909302 10.8509292602539 10.8518505096436 10.8640069961548 10.8722581863403 10.8990936279297 10.884614944458 10.8984661102295 10.9457292556763 10.9462413787842 10.896333694458 10.9130210876465 10.9622421264648 10.9976253509521 11.0061712265015 11.0221729278564 11.0231590270996 11.0066328048706 11.018406867981 11.0262508392334 11.0245981216431 11.0283012390137 11.0348749160767 11.0465831756592 11.0576572418213 -3.4e+38 -3.4e+38 -3.4e+38 -3.4e+38 -3.4e+38 -3.4e+38 -3.4e+38 -3.4e+38 -3.4e+38 -3.4e+38
10.47474193573 10.4877147674561 10.504753112793 10.5551681518555 10.5751581192017 10.6185827255249 10.6597909927368 10.647801399231 10.6999044418335 10.7592639923096 10.7489604949951 10.724458694458 10.7478704452515 10.7946376800537 10.828088760376 10.8529806137085 10.9188060760498 10.9072313308716 10.8806991577148 10.8698740005493 10.8460845947266 10.8578310012817 10.8735046386719 10.8854646682739 10.922080039978 10.944507598877 10.8993721008301 10.8861875534058 10.9245691299438 10.9583778381348 10.9640512466431 10.9909906387329 11.0034799575806 10.9926052093506 11.0058479309082 11.0234355926514 11.0276756286621 11.0293579101562 11.033579826355 11.0445003509521 11.0560235977173 -3.4e+38 -3.4e+38 -3.4e+38 -3.4e+38 -3.4e+38 -3.4e+38 -3.4e+38 -3.4e+38 -3.4e+38 -3.4e+38
10.4919185638428 10.481406211853 10.4889850616455 10.5186700820923 10.593487739563 10.6529083251953 10.6581602096558 10.6344738006592 10.6761560440063 10.7061166763306 10.6994075775146 10.7134599685669 10.7627563476562 10.8151044845581 10.8238945007324 10.8459749221802 10.9310216903687 10.9465293884277 10.9117622375488 10.8947668075562 10.860556602478 10.8492860794067 10.8575611114502 10.8636951446533 10.8964109420776 10.9393043518066 10.9064235687256 10.8749532699585 10.8950624465942 10.9387607574463 10.9335794448853 10.9476881027222 10.9684867858887 10.9763507843018 10.9992046356201 11.0197801589966 11.0313577651978 11.0328531265259 11.0358943939209 11.0446186065674 11.0548868179321 -3.4e+38 -3.4e+38 -3.4e+38 -3.4e+38 -3.4e+38 -3.4e+38 -3.4e+38 -3.4e+38 -3.4e+38 -3.4e+38
10.5003805160522 10.4618949890137 10.4738712310791 10.4936037063599 10.5983076095581 10.6872329711914 10.6830902099609 10.6278295516968 10.6521034240723 10.6700458526611 10.6779165267944 10.7135705947876 10.7780427932739 10.8175783157349 10.8120155334473 10.8354959487915 10.9073781967163 10.9589605331421 10.9391450881958 10.9160346984863 10.8862724304199 10.8996229171753 10.8818273544312 10.8738584518433 10.8716669082642 10.9020156860352 10.8901853561401 10.8629817962646 10.8623819351196 10.8968057632446 10.9093236923218 10.9159374237061 10.9394912719727 10.9679765701294 10.9955186843872 11.0131769180298 11.0318775177002 11.0419683456421 11.044641494751 11.0510168075562 11.0574388504028 -3.4e+38 -3.4e+38 -3.4e+38 -3.4e+38 -3.4e+38 -3.4e+38 -3.4e+38 -3.4e+38 -3.4e+38 -3.4e+38
10.531834602356 10.4828481674194 10.4851045608521 10.4916458129883 10.5766372680664 10.6653451919556 10.7064542770386 10.6461172103882 10.6340475082397 10.6501140594482 10.6738557815552 10.7179412841797 10.7858791351318 10.8109474182129 10.8015327453613 10.8309202194214 10.9009027481079 10.9670305252075 10.9627046585083 10.9410772323608 10.9305553436279 10.9422903060913 10.9236211776733 10.9095411300659 10.8840475082397 10.8693761825562 10.8647775650024 10.8490018844604 10.8451061248779 10.8529672622681 10.8794050216675 10.900824546814 10.9313735961914 10.9668312072754 10.9804620742798 11.0015239715576 11.0266132354736 11.046555519104 11.0541620254517 11.0567626953125 11.0595731735229 -3.4e+38 -3.4e+38 -3.4e+38 -3.4e+38 -3.4e+38 -3.4e+38 -3.4e+38 -3.4e+38 -3.4e+38 -3.4e+38
