R_scripts/int_process_data/Bio_15_2001.2020.asc
NCOLS 281 
NROWS 577 
XLLCORNER 81175.2677831308 
YLLCORNER -911.770678700996 
CELLSIZE 1000 
NODATA_value -3.4e+38 
[rows 138 to 160 of 577, columns 200 to 249 of 281]
0.849888682365417 0.859242558479309 0.857008635997772 0.847395479679108 0.850872039794922 0.870075762271881 0.867097556591034 0.851396381855011 0.842705845832825 0.83923465013504 0.830359816551208 0.823159098625183 0.819557666778564 0.812041342258453 0.805063724517822 0.805746495723724 0.810862064361572 0.811273634433746 0.809913516044617 0.813501238822937 0.820424199104309 0.821666657924652 0.81928962469101 0.817876517772675 0.819186449050903 0.828464865684509 0.8531773686409 0.872922360897064 -3.4e+38 -3.4e+38 -3.4e+38 -3.4e+38 -3.4e+38 -3.4e+38 -3.4e+38 -3.4e+38 -3.4e+38 -3.4e+38 -3.4e+38 -3.4e+38 -3.4e+38 -3.4e+38 -3.4e+38 -3.4e+38 -3.4e+38 -3.4e+38 -3.4e+38 -3.4e+38 -3.4e+38 -3.4e+38
0.855529129505157 0.857591211795807 0.849050402641296 0.847422122955322 0.856164574623108 0.870861887931824 0.863770604133606 0.850608110427856 0.845579147338867 0.841243863105774 0.833103060722351 0.826145589351654 0.821259438991547 0.813655912876129 0.804260551929474 0.801996409893036 0.805733621120453 0.806509137153625 0.808643937110901 0.813095450401306 0.817653238773346 0.821527481079102 0.820246994495392 0.817275941371918 0.817427456378937 0.827025175094604 0.839328706264496 0.855750560760498 0.874050557613373 -3.4e+38 -3.4e+38 -3.4e+38 -3.4e+38 -3.4e+38 -3.4e+38 -3.4e+38 -3.4e+38 -3.4e+38 -3.4e+38 -3.4e+38 -3.4e+38 -3.4e+38 -3.4e+38 -3.4e+38 -3.4e+38 -3.4e+38 -3.4e+38 -3.4e+38 -3.4e+38 -3.4e+38
0.858954846858978 0.85416841506958 0.847819864749908 0.854516625404358 0.866861879825592 0.869325399398804 0.854542016983032 0.844716012477875 0.841624438762665 0.837739586830139 0.83007138967514 0.822783231735229 0.815550446510315 0.806375801563263 0.796124935150146 0.785697102546692 0.792259037494659 0.793463170528412 0.800918161869049 0.808066606521606 0.810545325279236 0.817300498485565 0.821077167987823 0.818786382675171 0.814750552177429 0.818721294403076 0.823621571063995 0.829474806785583 0.839870929718018 0.854929387569427 0.864752173423767 -3.4e+38 -3.4e+38 -3.4e+38 -3.4e+38 -3.4e+38 -3.4e+38 -3.4e+38 -3.4e+38 -3.4e+38 -3.4e+38 -3.4e+38 -3.4e+38 -3.4e+38 -3.4e+38 -3.4e+38 -3.4e+38 -3.4e+38 -3.4e+38 -3.4e+38
0.853464841842651 0.849798440933228 0.849575102329254 0.858846247196198 0.869276225566864 0.860605597496033 0.847266018390656 0.837065398693085 0.832625269889832 0.83024525642395 0.822593152523041 0.813095271587372 0.798610091209412 0.784456789493561 0.776988625526428 0.7765873670578 0.789085805416107 0.78831559419632 0.793686509132385 0.799204707145691 0.800426185131073 0.811228513717651 0.817117989063263 0.820981383323669 0.818621218204498 0.814202606678009 0.81149959564209 0.81458842754364 0.820871531963348 0.83490115404129 0.863545656204224 -3.4e+38 -3.4e+38 -3.4e+38 -3.4e+38 -3.4e+38 -3.4e+38 -3.4e+38 -3.4e+38 -3.4e+38 -3.4e+38 -3.4e+38 -3.4e+38 -3.4e+38 -3.4e+38 -3.4e+38 -3.4e+38 -3.4e+38 -3.4e+38 -3.4e+38
0.847220003604889 0.845599412918091 0.84796416759491 0.850234270095825 0.86133998632431 0.857319116592407 0.844144105911255 0.831143379211426 0.827096521854401 0.8212531208992 0.811541199684143 0.79686576128006 0.788523614406586 0.788554906845093 0.774244248867035 0.775731682777405 0.797708809375763 0.800629258155823 0.799361169338226 0.798689603805542 0.80134916305542 0.810449302196503 0.816896736621857 0.821854948997498 0.821065247058868 0.815530776977539 0.812771499156952 0.817815124988556 0.823722779750824 0.835513114929199 0.865322232246399 -3.4e+38 -3.4e+38 -3.4e+38 -3.4e+38 -3.4e+38 -3.4e+38 -3.4e+38 -3.4e+38 -3.4e+38 -3.4e+38 -3.4e+38 -3.4e+38 -3.4e+38 -3.4e+38 -3.4e+38 -3.4e+38 -3.4e+38 -3.4e+38 -3.4e+38
0.843642294406891 0.84273225069046 0.844092905521393 0.838064074516296 0.844017744064331 0.85801362991333 0.843709170818329 0.83230197429657 0.823463916778564 0.808930397033691 0.798754394054413 0.799085795879364 0.812195003032684 0.81728720664978 0.803814053535461 0.804039061069489 0.810228586196899 0.809000432491302 0.808305084705353 0.805272936820984 0.805835366249084 0.811652839183807 0.815619289875031 0.819809556007385 0.821377813816071 0.816918969154358 0.811245858669281 0.816795289516449 0.824418067932129 0.836056768894196 0.86209499835968 -3.4e+38 -3.4e+38 -3.4e+38 -3.4e+38 -3.4e+38 -3.4e+38 -3.4e+38 -3.4e+38 -3.4e+38 -3.4e+38 -3.4e+38 -3.4e+38 -3.4e+38 -3.4e+38 -3.4e+38 -3.4e+38 -3.4e+38 -3.4e+38 -3.4e+38
0.837320327758789 0.839496970176697 0.836350679397583 0.829764664173126 0.84120500087738 0.861922800540924 0.85123610496521 0.843047559261322 0.829549014568329 0.827926635742188 0.827925205230713 0.835501551628113 0.841365575790405 0.837089836597443 0.828462600708008 0.825643062591553 0.819062829017639 0.813611328601837 0.813181698322296 0.810644209384918 0.810040295124054 0.811103224754333 0.813474655151367 0.81575608253479 0.818923354148865 0.818274319171906 0.809840738773346 0.817296266555786 0.830743312835693 0.839067816734314 0.852957725524902 0.864975035190582 -3.4e+38 -3.4e+38 -3.4e+38 -3.4e+38 -3.4e+38 -3.4e+38 -3.4e+38 -3.4e+38 -3.4e+38 -3.4e+38 -3.4e+38 -3.4e+38 -3.4e+38 -3.4e+38 -3.4e+38 -3.4e+38 -3.4e+38 -3.4e+38
0.832873165607452 0.836878895759583 0.831197798252106 0.827840387821198 0.841345369815826 0.861146926879883 0.868696391582489 0.855718374252319 0.847435057163239 0.848660826683044 0.849332273006439 0.856297671794891 0.852531015872955 0.848949432373047 0.842203080654144 0.832009494304657 0.822054982185364 0.818741977214813 0.816361129283905 0.814345300197601 0.811489224433899 0.810122728347778 0.813327193260193 0.815306484699249 0.817263007164001 0.819429457187653 0.813991963863373 0.816698133945465 0.822349369525909 0.829641759395599 -3.4e+38 -3.4e+38 -3.4e+38 -3.4e+38 -3.4e+38 -3.4e+38 -3.4e+38 -3.4e+38 -3.4e+38 -3.4e+38 -3.4e+38 -3.4e+38 -3.4e+38 -3.4e+38 -3.4e+38 -3.4e+38 -3.4e+38 -3.4e+38 -3.4e+38 -3.4e+38
0.831304609775543 0.837411999702454 0.835328280925751 0.836147129535675 0.847614824771881 0.859595894813538 0.871235132217407 0.8703852891922 0.866914808750153 0.866709411144257 0.868123471736908 0.869664371013641 0.859908580780029 0.852835953235626 0.843299627304077 0.831784069538116 0.826340913772583 0.823751211166382 0.819138467311859 0.815234124660492 0.811735987663269 0.81077653169632 0.813394367694855 0.814738929271698 0.815154612064362 0.818307459354401 0.817580759525299 0.813747584819794 0.814534306526184 0.822904229164124 -3.4e+38 -3.4e+38 -3.4e+38 -3.4e+38 -3.4e+38 -3.4e+38 -3.4e+38 -3.4e+38 -3.4e+38 -3.4e+38 -3.4e+38 -3.4e+38 -3.4e+38 -3.4e+38 -3.4e+38 -3.4e+38 -3.4e+38 -3.4e+38 -3.4e+38 -3.4e+38
0.832180500030518 0.835466980934143 0.835775792598724 0.837500154972076 0.845982491970062 0.852888584136963 0.862829744815826 0.859916031360626 0.862959444522858 0.874677181243896 0.870328068733215 0.871332228183746 0.86635822057724 0.851595640182495 0.837986052036285 0.823890864849091 0.818594932556152 0.818800568580627 0.81990909576416 0.816291391849518 0.811963975429535 0.810147225856781 0.810513734817505 0.812974274158478 0.812216103076935 0.813755989074707 0.817846357822418 0.812524557113647 0.811363399028778 0.819614708423615 -3.4e+38 -3.4e+38 -3.4e+38 -3.4e+38 -3.4e+38 -3.4e+38 -3.4e+38 -3.4e+38 -3.4e+38 -3.4e+38 -3.4e+38 -3.4e+38 -3.4e+38 -3.4e+38 -3.4e+38 -3.4e+38 -3.4e+38 -3.4e+38 -3.4e+38 -3.4e+38
0.831202983856201 0.830200791358948 0.83259254693985 0.834002494812012 0.836936473846436 0.844155490398407 0.853704988956451 0.848179936408997 0.847336947917938 0.860598862171173 0.850274860858917 0.852826654911041 0.858410835266113 0.847228825092316 0.831417739391327 0.817344307899475 0.812093615531921 0.811546623706818 0.816683232784271 0.815910339355469 0.811027884483337 0.807105779647827 0.806167423725128 0.810027718544006 0.809263110160828 0.811691999435425 0.816626369953156 0.809302270412445 0.806656956672668 0.815812408924103 -3.4e+38 -3.4e+38 -3.4e+38 -3.4e+38 -3.4e+38 -3.4e+38 -3.4e+38 -3.4e+38 -3.4e+38 -3.4e+38 -3.4e+38 -3.4e+38 -3.4e+38 -3.4e+38 -3.4e+38 -3.4e+38 -3.4e+38 -3.4e+38 -3.4e+38 -3.4e+38
0.830685973167419 0.827294170856476 0.829519748687744 0.831287086009979 0.831642925739288 0.839624762535095 0.846138000488281 0.842621505260468 0.846630930900574 0.844882607460022 0.837246537208557 0.834188640117645 0.840931117534637 0.850145399570465 0.832849740982056 0.814262568950653 0.815283417701721 0.815974533557892 0.814789891242981 0.81373006105423 0.810501158237457 0.805093705654144 0.805050611495972 0.808697402477264 0.807159423828125 0.812783420085907 0.81537914276123 0.806511044502258 0.805387914180756 0.815961897373199 0.818920969963074 -3.4e+38 -3.4e+38 -3.4e+38 -3.4e+38 -3.4e+38 -3.4e+38 -3.4e+38 -3.4e+38 -3.4e+38 -3.4e+38 -3.4e+38 -3.4e+38 -3.4e+38 -3.4e+38 -3.4e+38 -3.4e+38 -3.4e+38 -3.4e+38 -3.4e+38
0.826181888580322 0.824205160140991 0.827191293239594 0.82923424243927 0.827895402908325 0.834206521511078 0.839765012264252 0.834818482398987 0.845222473144531 0.8431396484375 0.83534038066864 0.82930201292038 0.836232244968414 0.853850305080414 0.843437433242798 0.828334391117096 0.830805063247681 0.823303163051605 0.813621401786804 0.808927536010742 0.807347178459167 0.804903090000153 0.807004451751709 0.808151066303253 0.80630886554718 0.813833475112915 0.815306067466736 0.807435572147369 0.807743191719055 0.816605389118195 -3.4e+38 -3.4e+38 -3.4e+38 -3.4e+38 -3.4e+38 -3.4e+38 -3.4e+38 -3.4e+38 -3.4e+38 -3.4e+38 -3.4e+38 -3.4e+38 -3.4e+38 -3.4e+38 -3.4e+38 -3.4e+38 -3.4e+38 -3.4e+38 -3.4e+38 -3.4e+38
0.821072041988373 0.822186827659607 0.824898362159729 0.826515316963196 0.825063943862915 0.829049050807953 0.83564966917038 0.831732571125031 0.834903240203857 0.839768588542938 0.836860001087189 0.826320767402649 0.83421117067337 0.846461057662964 0.84442675113678 0.842339396476746 0.834946155548096 0.820833802223206 0.812263429164886 0.806188762187958 0.804768621921539 0.804266333580017 0.807092070579529 0.807122409343719 0.807695925235748 0.813021600246429 0.813594579696655 0.808463394641876 0.809277355670929 0.814184546470642 -3.4e+38 -3.4e+38 -3.4e+38 -3.4e+38 -3.4e+38 -3.4e+38 -3.4e+38 -3.4e+38 -3.4e+38 -3.4e+38 -3.4e+38 -3.4e+38 -3.4e+38 -3.4e+38 -3.4e+38 -3.4e+38 -3.4e+38 -3.4e+38 -3.4e+38 -3.4e+38
0.820172548294067 0.8217533826828 0.82191401720047 0.823169410228729 0.8245809674263 0.825608909130096 0.830936372280121 0.830052196979523 0.824333369731903 0.830216825008392 0.833601057529449 0.820601344108582 0.82156366109848 0.835334479808807 0.841807126998901 0.840918242931366 0.84058004617691 0.828032374382019 0.813792586326599 0.810876131057739 0.80880081653595 0.805565357208252 0.805955708026886 0.805628955364227 0.809260725975037 0.810848414897919 0.811979413032532 0.808097183704376 0.809853971004486 -3.4e+38 -3.4e+38 -3.4e+38 -3.4e+38 -3.4e+38 -3.4e+38 -3.4e+38 -3.4e+38 -3.4e+38 -3.4e+38 -3.4e+38 -3.4e+38 -3.4e+38 -3.4e+38 -3.4e+38 -3.4e+38 -3.4e+38 -3.4e+38 -3.4e+38 -3.4e+38 -3.4e+38
0.820482552051544 0.820047795772552 0.817939281463623 0.820071816444397 0.824447810649872 0.822059869766235 0.824901461601257 0.831962108612061 0.826419055461884 0.828914999961853 0.835136294364929 0.823717296123505 0.816497504711151 0.828019380569458 0.836751520633698 0.831530213356018 0.843404650688171 0.841447710990906 0.824642837047577 0.825028717517853 0.816923379898071 0.807781338691711 0.804410517215729 0.805809319019318 0.809594810009003 0.809717059135437 0.811138808727264 0.80595588684082 0.808207869529724 -3.4e+38 -3.4e+38 -3.4e+38 -3.4e+38 -3.4e+38 -3.4e+38 -3.4e+38 -3.4e+38 -3.4e+38 -3.4e+38 -3.4e+38 -3.4e+38 -3.4e+38 -3.4e+38 -3.4e+38 -3.4e+38 -3.4e+38 -3.4e+38 -3.4e+38 -3.4e+38 -3.4e+38
0.819044470787048 0.817369222640991 0.814781486988068 0.817738234996796 0.823786973953247 0.821215152740479 0.820428431034088 0.830499768257141 0.828318476676941 0.827925264835358 0.836012721061707 0.832519590854645 0.8202885389328 0.818008840084076 0.826151490211487 0.825340151786804 0.835070967674255 0.849695146083832 0.843095421791077 0.837912499904633 0.821992337703705 0.807978868484497 0.805216431617737 0.80834287405014 0.809562802314758 0.810908496379852 0.809682309627533 0.804211497306824 0.808733820915222 -3.4e+38 -3.4e+38 -3.4e+38 -3.4e+38 -3.4e+38 -3.4e+38 -3.4e+38 -3.4e+38 -3.4e+38 -3.4e+38 -3.4e+38 -3.4e+38 -3.4e+38 -3.4e+38 -3.4e+38 -3.4e+38 -3.4e+38 -3.4e+38 -3.4e+38 -3.4e+38 -3.4e+38
0.818343162536621 0.816851019859314 0.813803493976593 0.817643225193024 0.824342966079712 0.823166966438293 0.820617854595184 0.82800829410553 0.829624772071838 0.825399041175842 0.831638336181641 0.835775554180145 0.828853368759155 0.815324008464813 0.817789077758789 0.823530972003937 0.826432108879089 0.838987529277802 0.851721823215485 0.843263506889343 0.824455499649048 0.81030148267746 0.807864367961884 0.809792816638947 0.809429228305817 0.810375392436981 0.809183239936829 0.808894574642181 0.810743927955627 -3.4e+38 -3.4e+38 -3.4e+38 -3.4e+38 -3.4e+38 -3.4e+38 -3.4e+38 -3.4e+38 -3.4e+38 -3.4e+38 -3.4e+38 -3.4e+38 -3.4e+38 -3.4e+38 -3.4e+38 -3.4e+38 -3.4e+38 -3.4e+38 -3.4e+38 -3.4e+38 -3.4e+38
0.819226861000061 0.817023277282715 0.815972745418549 0.822174847126007 0.826505243778229 0.823226809501648 0.821761012077332 0.827275812625885 0.831929862499237 0.825253009796143 0.827715396881104 0.83110636472702 0.835604071617126 0.826366662979126 0.816636562347412 0.821565866470337 0.826801240444183 0.828923165798187 0.849504470825195 0.848547875881195 0.825454533100128 0.811558723449707 0.809466421604156 0.809654176235199 0.808330118656158 0.810274243354797 0.809354662895203 0.811329007148743 0.811479389667511 0.815539240837097 -3.4e+38 -3.4e+38 -3.4e+38 -3.4e+38 -3.4e+38 -3.4e+38 -3.4e+38 -3.4e+38 -3.4e+38 -3.4e+38 -3.4e+38 -3.4e+38 -3.4e+38 -3.4e+38 -3.4e+38 -3.4e+38 -3.4e+38 -3.4e+38 -3.4e+38 -3.4e+38
0.819953978061676 0.818659961223602 0.821732997894287 0.827088832855225 0.827797174453735 0.823057115077972 0.823429048061371 0.831719577312469 0.830881893634796 0.822196364402771 0.824500203132629 0.825826585292816 0.834265947341919 0.83641654253006 0.821163654327393 0.818917989730835 0.827959954738617 0.829381048679352 0.842365145683289 0.850945830345154 0.835482120513916 0.82017719745636 0.810595154762268 0.810311317443848 0.809729158878326 0.810511291027069 0.811568140983582 0.812543392181396 0.811489820480347 0.816312909126282 -3.4e+38 -3.4e+38 -3.4e+38 -3.4e+38 -3.4e+38 -3.4e+38 -3.4e+38 -3.4e+38 -3.4e+38 -3.4e+38 -3.4e+38 -3.4e+38 -3.4e+38 -3.4e+38 -3.4e+38 -3.4e+38 -3.4e+38 -3.4e+38 -3.4e+38 -3.4e+38
0.821371495723724 0.822529315948486 0.825168430805206 0.826705694198608 0.827002584934235 0.823323905467987 0.828821003437042 0.83328104019165 0.825247883796692 0.820843756198883 0.824164748191833 0.821363031864166 0.826558768749237 0.837744832038879 0.82783830165863 0.819344937801361 0.825993001461029 0.828452467918396 0.831174194812775 0.849504888057709 0.847566306591034 0.829869747161865 0.814571738243103 0.81106972694397 0.812545776367188 0.811211824417114 0.813390254974365 0.81404173374176 0.812230944633484 0.816051125526428 0.819859683513641 -3.4e+38 -3.4e+38 -3.4e+38 -3.4e+38 -3.4e+38 -3.4e+38 -3.4e+38 -3.4e+38 -3.4e+38 -3.4e+38 -3.4e+38 -3.4e+38 -3.4e+38 -3.4e+38 -3.4e+38 -3.4e+38 -3.4e+38 -3.4e+38 -3.4e+38
0.824423253536224 0.824003338813782 0.824241399765015 0.825212121009827 0.824971139431 0.825477957725525 0.834834098815918 0.83297598361969 0.824995934963226 0.824156701564789 0.823282122612 0.817135810852051 0.819890201091766 0.835229754447937 0.838975846767426 0.825164556503296 0.825035274028778 0.827620089054108 0.82682466506958 0.843123853206635 0.850774228572845 0.835574686527252 0.818840742111206 0.811603605747223 0.81353372335434 0.811992049217224 0.814837276935577 0.816339790821075 0.813631534576416 0.815388560295105 0.820546746253967 -3.4e+38 -3.4e+38 -3.4e+38 -3.4e+38 -3.4e+38 -3.4e+38 -3.4e+38 -3.4e+38 -3.4e+38 -3.4e+38 -3.4e+38 -3.4e+38 -3.4e+38 -3.4e+38 -3.4e+38 -3.4e+38 -3.4e+38 -3.4e+38 -3.4e+38
0.826324105262756 0.822414398193359 0.822689056396484 0.823685467243195 0.822336196899414 0.82930850982666 0.836543440818787 0.83656907081604 0.830658614635468 0.82623016834259 0.82431036233902 0.81834864616394 0.819458305835724 0.832525491714478 0.842764616012573 0.827110052108765 0.824530720710754 0.828056871891022 0.827529489994049 0.834632933139801 0.85197639465332 0.844688534736633 0.825523197650909 0.815666913986206 0.8146071434021 0.813135027885437 0.815691113471985 0.817940354347229 0.814245283603668 0.815263271331787 0.820684850215912 -3.4e+38 -3.4e+38 -3.4e+38 -3.4e+38 -3.4e+38 -3.4e+38 -3.4e+38 -3.4e+38 -3.4e+38 -3.4e+38 -3.4e+38 -3.4e+38 -3.4e+38 -3.4e+38 -3.4e+38 -3.4e+38 -3.4e+38 -3.4e+38 -3.4e+38
