R_scripts/int_process_data/Bio_15_2001.2020.asc
NCOLS 281 
NROWS 577 
XLLCORNER 81175.2677831308 
YLLCORNER -911.770678700996 
CELLSIZE 1000 
NODATA_value -3.4e+38 
[rows 529 to 551 of 577, columns 50 to 99 of 281]
-3.4e+38 -3.4e+38 -3.4e+38 -3.4e+38 -3.4e+38 -3.4e+38 -3.4e+38 0.996450066566467 0.991923689842224 0.989218473434448 0.987828075885773 0.986670315265656 0.98495751619339 0.982427537441254 0.981180548667908 0.981083452701569 0.978804409503937 0.97574245929718 0.970980167388916 0.973688066005707 0.97121649980545 0.974036633968353 0.982612073421478 0.985166728496552 0.98105251789093 0.976498782634735 0.967092275619507 0.960029065608978 0.961845815181732 0.958244264125824 0.962254643440247 0.959315419197083 0.95086282491684 0.94899308681488 0.948999583721161 0.953386723995209 0.961183547973633 0.967076778411865 0.973074376583099 0.980909764766693 0.985651314258575 0.989522576332092 0.991904675960541 0.993888735771179 0.99648243188858 1.00146865844727 1.00053894519806 1.00294995307922 1.00578212738037 1.00497364997864
-3.4e+38 -3.4e+38 -3.4e+38 -3.4e+38 -3.4e+38 -3.4e+38 1.0001049041748 0.995294570922852 0.991759061813354 0.989727318286896 0.989393830299377 0.989362716674805 0.987240850925446 0.983448028564453 0.980101704597473 0.978849530220032 0.975529849529266 0.973308920860291 0.971035540103912 0.967517614364624 0.967909157276154 0.97508430480957 0.980989515781403 0.982235014438629 0.982396900653839 0.975670516490936 0.968683123588562 0.960263788700104 0.955749809741974 0.950848937034607 0.955912232398987 0.959257185459137 0.95868444442749 0.955797135829926 0.951713562011719 0.957928836345673 0.968179702758789 0.975782454013824 0.978117525577545 0.980917930603027 0.979885458946228 0.980678677558899 0.987583339214325 0.995919644832611 0.996935963630676 1.00029528141022 1.00586116313934 1.00820422172546 1.00641119480133 1.00404989719391
-3.4e+38 -3.4e+38 -3.4e+38 -3.4e+38 -3.4e+38 -3.4e+38 0.998992145061493 0.994766175746918 0.992066025733948 0.989877641201019 0.990210831165314 0.991421937942505 0.987866163253784 0.983601570129395 0.979891002178192 0.976362466812134 0.971600830554962 0.968349397182465 0.968409895896912 0.966982543468475 0.971176326274872 0.977023839950562 0.978865742683411 0.978728890419006 0.981420874595642 0.980520904064178 0.978142499923706 0.971413254737854 0.962686002254486 0.956625640392303 0.949575304985046 0.951634407043457 0.954028964042664 0.952609896659851 0.956862986087799 0.968016743659973 0.970627963542938 0.97476327419281 0.979026556015015 0.982874631881714 0.98740828037262 0.985242068767548 0.980206429958344 0.990099668502808 0.999915838241577 1.00044000148773 1.00382816791534 1.01062107086182 1.00947904586792 1.00797975063324
-3.4e+38 -3.4e+38 -3.4e+38 -3.4e+38 -3.4e+38 -3.4e+38 1.00049769878387 0.995799243450165 0.992184042930603 0.990084409713745 0.991253256797791 0.993216514587402 0.989580094814301 0.985846340656281 0.982103943824768 0.976964831352234 0.970490038394928 0.966773986816406 0.964990139007568 0.967089831829071 0.974565267562866 0.974660813808441 0.973685681819916 0.974012732505798 0.974568426609039 0.974435269832611 0.973551869392395 0.972655594348907 0.968586802482605 0.963721215724945 0.95450884103775 0.94598001241684 0.948125720024109 0.959400832653046 0.9675332903862 0.974142491817474 0.976823687553406 0.974049806594849 0.97346031665802 0.976036131381989 0.98393303155899 0.993001699447632 0.988545477390289 0.987529456615448 0.997481405735016 1.00404131412506 1.00401818752289 1.0097553730011 1.01398384571075 1.01374423503876
-3.4e+38 -3.4e+38 -3.4e+38 -3.4e+38 -3.4e+38 1.00341165065765 1.00236296653748 0.997831702232361 0.992997705936432 0.990901291370392 0.99247795343399 0.99481874704361 0.991731941699982 0.988855600357056 0.984559655189514 0.978412866592407 0.974100887775421 0.97119402885437 0.965484797954559 0.965295612812042 0.970528960227966 0.970690846443176 0.968825876712799 0.967367470264435 0.969526052474976 0.963736832141876 0.961775183677673 0.960361480712891 0.95587956905365 0.956698000431061 0.953934907913208 0.949245691299438 0.951217293739319 0.963790714740753 0.973376572132111 0.977699637413025 0.980519533157349 0.982507884502411 0.980127811431885 0.970815658569336 0.977195739746094 0.995083570480347 0.998437404632568 0.995934128761292 0.997188568115234 1.00542497634888 1.01166450977325 1.01307415962219 1.01291561126709 1.01362502574921
-3.4e+38 -3.4e+38 -3.4e+38 -3.4e+38 1.0060647726059 1.0019451379776 1.00290656089783 1.00217235088348 0.995866239070892 0.993561863899231 0.995522797107697 0.994877457618713 0.992361605167389 0.990000665187836 0.986105024814606 0.982584297657013 0.982034504413605 0.978311419487 0.970029890537262 0.96349835395813 0.963895618915558 0.96667069196701 0.96522331237793 0.961968541145325 0.964601159095764 0.962419152259827 0.953758597373962 0.940407156944275 0.932366728782654 0.936597049236298 0.942382991313934 0.949366390705109 0.960709452629089 0.96833860874176 0.968367874622345 0.96423327922821 0.969863891601562 0.979402303695679 0.986297070980072 0.97557008266449 0.97855418920517 0.993575274944305 1.00486946105957 1.00549638271332 1.00413930416107 1.00669622421265 1.0121443271637 1.0138247013092 1.01036036014557 1.01139628887177
-3.4e+38 -3.4e+38 -3.4e+38 -3.4e+38 1.00367844104767 1.00196671485901 1.0016462802887 1.00345015525818 1.00028812885284 0.999028384685516 0.999612212181091 0.994801998138428 0.992238163948059 0.991183280944824 0.987507939338684 0.984526693820953 0.9832883477211 0.982366561889648 0.972951233386993 0.965891003608704 0.964591860771179 0.966447293758392 0.962274670600891 0.957942008972168 0.95681619644165 0.956456065177917 0.943136096000671 0.918900072574615 0.908198118209839 0.91822224855423 0.928361654281616 0.941770374774933 0.95798534154892 0.96071058511734 0.948834121227264 0.938108026981354 0.951288759708405 0.972433269023895 0.989601492881775 0.979676485061646 0.981138229370117 0.99655544757843 1.00876808166504 1.00669384002686 1.00277936458588 1.0013701915741 0.999398410320282 1.00547659397125 1.01040685176849 1.00774753093719
-3.4e+38 -3.4e+38 1.01171457767487 1.00705790519714 1.00149166584015 1.00154531002045 1.00095343589783 1.00061130523682 1.00118589401245 1.00272464752197 1.00188708305359 0.997896909713745 0.996422648429871 0.992616415023804 0.985103607177734 0.978661775588989 0.97828072309494 0.982646286487579 0.976999819278717 0.971201479434967 0.968478679656982 0.96673983335495 0.961883723735809 0.961110711097717 0.955913543701172 0.947402000427246 0.929344058036804 0.908262491226196 0.90280669927597 0.910413205623627 0.925311267375946 0.946853518486023 0.954338490962982 0.941217064857483 0.924590468406677 0.928312480449677 0.945347547531128 0.9718137383461 0.994943916797638 0.987906515598297 0.988063395023346 1.00454556941986 1.00827515125275 1.00485098361969 1.00118863582611 0.999712765216827 0.992704629898071 0.992511391639709 1.00553476810455 1.00765454769135
-3.4e+38 -3.4e+38 1.01304090023041 1.00792956352234 1.00217807292938 1.00052618980408 0.999181628227234 0.998004078865051 0.997379422187805 1.00142323970795 1.00186932086945 0.998936891555786 0.996696770191193 0.990681409835815 0.984104037284851 0.97952938079834 0.977136135101318 0.979549825191498 0.977152585983276 0.970212459564209 0.966003894805908 0.963755428791046 0.953251898288727 0.952798366546631 0.948182225227356 0.935395479202271 0.921359062194824 0.913381516933441 0.916126370429993 0.926238477230072 0.942910194396973 0.950656771659851 0.939685881137848 0.924468159675598 0.926537334918976 0.940529942512512 0.957526445388794 0.985408902168274 0.9991574883461 1.00040423870087 1.0021892786026 1.00517666339874 1.00523459911346 1.00282156467438 0.998064935207367 0.994241297245026 0.995342791080475 0.991262197494507 0.997564017772675 1.00699591636658
-3.4e+38 -3.4e+38 1.01431715488434 1.01034796237946 1.00418889522552 0.999846816062927 0.998046100139618 0.997147679328918 0.996472656726837 1.00089657306671 1.00092172622681 0.997222423553467 0.994699954986572 0.98717075586319 0.979585468769073 0.978384971618652 0.977728247642517 0.973648130893707 0.97237628698349 0.970852792263031 0.968693673610687 0.969019949436188 0.959042966365814 0.954012334346771 0.949803411960602 0.937952876091003 0.934635996818542 0.938301205635071 0.945220828056335 0.954400599002838 0.961326777935028 0.953831136226654 0.938074946403503 0.934849083423615 0.954372763633728 0.968178749084473 0.980904638767242 0.998915612697601 1.00217723846436 1.00900506973267 1.01108741760254 0.998313784599304 0.994730710983276 0.992536604404449 0.989346086978912 0.990135669708252 0.996449649333954 1.00015830993652 1.00194156169891 1.00887560844421
-3.4e+38 -3.4e+38 1.01550912857056 1.01281678676605 1.00660133361816 1.00179088115692 0.999452531337738 0.997079491615295 0.99736076593399 1.00157928466797 1.000408411026 0.995310962200165 0.993260145187378 0.985842823982239 0.978002548217773 0.974754512310028 0.975383639335632 0.972322046756744 0.974813580513 0.977241098880768 0.974988877773285 0.976769030094147 0.973529577255249 0.967982530593872 0.963107466697693 0.956373572349548 0.958800733089447 0.964213192462921 0.967185139656067 0.969810128211975 0.971207141876221 0.968277037143707 0.963560342788696 0.96706086397171 0.981214702129364 0.988669633865356 0.995239317417145 1.00893950462341 1.01111316680908 1.01155972480774 1.00708651542664 0.99763011932373 0.99188643693924 0.990466833114624 0.988794505596161 0.995278596878052 1.00482881069183 1.0082346200943 1.01085638999939 1.0154002904892
-3.4e+38 -3.4e+38 -3.4e+38 -3.4e+38 1.00860285758972 1.00521266460419 1.00266444683075 0.998276889324188 0.998600244522095 1.00243735313416 1.00025403499603 0.994193255901337 0.992738246917725 0.987657487392426 0.982032716274261 0.979496955871582 0.979090988636017 0.977202177047729 0.979555726051331 0.982643067836761 0.982539594173431 0.983609616756439 0.981220364570618 0.976641476154327 0.974546849727631 0.973933100700378 0.975185096263885 0.977517902851105 0.979448854923248 0.980650186538696 0.982939839363098 0.986250698566437 0.987522721290588 0.990498244762421 0.99451208114624 0.998817026615143 1.0017306804657 1.01212275028229 1.01591312885284 1.01060271263123 1.00192451477051 0.997444212436676 0.99780809879303 0.993077337741852 0.993183970451355 1.00413262844086 1.01326680183411 1.01387131214142 1.01595628261566 1.02152466773987
-3.4e+38 -3.4e+38 -3.4e+38 1.01643717288971 1.01210081577301 1.00705277919769 1.00322878360748 0.998360216617584 0.999206185340881 1.00204229354858 0.998216152191162 0.993694841861725 0.990795314311981 0.989098250865936 0.985319375991821 0.985427498817444 0.986165165901184 0.98513799905777 0.987957775592804 0.988721489906311 0.986795127391815 0.988611578941345 0.987431943416595 0.983945488929749 0.982377111911774 0.983706653118134 0.984328091144562 0.984357476234436 0.987326800823212 0.991661727428436 0.993410527706146 0.997307360172272 1.00058281421661 1.00072801113129 1.00222301483154 1.00521969795227 1.00764775276184 1.01579940319061 1.01587986946106 1.01093316078186 1.00363540649414 1.00011801719666 1.00063967704773 0.998825252056122 0.996537327766418 1.00572347640991 1.02017915248871 1.02111601829529 1.0243022441864 1.02232813835144
-3.4e+38 -3.4e+38 -3.4e+38 -3.4e+38 1.01290154457092 1.00561845302582 1.00069272518158 0.997830986976624 1.00061297416687 1.00159621238708 0.996983766555786 0.992174327373505 0.98922061920166 0.987380564212799 0.984920799732208 0.987468838691711 0.991174697875977 0.991262853145599 0.993089973926544 0.989633858203888 0.988378703594208 0.992235779762268 0.992604732513428 0.992009282112122 0.990686058998108 0.991939961910248 0.992977797985077 0.992211639881134 0.992469012737274 0.997658729553223 1.0010541677475 1.00390934944153 1.0063579082489 1.00626015663147 1.00803816318512 1.01128602027893 1.01298475265503 1.01576459407806 1.00997340679169 1.00446915626526 1.00135087966919 1.00507581233978 1.00475418567657 1.00456309318542 1.00155675411224 1.00952422618866 1.02172648906708 1.02265024185181 1.02259039878845 1.01906824111938
-3.4e+38 -3.4e+38 -3.4e+38 -3.4e+38 1.01279640197754 1.00565850734711 1.0006468296051 1.00195455551147 1.00342726707458 1.00074481964111 0.997046768665314 0.994201719760895 0.990809798240662 0.986910581588745 0.986689925193787 0.989691495895386 0.994742035865784 0.995179831981659 0.995141983032227 0.991584539413452 0.993380665779114 0.994897723197937 0.995211184024811 0.997399389743805 0.996910870075226 0.998583853244781 1.00025951862335 0.998630523681641 0.996045053005219 0.998524785041809 1.00533473491669 1.00909030437469 1.00996601581573 1.00994753837585 1.01228392124176 1.0183128118515 1.01987612247467 1.01392018795013 1.00520074367523 1.0011271238327 1.00315380096436 1.01113390922546 1.01268446445465 1.01023137569427 1.00824797153473 1.01595211029053 1.02752709388733 1.02700519561768 1.02750146389008 1.02690410614014
-3.4e+38 -3.4e+38 -3.4e+38 1.01774919033051 1.01101434230804 1.00604951381683 1.00381720066071 1.00625729560852 1.00443422794342 1.00043487548828 0.997795939445496 0.995718777179718 0.992077946662903 0.988907337188721 0.991297125816345 0.995332717895508 0.998443365097046 0.999002814292908 0.998770117759705 0.996558248996735 0.997719705104828 0.997757136821747 0.997614979743958 1.00060248374939 1.00129723548889 1.00353443622589 1.00584781169891 1.00474107265472 1.00309491157532 1.0031613111496 1.00856518745422 1.01320517063141 1.01449477672577 1.01341164112091 1.01758277416229 1.02359521389008 1.02099454402924 1.0090799331665 1.00550544261932 1.00682544708252 1.01042950153351 1.01715874671936 1.01847684383392 1.01489949226379 1.01458299160004 1.02044475078583 1.03511583805084 1.03709948062897 1.03441369533539 1.03598177433014
-3.4e+38 -3.4e+38 -3.4e+38 1.01513242721558 1.00862574577332 1.00656604766846 1.00716781616211 1.00915133953094 1.00603449344635 1.00167500972748 0.998866081237793 0.997154355049133 0.995330691337585 0.992460429668427 0.994663596153259 0.99941211938858 1.00262272357941 1.00343143939972 1.00164997577667 1.00168585777283 1.00255692005157 1.00103843212128 1.0022931098938 1.00501978397369 1.00672996044159 1.0082151889801 1.01113820075989 1.01106798648834 1.01151263713837 1.01307034492493 1.0147191286087 1.01808452606201 1.01940178871155 1.01770257949829 1.02160179615021 1.02664935588837 1.02020680904388 1.01193356513977 1.01319205760956 1.01573812961578 1.01747715473175 1.02238881587982 1.0245236158371 1.02244138717651 1.0213360786438 1.02606534957886 1.03781414031982 1.04209911823273 1.03796577453613 1.04090917110443
-3.4e+38 -3.4e+38 1.0218608379364 1.01499128341675 1.01264369487762 1.01250469684601 1.01099634170532 1.01047480106354 1.00752520561218 1.00354421138763 1.00036728382111 0.998359978199005 0.996431887149811 0.995318710803986 0.998623609542847 1.00195920467377 1.00439965724945 1.00660312175751 1.00607407093048 1.00676894187927 1.00526404380798 1.00326108932495 1.00684356689453 1.01001369953156 1.01120257377625 1.0118488073349 1.01501786708832 1.01618182659149 1.01721608638763 1.01892077922821 1.01970553398132 1.02180373668671 1.023512840271 1.02127254009247 1.02141439914703 1.02726340293884 1.02604424953461 1.02203774452209 1.02244997024536 1.02148342132568 1.02131938934326 1.02897655963898 1.03169095516205 1.02930092811584 1.02794325351715 1.03007113933563 1.04011940956116 1.04768335819244 1.0432333946228 1.03813767433167
-3.4e+38 -3.4e+38 1.02346611022949 1.01896619796753 1.01999986171722 1.01765477657318 1.01371312141418 1.01167678833008 1.00947380065918 1.00556027889252 1.00172221660614 0.998419463634491 1.00010132789612 1.00250911712646 1.00422477722168 1.00439345836639 1.00553047657013 1.00897085666656 1.01133418083191 1.01049530506134 1.00672078132629 1.00767660140991 1.01051223278046 1.013840675354 1.01487684249878 1.01640605926514 1.01985168457031 1.02071106433868 1.02225720882416 1.02381408214569 1.02461099624634 1.02503371238708 1.02790236473083 1.02692127227783 1.02593576908112 1.03197181224823 1.03360295295715 1.03096187114716 1.03017437458038 1.02928507328033 1.02958464622498 1.0338648557663 1.03511738777161 1.03293251991272 1.03614616394043 1.04148983955383 1.04883027076721 1.0505667924881 1.04135227203369 1.03927028179169
-3.4e+38 1.03178977966309 1.02734065055847 1.02563655376434 1.02423822879791 1.02083003520966 1.01799786090851 1.01634383201599 1.0126439332962 1.00790512561798 1.00400948524475 1.00297927856445 1.00761139392853 1.0091872215271 1.00945246219635 1.01010060310364 1.00980031490326 1.01238393783569 1.0143164396286 1.01087284088135 1.01071500778198 1.01384031772614 1.01590585708618 1.01735651493073 1.01758408546448 1.01982700824738 1.0231865644455 1.02405917644501 1.02556264400482 1.02819693088531 1.02841854095459 1.02724516391754 1.03088557720184 1.03230667114258 1.03233063220978 1.03772115707397 1.03935146331787 1.03715360164642 1.03592014312744 1.03527820110321 1.03720676898956 1.03822386264801 1.04209804534912 1.04299259185791 1.04678773880005 1.05169284343719 1.05301833152771 1.04772782325745 1.04493415355682 1.04916596412659
1.03629124164581 1.03470361232758 1.03093492984772 1.02840077877045 1.02656126022339 1.0236588716507 1.02179563045502 1.01955485343933 1.01418495178223 1.01041269302368 1.00795567035675 1.00852739810944 1.0124694108963 1.01378881931305 1.01385343074799 1.01480519771576 1.01486229896545 1.01486313343048 1.0162433385849 1.01583027839661 1.01465308666229 1.01607775688171 1.01981389522552 1.02204358577728 1.02153062820435 1.02298641204834 1.0265280008316 1.028639793396 1.02931535243988 1.03215408325195 1.03194892406464 1.02932918071747 1.03297805786133 1.03712224960327 1.0364021062851 1.03833603858948 1.04495739936829 1.04291677474976 1.04138386249542 1.04258596897125 1.04336178302765 1.04411470890045 1.05038201808929 1.05183446407318 1.05328762531281 1.05367732048035 1.05013310909271 1.04686403274536 1.05127787590027 1.05667328834534
1.03776443004608 1.03719532489777 1.0325425863266 1.02812874317169 1.02560889720917 1.02362728118896 1.02073812484741 1.01836371421814 1.01684439182281 1.0151150226593 1.01366150379181 1.01163804531097 1.01422786712646 1.01726233959198 1.01808440685272 1.01909255981445 1.01926648616791 1.01909518241882 1.01950979232788 1.02132022380829 1.01934790611267 1.01906931400299 1.02172040939331 1.0260888338089 1.02625906467438 1.0273334980011 1.03162252902985 1.03239512443542 1.03287720680237 1.03522908687592 1.03448247909546 1.03330743312836 1.0373330116272 1.04086601734161 1.04003918170929 1.03926813602448 1.04572117328644 1.04699313640594 1.04690730571747 1.04956781864166 1.05029821395874 1.05276012420654 1.05355989933014 1.05295515060425 1.0536482334137 1.05213284492493 1.048659324646 1.05035662651062 1.05571663379669 1.06034028530121
1.04006767272949 1.03808450698853 1.03508579730988 1.03173470497131 1.02623736858368 1.02277898788452 1.0218642950058 1.02183794975281 1.02161264419556 1.02051162719727 1.01795470714569 1.01505184173584 1.01727545261383 1.02010667324066 1.02071499824524 1.02230453491211 1.02358901500702 1.02391672134399 1.0253826379776 1.02533459663391 1.02228808403015 1.02455449104309 1.02744555473328 1.03065156936646 1.03051745891571 1.03201365470886 1.03611361980438 1.03641664981842 1.03710532188416 1.03857278823853 1.03675401210785 1.0372142791748 1.04135978221893 1.04491376876831 1.04447686672211 1.04310488700867 1.04765844345093 1.05197393894196 1.0513151884079 1.05442154407501 1.05536460876465 1.05464124679565 1.05108749866486 1.05011606216431 1.05095613002777 1.0509614944458 1.05174481868744 1.05382513999939 1.05874013900757 1.06192803382874
