R_scripts/int_process_data/Bio_16_2001.2020.asc
NCOLS 281 
NROWS 577 
XLLCORNER 81175.2677831308 
YLLCORNER -911.770678700996 
CELLSIZE 1000 
NODATA_value -3.4e+38 
[rows 252 to 272 of 577, columns 192 to 239 of 281]
4.41286012176079e-08 4.36058478214818e-08 4.32145448314714e-08 4.31556586022452e-08 4.32014921614154e-08 4.33084821338525e-08 4.34716689312609e-08 4.36270788384263e-08 4.37079314963285e-08 4.37516654017145e-08 4.36903491163321e-08 4.36075495713339e-08 4.36387459501475e-08 4.38014673420639e-08 4.39332161761286e-08 4.40671819035288e-08 4.43196768173948e-08 4.46342554027979e-08 4.49205579400314e-08 4.5152926730907e-08 4.54712960618053e-08 4.58387070523258e-08 4.60090596732243e-08 4.59291022991692e-08 4.57998403646798e-08 4.58878162135079e-08 4.60159093051971e-08 4.575959877684e-08 4.53799415822687e-08 4.52791688587695e-08 4.55857076531174e-08 4.57495694661247e-08 4.55280435573968e-08 -3.4e+38 -3.4e+38 -3.4e+38 -3.4e+38 -3.4e+38 -3.4e+38 -3.4e+38 -3.4e+38 -3.4e+38 -3.4e+38 -3.4e+38 -3.4e+38 -3.4e+38 -3.4e+38 -3.4e+38
4.38413039205443e-08 4.33333298133221e-08 4.2982250647583e-08 4.29388187228597e-08 4.29352624564672e-08 4.29774118515525e-08 4.31314681748063e-08 4.32857447663082e-08 4.32760636215335e-08 4.33502549412879e-08 4.33880416039756e-08 4.322615154706e-08 4.33066702498763e-08 4.35074873905705e-08 4.36969394002062e-08 4.39317631162339e-08 4.42658283361652e-08 4.46154437838686e-08 4.49081980491428e-08 4.51218831187816e-08 4.53693651536469e-08 4.57098678907641e-08 4.57869511194531e-08 4.56104913837407e-08 4.53368826924816e-08 4.52169928166768e-08 4.54610677991241e-08 4.56050344155301e-08 4.50369057602984e-08 4.46438868095811e-08 4.44523777787253e-08 4.44519407949429e-08 -3.4e+38 -3.4e+38 -3.4e+38 -3.4e+38 -3.4e+38 -3.4e+38 -3.4e+38 -3.4e+38 -3.4e+38 -3.4e+38 -3.4e+38 -3.4e+38 -3.4e+38 -3.4e+38 -3.4e+38 -3.4e+38
4.35007052601577e-08 4.29773443499926e-08 4.26511235218641e-08 4.27113917567112e-08 4.27154880355829e-08 4.27819912829364e-08 4.29294928494528e-08 4.29684874347913e-08 4.28734843183065e-08 4.29278799174426e-08 4.2979042547131e-08 4.2892470020206e-08 4.3115388592696e-08 4.33071782879324e-08 4.35210161242594e-08 4.38261089641401e-08 4.42606804540446e-08 4.46927792552287e-08 4.49149233361368e-08 4.50735484491815e-08 4.50816912689334e-08 4.51124897438149e-08 4.51907773424409e-08 4.51196484618777e-08 4.49666757162959e-08 4.4832628276481e-08 4.47964900729403e-08 4.50593944378852e-08 4.4515417130242e-08 4.38692460136281e-08 4.38006289016357e-08 -3.4e+38 -3.4e+38 -3.4e+38 -3.4e+38 -3.4e+38 -3.4e+38 -3.4e+38 -3.4e+38 -3.4e+38 -3.4e+38 -3.4e+38 -3.4e+38 -3.4e+38 -3.4e+38 -3.4e+38 -3.4e+38 -3.4e+38
4.32517559545431e-08 4.27258193269608e-08 4.23361043999648e-08 4.24715871361059e-08 4.26359960670197e-08 4.26735304870363e-08 4.26759321214831e-08 4.25994954866837e-08 4.25426165406861e-08 4.25454906860523e-08 4.26010196008519e-08 4.25921129476592e-08 4.28248050354796e-08 4.30918056792962e-08 4.34858939968308e-08 4.39104077543107e-08 4.43502088387504e-08 4.47075656495599e-08 4.46971704093357e-08 4.47429790995102e-08 4.4603538640331e-08 4.43739480715521e-08 4.43845635800244e-08 4.44452332715173e-08 4.43028156382752e-08 4.44106369457131e-08 4.42899725783263e-08 4.43811920547432e-08 4.38517382406189e-08 4.33384279574511e-08 -3.4e+38 -3.4e+38 -3.4e+38 -3.4e+38 -3.4e+38 -3.4e+38 -3.4e+38 -3.4e+38 -3.4e+38 -3.4e+38 -3.4e+38 -3.4e+38 -3.4e+38 -3.4e+38 -3.4e+38 -3.4e+38 -3.4e+38 -3.4e+38
4.29969126969354e-08 4.25346016186268e-08 4.21055545984927e-08 4.22057979676538e-08 4.24744932558951e-08 4.2544343159534e-08 4.24403729937239e-08 4.22853290160674e-08 4.2254473697767e-08 4.22130703725543e-08 4.22232133701073e-08 4.22717789660965e-08 4.25597477260453e-08 4.30852438171314e-08 4.35564295742097e-08 4.39471712354589e-08 4.43100027780474e-08 4.43630447932719e-08 4.4150489486583e-08 4.41569554254784e-08 4.38908429600815e-08 4.36049205632116e-08 4.35256559683239e-08 4.34792788439609e-08 4.34956213268833e-08 4.35949374377742e-08 4.36122569169584e-08 4.3640852709359e-08 4.31862652305881e-08 4.30446007726459e-08 -3.4e+38 -3.4e+38 -3.4e+38 -3.4e+38 -3.4e+38 -3.4e+38 -3.4e+38 -3.4e+38 -3.4e+38 -3.4e+38 -3.4e+38 -3.4e+38 -3.4e+38 -3.4e+38 -3.4e+38 -3.4e+38 -3.4e+38 -3.4e+38
4.2672571254343e-08 4.2277878975483e-08 4.18773780097581e-08 4.19399448503555e-08 4.21077182011231e-08 4.21450465637463e-08 4.20812931167802e-08 4.19423038522382e-08 4.18777688082628e-08 4.18378505173678e-08 4.1912496584473e-08 4.21108659054426e-08 4.24359463124802e-08 4.29213109498505e-08 4.33359055307392e-08 4.36987264151867e-08 4.39376925953638e-08 4.37715819145978e-08 4.35609734950049e-08 4.36011902138489e-08 4.32067004396686e-08 4.28373354566247e-08 4.26772928108221e-08 4.25076684962278e-08 4.249552176816e-08 4.26385859952916e-08 4.26909458894897e-08 4.28061888158027e-08 4.28456878864836e-08 -3.4e+38 -3.4e+38 -3.4e+38 -3.4e+38 -3.4e+38 -3.4e+38 -3.4e+38 -3.4e+38 -3.4e+38 -3.4e+38 -3.4e+38 -3.4e+38 -3.4e+38 -3.4e+38 -3.4e+38 -3.4e+38 -3.4e+38 -3.4e+38 -3.4e+38
4.25188808605981e-08 4.20846326676383e-08 4.16212913023628e-08 4.1630514147073e-08 4.16870093999933e-08 4.1696313957118e-08 4.17097290039692e-08 4.16145660153688e-08 4.14829095518598e-08 4.14589287345279e-08 4.16559409188721e-08 4.2028613478351e-08 4.24132018395085e-08 4.27478141773463e-08 4.30827675756973e-08 4.33372520092234e-08 4.34278284444645e-08 4.31607318773786e-08 4.29456292749819e-08 4.28988862211099e-08 4.25053094943451e-08 4.20443981852259e-08 4.19431884779442e-08 4.19470360668583e-08 4.17724486112547e-08 4.1775077619377e-08 4.22377439690536e-08 4.26305355460954e-08 -3.4e+38 -3.4e+38 -3.4e+38 -3.4e+38 -3.4e+38 -3.4e+38 -3.4e+38 -3.4e+38 -3.4e+38 -3.4e+38 -3.4e+38 -3.4e+38 -3.4e+38 -3.4e+38 -3.4e+38 -3.4e+38 -3.4e+38 -3.4e+38 -3.4e+38 -3.4e+38
4.23143831085326e-08 4.1747259871272e-08 4.12787102277434e-08 4.13225684781082e-08 4.13516794139923e-08 4.12911376201919e-08 4.13610834471001e-08 4.13570546697883e-08 4.116935770071e-08 4.12324787646412e-08 4.15443643930757e-08 4.1851375698343e-08 4.21065173838997e-08 4.23324770792988e-08 4.27010036219144e-08 4.31000160006079e-08 4.31638227382791e-08 4.28405009245125e-08 4.2694150437228e-08 4.23205150923422e-08 4.18434211724161e-08 4.14804013360026e-08 4.14891552225072e-08 4.16118162149814e-08 4.15788612428969e-08 -3.4e+38 -3.4e+38 -3.4e+38 -3.4e+38 -3.4e+38 -3.4e+38 -3.4e+38 -3.4e+38 -3.4e+38 -3.4e+38 -3.4e+38 -3.4e+38 -3.4e+38 -3.4e+38 -3.4e+38 -3.4e+38 -3.4e+38 -3.4e+38 -3.4e+38 -3.4e+38 -3.4e+38 -3.4e+38 -3.4e+38
4.18376586708291e-08 4.1360276981095e-08 4.09537861401077e-08 4.08728517697909e-08 4.09915372756586e-08 4.09693043934567e-08 4.0941174006548e-08 4.09040268323224e-08 4.07696774118449e-08 4.11201490635449e-08 4.13445455649253e-08 4.15986427526605e-08 4.18894785525481e-08 4.21655066418225e-08 4.2508418118814e-08 4.28512336725362e-08 4.27435686845001e-08 4.24793533682077e-08 4.24689119427057e-08 4.18716474825942e-08 4.11986782467011e-08 4.11843039671567e-08 4.13247320807386e-08 4.13091818529665e-08 4.12052258980111e-08 -3.4e+38 -3.4e+38 -3.4e+38 -3.4e+38 -3.4e+38 -3.4e+38 -3.4e+38 -3.4e+38 -3.4e+38 -3.4e+38 -3.4e+38 -3.4e+38 -3.4e+38 -3.4e+38 -3.4e+38 -3.4e+38 -3.4e+38 -3.4e+38 -3.4e+38 -3.4e+38 -3.4e+38 -3.4e+38 -3.4e+38
4.14574437002102e-08 4.11262064403672e-08 4.05955979942973e-08 4.03650162184022e-08 4.04702049650041e-08 4.0569442916194e-08 4.05112139389985e-08 4.0490590436093e-08 4.04456343972015e-08 4.0752532015631e-08 4.10901463965274e-08 4.15490646332728e-08 4.19768362291961e-08 4.23184722819769e-08 4.25029824668854e-08 4.23886170608512e-08 4.18957739611869e-08 4.15767225092623e-08 4.1473196432662e-08 4.1186755339595e-08 4.1002582662486e-08 4.13064817905706e-08 4.14865048981028e-08 4.15090646299632e-08 4.13181879821423e-08 -3.4e+38 -3.4e+38 -3.4e+38 -3.4e+38 -3.4e+38 -3.4e+38 -3.4e+38 -3.4e+38 -3.4e+38 -3.4e+38 -3.4e+38 -3.4e+38 -3.4e+38 -3.4e+38 -3.4e+38 -3.4e+38 -3.4e+38 -3.4e+38 -3.4e+38 -3.4e+38 -3.4e+38 -3.4e+38 -3.4e+38
4.12195220178546e-08 4.08334095425289e-08 4.02787172504304e-08 3.99840658360517e-08 3.9901770776396e-08 4.00107360576385e-08 4.01319333320771e-08 4.01202662203559e-08 4.0075601503986e-08 4.03623658939978e-08 4.08516207528464e-08 4.1434262243456e-08 4.18973584714877e-08 4.20391401689812e-08 4.19925072492333e-08 4.18385823763856e-08 4.13306047164497e-08 4.08948075403259e-08 4.08578735289211e-08 4.08633091808497e-08 4.09190050731922e-08 4.13558787215607e-08 4.15926777463937e-08 4.17774970173923e-08 4.17176373446182e-08 4.10407743345331e-08 -3.4e+38 -3.4e+38 -3.4e+38 -3.4e+38 -3.4e+38 -3.4e+38 -3.4e+38 -3.4e+38 -3.4e+38 -3.4e+38 -3.4e+38 -3.4e+38 -3.4e+38 -3.4e+38 -3.4e+38 -3.4e+38 -3.4e+38 -3.4e+38 -3.4e+38 -3.4e+38 -3.4e+38 -3.4e+38
4.10459115585127e-08 4.0586719762814e-08 3.99728179445447e-08 3.96997101859142e-08 3.95217512050294e-08 3.95366583916257e-08 3.97445738542501e-08 3.97091852732956e-08 3.97276309627159e-08 4.00475883566287e-08 4.05016429283478e-08 4.10787315274774e-08 4.14479188748373e-08 4.13417318156917e-08 4.12751681722057e-08 4.13480805150357e-08 4.11565750368936e-08 4.09353262398326e-08 4.09747400453853e-08 4.09411384794112e-08 4.08810159058248e-08 4.13209839678075e-08 4.16629681865288e-08 4.16518162182911e-08 4.13805096854958e-08 4.06458191548609e-08 -3.4e+38 -3.4e+38 -3.4e+38 -3.4e+38 -3.4e+38 -3.4e+38 -3.4e+38 -3.4e+38 -3.4e+38 -3.4e+38 -3.4e+38 -3.4e+38 -3.4e+38 -3.4e+38 -3.4e+38 -3.4e+38 -3.4e+38 -3.4e+38 -3.4e+38 -3.4e+38 -3.4e+38 -3.4e+38
4.07145002156994e-08 4.03661957193435e-08 3.96784685108287e-08 3.93635311013441e-08 3.93142087773413e-08 3.92431118712011e-08 3.92374097657466e-08 3.93514589802635e-08 3.96134041125151e-08 3.98855952710164e-08 4.02344966232704e-08 4.06651032847094e-08 4.08748022096006e-08 4.07587386064279e-08 4.07524254342206e-08 4.10061815614426e-08 4.12336440547278e-08 4.12829272988802e-08 4.10946690010405e-08 4.08586622313578e-08 4.09356957220552e-08 4.14431866602172e-08 4.16066647801472e-08 4.12020177975592e-08 4.06468529945414e-08 -3.4e+38 -3.4e+38 -3.4e+38 -3.4e+38 -3.4e+38 -3.4e+38 -3.4e+38 -3.4e+38 -3.4e+38 -3.4e+38 -3.4e+38 -3.4e+38 -3.4e+38 -3.4e+38 -3.4e+38 -3.4e+38 -3.4e+38 -3.4e+38 -3.4e+38 -3.4e+38 -3.4e+38 -3.4e+38 -3.4e+38
4.02456024062303e-08 4.00620550067288e-08 3.95961379240362e-08 3.92546368743751e-08 3.93276167187651e-08 3.92780634683731e-08 3.89399836819848e-08 3.91672827504408e-08 3.94736616726732e-08 3.97762356385556e-08 4.00237034625661e-08 4.02704749546956e-08 4.03625612932501e-08 4.03368289880746e-08 4.05118356638923e-08 4.087794991392e-08 4.13274747756986e-08 4.13408507426993e-08 4.09939318046781e-08 4.0949004187496e-08 4.12507681346597e-08 4.14237177892574e-08 4.11031315650234e-08 4.06164417654509e-08 4.01440161112987e-08 -3.4e+38 -3.4e+38 -3.4e+38 -3.4e+38 -3.4e+38 -3.4e+38 -3.4e+38 -3.4e+38 -3.4e+38 -3.4e+38 -3.4e+38 -3.4e+38 -3.4e+38 -3.4e+38 -3.4e+38 -3.4e+38 -3.4e+38 -3.4e+38 -3.4e+38 -3.4e+38 -3.4e+38 -3.4e+38 -3.4e+38
3.97765873572098e-08 3.95550010523493e-08 3.93658154962395e-08 3.9130735984827e-08 3.91073875505299e-08 3.90286167828435e-08 3.88305885223872e-08 3.92128747250808e-08 3.94003620840522e-08 3.95362285132705e-08 3.96819963555117e-08 3.98891053521311e-08 4.00336972461446e-08 4.02434423563136e-08 4.0644291487979e-08 4.10136031803177e-08 4.11710416869937e-08 4.13224547912705e-08 4.12733811572252e-08 4.13121732378841e-08 4.15543084386627e-08 4.1370430636789e-08 4.08057765355352e-08 4.0306030513193e-08 3.96057195928279e-08 -3.4e+38 -3.4e+38 -3.4e+38 -3.4e+38 -3.4e+38 -3.4e+38 -3.4e+38 -3.4e+38 -3.4e+38 -3.4e+38 -3.4e+38 -3.4e+38 -3.4e+38 -3.4e+38 -3.4e+38 -3.4e+38 -3.4e+38 -3.4e+38 -3.4e+38 -3.4e+38 -3.4e+38 -3.4e+38 -3.4e+38
3.98015025382392e-08 3.94122743330172e-08 3.92447745412028e-08 3.9135237273058e-08 3.89690946178689e-08 3.87811773805424e-08 3.90203531708266e-08 3.92424297501748e-08 3.91921020082009e-08 3.93324093295178e-08 3.97172605914875e-08 4.01983442088749e-08 4.04015416677339e-08 4.07657552159435e-08 4.10873006728707e-08 4.10302973818943e-08 4.11157365931558e-08 4.15712086976328e-08 4.18018686332289e-08 4.18611953989512e-08 4.18596890483514e-08 4.14161647199762e-08 4.0731162442853e-08 4.01864141963415e-08 3.94174719531293e-08 -3.4e+38 -3.4e+38 -3.4e+38 -3.4e+38 -3.4e+38 -3.4e+38 -3.4e+38 -3.4e+38 -3.4e+38 -3.4e+38 -3.4e+38 -3.4e+38 -3.4e+38 -3.4e+38 -3.4e+38 -3.4e+38 -3.4e+38 -3.4e+38 -3.4e+38 -3.4e+38 -3.4e+38 -3.4e+38 -3.4e+38
4.05027087424514e-08 3.9669959761568e-08 3.92411010352589e-08 3.91280217115764e-08 3.88345746671348e-08 3.87545640023745e-08 3.90032468544632e-08 3.90793708504589e-08 3.92271211069328e-08 3.95793655627585e-08 4.00251281007513e-08 4.04901001616054e-08 4.08087714731664e-08 4.11725444848798e-08 4.13408010047078e-08 4.08012716945905e-08 4.08853679800814e-08 4.14083771715923e-08 4.16638670230896e-08 4.17627887827621e-08 4.16232843747366e-08 4.12091445411988e-08 4.07104501221056e-08 4.0187348560039e-08 3.95179213796837e-08 -3.4e+38 -3.4e+38 -3.4e+38 -3.4e+38 -3.4e+38 -3.4e+38 -3.4e+38 -3.4e+38 -3.4e+38 -3.4e+38 -3.4e+38 -3.4e+38 -3.4e+38 -3.4e+38 -3.4e+38 -3.4e+38 -3.4e+38 -3.4e+38 -3.4e+38 -3.4e+38 -3.4e+38 -3.4e+38 -3.4e+38
4.08132159179786e-08 3.996101227699e-08 3.92952159700144e-08 3.90514038883794e-08 3.85539635772147e-08 3.876377263623e-08 3.93233570150642e-08 3.97245294436743e-08 3.98892296971098e-08 3.99828472552599e-08 4.04170670265103e-08 4.08399181139885e-08 4.12162073359923e-08 4.16255439006363e-08 4.15292724653682e-08 4.06983460266019e-08 4.05182412066551e-08 4.07938465230018e-08 4.09535694245733e-08 4.11250304921396e-08 4.1171425380071e-08 4.0830698821992e-08 4.04237781026495e-08 4.00534432287714e-08 3.93832060296972e-08 -3.4e+38 -3.4e+38 -3.4e+38 -3.4e+38 -3.4e+38 -3.4e+38 -3.4e+38 -3.4e+38 -3.4e+38 -3.4e+38 -3.4e+38 -3.4e+38 -3.4e+38 -3.4e+38 -3.4e+38 -3.4e+38 -3.4e+38 -3.4e+38 -3.4e+38 -3.4e+38 -3.4e+38 -3.4e+38 -3.4e+38
4.03164399642719e-08 3.98415238578309e-08 3.92663253023784e-08 3.91081300676888e-08 3.85953917714232e-08 3.88207617163516e-08 3.9557040310001e-08 4.03032700546646e-08 4.05448226103999e-08 4.0561932479477e-08 4.08751787972506e-08 4.13786835906649e-08 4.15567420475327e-08 4.18138554891812e-08 4.14336298604212e-08 4.0608863827174e-08 4.02447248859517e-08 4.04032540757271e-08 4.06028206612064e-08 4.08482669911336e-08 4.10236502546013e-08 4.07205611452355e-08 4.00440249848089e-08 3.94143846449424e-08 -3.4e+38 -3.4e+38 -3.4e+38 -3.4e+38 -3.4e+38 -3.4e+38 -3.4e+38 -3.4e+38 -3.4e+38 -3.4e+38 -3.4e+38 -3.4e+38 -3.4e+38 -3.4e+38 -3.4e+38 -3.4e+38 -3.4e+38 -3.4e+38 -3.4e+38 -3.4e+38 -3.4e+38 -3.4e+38 -3.4e+38 -3.4e+38
4.03231759094069e-08 4.00096489272528e-08 3.93105814566752e-08 3.88998806499785e-08 3.86656076045711e-08 3.89541376932812e-08 3.9445801292004e-08 4.02550917044664e-08 4.07409785907475e-08 4.09592537664594e-08 4.1348275914288e-08 4.15576089096703e-08 4.11471852146406e-08 4.09671336853989e-08 4.08645206562142e-08 4.04266984332935e-08 3.99891426638987e-08 4.01667890059798e-08 4.04667197528852e-08 4.0757708319461e-08 4.09559781644475e-08 4.06541929010018e-08 4.00525124177875e-08 3.90775483083416e-08 -3.4e+38 -3.4e+38 -3.4e+38 -3.4e+38 -3.4e+38 -3.4e+38 -3.4e+38 -3.4e+38 -3.4e+38 -3.4e+38 -3.4e+38 -3.4e+38 -3.4e+38 -3.4e+38 -3.4e+38 -3.4e+38 -3.4e+38 -3.4e+38 -3.4e+38 -3.4e+38 -3.4e+38 -3.4e+38 -3.4e+38 -3.4e+38
4.0319690697288e-08 4.01629982604845e-08 3.9332483936505e-08 3.88040355403518e-08 3.92091941137096e-08 3.97440942379035e-08 4.03122442094173e-08 4.05028011130071e-08 4.07690805559469e-08 4.1120092220126e-08 4.12043696940145e-08 4.08397546891592e-08 4.02850943714839e-08 4.02635720320177e-08 4.03585787012162e-08 4.00956601254165e-08 3.97644548399967e-08 4.02003728083855e-08 4.046354717957e-08 4.0592272654294e-08 4.09261389222593e-08 4.06897520122129e-08 4.00341342299271e-08 3.91082402018128e-08 -3.4e+38 -3.4e+38 -3.4e+38 -3.4e+38 -3.4e+38 -3.4e+38 -3.4e+38 -3.4e+38 -3.4e+38 -3.4e+38 -3.4e+38 -3.4e+38 -3.4e+38 -3.4e+38 -3.4e+38 -3.4e+38 -3.4e+38 -3.4e+38 -3.4e+38 -3.4e+38 -3.4e+38 -3.4e+38 -3.4e+38 -3.4e+38
