R_scripts/int_process_data/Bio_17_2001.2020.asc
NCOLS 281 
NROWS 577 
XLLCORNER 81175.2677831308 
YLLCORNER -911.770678700996 
CELLSIZE 1000 
NODATA_value -3.4e+38 
[rows 252 to 272 of 577, columns 192 to 239 of 281]
1.75534542457001e-09 1.71015213101811e-09 1.68917679843616e-09 1.68272085154797e-09 1.68496683272679e-09 1.71597835940673e-09 1.77209880103391e-09 1.82337256404708e-09 1.84166570882383e-09 1.8428909509538e-09 1.79931824995094e-09 1.74678826958541e-09 1.7441007527097e-09 1.80296044760553e-09 1.85596338297955e-09 1.90963245216835e-09 2.01234184871169e-09 2.14016893096414e-09 2.25464202863179e-09 2.34619368377764e-09 2.47178677525994e-09 2.61623633868169e-09 2.68023758742686e-09 2.64245780812189e-09 2.57199395115038e-09 2.57803089986908e-09 2.59822852122227e-09 2.47231124461678e-09 2.30225749575652e-09 2.24126006642678e-09 2.33204344723958e-09 2.37155117766008e-09 2.27936070018586e-09 -3.4e+38 -3.4e+38 -3.4e+38 -3.4e+38 -3.4e+38 -3.4e+38 -3.4e+38 -3.4e+38 -3.4e+38 -3.4e+38 -3.4e+38 -3.4e+38 -3.4e+38 -3.4e+38 -3.4e+38
1.8078780694708e-09 1.76875625257367e-09 1.76573777821432e-09 1.76676384633367e-09 1.74646808126511e-09 1.7475949576351e-09 1.79844028558307e-09 1.84815740489341e-09 1.82739401388687e-09 1.84183435170127e-09 1.8412721347616e-09 1.75563841242621e-09 1.77723424865661e-09 1.85729864821127e-09 1.93411064941529e-09 2.02879091304453e-09 2.16315720891203e-09 2.30242602761166e-09 2.41742270645773e-09 2.49958942433182e-09 2.5944246750953e-09 2.72588840388721e-09 2.75160805252028e-09 2.67590083424807e-09 2.55000398574623e-09 2.47627363059166e-09 2.54222132234361e-09 2.57037546802508e-09 2.33137509297876e-09 2.16370055206028e-09 2.08174744109613e-09 2.05250128004764e-09 -3.4e+38 -3.4e+38 -3.4e+38 -3.4e+38 -3.4e+38 -3.4e+38 -3.4e+38 -3.4e+38 -3.4e+38 -3.4e+38 -3.4e+38 -3.4e+38 -3.4e+38 -3.4e+38 -3.4e+38 -3.4e+38
1.84189874463669e-09 1.7953218911515e-09 1.80259807081029e-09 1.8499556331264e-09 1.83295467692801e-09 1.84387194401836e-09 1.89051374555049e-09 1.89001503336783e-09 1.83302328871093e-09 1.83898074546107e-09 1.84416937276666e-09 1.79345183148882e-09 1.88026283431952e-09 1.95730898155944e-09 2.04234740230902e-09 2.16338325031984e-09 2.33557284623487e-09 2.50538412238654e-09 2.58979881984089e-09 2.64831268026455e-09 2.64711874642387e-09 2.65512412056523e-09 2.68142796855386e-09 2.64845589903473e-09 2.57162957595369e-09 2.49332554602688e-09 2.45308839907921e-09 2.52710585790794e-09 2.30118435418092e-09 2.04224170907708e-09 1.96975880051298e-09 -3.4e+38 -3.4e+38 -3.4e+38 -3.4e+38 -3.4e+38 -3.4e+38 -3.4e+38 -3.4e+38 -3.4e+38 -3.4e+38 -3.4e+38 -3.4e+38 -3.4e+38 -3.4e+38 -3.4e+38 -3.4e+38 -3.4e+38
1.90767956986804e-09 1.85945359110207e-09 1.83876913695258e-09 1.91857374431947e-09 1.96990224132776e-09 1.96771554605846e-09 1.95184823859051e-09 1.90234605845774e-09 1.86217696818147e-09 1.84653614621055e-09 1.85378457029373e-09 1.84277193504556e-09 1.9358963321281e-09 2.04154826377589e-09 2.19716334015629e-09 2.36374919637683e-09 2.53490162194225e-09 2.67209743221031e-09 2.66355737466029e-09 2.67691802058323e-09 2.61831556436221e-09 2.52524401389564e-09 2.52600251826607e-09 2.54535303945147e-09 2.47515918871954e-09 2.49046561151545e-09 2.41953967972108e-09 2.42978082098944e-09 2.21295914926145e-09 2.01471506144912e-09 -3.4e+38 -3.4e+38 -3.4e+38 -3.4e+38 -3.4e+38 -3.4e+38 -3.4e+38 -3.4e+38 -3.4e+38 -3.4e+38 -3.4e+38 -3.4e+38 -3.4e+38 -3.4e+38 -3.4e+38 -3.4e+38 -3.4e+38 -3.4e+38
1.97590988015861e-09 1.9540840057175e-09 1.91641613689342e-09 1.9806567497227e-09 2.07489736503419e-09 2.08555772651664e-09 2.02501393431476e-09 1.94368343642282e-09 1.91470839183694e-09 1.88121718203149e-09 1.87582815946996e-09 1.8931878287276e-09 2.00671457228907e-09 2.21325047178311e-09 2.39680697511346e-09 2.5468647191218e-09 2.68478905773861e-09 2.70118305500944e-09 2.61423727110355e-09 2.61264299084019e-09 2.5068562781172e-09 2.39422681680423e-09 2.36171082690362e-09 2.34146835254023e-09 2.33405295091416e-09 2.34797936649045e-09 2.33104446856203e-09 2.31974861542028e-09 2.13935380521946e-09 2.05317629564661e-09 -3.4e+38 -3.4e+38 -3.4e+38 -3.4e+38 -3.4e+38 -3.4e+38 -3.4e+38 -3.4e+38 -3.4e+38 -3.4e+38 -3.4e+38 -3.4e+38 -3.4e+38 -3.4e+38 -3.4e+38 -3.4e+38 -3.4e+38 -3.4e+38
2.00708272224404e-09 2.01228367302519e-09 1.98664285022687e-09 2.03483363492296e-09 2.08578687654892e-09 2.08308614801922e-09 2.03999883652273e-09 1.96648097805507e-09 1.92415372524124e-09 1.89531457195358e-09 1.92234961282622e-09 1.99907157494295e-09 2.1250414761198e-09 2.31278862727891e-09 2.47145859333386e-09 2.60849342126335e-09 2.69684119480473e-09 2.62882648982554e-09 2.54432763746593e-09 2.55625343115184e-09 2.40388509098466e-09 2.26218999088701e-09 2.20046536547613e-09 2.13528039694211e-09 2.11976991515428e-09 2.15264539527027e-09 2.15966311500893e-09 2.18128515250271e-09 2.154391776088e-09 -3.4e+38 -3.4e+38 -3.4e+38 -3.4e+38 -3.4e+38 -3.4e+38 -3.4e+38 -3.4e+38 -3.4e+38 -3.4e+38 -3.4e+38 -3.4e+38 -3.4e+38 -3.4e+38 -3.4e+38 -3.4e+38 -3.4e+38 -3.4e+38 -3.4e+38
2.11211959033619e-09 2.10042006010269e-09 2.04934424985481e-09 2.07563832788082e-09 2.08056216699504e-09 2.06672923219742e-09 2.05538785991166e-09 2.0003858569595e-09 1.93412241777935e-09 1.91999904863849e-09 1.9959314201401e-09 2.1391481919153e-09 2.28612373476267e-09 2.41243180987283e-09 2.5377713264163e-09 2.63124144694871e-09 2.6619486614976e-09 2.55713117347511e-09 2.47299247746469e-09 2.45284348387997e-09 2.30331576034359e-09 2.13009010430198e-09 2.09160888609006e-09 2.09182071664316e-09 2.01743488581485e-09 2.00497751734474e-09 2.12110684572053e-09 2.23334950533172e-09 -3.4e+38 -3.4e+38 -3.4e+38 -3.4e+38 -3.4e+38 -3.4e+38 -3.4e+38 -3.4e+38 -3.4e+38 -3.4e+38 -3.4e+38 -3.4e+38 -3.4e+38 -3.4e+38 -3.4e+38 -3.4e+38 -3.4e+38 -3.4e+38 -3.4e+38 -3.4e+38
2.18928652984118e-09 2.12347472938745e-09 2.07016892517231e-09 2.11077999523468e-09 2.10459938365659e-09 2.06339434427605e-09 2.07448680455968e-09 2.057134462774e-09 1.9765722392151e-09 1.99917571386266e-09 2.11798600879831e-09 2.23402762955516e-09 2.32926034016145e-09 2.41238651277342e-09 2.54878451677598e-09 2.69525401996873e-09 2.71544564611759e-09 2.59099963706433e-09 2.53333309885306e-09 2.39300623761096e-09 2.21594986804519e-09 2.0812547241178e-09 2.08384931532635e-09 2.12791095854925e-09 2.10582662418801e-09 -3.4e+38 -3.4e+38 -3.4e+38 -3.4e+38 -3.4e+38 -3.4e+38 -3.4e+38 -3.4e+38 -3.4e+38 -3.4e+38 -3.4e+38 -3.4e+38 -3.4e+38 -3.4e+38 -3.4e+38 -3.4e+38 -3.4e+38 -3.4e+38 -3.4e+38 -3.4e+38 -3.4e+38 -3.4e+38 -3.4e+38
2.1624122492625e-09 2.13084505595873e-09 2.10243178422331e-09 2.09436801235086e-09 2.12350026451702e-09 2.09760453451224e-09 2.07091610526788e-09 2.04668459957702e-09 1.99317495841456e-09 2.1254922266678e-09 2.20899099012684e-09 2.3025541473487e-09 2.40939246332061e-09 2.50987586269957e-09 2.63462984761986e-09 2.75886491429844e-09 2.71592504041962e-09 2.6150781540224e-09 2.60864863044219e-09 2.38814856778902e-09 2.14152073851892e-09 2.13523843051178e-09 2.18546980512713e-09 2.17923523671004e-09 2.13178541486059e-09 -3.4e+38 -3.4e+38 -3.4e+38 -3.4e+38 -3.4e+38 -3.4e+38 -3.4e+38 -3.4e+38 -3.4e+38 -3.4e+38 -3.4e+38 -3.4e+38 -3.4e+38 -3.4e+38 -3.4e+38 -3.4e+38 -3.4e+38 -3.4e+38 -3.4e+38 -3.4e+38 -3.4e+38 -3.4e+38 -3.4e+38
2.16938311758952e-09 2.19397322531734e-09 2.11740647237946e-09 2.05245531681442e-09 2.07647876671047e-09 2.09796136019236e-09 2.06386419066007e-09 2.05245642703744e-09 2.03440597701388e-09 2.14844964041561e-09 2.27269292274457e-09 2.44116615810697e-09 2.59689625359272e-09 2.71962052877939e-09 2.78418421650883e-09 2.73929567917719e-09 2.55678589411446e-09 2.43874764827012e-09 2.39960140646645e-09 2.29447150168482e-09 2.2266535282256e-09 2.33423813611466e-09 2.39760455933435e-09 2.40401143436486e-09 2.32470509509142e-09 -3.4e+38 -3.4e+38 -3.4e+38 -3.4e+38 -3.4e+38 -3.4e+38 -3.4e+38 -3.4e+38 -3.4e+38 -3.4e+38 -3.4e+38 -3.4e+38 -3.4e+38 -3.4e+38 -3.4e+38 -3.4e+38 -3.4e+38 -3.4e+38 -3.4e+38 -3.4e+38 -3.4e+38 -3.4e+38 -3.4e+38
2.23144258626462e-09 2.23608065397229e-09 2.15075113274565e-09 2.06317340989415e-09 2.01591121573585e-09 2.04336148001971e-09 2.08410266822057e-09 2.07897010717772e-09 2.06118611068007e-09 2.16586926171658e-09 2.34465935555761e-09 2.55593968212509e-09 2.72229705444715e-09 2.77102807366703e-09 2.75089928614136e-09 2.69182853784855e-09 2.50637333110149e-09 2.34844077517948e-09 2.33384644943158e-09 2.33475128119665e-09 2.35361552469726e-09 2.50671394752544e-09 2.58856736046198e-09 2.65143107469612e-09 2.61919863575599e-09 2.36162622790914e-09 -3.4e+38 -3.4e+38 -3.4e+38 -3.4e+38 -3.4e+38 -3.4e+38 -3.4e+38 -3.4e+38 -3.4e+38 -3.4e+38 -3.4e+38 -3.4e+38 -3.4e+38 -3.4e+38 -3.4e+38 -3.4e+38 -3.4e+38 -3.4e+38 -3.4e+38 -3.4e+38 -3.4e+38 -3.4e+38
2.3277881844308e-09 2.29140284524476e-09 2.18634532700435e-09 2.10880024553717e-09 2.02754457667709e-09 2.02631711410106e-09 2.10203299211287e-09 2.08775019494567e-09 2.09333839151782e-09 2.20898677127934e-09 2.3724131548164e-09 2.57913423951095e-09 2.70972133620262e-09 2.66871524878809e-09 2.64204014222003e-09 2.66549782246273e-09 2.59494248311398e-09 2.5143946924544e-09 2.52668974631831e-09 2.51364817849264e-09 2.49121789863693e-09 2.64318544829223e-09 2.76038059077166e-09 2.75502443081166e-09 2.64995891896547e-09 2.38358377480097e-09 -3.4e+38 -3.4e+38 -3.4e+38 -3.4e+38 -3.4e+38 -3.4e+38 -3.4e+38 -3.4e+38 -3.4e+38 -3.4e+38 -3.4e+38 -3.4e+38 -3.4e+38 -3.4e+38 -3.4e+38 -3.4e+38 -3.4e+38 -3.4e+38 -3.4e+38 -3.4e+38 -3.4e+38 -3.4e+38
2.39873543250724e-09 2.36176544987643e-09 2.22498175439512e-09 2.13558970507677e-09 2.10786876841951e-09 2.08002548518493e-09 2.07750017189312e-09 2.11789008552898e-09 2.21105933562171e-09 2.30762986497268e-09 2.43110687137005e-09 2.58272003783588e-09 2.6551181253609e-09 2.61172283799738e-09 2.60738142188188e-09 2.6942474917746e-09 2.77129341696991e-09 2.78609624260184e-09 2.71881783753258e-09 2.63547272894016e-09 2.66010768967817e-09 2.8329241175129e-09 2.88744761434145e-09 2.74746581041541e-09 2.5485373811307e-09 -3.4e+38 -3.4e+38 -3.4e+38 -3.4e+38 -3.4e+38 -3.4e+38 -3.4e+38 -3.4e+38 -3.4e+38 -3.4e+38 -3.4e+38 -3.4e+38 -3.4e+38 -3.4e+38 -3.4e+38 -3.4e+38 -3.4e+38 -3.4e+38 -3.4e+38 -3.4e+38 -3.4e+38 -3.4e+38 -3.4e+38
2.43617392925444e-09 2.43124942400641e-09 2.34185981717872e-09 2.24577201279885e-09 2.26836771588523e-09 2.24881069321725e-09 2.12629580609303e-09 2.20619655877385e-09 2.31434982289613e-09 2.41982678339525e-09 2.50543852331475e-09 2.59027888027674e-09 2.62050225963151e-09 2.60910693050675e-09 2.66762523182251e-09 2.79224110499854e-09 2.94511259824048e-09 2.94711854920138e-09 2.82546430696584e-09 2.80750334091806e-09 2.90815749259821e-09 2.96528734899937e-09 2.85500068031297e-09 2.68882716092378e-09 2.51991494337744e-09 -3.4e+38 -3.4e+38 -3.4e+38 -3.4e+38 -3.4e+38 -3.4e+38 -3.4e+38 -3.4e+38 -3.4e+38 -3.4e+38 -3.4e+38 -3.4e+38 -3.4e+38 -3.4e+38 -3.4e+38 -3.4e+38 -3.4e+38 -3.4e+38 -3.4e+38 -3.4e+38 -3.4e+38 -3.4e+38 -3.4e+38
2.41785125254523e-09 2.39513187061391e-09 2.37735209296375e-09 2.30978414172966e-09 2.29915264604585e-09 2.26886731624631e-09 2.19594897821196e-09 2.32776642405952e-09 2.39099207099969e-09 2.43592945814441e-09 2.48399056879123e-09 2.55253662651e-09 2.59937582569592e-09 2.66799715653576e-09 2.80194223378771e-09 2.92440405225136e-09 2.9746125562724e-09 3.02167157961719e-09 3.00079006088083e-09 3.01017366588496e-09 3.08798586701187e-09 3.02305358523824e-09 2.83120749067223e-09 2.66219957190117e-09 2.41915110166246e-09 -3.4e+38 -3.4e+38 -3.4e+38 -3.4e+38 -3.4e+38 -3.4e+38 -3.4e+38 -3.4e+38 -3.4e+38 -3.4e+38 -3.4e+38 -3.4e+38 -3.4e+38 -3.4e+38 -3.4e+38 -3.4e+38 -3.4e+38 -3.4e+38 -3.4e+38 -3.4e+38 -3.4e+38 -3.4e+38 -3.4e+38
2.45738362991688e-09 2.37327002494681e-09 2.35062791453799e-09 2.32303198899331e-09 2.26454788254671e-09 2.19664286760235e-09 2.27660867935242e-09 2.3512367608447e-09 2.33151031814316e-09 2.37641639699859e-09 2.50448994876251e-09 2.66459765363436e-09 2.72999622907832e-09 2.84925305571448e-09 2.95390223392644e-09 2.9314659588664e-09 2.95576940700926e-09 3.10331937924957e-09 3.17568238372701e-09 3.19089665801187e-09 3.18640913654633e-09 3.03646330301888e-09 2.80789103079826e-09 2.62624100244579e-09 2.36930475239205e-09 -3.4e+38 -3.4e+38 -3.4e+38 -3.4e+38 -3.4e+38 -3.4e+38 -3.4e+38 -3.4e+38 -3.4e+38 -3.4e+38 -3.4e+38 -3.4e+38 -3.4e+38 -3.4e+38 -3.4e+38 -3.4e+38 -3.4e+38 -3.4e+38 -3.4e+38 -3.4e+38 -3.4e+38 -3.4e+38 -3.4e+38
2.69962741050733e-09 2.45149700539571e-09 2.33026353768651e-09 2.3047226349604e-09 2.2086965589807e-09 2.17981521721811e-09 2.26249019519287e-09 2.28592877959954e-09 2.33312547059938e-09 2.44906517288257e-09 2.5958901694878e-09 2.74835310065669e-09 2.85093748608745e-09 2.96787749931582e-09 3.01997782337082e-09 2.83863021977027e-09 2.86312240582731e-09 3.03142622115615e-09 3.11147729803452e-09 3.13989501066203e-09 3.09089864813927e-09 2.95311308740054e-09 2.78852496649051e-09 2.61741472940002e-09 2.3931299164559e-09 -3.4e+38 -3.4e+38 -3.4e+38 -3.4e+38 -3.4e+38 -3.4e+38 -3.4e+38 -3.4e+38 -3.4e+38 -3.4e+38 -3.4e+38 -3.4e+38 -3.4e+38 -3.4e+38 -3.4e+38 -3.4e+38 -3.4e+38 -3.4e+38 -3.4e+38 -3.4e+38 -3.4e+38 -3.4e+38 -3.4e+38
2.79760037358301e-09 2.53456877707947e-09 2.33353159018179e-09 2.26474372588825e-09 2.10459449867528e-09 2.17796269907922e-09 2.36260011554634e-09 2.49292408938118e-09 2.54525889253898e-09 2.57388577118434e-09 2.71408362451098e-09 2.84954837503903e-09 2.9691933356446e-09 3.09880565652065e-09 3.06436609420757e-09 2.79176481932097e-09 2.73100719816455e-09 2.8173965382905e-09 2.86606893773467e-09 2.918193242607e-09 2.93015256502827e-09 2.81884049435632e-09 2.68749644760646e-09 2.56833354583819e-09 2.34673436239063e-09 -3.4e+38 -3.4e+38 -3.4e+38 -3.4e+38 -3.4e+38 -3.4e+38 -3.4e+38 -3.4e+38 -3.4e+38 -3.4e+38 -3.4e+38 -3.4e+38 -3.4e+38 -3.4e+38 -3.4e+38 -3.4e+38 -3.4e+38 -3.4e+38 -3.4e+38 -3.4e+38 -3.4e+38 -3.4e+38 -3.4e+38
2.60961807718729e-09 2.47728171309802e-09 2.31100383274452e-09 2.2717341341405e-09 2.10932893374149e-09 2.18999640644313e-09 2.43352937800978e-09 2.67399902220689e-09 2.74939182531853e-09 2.75201306187967e-09 2.85028023405687e-09 3.00933100660927e-09 3.06371772396119e-09 3.14319126282214e-09 3.01835600957645e-09 2.75205924715749e-09 2.63418487023159e-09 2.68252331458996e-09 2.74355871354715e-09 2.81866907592132e-09 2.87165002887946e-09 2.77436607021286e-09 2.56057597347592e-09 2.36305575107565e-09 -3.4e+38 -3.4e+38 -3.4e+38 -3.4e+38 -3.4e+38 -3.4e+38 -3.4e+38 -3.4e+38 -3.4e+38 -3.4e+38 -3.4e+38 -3.4e+38 -3.4e+38 -3.4e+38 -3.4e+38 -3.4e+38 -3.4e+38 -3.4e+38 -3.4e+38 -3.4e+38 -3.4e+38 -3.4e+38 -3.4e+38 -3.4e+38
2.59229837595853e-09 2.5165449724085e-09 2.31326025001977e-09 2.19352758179525e-09 2.1240718073301e-09 2.22382379178043e-09 2.38773423255623e-09 2.64791477633253e-09 2.80038414679495e-09 2.86646639757748e-09 2.98706348544897e-09 3.05089753460663e-09 2.91883872627352e-09 2.8593754031192e-09 2.82446577237749e-09 2.68487099219783e-09 2.54630339036055e-09 2.59997490204e-09 2.69151478882179e-09 2.78010325871492e-09 2.83970758019336e-09 2.74461386950975e-09 2.55771626100909e-09 2.25674101628215e-09 -3.4e+38 -3.4e+38 -3.4e+38 -3.4e+38 -3.4e+38 -3.4e+38 -3.4e+38 -3.4e+38 -3.4e+38 -3.4e+38 -3.4e+38 -3.4e+38 -3.4e+38 -3.4e+38 -3.4e+38 -3.4e+38 -3.4e+38 -3.4e+38 -3.4e+38 -3.4e+38 -3.4e+38 -3.4e+38 -3.4e+38 -3.4e+38
2.57608578912993e-09 2.55267917914637e-09 2.31100072412005e-09 2.15393081148818e-09 2.28907470756212e-09 2.46500442280251e-09 2.64989896692214e-09 2.71351918712526e-09 2.7964817128634e-09 2.90441803940666e-09 2.92894086761919e-09 2.81334955332113e-09 2.63859512017461e-09 2.62976107556767e-09 2.65751554096028e-09 2.57486054699996e-09 2.47145837128926e-09 2.60378096861302e-09 2.68339905851178e-09 2.72145039836857e-09 2.82153655994932e-09 2.74802403055219e-09 2.54763166118721e-09 2.26631668986954e-09 -3.4e+38 -3.4e+38 -3.4e+38 -3.4e+38 -3.4e+38 -3.4e+38 -3.4e+38 -3.4e+38 -3.4e+38 -3.4e+38 -3.4e+38 -3.4e+38 -3.4e+38 -3.4e+38 -3.4e+38 -3.4e+38 -3.4e+38 -3.4e+38 -3.4e+38 -3.4e+38 -3.4e+38 -3.4e+38 -3.4e+38 -3.4e+38
