R_scripts/int_process_data/Bio_14.asc
NCOLS 281 
NROWS 576 
XLLCORNER 81175.2677831308 
YLLCORNER 88.2293212990044 
CELLSIZE 1000 
NODATA_value -3.4e+38 
[rows 220 to 241 of 576, columns 100 to 149 of 281]
0.167487964034081 0.168342337012291 0.169196724891663 0.170051097869873 0.170905485749245 0.171759858727455 0.172614246606827 0.173468619585037 0.174323007464409 0.175240412354469 0.177314281463623 0.179388150572777 0.181462019681931 0.183535888791084 0.185609772801399 0.187683641910553 0.189757511019707 0.19183138012886 0.193905249238014 0.19594369828701 0.196126982569695 0.196310266852379 0.196493551135063 0.196676835417747 0.196860119700432 0.197043403983116 0.1972266882658 0.197409972548485 0.197593256831169 0.197776541113853 0.197714045643806 0.197648003697395 0.197581961750984 0.197515919804573 0.197449877858162 0.19738382101059 0.197317779064178 0.197251737117767 0.197185695171356 0.197119653224945 0.196647897362709 0.196156054735184 0.195664212107658 0.195172369480133 0.194680511951447 0.194188669323921 0.193696826696396 0.193204984068871 0.192713141441345 0.19222129881382
0.167487964034081 0.168342337012291 0.169196724891663 0.170051097869873 0.170905485749245 0.171759858727455 0.172614246606827 0.173468619585037 0.174323007464409 0.175240412354469 0.177314281463623 0.179388150572777 0.181462019681931 0.183535888791084 0.185609772801399 0.187683641910553 0.189757511019707 0.19183138012886 0.193905249238014 0.19594369828701 0.196126982569695 0.196310266852379 0.196493551135063 0.196676835417747 0.196860119700432 0.197043403983116 0.1972266882658 0.197409972548485 0.197593256831169 0.197776541113853 0.197714045643806 0.197648003697395 0.197581961750984 0.197515919804573 0.197449877858162 0.19738382101059 0.197317779064178 0.197251737117767 0.197185695171356 0.197119653224945 0.196647897362709 0.196156054735184 0.195664212107658 0.195172369480133 0.194680511951447 0.194188669323921 0.193696826696396 0.193204984068871 0.192713141441345 0.19222129881382
0.167487964034081 0.168342337012291 0.169196724891663 0.170051097869873 0.170905485749245 0.171759858727455 0.172614246606827 0.173468619585037 0.174323007464409 0.175240412354469 0.177314281463623 0.179388150572777 0.181462019681931 0.183535888791084 0.185609772801399 0.187683641910553 0.189757511019707 0.19183138012886 0.193905249238014 0.19594369828701 0.196126982569695 0.196310266852379 0.196493551135063 0.196676835417747 0.196860119700432 0.197043403983116 0.1972266882658 0.197409972548485 0.197593256831169 0.197776541113853 0.197714045643806 0.197648003697395 0.197581961750984 0.197515919804573 0.197449877858162 0.19738382101059 0.197317779064178 0.197251737117767 0.197185695171356 0.197119653224945 0.196647897362709 0.196156054735184 0.195664212107658 0.195172369480133 0.194680511951447 0.194188669323921 0.193696826696396 0.193204984068871 0.192713141441345 0.19222129881382
0.167224124073982 0.168087482452393 0.168950840830803 0.169814214110374 0.170677572488785 0.171540930867195 0.172404304146767 0.173267662525177 0.174131020903587 0.1750528216362 0.177046686410904 0.179040551185608 0.181034415960312 0.183028280735016 0.18502214550972 0.187016010284424 0.189009875059128 0.191003739833832 0.192997604608536 0.1949572712183 0.19512540102005 0.195293545722961 0.195461690425873 0.195629820227623 0.195797964930534 0.195966109633446 0.196134254336357 0.196302384138107 0.196470528841019 0.19663867354393 0.196539208292961 0.196435883641243 0.196332558989525 0.196229234337807 0.196125909686089 0.19602258503437 0.195919260382652 0.195815935730934 0.195712611079216 0.195609286427498 0.195066913962364 0.19450281560421 0.193938717246056 0.193374618887901 0.192810520529747 0.192246422171593 0.191682323813438 0.191118210554123 0.190554112195969 0.189990013837814
0.166650623083115 0.16753351688385 0.168416395783424 0.16929928958416 0.170182183384895 0.171065077185631 0.171947956085205 0.172830849885941 0.173713743686676 0.174645066261292 0.176465019583702 0.178284987807274 0.180104956030846 0.181924909353256 0.183744877576828 0.1855648458004 0.18738479912281 0.189204767346382 0.191024735569954 0.192813128232956 0.19294835627079 0.193083584308624 0.193218812346458 0.193354025483131 0.193489253520966 0.1936244815588 0.193759694695473 0.193894922733307 0.194030150771141 0.194165378808975 0.193985551595688 0.193801194429398 0.193616837263107 0.193432480096817 0.193248122930527 0.193063765764236 0.192879408597946 0.192695051431656 0.192510694265366 0.192326337099075 0.191630497574806 0.190909340977669 0.190188184380531 0.189467027783394 0.188745856285095 0.188024699687958 0.18730354309082 0.186582386493683 0.185861229896545 0.185140073299408
0.166077122092247 0.166979536414146 0.167881965637207 0.168784379959106 0.169686794281006 0.170589208602905 0.171491622924805 0.172394037246704 0.173296451568604 0.174237310886383 0.175883367657661 0.17752942442894 0.179175496101379 0.180821552872658 0.182467609643936 0.184113681316376 0.185759738087654 0.187405794858932 0.189051851630211 0.190669000148773 0.19077131152153 0.190873622894287 0.190975919365883 0.19107823073864 0.191180542111397 0.191282838582993 0.19138514995575 0.191487461328506 0.191589772701263 0.191692069172859 0.191431909799576 0.191166520118713 0.190901130437851 0.190635740756989 0.190370351076126 0.190104946494102 0.18983955681324 0.189574167132378 0.189308777451515 0.189043387770653 0.188194066286087 0.187315851449966 0.186437636613846 0.185559421777725 0.184681206941605 0.183802992105484 0.182924777269363 0.182046562433243 0.181168332695961 0.18029011785984
0.165503636002541 0.166425570845604 0.167347520589828 0.168269455432892 0.169191405177116 0.17011334002018 0.171035289764404 0.171957224607468 0.172879174351692 0.173829555511475 0.175301715731621 0.176773875951767 0.178246036171913 0.179718196392059 0.181190341711044 0.18266250193119 0.184134662151337 0.185606822371483 0.187078982591629 0.18852487206459 0.188594251871109 0.188663646578789 0.188733041286469 0.188802435994148 0.188871830701828 0.188941210508347 0.189010605216026 0.189079999923706 0.189149394631386 0.189218774437904 0.188878268003464 0.188531845808029 0.188185408711433 0.187838986515999 0.187492564320564 0.18714614212513 0.186799705028534 0.186453282833099 0.186106860637665 0.18576043844223 0.184757649898529 0.183722376823425 0.182687103748322 0.181651830673218 0.180616542696953 0.179581269621849 0.178545996546745 0.177510723471642 0.176475450396538 0.175440177321434
0.164930135011673 0.165871605277061 0.16681307554245 0.167754545807838 0.168696016073227 0.169637486338615 0.170578956604004 0.171520411968231 0.17246188223362 0.173421800136566 0.174720048904419 0.176018312573433 0.177316576242447 0.1786148250103 0.179913088679314 0.181211337447166 0.18250960111618 0.183807849884033 0.185106113553047 0.186380729079247 0.186417207121849 0.186453685164452 0.186490163207054 0.186526641249657 0.186563104391098 0.186599582433701 0.186636060476303 0.186672538518906 0.186709001660347 0.18674547970295 0.186324626207352 0.185897156596184 0.185469701886177 0.18504224717617 0.184614777565002 0.184187322854996 0.183759868144989 0.183332398533821 0.182904943823814 0.182477489113808 0.181321233510971 0.180128887295723 0.178936555981636 0.177744224667549 0.176551893353462 0.175359562039375 0.174167230725288 0.172974899411201 0.171782568097115 0.170590221881866
0.164356634020805 0.165317639708519 0.166278630495071 0.167239621281624 0.168200626969337 0.16916161775589 0.170122608542442 0.171083614230156 0.172044605016708 0.173014044761658 0.174138396978378 0.175262749195099 0.176387101411819 0.177511468529701 0.178635820746422 0.179760172963142 0.180884525179863 0.182008892297745 0.183133244514465 0.184236600995064 0.184240162372589 0.184243723750114 0.184247270226479 0.184250831604004 0.184254392981529 0.184257954359055 0.18426151573658 0.184265077114105 0.184268623590469 0.184272184967995 0.183770969510078 0.1832624822855 0.18275398015976 0.182245492935181 0.181737005710602 0.181228503584862 0.180720016360283 0.180211514234543 0.179703027009964 0.179194539785385 0.177884802222252 0.176535412669182 0.175186023116112 0.173836633563042 0.172487244009972 0.17113783955574 0.16978845000267 0.1684390604496 0.16708967089653 0.16574028134346
0.163783147931099 0.164763674139977 0.165744185447693 0.16672471165657 0.167705237865448 0.168685749173164 0.169666275382042 0.170646801590919 0.171627312898636 0.172606289386749 0.173556745052338 0.174507200717926 0.175457641482353 0.176408097147942 0.17735855281353 0.178309008479118 0.179259464144707 0.180209919810295 0.181160375475883 0.182092472910881 0.182063117623329 0.182033747434616 0.182004392147064 0.181975036859512 0.18194568157196 0.181916326284409 0.181886970996857 0.181857600808144 0.181828245520592 0.18179889023304 0.181217327713966 0.180627793073654 0.180038273334503 0.179448738694191 0.17885921895504 0.178269699215889 0.177680164575577 0.177090644836426 0.176501110196114 0.175911590456963 0.174448385834694 0.172941938042641 0.171435475349426 0.169929027557373 0.16842257976532 0.166916131973267 0.165409684181213 0.16390323638916 0.162396788597107 0.160890340805054
0.163209646940231 0.164209693670273 0.165209740400314 0.166209787130356 0.167209848761559 0.1682098954916 0.169209942221642 0.170209988951683 0.171210035681725 0.172198534011841 0.172975078225136 0.173751637339592 0.174528181552887 0.175304740667343 0.176081284880638 0.176857843995094 0.177634388208389 0.178410947322845 0.17918749153614 0.179948329925537 0.179886057972908 0.179823786020279 0.17976151406765 0.179699242115021 0.179636970162392 0.179574698209763 0.179512411355972 0.179450139403343 0.179387867450714 0.179325595498085 0.178663685917854 0.17799311876297 0.177322551608086 0.176651999354362 0.175981432199478 0.175310879945755 0.174640312790871 0.173969760537148 0.173299193382263 0.17262864112854 0.171011954545975 0.169348448514938 0.167684942483902 0.166021436452866 0.164357930421829 0.162694424390793 0.161030903458595 0.159367397427559 0.157703891396523 0.156040385365486
0.162636160850525 0.16365572810173 0.164675310254097 0.165694877505302 0.166714459657669 0.167734026908875 0.16875359416008 0.169773176312447 0.170792743563652 0.171790778636932 0.172393426299095 0.172996073961258 0.173598721623421 0.174201369285583 0.174804031848907 0.17540667951107 0.176009327173233 0.176611974835396 0.177214622497559 0.177804201841354 0.177709013223648 0.177613824605942 0.177518635988235 0.177423447370529 0.177328243851662 0.177233055233955 0.177137866616249 0.177042677998543 0.176947489380836 0.17685230076313 0.176110029220581 0.175358444452286 0.174606844782829 0.173855245113373 0.173103660345078 0.172352060675621 0.171600461006165 0.170848876237869 0.170097276568413 0.169345676898956 0.167575538158417 0.165754973888397 0.163934394717216 0.162113830447197 0.160293266177177 0.158472701907158 0.156652137637138 0.154831573367119 0.153011009097099 0.15119044482708
0.162062659859657 0.163101762533188 0.164140865206718 0.165179967880249 0.166219055652618 0.167258158326149 0.16829726099968 0.16933636367321 0.170375466346741 0.171383023262024 0.171811774373055 0.172240510582924 0.172669261693954 0.173098012804985 0.173526763916016 0.173955515027046 0.174384251236916 0.174813002347946 0.175241753458977 0.175660073757172 0.175531968474388 0.175403863191605 0.17527574300766 0.175147637724876 0.175019532442093 0.174891427159309 0.174763321876526 0.174635216593742 0.174507111310959 0.174379006028175 0.173556387424469 0.17272375524044 0.171891137957573 0.171058505773544 0.170225873589516 0.169393241405487 0.16856062412262 0.167727991938591 0.166895359754562 0.166062727570534 0.164139106869698 0.162161484360695 0.160183861851692 0.15820623934269 0.156228616833687 0.154250994324684 0.152273371815681 0.150295734405518 0.148318111896515 0.146340489387512
0.161307245492935 0.162356525659561 0.163405805826187 0.164455071091652 0.165504351258278 0.166553631424904 0.167602896690369 0.168652176856995 0.169701457023621 0.170712724328041 0.171026587486267 0.171340450644493 0.171654313802719 0.171968176960945 0.17228202521801 0.172595888376236 0.172909751534462 0.173223614692688 0.173537477850914 0.173842236399651 0.173669844865799 0.173497453331947 0.173325061798096 0.173152670264244 0.172980278730392 0.172807902097702 0.17263551056385 0.172463119029999 0.172290727496147 0.172118335962296 0.171213209629059 0.170297518372536 0.169381842017174 0.168466150760651 0.167550459504128 0.166634768247604 0.165719076991081 0.164803385734558 0.163887694478035 0.162972018122673 0.160915389657021 0.158802285790443 0.156689181923866 0.154576078057289 0.152462974190712 0.150349885225296 0.148236781358719 0.146123677492142 0.144010573625565 0.141897484660149
0.160307839512825 0.16135473549366 0.162401646375656 0.163448557257652 0.164495468139648 0.165542379021645 0.166589289903641 0.167636185884476 0.168683096766472 0.169690281152725 0.169968411326408 0.170246541500092 0.170524671673775 0.170802801847458 0.171080946922302 0.171359077095985 0.171637207269669 0.171915337443352 0.172193467617035 0.172462046146393 0.172230124473572 0.171998217701912 0.171766296029091 0.17153437435627 0.17130246758461 0.171070545911789 0.170838624238968 0.170606702566147 0.170374795794487 0.170142874121666 0.169152349233627 0.168150871992111 0.167149409651756 0.16614793241024 0.165146470069885 0.164144992828369 0.163143530488014 0.162142053246498 0.161140590906143 0.160139113664627 0.157976940274239 0.155757308006287 0.153537690639496 0.151318058371544 0.149098426103592 0.14687879383564 0.144659161567688 0.142439529299736 0.140219911932945 0.138000279664993
0.159308418631554 0.16035296022892 0.161397501826286 0.162442043423653 0.163486585021019 0.164531126618385 0.165575668215752 0.166620209813118 0.167664751410484 0.168667837977409 0.16891023516655 0.16915263235569 0.169395044445992 0.169637441635132 0.169879853725433 0.170122250914574 0.170364648103714 0.170607060194016 0.170849457383156 0.171081855893135 0.170790418982506 0.170498967170715 0.170207530260086 0.169916078448296 0.169624641537666 0.169333189725876 0.169041752815247 0.168750301003456 0.168458864092827 0.168167412281036 0.167091473937035 0.166004225611687 0.164916977286339 0.163829728960991 0.162742480635643 0.161655232310295 0.160567983984947 0.159480735659599 0.158393487334251 0.157306224107742 0.155038505792618 0.152712345123291 0.150386184453964 0.148060023784637 0.145733863115311 0.143407717347145 0.141081556677818 0.138755396008492 0.136429235339165 0.134103074669838
0.158308997750282 0.159351170063019 0.160393357276917 0.161435529589653 0.16247770190239 0.163519874215126 0.164562046527863 0.165604218840599 0.166646391153336 0.167645379900932 0.167852059006691 0.16805873811245 0.168265402317047 0.168472081422806 0.168678760528564 0.168885424733162 0.169092103838921 0.169298782944679 0.169505447149277 0.169701680541039 0.169350698590279 0.16899973154068 0.168648764491081 0.168297782540321 0.167946815490723 0.167595848441124 0.167244866490364 0.166893899440765 0.166542917490005 0.166191950440407 0.165030613541603 0.163857579231262 0.162684544920921 0.161511525511742 0.160338491201401 0.15916545689106 0.157992422580719 0.156819403171539 0.155646368861198 0.154473334550858 0.152100071310997 0.149667382240295 0.147234693169594 0.144802004098892 0.142369315028191 0.139936625957489 0.137503936886787 0.135071247816086 0.132638558745384 0.130205869674683
0.157309591770172 0.158349394798279 0.159389197826385 0.160429000854492 0.16146881878376 0.162508621811867 0.163548424839973 0.16458822786808 0.165628045797348 0.166622936725616 0.166793882846832 0.166964828968048 0.167135775089264 0.16730672121048 0.167477667331696 0.167648613452911 0.167819559574127 0.167990490794182 0.168161436915398 0.168321490287781 0.167910993099213 0.167500495910645 0.167089998722076 0.166679486632347 0.166268989443779 0.165858492255211 0.165447995066643 0.165037482976913 0.164626985788345 0.164216488599777 0.16296973824501 0.161710932850838 0.160452112555504 0.159193307161331 0.157934501767159 0.156675696372986 0.155416876077652 0.154158070683479 0.152899265289307 0.151640444993973 0.149161621928215 0.146622404456139 0.144083186984062 0.141543969511986 0.139004752039909 0.136465534567833 0.133926317095757 0.131387114524841 0.128847897052765 0.126308679580688
0.156310170888901 0.157347604632378 0.158385053277016 0.159422487020493 0.160459935665131 0.161497369408607 0.162534803152084 0.163572251796722 0.164609685540199 0.165600493550301 0.165735706686974 0.165870919823647 0.166006147861481 0.166141360998154 0.166276574134827 0.1664117872715 0.166547000408173 0.166682213544846 0.166817426681519 0.166941314935684 0.166471287608147 0.166001260280609 0.16553121805191 0.165061190724373 0.164591163396835 0.164121136069298 0.16365110874176 0.163181081414223 0.162711054086685 0.162241026759148 0.160908862948418 0.159564271569252 0.158219695091248 0.156875103712082 0.155530512332916 0.154185920953751 0.152841329574585 0.151496738195419 0.150152146816254 0.148807555437088 0.146223187446594 0.143577441573143 0.140931695699692 0.138285949826241 0.135640203952789 0.132994458079338 0.130348712205887 0.127702966332436 0.125057220458984 0.122411474585533
0.155310764908791 0.156345829367638 0.157380908727646 0.158415973186493 0.15945103764534 0.160486117005348 0.161521181464195 0.162556260824203 0.163591325283051 0.164578050374985 0.164677530527115 0.164777025580406 0.164876505732536 0.164976000785828 0.165075480937958 0.165174961090088 0.165274456143379 0.165373936295509 0.165473416447639 0.165561124682426 0.165031567215919 0.164502009749413 0.163972452282906 0.163442894816399 0.162913337349892 0.162383794784546 0.161854237318039 0.161324679851532 0.160795122385025 0.160265564918518 0.158848002552986 0.157417625188828 0.15598726272583 0.154556885361671 0.153126522898674 0.151696145534515 0.150265783071518 0.148835405707359 0.147405043244362 0.145974665880203 0.143284738063812 0.140532463788986 0.13778018951416 0.135027915239334 0.132275640964508 0.129523366689682 0.126771092414856 0.124018825590611 0.121266551315784 0.118514269590378
0.154311344027519 0.155344054102898 0.156376749277115 0.157409459352493 0.158442154526711 0.159474864602089 0.160507574677467 0.161540269851685 0.162572979927063 0.163555607199669 0.163619354367256 0.163683116436005 0.163746878504753 0.16381062567234 0.163874387741089 0.163938149809837 0.164001896977425 0.164065659046173 0.164129421114922 0.164180934429169 0.163591861724854 0.163002774119377 0.162413686513901 0.161824598908424 0.161235526204109 0.160646438598633 0.160057350993156 0.15946826338768 0.158879190683365 0.158290103077888 0.156787127256393 0.155270978808403 0.153754830360413 0.152238681912422 0.150722533464432 0.149206385016441 0.147690236568451 0.146174088120461 0.14465793967247 0.143141776323318 0.140346303582191 0.137487500905991 0.13462869822979 0.131769895553589 0.128911092877388 0.126052290201187 0.123193480074406 0.120334677398205 0.117475874722004 0.114617072045803
0.153311923146248 0.154342263936996 0.155372604727745 0.156402945518494 0.157433271408081 0.15846361219883 0.159493952989578 0.160524293780327 0.161554619669914 0.162533164024353 0.162561193108559 0.162589207291603 0.162617236375809 0.162645265460014 0.16267329454422 0.162701323628426 0.162729352712631 0.162757381796837 0.162785410881042 0.162800759077072 0.162152141332626 0.161503538489342 0.160854920744896 0.16020630300045 0.159557700157166 0.15890908241272 0.158260479569435 0.157611861824989 0.156963244080544 0.156314641237259 0.154726266860962 0.153124332427979 0.151522397994995 0.149920478463173 0.14831854403019 0.146716609597206 0.145114675164223 0.143512755632401 0.141910821199417 0.140308886766434 0.137407869100571 0.134442538022995 0.131477192044258 0.128511860966682 0.125546529889107 0.122581198811531 0.119615867733955 0.11665053665638 0.113685205578804 0.110719874501228
