R_scripts/int_process_data/Bio_10.asc
NCOLS 281 
NROWS 576 
XLLCORNER 81175.2677831308 
YLLCORNER 88.2293212990044 
CELLSIZE 1000 
NODATA_value -3.4e+38 
[rows 299 to 321 of 576, columns 52 to 103 of 281]
21.6121807098389 21.6639919281006 21.7158031463623 21.767614364624 21.8194255828857 21.8712368011475 21.9230480194092 21.9748229980469 22.0264663696289 22.0781097412109 22.129753112793 22.181396484375 22.233039855957 22.2846832275391 22.3363265991211 22.3879699707031 22.4396133422852 22.4929428100586 22.5537796020508 22.614616394043 22.6754531860352 22.7362899780273 22.7971267700195 22.8579635620117 22.9188003540039 22.9796371459961 23.0404720306396 23.0988025665283 23.1429805755615 23.1871566772461 23.2313346862793 23.2755126953125 23.3196907043457 23.3638687133789 23.4080448150635 23.4522228240967 23.4964008331299 23.5371379852295 23.5520458221436 23.5669536590576 23.5818634033203 23.5967712402344 23.6116790771484 23.6265888214111 23.6414966583252 23.6564044952393 23.671314239502 23.6847991943359 23.682897567749 23.6809978485107 23.6790962219238 23.6771965026855
21.671028137207 21.7274436950684 21.7838592529297 21.840274810791 21.8966903686523 21.9531059265137 22.0095233917236 22.0649261474609 22.1166648864746 22.1684036254883 22.220142364502 22.2718811035156 22.3236198425293 22.375358581543 22.4270973205566 22.4788360595703 22.5305728912354 22.5835933685303 22.6423110961914 22.7010307312012 22.7597503662109 22.8184680938721 22.8771877288818 22.9359073638916 22.9946250915527 23.0533447265625 23.1120624542236 23.1680450439453 23.2085800170898 23.2491149902344 23.2896499633789 23.3301849365234 23.370719909668 23.4112529754639 23.4517879486084 23.4923229217529 23.5328578948975 23.5700988769531 23.582612991333 23.5951290130615 23.6076431274414 23.6201591491699 23.6326732635498 23.6451892852783 23.6577033996582 23.6702194213867 23.6827354431152 23.694019317627 23.6919898986816 23.6899604797363 23.687931060791 23.6859016418457
21.7298755645752 21.7908954620361 21.8519153594971 21.9129371643066 21.9739570617676 22.0349769592285 22.0959968566895 22.1550273895264 22.2068614959717 22.258695602417 22.3105297088623 22.3623638153076 22.4141979217529 22.4660320281982 22.5178661346436 22.5697002410889 22.6215343475342 22.674243927002 22.7308444976807 22.787446975708 22.8440475463867 22.9006481170654 22.9572486877441 23.0138511657715 23.0704517364502 23.1270523071289 23.1836528778076 23.2372875213623 23.2741794586182 23.311071395874 23.3479633331299 23.3848552703857 23.4217472076416 23.4586391448975 23.4955310821533 23.5324230194092 23.569314956665 23.6030597686768 23.6131820678711 23.6233024597168 23.6334247589111 23.6435470581055 23.6536693572998 23.6637897491455 23.6739120483398 23.6840343475342 23.6941547393799 23.7032375335693 23.7010803222656 23.6989231109619 23.6967658996582 23.6946086883545
21.788724899292 21.8543491363525 21.9199733734131 21.9855976104736 22.0512218475342 22.1168460845947 22.1824703216553 22.2451305389404 22.2970600128174 22.3489894866943 22.4009189605713 22.4528484344482 22.5047779083252 22.5567073822021 22.6086368560791 22.6605663299561 22.712495803833 22.7648944854736 22.8193778991699 22.8738613128662 22.9283447265625 22.9828281402588 23.0373115539551 23.0917949676514 23.1462783813477 23.2007598876953 23.2552433013916 23.3065299987793 23.3397808074951 23.3730297088623 23.4062786102295 23.4395275115967 23.4727764129639 23.5060253143311 23.5392742156982 23.5725231170654 23.6057720184326 23.6360206604004 23.6437492370605 23.6514778137207 23.6592063903809 23.666934967041 23.6746635437012 23.6823921203613 23.6901206970215 23.6978492736816 23.7055759429932 23.7124576568604 23.7101726531982 23.7078857421875 23.7056007385254 23.7033138275146
21.8447036743164 21.9147357940674 21.9847679138184 22.0548000335693 22.1248321533203 22.1948642730713 22.2648963928223 22.3309631347656 22.3826751708984 22.4343872070312 22.4860992431641 22.5378112792969 22.5895233154297 22.6412353515625 22.6929473876953 22.7446594238281 22.7963695526123 22.8481693267822 22.9003601074219 22.9525508880615 23.0047416687012 23.0569324493408 23.1091213226318 23.1613121032715 23.2135028839111 23.2656936645508 23.3178844451904 23.3667221069336 23.396635055542 23.426549911499 23.4564647674561 23.4863796234131 23.5162925720215 23.5462074279785 23.5761222839355 23.6060371398926 23.635950088501 23.6630115509033 23.6686611175537 23.6743106842041 23.6799602508545 23.6856079101562 23.6912574768066 23.696907043457 23.7025566101074 23.7082042694092 23.7138538360596 23.7188262939453 23.7164840698242 23.7141418457031 23.7117977142334 23.7094554901123
21.8889541625977 21.9625911712646 22.036226272583 22.10986328125 22.183500289917 22.2571353912354 22.3307723999023 22.3993396759033 22.4495525360107 22.4997653961182 22.5499801635742 22.6001930236816 22.6504058837891 22.7006187438965 22.7508316040039 22.8010444641113 22.8512573242188 22.9012813568115 22.9504642486572 22.9996452331543 23.048828125 23.0980110168457 23.1471920013428 23.1963748931885 23.2455558776855 23.2947387695312 23.3439197540283 23.3898887634277 23.4177303314209 23.4455699920654 23.47340965271 23.5012512207031 23.5290908813477 23.5569305419922 23.5847721099854 23.6126117706299 23.6404514312744 23.6655902862549 23.6704425811768 23.6752967834473 23.6801509857178 23.6850051879883 23.6898574829102 23.6947116851807 23.6995658874512 23.7044200897217 23.7092723846436 23.7135372161865 23.7114295959473 23.709321975708 23.7072143554688 23.7051067352295
21.9332046508789 22.0104446411133 22.0876865386963 22.1649265289307 22.242166519165 22.319408416748 22.3966484069824 22.467716217041 22.516429901123 22.5651435852051 22.6138591766357 22.6625728607178 22.7112884521484 22.7600021362305 22.8087177276611 22.8574314117432 22.9061470031738 22.9543952941895 23.0005683898926 23.0467414855957 23.0929145812988 23.139087677002 23.1852626800537 23.2314357757568 23.27760887146 23.3237819671631 23.3699550628662 23.4130573272705 23.4388236999512 23.4645900726318 23.4903564453125 23.5161228179932 23.5418872833252 23.5676536560059 23.5934200286865 23.6191864013672 23.6449527740479 23.6681671142578 23.6722240447998 23.6762828826904 23.6803417205811 23.6844005584717 23.6884593963623 23.6925163269043 23.6965751647949 23.7006340026855 23.7046928405762 23.7082481384277 23.7063770294189 23.7045040130615 23.7026309967041 23.7007579803467
21.9774551391602 22.0583000183105 22.1391448974609 22.2199897766113 22.3008346557617 22.3816795349121 22.4625244140625 22.5360908508301 22.5833072662354 22.6305236816406 22.6777381896973 22.7249546051025 22.7721710205078 22.8193855285645 22.8666019439697 22.913818359375 22.9610347747803 23.0075073242188 23.0506725311279 23.0938358306885 23.1370010375977 23.1801662445068 23.223331451416 23.2664966583252 23.3096618652344 23.3528270721436 23.3959922790527 23.4362258911133 23.4599170684814 23.4836101531982 23.5073013305664 23.5309944152832 23.5546855926514 23.5783767700195 23.6020698547363 23.6257610321045 23.6494541168213 23.6707439422607 23.6740074157715 23.6772689819336 23.6805324554443 23.6837959289551 23.6870594024658 23.6903228759766 23.6935863494873 23.6968479156494 23.7001113891602 23.7029590606689 23.701322555542 23.6996841430664 23.6980476379395 23.6964092254639
22.0217056274414 22.1061534881592 22.1906032562256 22.275053024292 22.3595008850098 22.4439506530762 22.5284004211426 22.6044673919678 22.6501846313477 22.6959018707275 22.7416191101074 22.7873363494873 22.8330535888672 22.8787708282471 22.924488067627 22.9702053070068 23.0159225463867 23.060619354248 23.1007747650146 23.1409320831299 23.1810894012451 23.2212448120117 23.261402130127 23.3015575408936 23.3417148590088 23.3818702697754 23.4220275878906 23.4593944549561 23.4810123443604 23.5026302337646 23.5242481231689 23.5458660125732 23.5674839019775 23.5891017913818 23.6107196807861 23.6323356628418 23.6539535522461 23.6733207702637 23.6757888793945 23.6782569885254 23.6807231903076 23.6831912994385 23.6856594085693 23.6881275177002 23.6905956268311 23.6930637359619 23.6955299377441 23.6976718902588 23.696268081665 23.6948661804199 23.6934642791748 23.6920623779297
22.065954208374 22.1540088653564 22.2420616149902 22.3301162719727 22.4181690216064 22.5062217712402 22.5942764282227 22.6728420257568 22.71706199646 22.7612800598145 22.8054981231689 22.8497161865234 22.8939361572266 22.9381542205811 22.9823722839355 23.02659034729 23.0708103179932 23.1137313842773 23.15087890625 23.1880264282227 23.2251758575439 23.2623233795166 23.2994709014893 23.3366203308105 23.3737678527832 23.4109153747559 23.4480628967285 23.4825611114502 23.5021057128906 23.5216484069824 23.5411930084229 23.5607357025146 23.5802803039551 23.5998249053955 23.6193675994873 23.6389122009277 23.6584548950195 23.6758975982666 23.6775703430176 23.6792430877686 23.6809158325195 23.6825885772705 23.6842594146729 23.6859321594238 23.6876049041748 23.6892776489258 23.6909503936768 23.6923828125 23.6912155151367 23.6900482177734 23.6888809204102 23.6877136230469
22.1102046966553 22.2018623352051 22.2935199737549 22.3851776123047 22.4768371582031 22.5684947967529 22.6601524353027 22.7412185668945 22.7839374542236 22.8266582489014 22.8693790435791 22.9120979309082 22.9548187255859 22.997537612915 23.0402584075928 23.0829772949219 23.1256980895996 23.1668434143066 23.2009830474854 23.2351226806641 23.2692623138428 23.3034019470215 23.3375415802002 23.3716812133789 23.4058208465576 23.4399604797363 23.474100112915 23.505729675293 23.5231990814209 23.5406684875488 23.5581378936768 23.5756072998047 23.5930786132812 23.6105480194092 23.6280174255371 23.645486831665 23.662956237793 23.6784744262695 23.6793518066406 23.6802291870117 23.6811065673828 23.6819839477539 23.682861328125 23.6837387084961 23.6846141815186 23.6854915618896 23.6863689422607 23.6870937347412 23.6861610412598 23.6852283477783 23.6842956542969 23.6833648681641
22.1544551849365 22.2497177124023 22.3449802398682 22.4402408599854 22.5355033874512 22.630765914917 22.7260284423828 22.8095932006836 22.8508148193359 22.8920364379883 22.9332580566406 22.974479675293 23.0157012939453 23.056921005249 23.0981426239014 23.1393642425537 23.1805858612061 23.2199554443359 23.2510871887207 23.2822170257568 23.3133487701416 23.3444805145264 23.3756103515625 23.4067420959473 23.437873840332 23.4690036773682 23.5001354217529 23.5288982391357 23.5442924499512 23.5596885681152 23.5750846862793 23.5904788970947 23.6058750152588 23.6212711334229 23.6366653442383 23.6520614624023 23.6674575805664 23.6810512542725 23.6811332702637 23.6812152862549 23.6812973022461 23.6813793182373 23.6814613342285 23.6815433502197 23.6816253662109 23.6817073822021 23.6817893981934 23.6818046569824 23.6811065673828 23.6804103851318 23.6797122955322 23.6790161132812
22.1987056732178 22.297571182251 22.3964385986328 22.495304107666 22.5941715240479 22.6930370330811 22.7919044494629 22.8779697418213 22.9176921844482 22.9574146270752 22.9971370697021 23.0368595123291 23.0765838623047 23.1163063049316 23.1560287475586 23.1957511901855 23.2354736328125 23.2730674743652 23.3011913299561 23.3293132781982 23.3574352264404 23.3855590820312 23.4136810302734 23.4418029785156 23.4699268341064 23.4980487823486 23.5261707305908 23.5520668029785 23.5653877258301 23.5787086486816 23.5920295715332 23.6053504943848 23.618673324585 23.6319942474365 23.6453151702881 23.6586360931396 23.6719589233398 23.683629989624 23.6829166412354 23.682201385498 23.6814880371094 23.6807746887207 23.680061340332 23.6793479919434 23.6786346435547 23.677921295166 23.6772079467773 23.6765155792236 23.6760540008545 23.6755905151367 23.6751289367676 23.6746673583984
22.242956161499 22.3454265594482 22.4478969573975 22.5503673553467 22.6528377532959 22.7553081512451 22.8577785491943 22.946346282959 22.9845695495605 23.0227928161621 23.0610179901123 23.0992412567139 23.1374645233154 23.1756896972656 23.2139129638672 23.2521381378174 23.2903614044189 23.3261795043945 23.3512935638428 23.376407623291 23.4015216827393 23.4266357421875 23.4517498016357 23.4768657684326 23.5019798278809 23.5270938873291 23.5522079467773 23.5752334594727 23.5864810943604 23.597728729248 23.6089763641357 23.6202220916748 23.6314697265625 23.6427173614502 23.6539649963379 23.6652126312256 23.6764583587646 23.686206817627 23.6846981048584 23.6831893920898 23.6816806793213 23.6801719665527 23.6786632537842 23.677152633667 23.6756439208984 23.6741352081299 23.6726264953613 23.6712265014648 23.6709995269775 23.6707725524902 23.6705455780029 23.6703186035156
22.2850589752197 22.3906993865967 22.4963397979736 22.6019821166992 22.7076225280762 22.8132629394531 22.9189033508301 23.0096206665039 23.0463047027588 23.0829906463623 23.1196765899658 23.1563606262207 23.1930465698242 23.2297325134277 23.2664184570312 23.3031024932861 23.3397884368896 23.3738479614258 23.3962268829346 23.4186058044434 23.4409847259521 23.4633636474609 23.4857425689697 23.5081214904785 23.5305004119873 23.5528793334961 23.5752582550049 23.5956935882568 23.6051578521729 23.6146221160889 23.6240882873535 23.6335525512695 23.6430168151855 23.6524810791016 23.6619472503662 23.6714115142822 23.6808757781982 23.6890068054199 23.6871376037598 23.685266494751 23.6833953857422 23.681526184082 23.6796550750732 23.6777839660645 23.6759147644043 23.6740436553955 23.6721725463867 23.6704654693604 23.6705093383789 23.6705551147461 23.6705989837646 23.6706447601318
22.31618309021 22.4227733612061 22.5293617248535 22.635950088501 22.7425403594971 22.8491287231445 22.955717086792 23.0468006134033 23.0817432403564 23.1166858673096 23.1516265869141 23.1865692138672 23.2215118408203 23.2564544677734 23.2913970947266 23.3263378143311 23.3612804412842 23.3936729431152 23.4147129058838 23.435754776001 23.4567966461182 23.4778366088867 23.4988784790039 23.5199184417725 23.5409603118896 23.5620021820068 23.5830421447754 23.6022968292236 23.6114711761475 23.6206455230713 23.6298198699951 23.6389923095703 23.6481666564941 23.657341003418 23.6665153503418 23.675687789917 23.6848621368408 23.6929569244385 23.6929416656494 23.692928314209 23.6929130554199 23.6928997039795 23.6928863525391 23.69287109375 23.6928577423096 23.6928424835205 23.6928291320801 23.6928596496582 23.6933650970459 23.6938705444336 23.6943778991699 23.6948833465576
22.3473072052002 22.4548454284668 22.5623817443848 22.6699199676514 22.777458190918 22.8849945068359 22.9925327301025 23.0839805603027 23.1171798706055 23.1503791809082 23.1835784912109 23.2167778015137 23.2499771118164 23.2831764221191 23.3163757324219 23.3495750427246 23.3827743530273 23.4134960174561 23.433198928833 23.4529037475586 23.4726066589355 23.4923095703125 23.5120124816895 23.531717300415 23.551420211792 23.5711231231689 23.5908260345459 23.6089019775391 23.6177845001221 23.6266670227051 23.6355514526367 23.6444339752197 23.6533164978027 23.6621990203857 23.6710834503174 23.6799659729004 23.6888484954834 23.6969051361084 23.6987476348877 23.7005882263184 23.7024307250977 23.704273223877 23.7061157226562 23.7079582214355 23.7098007202148 23.7116432189941 23.7134857177734 23.7152538299561 23.7162208557129 23.7171878814697 23.7181549072266 23.7191219329834
22.3784313201904 22.4869174957275 22.5954036712646 22.7038898468018 22.8123760223389 22.9208602905273 23.0293464660645 23.1211624145508 23.1526184082031 23.1840744018555 23.2155303955078 23.2469863891602 23.2784423828125 23.3098983764648 23.3413543701172 23.3728103637695 23.4042663574219 23.4333209991455 23.4516868591309 23.4700508117676 23.4884166717529 23.5067825317383 23.5251483917236 23.543514251709 23.5618801116943 23.5802459716797 23.5986099243164 23.6155052185059 23.6240978240967 23.6326904296875 23.6412830352783 23.6498737335205 23.6584663391113 23.6670589447021 23.675651550293 23.6842441558838 23.6928367614746 23.7008533477783 23.7045516967773 23.7082500457764 23.7119483947754 23.7156467437744 23.7193470001221 23.7230453491211 23.7267436981201 23.7304420471191 23.7341403961182 23.7376480102539 23.7390766143799 23.7405052185059 23.7419338226318 23.7433624267578
22.4095554351807 22.5189895629883 22.6284236907959 22.7378597259521 22.8472938537598 22.9567279815674 23.066162109375 23.1583423614502 23.1880550384521 23.2177677154541 23.2474803924561 23.2771949768066 23.3069076538086 23.3366203308105 23.3663330078125 23.3960456848145 23.4257583618164 23.4531440734863 23.4701728820801 23.4871997833252 23.5042285919189 23.5212554931641 23.5382843017578 23.5553112030029 23.5723400115967 23.5893669128418 23.6063957214355 23.6221084594727 23.6304111480713 23.6387119293213 23.6470146179199 23.6553153991699 23.6636161804199 23.6719188690186 23.6802196502686 23.6885204315186 23.6968231201172 23.7048015594482 23.710355758667 23.7159118652344 23.7214660644531 23.7270221710205 23.7325763702393 23.7381324768066 23.7436866760254 23.7492427825928 23.7547969818115 23.7600421905518 23.7619323730469 23.7638206481934 23.7657108306885 23.7676010131836
22.4406795501709 22.5510635375977 22.6614456176758 22.7718276977539 22.8822116851807 22.9925937652588 23.1029758453369 23.1955223083496 23.2234935760498 23.2514629364014 23.2794322967529 23.3074016571045 23.3353729248047 23.3633422851562 23.3913116455078 23.4192810058594 23.4472522735596 23.4729690551758 23.4886589050293 23.5043487548828 23.5200386047363 23.5357284545898 23.5514183044434 23.5671081542969 23.5827980041504 23.5984897613525 23.6141796112061 23.6287136077881 23.6367244720459 23.6447353363037 23.6527442932129 23.6607551574707 23.6687660217285 23.6767768859863 23.6847877502441 23.692798614502 23.7008094787598 23.7087497711182 23.7161617279053 23.7235717773438 23.7309837341309 23.738395690918 23.7458076477051 23.7532176971436 23.7606296539307 23.7680416107178 23.7754535675049 23.7824363708496 23.7847862243652 23.7871379852295 23.7894878387451 23.7918395996094
22.4718036651611 22.5831356048584 22.694465637207 22.8057975769043 22.9171295166016 23.0284595489502 23.1397914886475 23.2327041625977 23.2589302062988 23.28515625 23.3113842010498 23.337610244751 23.3638362884521 23.390064239502 23.4162902832031 23.4425182342529 23.4687442779541 23.4927921295166 23.5071449279785 23.5214977264404 23.5358486175537 23.5502014160156 23.5645542144775 23.5789070129395 23.5932579040527 23.6076107025146 23.6219635009766 23.6353168487549 23.6430377960205 23.6507568359375 23.6584758758545 23.6661968231201 23.6739158630371 23.6816368103027 23.6893558502197 23.6970767974854 23.7047958374023 23.7126979827881 23.7219657897949 23.7312335968018 23.7405014038086 23.7497692108154 23.7590370178223 23.7683048248291 23.7775726318359 23.7868404388428 23.7961082458496 23.8048305511475 23.8076419830322 23.810453414917 23.8132667541504 23.8160781860352
22.5029277801514 22.6152076721191 22.7274875640869 22.8397674560547 22.9520473480225 23.0643253326416 23.1766052246094 23.2698841094971 23.2943668365479 23.3188514709473 23.343334197998 23.3678188323975 23.3923015594482 23.4167861938477 23.4412689208984 23.4657535552979 23.4902362823486 23.5126171112061 23.5256309509277 23.5386447906494 23.5516605377197 23.5646743774414 23.5776882171631 23.5907039642334 23.6037178039551 23.6167335510254 23.6297473907471 23.6419200897217 23.6493492126465 23.6567783355713 23.6642074584961 23.6716365814209 23.6790657043457 23.6864948272705 23.6939239501953 23.7013530731201 23.7087821960449 23.716646194458 23.7277698516846 23.7388954162598 23.7500190734863 23.7611427307129 23.7722682952881 23.7833919525146 23.7945156097412 23.8056411743164 23.816764831543 23.8272247314453 23.8304977416992 23.8337707519531 23.837043762207 23.8403167724609
22.5340518951416 22.6472797393799 22.7605075836182 22.8737373352051 22.9869651794434 23.1001930236816 23.2134208679199 23.3070640563965 23.3298053741455 23.3525466918945 23.3752861022949 23.3980274200439 23.4207668304443 23.4435081481934 23.4662475585938 23.4889888763428 23.5117301940918 23.5324401855469 23.544116973877 23.555793762207 23.5674705505371 23.5791473388672 23.5908241271973 23.6025009155273 23.6141777038574 23.6258544921875 23.6375312805176 23.6485252380371 23.6556625366211 23.6628017425537 23.6699390411377 23.6770782470703 23.6842155456543 23.6913547515869 23.6984939575195 23.7056312561035 23.7127704620361 23.7205944061279 23.7335758209229 23.7465553283691 23.7595367431641 23.772518157959 23.7854976654053 23.7984790802002 23.8114585876465 23.8244400024414 23.8374214172363 23.8496189117432 23.8533535003662 23.8570880889893 23.8608226776123 23.8645553588867
