R_scripts/int_process_data/Bio_07.asc
NCOLS 281 
NROWS 576 
XLLCORNER 81175.2677831308 
YLLCORNER 88.2293212990044 
CELLSIZE 1000 
NODATA_value -3.4e+38 
[rows 391 to 413 of 576, columns 52 to 103 of 281]
21.5811004638672 21.9100360870361 22.2389717102051 22.567907333374 22.896842956543 23.2257785797119 23.5547142028809 23.8342266082764 23.9348030090332 24.0353775024414 24.1359519958496 24.2365283966064 24.3371028900146 24.4376773834229 24.5382537841797 24.6388282775879 24.7394027709961 24.8406963348389 24.945182800293 25.0496673583984 25.1541538238525 25.2586402893066 25.3631267547607 25.4676113128662 25.5720977783203 25.6765842437744 25.7810707092285 25.8808708190918 25.9542236328125 26.0275764465332 26.1009273529053 26.174280166626 26.2476329803467 26.3209857940674 26.3943386077881 26.4676914215088 26.5410442352295 26.6106052398682 26.6517105102539 26.6928157806396 26.733922958374 26.7750282287598 26.8161334991455 26.8572387695312 26.898344039917 26.9394493103027 26.9805545806885 27.0234088897705 27.0851993560791 27.1469879150391 27.208776473999 27.270565032959
21.4871082305908 21.8034915924072 22.119873046875 22.4362564086914 22.7526378631592 23.0690212249756 23.3854026794434 23.6553745269775 23.7573070526123 23.8592395782471 23.9611740112305 24.0631065368652 24.1650390625 24.2669715881348 24.3689060211182 24.4708385467529 24.5727710723877 24.6764583587646 24.7879467010498 24.8994369506836 25.0109252929688 25.1224155426025 25.2339038848877 25.3453941345215 25.4568843841553 25.5683727264404 25.6798629760742 25.7861957550049 25.8634300231934 25.9406642913818 26.0179004669189 26.0951347351074 26.1723690032959 26.2496032714844 26.3268394470215 26.40407371521 26.4813079833984 26.5544204711914 26.596586227417 26.6387538909912 26.6809196472168 26.7230854034424 26.7652530670166 26.8074188232422 26.8495864868164 26.891752243042 26.9339199066162 26.9782066345215 27.0454425811768 27.1126766204834 27.17991065979 27.2471466064453
21.3931179046631 21.6969470977783 22.0007762908936 22.3046054840088 22.608434677124 22.9122638702393 23.2160930633545 23.4765205383301 23.57981300354 23.6831035614014 23.7863941192627 23.889684677124 23.9929752349854 24.0962677001953 24.1995582580566 24.302848815918 24.4061393737793 24.5122203826904 24.6307125091553 24.7492046356201 24.8676986694336 24.9861907958984 25.1046829223633 25.2231750488281 25.3416690826416 25.4601612091064 25.5786533355713 25.691520690918 25.7726383209229 25.8537540435791 25.934871673584 26.0159873962402 26.0971050262451 26.1782207489014 26.2593383789062 26.3404541015625 26.4215717315674 26.498233795166 26.5414619445801 26.5846900939941 26.6279163360596 26.6711444854736 26.7143726348877 26.7576007843018 26.8008289337158 26.8440570831299 26.8872852325439 26.9330043792725 27.0056858062744 27.0783653259277 27.1510467529297 27.223726272583
21.1492042541504 21.468225479126 21.79323387146 22.1243953704834 22.4618892669678 22.8059005737305 23.1566143035889 23.4566631317139 23.5499153137207 23.6413726806641 23.7310905456543 23.8191146850586 23.9054946899414 23.9902763366699 24.0735015869141 24.1552143096924 24.2354564666748 24.3218193054199 24.4412326812744 24.5606441497803 24.6800575256348 24.7994689941406 24.9188823699951 25.038293838501 25.1577072143555 25.2771186828613 25.3965320587158 25.5109920501709 25.597505569458 25.6840190887451 25.7705307006836 25.8570442199707 25.9435577392578 26.0300712585449 26.116584777832 26.2030963897705 26.2896099090576 26.3715038299561 26.4187240600586 26.4659461975098 26.5131683349609 26.5603885650635 26.6076107025146 26.6548309326172 26.7020530700684 26.7492752075195 26.7964954376221 26.8460369110107 26.9206600189209 26.9952831268311 27.0699062347412 27.1445293426514
20.8715953826904 21.2047920227051 21.5519504547119 21.9139652252197 22.2918148040771 22.6865558624268 23.0993518829346 23.4539890289307 23.5337371826172 23.6099529266357 23.6828670501709 23.7526874542236 23.8196105957031 23.8838119506836 23.9454517364502 24.0046825408936 24.0616436004639 24.128511428833 24.2481670379639 24.3678226470947 24.4874782562256 24.6071338653564 24.7267913818359 24.8464469909668 24.9661026000977 25.0857582092285 25.2054138183594 25.3209190368652 25.4129962921143 25.5050735473633 25.5971508026123 25.68922996521 25.781307220459 25.873384475708 25.9654636383057 26.0575408935547 26.1496181488037 26.236930847168 26.2884712219238 26.3400115966797 26.3915519714355 26.44309425354 26.4946346282959 26.5461750030518 26.5977153778076 26.6492576599121 26.700798034668 26.7544231414795 26.8306007385254 26.9067764282227 26.9829540252686 27.0591297149658
20.5742130279541 20.9160137176514 21.2810173034668 21.6716709136963 22.0907745361328 22.5415534973145 23.0277423858643 23.4505863189697 23.5137596130371 23.5722332000732 23.6265144348145 23.6770401000977 23.7241840362549 23.7682762145996 23.8096027374268 23.8484172821045 23.8849430084229 23.9352035522461 24.0551013946533 24.1750011444092 24.294900894165 24.4147987365723 24.5346984863281 24.654598236084 24.7744960784912 24.8943958282471 25.0142955780029 25.1308441162109 25.2284870147705 25.3261299133301 25.423770904541 25.5214138031006 25.6190567016602 25.7166996002197 25.8143424987793 25.9119853973389 26.0096263885498 26.1023578643799 26.1582164764404 26.2140769958496 26.2699375152588 26.325798034668 26.3816585540771 26.4375190734863 26.4933795928955 26.5492382049561 26.6050987243652 26.6628112792969 26.7405414581299 26.8182697296143 26.8959999084473 26.9737300872803
20.2548656463623 20.5980472564697 20.9746131896973 21.3896770477295 21.8494663238525 22.3616199493408 22.9356231689453 23.4461135864258 23.4884662628174 23.5261116027832 23.5597915649414 23.5901050567627 23.6175289154053 23.6424598693848 23.6652221679688 23.6860866546631 23.7052822113037 23.7418956756592 23.8620376586914 23.9821796417236 24.1023216247559 24.2224655151367 24.3426074981689 24.4627494812012 24.5828914642334 24.7030334472656 24.8231773376465 24.9407691955566 25.0439777374268 25.1471843719482 25.2503910064697 25.3535995483398 25.4568061828613 25.5600128173828 25.6632213592529 25.7664279937744 25.8696346282959 25.9677829742432 26.0279636383057 26.0881423950195 26.148323059082 26.2085018157959 26.2686824798584 26.3288612365723 26.3890419006348 26.4492206573486 26.5094013214111 26.5711975097656 26.6504802703857 26.7297649383545 26.8090476989746 26.8883304595947
19.9110260009766 20.2462348937988 20.625280380249 21.0573616027832 21.5544490814209 22.1324043273926 22.812707901001 23.4399700164795 23.4554119110107 23.4684276580811 23.4795455932617 23.4891548156738 23.4975414276123 23.5049247741699 23.5114765167236 23.5173263549805 23.5225849151611 23.5485858917236 23.6689720153809 23.7893581390381 23.9097442626953 24.0301303863525 24.1505146026611 24.2709007263184 24.3912868499756 24.5116729736328 24.63205909729 24.750696182251 24.859468460083 24.968240737915 25.0770111083984 25.1857833862305 25.2945556640625 25.4033279418945 25.5121002197266 25.6208724975586 25.7296447753906 25.8332099914551 25.8977088928223 25.9622077941895 26.0267086029053 26.0912075042725 26.1557064056396 26.2202053070068 26.284704208374 26.3492031097412 26.413703918457 26.479585647583 26.5604209899902 26.6412582397461 26.722095489502 26.8029327392578
19.5397663116455 19.8548679351807 20.5090618133545 20.9933986663818 21.5253829956055 22.1201057434082 22.7364101409912 23.1031913757324 23.1577701568604 23.1994400024414 23.2304573059082 23.2280101776123 23.3615531921387 -3.4e+38 23.3474254608154 23.3417510986328 23.3367748260498 23.3552780151367 23.4759063720703 23.5965366363525 23.7171649932861 23.8377952575684 23.958423614502 24.0790519714355 24.1996822357178 24.3203105926514 24.4409408569336 24.5606212615967 24.6749591827393 24.7892951965332 24.9036312103271 25.0179691314697 25.1323051452637 25.2466430664062 25.3609790802002 25.4753150939941 25.5896530151367 25.698637008667 25.7674560546875 25.836275100708 25.9050922393799 25.9739112854004 26.0427303314209 26.1115493774414 26.1803684234619 26.2491855621338 26.3180046081543 26.3879718780518 26.4703617095947 26.5527515411377 26.6351432800293 26.7175331115723
19.1376686096191 19.4168758392334 19.6906242370605 20.6268501281738 21.1688022613525 21.7561168670654 22.3498401641846 22.8014373779297 22.8867053985596 22.9525699615479 22.9177875518799 23.0208835601807 23.2061386108398 -3.4e+38 23.1719970703125 23.1589374542236 23.1477737426758 23.1619701385498 23.2828426361084 23.403715133667 23.5245876312256 23.6454601287842 23.7663326263428 23.8872051239014 24.00807762146 24.1289501190186 24.2498207092285 24.370548248291 24.4904499053955 24.6103515625 24.7302513122559 24.8501529693604 24.9700546264648 25.0899562835693 25.2098579406738 25.3297595977783 25.4496612548828 25.5640640258789 25.6372013092041 25.7103404998779 25.7834777832031 25.856616973877 25.9297542572021 26.0028915405273 26.0760307312012 26.1491680145264 26.2223072052002 26.2963600158691 26.3803024291992 26.4642467498779 26.548189163208 26.6321334838867
18.7007255554199 18.9234008789062 19.1893310546875 19.5769844055176 20.8320121765137 21.4262199401855 22.0108280181885 22.3501377105713 22.4465560913086 -3.4e+38 22.7239513397217 22.8478698730469 -3.4e+38 -3.4e+38 22.9839668273926 22.9684276580811 22.955493927002 22.9686603546143 23.0897769927979 23.2108936309814 23.3320083618164 23.453125 23.574239730835 23.6953563690186 23.8164710998535 23.9375877380371 24.0587024688721 24.1804733276367 24.3059406280518 24.4314060211182 24.5568714141846 24.6823387145996 24.807804107666 24.9332714080811 25.0587368011475 25.1842021942139 25.3096694946289 25.4294910430908 25.5069484710693 25.5844058990479 25.6618633270264 25.7393207550049 25.8167781829834 25.8942356109619 25.9716930389404 26.0491504669189 26.1266078948975 26.2047462463379 26.2902431488037 26.3757400512695 26.4612369537354 26.5467338562012
18.2242012023926 18.3631858825684 18.8386363983154 19.272705078125 19.7190856933594 21.3899040222168 21.9234790802002 22.1899433135986 22.2578029632568 -3.4e+38 22.3753185272217 22.6339683532715 -3.4e+38 -3.4e+38 22.781925201416 22.7697277069092 22.7598533630371 22.7753524780273 22.8967113494873 23.0180702209473 23.1394309997559 23.2607898712158 23.3821487426758 23.5035076141357 23.6248664855957 23.7462253570557 23.8675842285156 23.9904003143311 24.121431350708 24.252462387085 24.3834915161133 24.5145225524902 24.6455535888672 24.7765846252441 24.9076156616211 25.038646697998 25.169677734375 25.2949161529541 25.3766937255859 25.4584712982178 25.5402488708496 25.6220245361328 25.7038021087646 25.7855796813965 25.8673553466797 25.9491329193115 26.0309104919434 26.1131343841553 26.2001838684082 26.2872333526611 26.3742847442627 26.4613342285156
-3.4e+38 -3.4e+38 18.8948307037354 19.2193927764893 19.6004409790039 20.0105323791504 21.6616859436035 21.9502449035645 21.9817848205566 22.1025505065918 -3.4e+38 22.0675239562988 -3.4e+38 -3.4e+38 22.564245223999 22.5622940063477 -3.4e+38 22.5820446014404 22.7036476135254 22.8252487182617 22.9468517303467 23.0684547424316 23.190055847168 23.3116588592529 23.4332618713379 23.5548648834229 23.6764659881592 23.8003253936768 23.9369220733643 24.0735168457031 24.210111618042 24.3467082977295 24.4833030700684 24.6198997497559 24.7564945220947 24.8930892944336 25.0296859741211 25.160343170166 25.2464408874512 25.3325366973877 25.4186325073242 25.5047302246094 25.5908260345459 25.6769218444824 25.7630195617676 25.8491153717041 25.9352130889893 26.021520614624 26.1101245880127 26.1987285614014 26.2873306274414 26.3759346008301
-3.4e+38 -3.4e+38 -3.4e+38 -3.4e+38 19.4806804656982 19.8666038513184 20.263858795166 21.7402992248535 21.829568862915 -3.4e+38 -3.4e+38 -3.4e+38 -3.4e+38 -3.4e+38 -3.4e+38 22.278112411499 22.278112411499 22.3018188476562 22.4310169219971 22.5602169036865 22.6894149780273 22.8186149597168 22.9478149414062 23.0770130157471 23.2062129974365 23.3354110717773 23.4646110534668 23.5960559844971 23.7401752471924 23.8842945098877 24.028413772583 24.1725311279297 24.316650390625 24.4607696533203 24.6048889160156 24.7490081787109 24.8931274414062 25.0311050415039 25.1229953765869 25.2148857116699 25.3067760467529 25.3986663818359 25.4905567169189 25.582447052002 25.674337387085 25.766227722168 25.858118057251 25.9498405456543 26.0397605895996 26.1296806335449 26.2195987701416 26.3095188140869
-3.4e+38 -3.4e+38 -3.4e+38 -3.4e+38 -3.4e+38 19.5260581970215 19.8358554840088 20.1546325683594 21.3886432647705 21.5352230072021 21.657205581665 21.7671184539795 21.9829521179199 -3.4e+38 -3.4e+38 21.9829521179199 21.9829521179199 22.0082569122314 22.1461811065674 22.2841053009033 22.4220294952393 22.5599536895752 22.6978778839111 22.8358020782471 22.973726272583 23.1116504669189 23.2495746612549 23.3896083831787 23.5415515899658 23.6934947967529 23.8454360961914 23.9973793029785 24.1493225097656 24.3012657165527 24.4532089233398 24.605152130127 24.7570953369141 24.9026851654053 25.0005950927734 25.0985050201416 25.1964149475098 25.2943267822266 25.3922367095947 25.4901466369629 25.5880565643311 25.6859664916992 25.783878326416 25.8812198638916 25.9724197387695 26.0636177062988 26.1548156738281 26.2460155487061
17.6293125152588 -3.4e+38 -3.4e+38 -3.4e+38 -3.4e+38 -3.4e+38 19.2106266021729 19.5037822723389 21.0260887145996 21.1794567108154 21.3163604736328 21.4598121643066 21.6877899169922 -3.4e+38 -3.4e+38 21.6877899169922 21.6877899169922 21.7146968841553 21.8613452911377 22.0079956054688 22.1546440124512 22.3012924194336 22.447940826416 22.5945911407471 22.7412395477295 22.8878879547119 23.0345363616943 23.1831607818604 23.3429279327393 23.5026950836182 23.6624603271484 23.8222274780273 23.9819946289062 24.1417617797852 24.3015289306641 24.461296081543 24.6210632324219 24.774263381958 24.87819480896 24.9821243286133 25.0860557556152 25.1899852752686 25.2939167022705 25.3978462219238 25.5017757415771 25.6057071685791 25.7096366882324 25.8125991821289 25.9050769805908 25.9975547790527 26.0900325775146 26.1825122833252
17.6293125152588 17.6293125152588 -3.4e+38 -3.4e+38 -3.4e+38 -3.4e+38 -3.4e+38 -3.4e+38 -3.4e+38 20.0585041046143 21.2573299407959 21.3714408874512 -3.4e+38 -3.4e+38 -3.4e+38 21.3926296234131 21.3926296234131 21.4211368560791 21.576509475708 21.7318840026855 21.8872585296631 22.042631149292 22.1980056762695 22.3533782958984 22.508752822876 22.6641254425049 22.8194999694824 22.976713180542 23.1443042755127 23.3118934631348 23.4794845581055 23.6470756530762 23.8146667480469 23.9822578430176 24.1498489379883 24.317440032959 24.4850311279297 24.6458435058594 24.7557945251465 24.8657455444336 24.9756946563721 25.0856456756592 25.1955947875977 25.3055458068848 25.4154968261719 25.5254459381104 25.6353969573975 25.7439765930176 25.8377342224121 25.9314918518066 26.0252494812012 26.1190090179443
-3.4e+38 17.6293125152588 18.1327037811279 -3.4e+38 -3.4e+38 -3.4e+38 -3.4e+38 -3.4e+38 -3.4e+38 20.1264190673828 -3.4e+38 -3.4e+38 -3.4e+38 -3.4e+38 21.0974674224854 21.0974674224854 21.0974674224854 21.1275768280029 21.291675567627 21.4557723999023 21.6198711395264 21.7839698791504 21.9480686187744 22.1121673583984 22.2762660980225 22.4403648376465 22.6044635772705 22.7702655792236 22.9456806182861 23.12109375 23.2965087890625 23.471923828125 23.6473388671875 23.82275390625 23.9981689453125 24.173583984375 24.3489990234375 24.5174236297607 24.633394241333 24.7493648529053 24.8653354644775 24.9813041687012 25.0972747802734 25.2132453918457 25.329216003418 25.4451866149902 25.5611572265625 25.6753559112549 25.770393371582 25.8654308319092 25.9604663848877 26.0555038452148
-3.4e+38 -3.4e+38 18.3560428619385 -3.4e+38 -3.4e+38 -3.4e+38 -3.4e+38 -3.4e+38 -3.4e+38 -3.4e+38 -3.4e+38 -3.4e+38 -3.4e+38 -3.4e+38 -3.4e+38 20.8023071289062 20.8023071289062 20.8340148925781 21.0068397521973 21.1796627044678 21.3524856567383 21.5253086090088 21.6981315612793 21.8709564208984 22.0437793731689 22.2166023254395 22.38942527771 22.5638179779053 22.7470550537109 22.9302940368652 23.1135330200195 23.2967720031738 23.4800109863281 23.6632499694824 23.8464889526367 24.029727935791 24.2129669189453 24.3890037536621 24.5109939575195 24.632984161377 24.7549743652344 24.8769645690918 24.9989547729492 25.1209449768066 25.2429351806641 25.3649253845215 25.4869174957275 25.6067333221436 25.7030506134033 25.7993679046631 25.8956832885742 25.992000579834
-3.4e+38 -3.4e+38 -3.4e+38 18.6400146484375 -3.4e+38 -3.4e+38 -3.4e+38 -3.4e+38 -3.4e+38 -3.4e+38 -3.4e+38 -3.4e+38 -3.4e+38 20.5071449279785 -3.4e+38 -3.4e+38 20.5071449279785 20.540454864502 20.7220039367676 20.9035511016846 21.0851001739502 21.2666473388672 21.4481964111328 21.6297435760498 21.8112926483154 21.9928417205811 22.174388885498 22.3573684692383 22.5484313964844 22.7394943237305 22.9305572509766 23.1216201782227 23.3126831054688 23.5037460327148 23.6948089599609 23.885871887207 24.0769348144531 24.2605838775635 24.3885936737061 24.5166034698486 24.6446132659912 24.7726249694824 24.900634765625 25.0286445617676 25.1566562652588 25.2846660614014 25.4126758575439 25.5381126403809 25.6357097625732 25.733304977417 25.8309001922607 25.9284973144531
-3.4e+38 -3.4e+38 -3.4e+38 -3.4e+38 18.6904182434082 18.8422031402588 -3.4e+38 -3.4e+38 -3.4e+38 -3.4e+38 -3.4e+38 -3.4e+38 -3.4e+38 -3.4e+38 -3.4e+38 -3.4e+38 20.2119846343994 20.2468948364258 20.4371681213379 20.62744140625 20.8177127838135 21.0079860687256 21.1982593536377 21.3885326385498 21.5788059234619 21.769079208374 21.9593524932861 22.1509208679199 22.3498077392578 22.5486946105957 22.7475814819336 22.9464683532715 23.1453552246094 23.3442420959473 23.5431289672852 23.742015838623 23.9409008026123 24.1321620941162 24.2661933898926 24.4002227783203 24.5342540740967 24.6682834625244 24.8023147583008 24.9363441467285 25.0703754425049 25.2044048309326 25.338436126709 25.4694919586182 25.5683670043945 25.6672420501709 25.7661170959473 25.8649940490723
-3.4e+38 -3.4e+38 -3.4e+38 -3.4e+38 -3.4e+38 18.9020042419434 19.0288791656494 -3.4e+38 19.2677001953125 -3.4e+38 -3.4e+38 -3.4e+38 -3.4e+38 -3.4e+38 -3.4e+38 -3.4e+38 -3.4e+38 -3.4e+38 20.1523323059082 20.3513298034668 20.5503273010254 20.749324798584 20.9483242034912 21.1473217010498 21.3463191986084 21.545316696167 21.7443141937256 21.9444732666016 22.1511840820312 22.3578948974609 22.5646057128906 22.7713165283203 22.97802734375 23.1847381591797 23.3914489746094 23.5981597900391 23.8048686981201 24.0037422180176 24.1437931060791 24.2838439941406 24.4238929748535 24.563943862915 24.7039947509766 24.8440437316895 24.984094619751 25.1241455078125 25.264196395874 25.4008693695068 25.5010242462158 25.6011791229248 25.7013339996338 25.8014907836914
-3.4e+38 -3.4e+38 -3.4e+38 -3.4e+38 -3.4e+38 -3.4e+38 19.0582141876221 -3.4e+38 19.2520217895508 19.0040225982666 -3.4e+38 -3.4e+38 -3.4e+38 -3.4e+38 -3.4e+38 -3.4e+38 -3.4e+38 -3.4e+38 -3.4e+38 20.0752182006836 20.2829418182373 20.4906635284424 20.6983871459961 20.9061107635498 21.1138324737549 21.3215560913086 21.5292778015137 21.7380256652832 21.9525604248047 22.1670951843262 22.3816299438477 22.5961647033691 22.8106994628906 23.0252342224121 23.2397689819336 23.4543037414551 23.6688365936279 23.8753223419189 24.0213928222656 24.1674633026123 24.313533782959 24.4596042633057 24.6056747436523 24.751745223999 24.8978137969971 25.0438842773438 25.1899547576904 25.3322486877441 25.4336833953857 25.5351181030273 25.6365509033203 25.7379856109619
