R_scripts/int_process_data/Bio_05_2001.2020.asc
NCOLS 281 
NROWS 577 
XLLCORNER 81175.2677831308 
YLLCORNER -911.770678700996 
CELLSIZE 1000 
NODATA_value -3.4e+38 
[rows 345 to 367 of 577, columns 52 to 103 of 281]
303.074127197266 303.199584960938 303.322021484375 303.439910888672 303.552551269531 303.670501708984 303.792846679688 303.911834716797 304.032470703125 304.160675048828 304.280487060547 304.420867919922 304.554016113281 304.647521972656 304.702423095703 304.743438720703 304.813201904297 304.870666503906 304.921478271484 304.97265625 305.011901855469 305.041320800781 305.122924804688 305.215026855469 305.265319824219 305.316558837891 305.332580566406 305.364562988281 305.371002197266 305.437164306641 305.440216064453 305.455535888672 305.524139404297 305.612274169922 305.675170898438 305.698394775391 305.731323242188 305.807464599609 305.898223876953 306.002227783203 306.064819335938 306.084686279297 306.030639648438 305.959625244141 306.0068359375 306.029296875 305.976989746094 305.886840820312 306.006896972656 306.111206054688 306.189422607422 306.176513671875
303.126770019531 303.248413085938 303.368347167969 303.487579345703 303.602203369141 303.719879150391 303.840911865234 303.961761474609 304.090698242188 304.231994628906 304.354248046875 304.492065429688 304.640350341797 304.758392333984 304.780456542969 304.772338867188 304.847320556641 304.938690185547 304.995452880859 305.036102294922 305.062896728516 305.100341796875 305.217376708984 305.287658691406 305.329650878906 305.389739990234 305.413421630859 305.46923828125 305.469818115234 305.471038818359 305.489715576172 305.499603271484 305.560577392578 305.654052734375 305.751525878906 305.806915283203 305.809234619141 305.861022949219 305.933258056641 306.015289306641 305.988189697266 306.016082763672 305.989288330078 305.911834716797 305.976898193359 305.940765380859 305.874603271484 305.946838378906 306.099670410156 306.067840576172 306.092742919922 306.105224609375
303.188629150391 303.310333251953 303.428436279297 303.551696777344 303.662994384766 303.781829833984 303.898681640625 304.019104003906 304.169036865234 304.326599121094 304.452056884766 304.564147949219 304.710388183594 304.844818115234 304.880432128906 304.843597412109 304.875122070312 304.988311767578 305.036987304688 305.07421875 305.101318359375 305.150512695312 305.2646484375 305.337463378906 305.406921386719 305.459289550781 305.498809814453 305.518981933594 305.509094238281 305.481750488281 305.494079589844 305.536834716797 305.592590332031 305.662994384766 305.756896972656 305.825927734375 305.847900390625 305.872589111328 305.927917480469 305.947418212891 305.867401123047 305.887756347656 305.889007568359 305.874572753906 305.88720703125 305.843444824219 305.870697021484 305.877410888672 305.952423095703 305.9169921875 305.957122802734 306.039489746094
303.242584228516 303.363708496094 303.48291015625 303.605499267578 303.718688964844 303.833068847656 303.951965332031 304.079071044922 304.234893798828 304.384368896484 304.509887695312 304.635894775391 304.771179199219 304.896362304688 304.949829101562 304.938659667969 304.919616699219 304.969604492188 305.052490234375 305.108489990234 305.146667480469 305.210327148438 305.307525634766 305.384704589844 305.455993652344 305.496002197266 305.541168212891 305.543090820312 305.531768798828 305.510803222656 305.517425537109 305.580474853516 305.618316650391 305.677429199219 305.755889892578 305.831726074219 305.841979980469 305.853057861328 305.826934814453 305.802551269531 305.749908447266 305.737518310547 305.735443115234 305.769805908203 305.793212890625 305.838012695312 305.775848388672 305.643646240234 305.648986816406 305.659057617188 305.749145507812 305.889282226562
303.284698486328 303.407531738281 303.526977539062 303.649322509766 303.762298583984 303.875762939453 303.999298095703 304.122772216797 304.260467529297 304.401153564453 304.548400878906 304.696533203125 304.828491210938 304.952087402344 305.027008056641 305.060699462891 305.053192138672 305.0390625 305.089935302734 305.147827148438 305.208465576172 305.277038574219 305.3681640625 305.432861328125 305.476287841797 305.511688232422 305.541381835938 305.552429199219 305.552917480469 305.5537109375 305.541870117188 305.605102539062 305.666534423828 305.736755371094 305.78857421875 305.821014404297 305.795043945312 305.753692626953 305.627899169922 305.564758300781 305.568908691406 305.654388427734 305.709075927734 305.676940917969 305.619201660156 305.582611083984 305.557830810547 305.537292480469 305.557006835938 305.590484619141 305.6298828125 305.703186035156
303.274353027344 303.398284912109 303.517913818359 303.640350341797 303.754364013672 303.8701171875 303.997039794922 304.123291015625 304.246948242188 304.373382568359 304.536651611328 304.700378417969 304.846801757812 304.990203857422 305.075958251953 305.115783691406 305.160736083984 305.154541015625 305.115020751953 305.112915039062 305.194519042969 305.308837890625 305.412658691406 305.4638671875 305.493988037109 305.512786865234 305.498901367188 305.515167236328 305.568023681641 305.558471679688 305.523498535156 305.633392333984 305.719909667969 305.740509033203 305.758453369141 305.708068847656 305.610687255859 305.502410888672 305.409362792969 305.415863037109 305.420776367188 305.443023681641 305.463958740234 305.471710205078 305.482299804688 305.508941650391 305.552795410156 305.593688964844 305.656372070312 305.714996337891 305.723937988281 305.697021484375
303.231750488281 303.356781005859 303.476837158203 303.601989746094 303.719421386719 303.847900390625 303.994262695312 304.117553710938 304.237426757812 304.349365234375 304.480926513672 304.637512207031 304.802368164062 304.977813720703 305.089019775391 305.140106201172 305.199829101562 305.214294433594 305.18115234375 305.133605957031 305.161285400391 305.287139892578 305.397155761719 305.414886474609 305.433258056641 305.467590332031 305.432891845703 305.44775390625 305.545837402344 305.506958007812 305.518249511719 305.638427734375 305.662628173828 305.681060791016 305.665100097656 305.546997070312 305.365295410156 305.302185058594 305.305908203125 305.322906494141 305.347808837891 305.380828857422 305.410308837891 305.458587646484 305.5146484375 305.581604003906 305.675689697266 305.760040283203 305.877716064453 305.932281494141 305.898742675781 305.832824707031
303.187561035156 303.315582275391 303.438629150391 303.562805175781 303.682189941406 303.832489013672 304.002227783203 304.122314453125 304.243377685547 304.344268798828 304.4482421875 304.574371337891 304.718078613281 304.895721435547 305.028961181641 305.081878662109 305.148559570312 305.18408203125 305.218109130859 305.213836669922 305.230651855469 305.246856689453 305.268096923828 305.304779052734 305.331787109375 305.360595703125 305.354339599609 305.365875244141 305.420135498047 305.439971923828 305.528717041016 305.560852050781 305.556762695312 305.583923339844 305.528778076172 305.369018554688 305.253265380859 305.248443603516 305.280151367188 305.319732666016 305.363067626953 305.427825927734 305.484954833984 305.558410644531 305.602966308594 305.660430908203 305.824127197266 305.909545898438 305.977935791016 306.061737060547 306.076385498047 306.010711669922
303.143005371094 303.271575927734 303.396789550781 303.522430419922 303.644897460938 303.796295166016 303.972625732422 304.106475830078 304.2294921875 304.33056640625 304.431823730469 304.579345703125 304.696319580078 304.812561035156 304.88525390625 304.920837402344 304.990417480469 305.069122314453 305.164886474609 305.206665039062 305.352020263672 305.336547851562 305.292724609375 305.343780517578 305.363464355469 305.356018066406 305.336364746094 305.37353515625 305.381164550781 305.423522949219 305.482788085938 305.484741210938 305.496307373047 305.413146972656 305.329437255859 305.244812011719 305.233245849609 305.252197265625 305.278625488281 305.342468261719 305.42578125 305.496826171875 305.540344238281 305.580718994141 305.657409667969 305.718872070312 305.819183349609 305.847625732422 305.900817871094 305.973693847656 306.023162841797 306.048553466797
303.099975585938 303.228240966797 303.355041503906 303.485382080078 303.610992431641 303.746856689453 303.928619384766 304.080169677734 304.215057373047 304.339477539062 304.437255859375 304.570434570312 304.751556396484 304.867736816406 304.890106201172 304.883911132812 304.886993408203 304.924407958984 304.990356445312 305.041198730469 305.165100097656 305.211120605469 305.255981445312 305.307861328125 305.358642578125 305.393371582031 305.412445068359 305.459594726562 305.474945068359 305.481750488281 305.498077392578 305.466979980469 305.365753173828 305.224700927734 305.192352294922 305.217559814453 305.251190185547 305.291320800781 305.331939697266 305.366607666016 305.411926269531 305.498718261719 305.55810546875 305.609069824219 305.700408935547 305.785400390625 305.801727294922 305.821746826172 305.854766845703 305.897125244141 305.937347412109 306.029541015625
303.058959960938 303.185241699219 303.314361572266 303.451629638672 303.582733154297 303.697357177734 303.869110107422 304.044036865234 304.211334228516 304.359283447266 304.441040039062 304.533203125 304.795043945312 304.96142578125 305.003356933594 305.007690429688 304.978576660156 304.959411621094 304.910919189453 304.911773681641 304.927459716797 304.956604003906 305.010864257812 305.051208496094 305.104400634766 305.210540771484 305.313995361328 305.338195800781 305.392364501953 305.463836669922 305.436248779297 305.255889892578 305.139953613281 305.137664794922 305.171752929688 305.220031738281 305.272521972656 305.326263427734 305.399627685547 305.430541992188 305.376678466797 305.432556152344 305.592468261719 305.672790527344 305.733978271484 305.815856933594 305.888732910156 305.940856933594 305.949462890625 305.971618652344 306.012268066406 306.075988769531
303.018920898438 303.145324707031 303.293701171875 303.463989257812 303.594207763672 303.667755126953 303.817321777344 303.989349365234 304.178955078125 304.354156494141 304.472595214844 304.567962646484 304.741851806641 304.884124755859 304.958679199219 305.03369140625 305.062591552734 305.076568603516 305.059906005859 305.107879638672 305.041046142578 304.964965820312 304.946044921875 304.93310546875 304.951324462891 305.00732421875 305.059204101562 305.069183349609 305.107147216797 305.164398193359 305.148803710938 305.071838378906 305.089904785156 305.143981933594 305.192291259766 305.243865966797 305.311187744141 305.359741210938 305.41796875 305.450347900391 305.425994873047 305.392608642578 305.533020019531 305.706970214844 305.774658203125 305.814025878906 305.850677490234 305.843231201172 305.893218994141 305.980773925781 306.016021728516 306.048767089844
302.978088378906 303.128570556641 303.297546386719 303.461608886719 303.584869384766 303.644958496094 303.775634765625 303.951110839844 304.126556396484 304.320739746094 304.501220703125 304.671813964844 304.805603027344 304.921600341797 304.941497802734 304.969970703125 305.051361083984 305.105072021484 305.236450195312 305.286773681641 305.206726074219 305.131805419922 305.0986328125 305.092193603516 305.089904785156 305.051513671875 304.988830566406 304.960174560547 304.964447021484 304.978820800781 305.013244628906 305.063537597656 305.114349365234 305.175262451172 305.248199462891 305.293060302734 305.350830078125 305.388671875 305.425140380859 305.452789306641 305.491760253906 305.476409912109 305.431579589844 305.528717041016 305.656524658203 305.705596923828 305.676055908203 305.679840087891 305.746185302734 305.852691650391 305.852081298828 305.918670654297
302.946746826172 303.134643554688 303.292938232422 303.430328369141 303.559265136719 303.614837646484 303.736297607422 303.915557861328 304.104705810547 304.309143066406 304.518493652344 304.706390380859 304.851745605469 304.977966308594 304.998687744141 304.971130371094 305.032806396484 305.14208984375 305.309936523438 305.333068847656 305.314819335938 305.224609375 305.238677978516 305.291473388672 305.300384521484 305.285797119141 305.178680419922 305.085632324219 305.059356689453 305.045196533203 305.065795898438 305.119293212891 305.1865234375 305.241302490234 305.323211669922 305.356323242188 305.379150390625 305.426696777344 305.445343017578 305.476959228516 305.532775878906 305.581268310547 305.522857666016 305.45751953125 305.438751220703 305.453765869141 305.452423095703 305.486511230469 305.542694091797 305.643005371094 305.669067382812 305.754150390625
302.920501708984 303.099761962891 303.23828125 303.376495361328 303.527648925781 303.6240234375 303.702850341797 303.8623046875 304.085235595703 304.311370849609 304.504730224609 304.668243408203 304.831085205078 304.976318359375 305.014038085938 304.993408203125 305.094543457031 305.196228027344 305.242645263672 305.274871826172 305.292999267578 305.234985351562 305.249176025391 305.353332519531 305.419189453125 305.426391601562 305.348266601562 305.3134765625 305.317840576172 305.20654296875 305.170745849609 305.189392089844 305.2734375 305.32666015625 305.359741210938 305.391479492188 305.382202148438 305.432464599609 305.465881347656 305.507507324219 305.565856933594 305.622955322266 305.645751953125 305.61181640625 305.489562988281 305.475982666016 305.507659912109 305.539825439453 305.559509277344 305.506103515625 305.55908203125 305.61962890625
302.883636474609 303.039764404297 303.176086425781 303.328216552734 303.499237060547 303.635528564453 303.733947753906 303.849639892578 303.998992919922 304.214965820312 304.445953369141 304.632965087891 304.828430175781 304.967407226562 305.019439697266 305.039184570312 305.073303222656 305.080444335938 305.126312255859 305.178649902344 305.185363769531 305.205596923828 305.236083984375 305.308410644531 305.410491943359 305.502746582031 305.477905273438 305.458801269531 305.459136962891 305.375305175781 305.333648681641 305.270141601562 305.392059326172 305.494995117188 305.442199707031 305.452819824219 305.458557128906 305.42919921875 305.474578857422 305.554748535156 305.631561279297 305.675201416016 305.7080078125 305.715179443359 305.564056396484 305.620025634766 305.656494140625 305.706909179688 305.770416259766 305.572845458984 305.585357666016 305.756011962891
302.837158203125 302.971740722656 303.134643554688 303.302978515625 303.477996826172 303.629058837891 303.794677734375 303.971710205078 304.039367675781 304.127105712891 304.333801269531 304.606292724609 304.811645507812 304.969787597656 305.086791992188 305.134552001953 305.105529785156 305.053771972656 305.049987792969 305.102111816406 305.135131835938 305.192291259766 305.220916748047 305.256774902344 305.347503662109 305.478485107422 305.547882080078 305.55712890625 305.487335205078 305.4521484375 305.418334960938 305.363830566406 305.460662841797 305.653961181641 305.58447265625 305.570098876953 305.623657226562 305.508117675781 305.489685058594 305.624145507812 305.703552246094 305.782073974609 305.778839111328 305.68603515625 305.572387695312 305.709320068359 305.79638671875 305.816009521484 305.896575927734 305.678314208984 305.5478515625 305.75341796875
302.802703857422 302.915893554688 303.067932128906 303.269866943359 303.449035644531 303.598358154297 303.798522949219 304.018798828125 304.129669189453 304.201721191406 304.258636474609 304.51806640625 304.788452148438 305.028717041016 305.155731201172 305.150115966797 305.136352539062 305.124633789062 305.092132568359 305.136199951172 305.161590576172 305.212615966797 305.252014160156 305.284118652344 305.334014892578 305.417907714844 305.530944824219 305.630096435547 305.564575195312 305.515106201172 305.500762939453 305.521392822266 305.529113769531 305.708740234375 305.609680175781 305.635589599609 305.756927490234 305.584838867188 305.519317626953 305.736968994141 305.8017578125 305.850952148438 305.82275390625 305.715118408203 305.6728515625 305.672149658203 305.841613769531 305.945678710938 306.023193359375 305.803375244141 305.515411376953 305.589141845703
302.774658203125 302.894104003906 303.010314941406 303.184173583984 303.352478027344 303.523651123047 303.772979736328 304.012390136719 304.141052246094 304.258056640625 304.277709960938 304.391418457031 304.68701171875 304.981964111328 305.061798095703 305.059204101562 305.117645263672 305.15478515625 305.13525390625 305.185028076172 305.204803466797 305.219329833984 305.280456542969 305.341949462891 305.359252929688 305.394287109375 305.462677001953 305.588684082031 305.617889404297 305.519012451172 305.558441162109 305.598114013672 305.680541992188 305.71435546875 305.632904052734 305.694213867188 305.758728027344 305.5859375 305.592071533203 305.826232910156 305.924560546875 305.924224853516 305.930633544922 305.861480712891 305.873291015625 305.785034179688 305.826477050781 306.063323974609 306.027221679688 305.782928466797 305.567657470703 305.485931396484
302.765075683594 302.903015136719 303.000244140625 303.143005371094 303.280212402344 303.473724365234 303.753448486328 303.965637207031 304.114318847656 304.270599365234 304.387054443359 304.420623779297 304.555969238281 304.706298828125 304.857452392578 304.916656494141 305.025085449219 305.122161865234 305.175170898438 305.236022949219 305.291381835938 305.291412353516 305.307678222656 305.405700683594 305.454681396484 305.432800292969 305.462554931641 305.558959960938 305.597290039062 305.574768066406 305.679107666016 305.677185058594 305.740783691406 305.786834716797 305.763000488281 305.749847412109 305.699432373047 305.535522460938 305.602264404297 305.825103759766 305.908966064453 305.91357421875 305.962188720703 305.984283447266 306.052429199219 306.006408691406 305.958587646484 306.1025390625 305.908660888672 305.685150146484 305.599060058594 305.517547607422
302.766967773438 302.913757324219 303.020660400391 303.165405273438 303.308135986328 303.436065673828 303.654724121094 303.863586425781 304.050506591797 304.212463378906 304.438598632812 304.600433349609 304.687652587891 304.635955810547 304.692077636719 304.772888183594 304.915069580078 305.049163818359 305.132720947266 305.178039550781 305.282684326172 305.352142333984 305.375793457031 305.439971923828 305.523498535156 305.543029785156 305.508758544922 305.544525146484 305.681945800781 305.733062744141 305.775238037109 305.789520263672 305.810729980469 305.889892578125 305.879425048828 305.818695068359 305.698425292969 305.598266601562 305.595977783203 305.681701660156 305.706665039062 305.742279052734 305.839141845703 305.989562988281 306.139312744141 306.136474609375 306.064544677734 306.025726318359 305.821350097656 305.680572509766 305.717529296875 305.588012695312
302.76025390625 302.924652099609 303.053680419922 303.190216064453 303.385070800781 303.528442382812 303.577087402344 303.756134033203 303.949584960938 304.145172119141 304.403411865234 304.672760009766 304.816986083984 304.811401367188 304.770568847656 304.725646972656 304.781158447266 304.8662109375 304.963134765625 305.087341308594 305.221099853516 305.300018310547 305.387298583984 305.480102539062 305.5400390625 305.612976074219 305.613311767578 305.593505859375 305.716827392578 305.847381591797 305.899108886719 305.950073242188 306.004852294922 306.060577392578 306.019866943359 305.892791748047 305.761962890625 305.787445068359 305.726623535156 305.666564941406 305.602386474609 305.680206298828 305.756530761719 305.875549316406 306.001098632812 306.086456298828 306.122467041016 305.945678710938 305.740051269531 305.785034179688 305.768707275391 305.617614746094
302.745544433594 302.896728515625 303.078186035156 303.234527587891 303.443481445312 303.602172851562 303.602386474609 303.785461425781 304.009704589844 304.229064941406 304.3798828125 304.590515136719 304.832000732422 304.930847167969 304.947357177734 304.851470947266 304.781768798828 304.770050048828 304.805206298828 305.0234375 305.174560546875 305.266296386719 305.368957519531 305.492919921875 305.569305419922 305.647521972656 305.697326660156 305.681335449219 305.701416015625 305.809600830078 305.926025390625 306.036315917969 306.156372070312 306.187683105469 306.091949462891 306.007598876953 305.920745849609 305.939453125 305.856323242188 305.764007568359 305.744262695312 305.8369140625 305.811889648438 305.873962402344 305.973510742188 306.091247558594 306.083129882812 305.915191650391 305.876708984375 305.938262939453 305.788452148438 305.646636962891
