R_scripts/int_process_data/Bio_15.asc
NCOLS 281 
NROWS 576 
XLLCORNER 81175.2677831308 
YLLCORNER 88.2293212990044 
CELLSIZE 1000 
NODATA_value -3.4e+38 
[rows 92 to 114 of 576, columns 208 to 259 of 281]
49.8079452514648 49.7731475830078 49.7828788757324 49.8097343444824 49.8365898132324 49.8634490966797 49.8903045654297 49.917163848877 49.944019317627 49.9708786010742 49.9977340698242 50.0245933532715 50.0258369445801 50.0155372619629 50.0052337646484 49.9949340820312 49.9846305847168 49.9743309020996 49.9640274047852 49.953727722168 49.9434242248535 49.9331245422363 49.8970832824707 49.8475608825684 49.798038482666 49.7485160827637 49.6989936828613 49.649471282959 49.5999488830566 49.5504264831543 49.5009078979492 49.4513854980469 49.3825950622559 49.3021583557129 49.2217254638672 49.1412925720215 49.0608596801758 48.9804229736328 48.8999900817871 48.8195571899414 48.7391242980957 48.6586875915527 48.5783348083496 48.4980392456055 48.4177398681641 48.3374404907227 48.2571411132812 48.1768455505371 48.0965461730957 48.0162467956543 47.9359512329102 47.8556518554688
49.7984771728516 49.7632293701172 49.7728500366211 49.7997283935547 49.8266067504883 49.8534851074219 49.8803634643555 49.9072418212891 49.9341163635254 49.960994720459 49.9878730773926 50.0147514343262 50.0104675292969 49.992130279541 49.9737930297852 49.9554557800293 49.9371185302734 49.9187812805176 49.9004440307617 49.8821067810059 49.86376953125 49.8454322814941 49.8075294494629 49.7593765258789 49.7112236022949 49.6630706787109 49.6149139404297 49.5667610168457 49.5186080932617 49.4704551696777 49.4223022460938 49.3741493225098 49.308422088623 49.2320709228516 49.1557197570801 49.0793685913086 49.0030212402344 48.9266700744629 48.8503189086914 48.7739677429199 48.6976165771484 48.6212692260742 48.5431060791016 48.4636840820312 48.3842620849609 48.3048439025879 48.2254219055176 48.1459999084473 48.0665817260742 47.9871597290039 47.9077377319336 47.8283195495605
49.7984771728516 49.7632293701172 49.7728500366211 49.7997283935547 49.8266067504883 49.8534851074219 49.8803634643555 49.9072418212891 49.9341163635254 49.960994720459 49.9878730773926 50.0147514343262 50.0042915344238 49.9770011901855 49.94970703125 49.9224128723145 49.8951187133789 49.8678245544434 49.8405303955078 49.8132362365723 49.7859420776367 49.7586479187012 49.7185897827148 49.6718444824219 49.6251029968262 49.5783576965332 49.5316162109375 49.4848709106445 49.4381256103516 49.3913841247559 49.3446388244629 49.2978973388672 49.2353782653809 49.163330078125 49.0912857055664 49.0192375183105 48.9471893310547 48.8751411437988 48.803092956543 48.7310447692871 48.6590003967285 48.5869522094727 48.5108985900879 48.4320640563965 48.3532333374023 48.2743988037109 48.1955642700195 48.1167335510254 48.037899017334 -3.4e+38 -3.4e+38 -3.4e+38
49.7984771728516 49.7632293701172 49.7728500366211 49.7997283935547 49.8266067504883 49.8534851074219 49.8803634643555 49.9072418212891 49.9341163635254 49.960994720459 49.9878730773926 50.0147514343262 49.998119354248 49.9618682861328 49.9256172180176 49.8893699645996 49.8531188964844 49.8168678283691 49.7806167602539 49.7443656921387 49.7081146240234 49.6718635559082 49.6296539306641 49.5843162536621 49.5389823913574 49.4936485290527 49.448314666748 49.4029808044434 49.3576431274414 49.3123092651367 49.266975402832 49.2216415405273 49.1623382568359 49.0945930480957 49.0268478393555 48.9591026306152 48.891357421875 48.8236122131348 48.7558708190918 48.6881256103516 48.6203804016113 48.5526351928711 48.4786911010742 48.4004440307617 48.3222007751465 48.243953704834 48.1657104492188 48.0874633789062 48.009220123291 -3.4e+38 -3.4e+38 -3.4e+38
49.7984771728516 49.7632293701172 49.7728500366211 49.7997283935547 49.8266067504883 49.8534851074219 49.8803634643555 49.9072418212891 49.9341163635254 49.960994720459 49.9878730773926 50.0147514343262 49.9919471740723 49.9467391967773 49.9015312194824 49.8563232421875 49.8111152648926 49.7659111022949 49.720703125 49.6754951477051 49.6302871704102 49.5850791931152 49.540714263916 49.4967880249023 49.4528617858887 49.4089393615723 49.3650131225586 49.3210868835449 49.2771606445312 49.2332382202148 49.1893119812012 49.1453857421875 49.0892944335938 49.0258522033691 48.9624099731445 48.8989715576172 48.8355293273926 48.772087097168 48.7086448669434 48.6452026367188 48.5817604064941 48.5183181762695 48.4464836120605 48.3688278198242 48.2911682128906 48.2135124206543 48.1358528137207 48.0581970214844 47.9805374145508 -3.4e+38 -3.4e+38 -3.4e+38
49.7984771728516 49.7632293701172 49.7728500366211 49.7997283935547 49.8266067504883 49.8534851074219 49.8803634643555 49.9072418212891 49.9341163635254 49.960994720459 49.9878730773926 50.0147514343262 49.9857711791992 49.9316101074219 49.8774452209473 49.8232803344727 49.769115447998 49.7149543762207 49.6607894897461 49.6066246032715 49.5524597167969 49.4982948303223 49.451774597168 49.4092597961426 49.3667449951172 49.3242263793945 49.2817115783691 49.2391967773438 49.1966781616211 49.1541633605957 49.1116485595703 49.0691299438477 49.0162544250488 48.9571151733398 48.8979759216309 48.8388366699219 48.7796974182129 48.7205581665039 48.6614189147949 48.6022796630859 48.543140411377 48.484001159668 48.4142761230469 48.3372077941895 48.260139465332 -3.4e+38 -3.4e+38 -3.4e+38 -3.4e+38 -3.4e+38 -3.4e+38 -3.4e+38
49.7984771728516 49.7632293701172 49.7728500366211 49.7997283935547 49.8266067504883 49.8534851074219 49.8803634643555 49.9072418212891 49.9341163635254 49.960994720459 49.9878730773926 50.0147514343262 49.9795989990234 49.9164772033691 49.8533592224121 49.7902374267578 49.7271156311035 49.6639938354492 49.6008758544922 49.5377540588379 49.4746322631836 49.4115104675293 49.3628387451172 49.3217315673828 49.2806243896484 49.2395172119141 49.1984100341797 49.1573028564453 49.1161956787109 49.0750885009766 49.0339851379395 48.9928779602051 48.9432106018066 48.8883743286133 48.8335380554199 48.7787017822266 48.7238655090332 48.6690292358398 48.6141967773438 48.5593605041504 48.504524230957 48.4496879577637 48.3820724487305 48.3055877685547 -3.4e+38 -3.4e+38 -3.4e+38 -3.4e+38 -3.4e+38 -3.4e+38 -3.4e+38 -3.4e+38
49.7984771728516 49.7632293701172 49.7728500366211 49.7997283935547 49.8266067504883 49.8534851074219 49.8803634643555 49.9072418212891 49.9341163635254 49.960994720459 49.9878730773926 50.0147514343262 49.9734268188477 49.9013481140137 49.8292694091797 49.757194519043 49.685115814209 49.613037109375 49.5409622192383 49.4688835144043 49.3968048095703 49.3247261047363 49.2738990783691 49.234203338623 49.1945037841797 49.1548080444336 49.1151084899902 49.0754127502441 49.0357131958008 48.9960174560547 48.9563179016113 48.9166221618652 48.8701705932617 48.819637298584 48.7691040039062 48.7185707092285 48.6680374145508 48.617504119873 -3.4e+38 48.5164375305176 48.4659042358398 48.4153709411621 48.3498649597168 -3.4e+38 -3.4e+38 -3.4e+38 -3.4e+38 -3.4e+38 -3.4e+38 -3.4e+38 -3.4e+38 -3.4e+38
49.7984771728516 49.7632293701172 49.7728500366211 49.7997283935547 49.8266067504883 49.8534851074219 49.8803634643555 49.9072418212891 49.9341163635254 49.960994720459 49.9878730773926 50.0147514343262 49.9672546386719 49.8862190246582 49.8051834106445 49.7241477966309 49.6431159973145 49.5620803833008 49.4810447692871 49.4000129699707 49.318977355957 49.2379417419434 49.1849632263184 49.1466751098633 49.1083869934082 49.0700988769531 49.031810760498 48.9935188293457 48.9552307128906 48.9169425964355 48.8786544799805 48.8403663635254 48.7971267700195 48.7508964538574 48.7046661376953 -3.4e+38 -3.4e+38 -3.4e+38 -3.4e+38 -3.4e+38 -3.4e+38 48.3810539245605 -3.4e+38 -3.4e+38 -3.4e+38 -3.4e+38 -3.4e+38 -3.4e+38 -3.4e+38 -3.4e+38 -3.4e+38 -3.4e+38
49.7984771728516 49.7632293701172 49.7728500366211 49.7997283935547 49.8266067504883 49.8534851074219 49.8803634643555 49.9072418212891 49.9341163635254 49.960994720459 49.9878730773926 50.0147514343262 49.9610786437988 49.8710899353027 49.7810974121094 49.691104888916 49.6011161804199 49.5111236572266 49.4211311340332 49.3311424255371 49.2411499023438 49.1511573791504 49.0960235595703 49.0591468811035 49.0222663879395 48.9853858947754 48.9485092163086 48.9116287231445 48.8747482299805 48.8378715515137 48.8009910583496 48.7641105651855 48.7240867614746 48.6821594238281 -3.4e+38 -3.4e+38 -3.4e+38 -3.4e+38 -3.4e+38 -3.4e+38 -3.4e+38 -3.4e+38 -3.4e+38 -3.4e+38 -3.4e+38 -3.4e+38 -3.4e+38 -3.4e+38 -3.4e+38 -3.4e+38 -3.4e+38 -3.4e+38
49.7984771728516 49.7632293701172 49.7728500366211 49.7997283935547 49.8266067504883 49.8534851074219 49.8803634643555 49.9072418212891 49.9341163635254 49.960994720459 49.9878730773926 50.0147514343262 49.954906463623 49.85595703125 49.7570114135742 49.6580619812012 49.5591125488281 49.4601669311523 49.3612174987793 49.2622718811035 49.1633224487305 49.0643730163574 49.0070877075195 48.9716186523438 48.9361457824707 48.9006767272949 48.8652076721191 48.8297386169434 48.7942657470703 48.7587966918945 48.7233276367188 48.687858581543 48.6510429382324 -3.4e+38 -3.4e+38 -3.4e+38 -3.4e+38 -3.4e+38 -3.4e+38 -3.4e+38 -3.4e+38 -3.4e+38 -3.4e+38 -3.4e+38 -3.4e+38 -3.4e+38 -3.4e+38 -3.4e+38 -3.4e+38 -3.4e+38 -3.4e+38 -3.4e+38
49.7522773742676 49.7150192260742 49.7226638793945 49.7475814819336 49.7724990844727 49.7974128723145 49.8223304748535 49.8472480773926 49.8721656799316 49.8970832824707 49.9220008850098 49.9469146728516 49.8902702331543 49.7968482971191 49.703426361084 49.6100082397461 49.5165863037109 49.423168182373 49.3297462463379 49.2363243103027 49.1429061889648 49.0494842529297 48.9942321777344 48.9589653015137 48.923698425293 48.8884315490723 48.8531646728516 48.8178977966309 48.7826347351074 48.7473678588867 48.712100982666 48.6768341064453 -3.4e+38 -3.4e+38 -3.4e+38 -3.4e+38 -3.4e+38 -3.4e+38 -3.4e+38 -3.4e+38 -3.4e+38 -3.4e+38 -3.4e+38 -3.4e+38 -3.4e+38 -3.4e+38 -3.4e+38 -3.4e+38 -3.4e+38 -3.4e+38 -3.4e+38 -3.4e+38
49.6982727050781 49.6586608886719 49.6639976501465 49.6866226196289 49.7092475891113 49.7318687438965 49.7544937133789 49.7771186828613 49.7997436523438 49.8223686218262 49.8449897766113 49.8676147460938 49.8157539367676 49.7303085327148 49.6448631286621 49.5594177246094 49.4739723205566 49.3885269165039 49.3030815124512 49.2176361083984 49.1321907043457 49.046745300293 48.9942321777344 48.9589653015137 48.923698425293 48.8884315490723 48.8531646728516 48.8178977966309 48.7826347351074 48.7473678588867 48.712100982666 48.6768341064453 -3.4e+38 -3.4e+38 -3.4e+38 -3.4e+38 -3.4e+38 -3.4e+38 -3.4e+38 -3.4e+38 -3.4e+38 -3.4e+38 -3.4e+38 -3.4e+38 -3.4e+38 -3.4e+38 -3.4e+38 -3.4e+38 -3.4e+38 -3.4e+38 -3.4e+38 -3.4e+38
49.6442642211914 49.6023063659668 49.6053314208984 49.6256637573242 49.64599609375 49.6663284301758 49.6866569519043 49.7069892883301 49.7273216247559 49.7476539611816 49.7679824829102 49.7883148193359 49.7412376403809 49.6637649536133 49.586296081543 49.5088272094727 49.4313545227051 49.3538856506348 49.2764129638672 49.1989440917969 49.1214714050293 49.044002532959 48.9942321777344 48.9589653015137 48.923698425293 48.8884315490723 48.8531646728516 48.8178977966309 48.7826347351074 48.7473678588867 48.712100982666 48.6768341064453 -3.4e+38 -3.4e+38 -3.4e+38 -3.4e+38 -3.4e+38 -3.4e+38 -3.4e+38 -3.4e+38 -3.4e+38 -3.4e+38 -3.4e+38 -3.4e+38 -3.4e+38 -3.4e+38 -3.4e+38 -3.4e+38 -3.4e+38 -3.4e+38 -3.4e+38 -3.4e+38
49.5902557373047 49.5459480285645 49.5466651916504 49.5647048950195 49.5827445983887 49.6007843017578 49.6188201904297 49.6368598937988 49.654899597168 49.6729393005371 49.690975189209 49.7090148925781 49.6667213439941 49.597225189209 49.5277290344238 49.4582328796387 49.3887405395508 49.3192443847656 49.2497482299805 49.1802520751953 49.1107559204102 49.041259765625 48.9942321777344 48.9589653015137 48.923698425293 48.8884315490723 48.8531646728516 48.8178977966309 48.7826347351074 48.7473678588867 48.712100982666 -3.4e+38 -3.4e+38 -3.4e+38 -3.4e+38 -3.4e+38 -3.4e+38 -3.4e+38 -3.4e+38 -3.4e+38 -3.4e+38 -3.4e+38 -3.4e+38 -3.4e+38 -3.4e+38 -3.4e+38 -3.4e+38 -3.4e+38 -3.4e+38 -3.4e+38 -3.4e+38 -3.4e+38
49.5362510681152 49.4895896911621 49.4880027770996 49.5037460327148 49.5194931030273 49.5352401733398 49.5509834289551 49.5667304992676 49.5824775695801 49.5982208251953 49.6139678955078 49.6297149658203 49.5922050476074 49.5306854248047 49.4691619873047 49.407642364502 49.3461227416992 49.2846031188965 49.2230834960938 49.1615600585938 49.100040435791 49.0385208129883 48.9942321777344 48.9589653015137 48.923698425293 48.8884315490723 48.8531646728516 48.8178977966309 48.7826347351074 48.7473678588867 -3.4e+38 -3.4e+38 -3.4e+38 -3.4e+38 -3.4e+38 -3.4e+38 -3.4e+38 -3.4e+38 -3.4e+38 -3.4e+38 -3.4e+38 -3.4e+38 -3.4e+38 -3.4e+38 -3.4e+38 -3.4e+38 -3.4e+38 -3.4e+38 -3.4e+38 -3.4e+38 -3.4e+38 -3.4e+38
49.4822425842285 49.433235168457 49.4293365478516 49.4427871704102 49.456241607666 49.4696960449219 49.4831466674805 49.4966011047363 49.5100555419922 49.5235061645508 49.5369606018066 49.5504150390625 49.5176887512207 49.4641418457031 49.4105987548828 49.3570518493652 49.3035049438477 49.2499618530273 49.1964149475098 49.1428718566895 49.0893249511719 49.0357780456543 48.9942321777344 48.9589653015137 48.923698425293 48.8884315490723 48.8531646728516 48.8178977966309 48.7826347351074 48.7473678588867 -3.4e+38 -3.4e+38 -3.4e+38 -3.4e+38 -3.4e+38 -3.4e+38 -3.4e+38 -3.4e+38 -3.4e+38 -3.4e+38 -3.4e+38 -3.4e+38 -3.4e+38 -3.4e+38 -3.4e+38 -3.4e+38 -3.4e+38 -3.4e+38 -3.4e+38 -3.4e+38 -3.4e+38 -3.4e+38
49.4282341003418 49.3768768310547 49.3706703186035 49.3818321228027 49.3929901123047 49.4041519165039 49.4153099060059 49.4264717102051 49.4376335144043 49.4487915039062 49.4599533081055 49.4711151123047 49.443172454834 49.3976020812988 49.3520317077637 49.3064613342285 49.2608909606934 49.2153205871582 49.169750213623 49.1241798400879 49.0786094665527 49.0330390930176 48.9942321777344 48.9589653015137 48.923698425293 48.8884315490723 48.8531646728516 48.8178977966309 -3.4e+38 -3.4e+38 -3.4e+38 -3.4e+38 -3.4e+38 -3.4e+38 -3.4e+38 -3.4e+38 -3.4e+38 -3.4e+38 -3.4e+38 -3.4e+38 -3.4e+38 -3.4e+38 -3.4e+38 -3.4e+38 -3.4e+38 -3.4e+38 -3.4e+38 -3.4e+38 -3.4e+38 -3.4e+38 -3.4e+38 -3.4e+38
49.3742294311523 49.3205223083496 49.3120040893555 49.320873260498 49.3297386169434 49.3386077880859 49.3474769592285 49.3563423156738 49.3652114868164 49.3740768432617 49.3829460144043 49.3918151855469 49.3686561584473 49.3310623168945 49.2934646606445 49.2558708190918 49.2182731628418 49.1806793212891 49.1430854797363 49.1054878234863 49.0678939819336 49.0302963256836 48.9942321777344 48.9589653015137 48.923698425293 48.8884315490723 48.8531646728516 48.8178977966309 -3.4e+38 -3.4e+38 -3.4e+38 -3.4e+38 -3.4e+38 -3.4e+38 -3.4e+38 -3.4e+38 -3.4e+38 -3.4e+38 -3.4e+38 -3.4e+38 -3.4e+38 -3.4e+38 -3.4e+38 -3.4e+38 -3.4e+38 -3.4e+38 -3.4e+38 -3.4e+38 -3.4e+38 -3.4e+38 -3.4e+38 -3.4e+38
49.3202209472656 49.2641639709473 49.2533378601074 49.2599143981934 49.266487121582 49.273063659668 49.2796401977539 49.2862129211426 49.2927894592285 49.2993621826172 49.3059387207031 49.3125114440918 49.2941398620605 49.264518737793 49.2348976135254 49.2052803039551 49.1756591796875 49.1460380554199 49.1164169311523 49.0867958068848 49.0571784973145 49.0275573730469 48.9942321777344 48.9589653015137 48.923698425293 48.8884315490723 48.8531646728516 -3.4e+38 -3.4e+38 -3.4e+38 -3.4e+38 -3.4e+38 -3.4e+38 -3.4e+38 -3.4e+38 -3.4e+38 -3.4e+38 -3.4e+38 -3.4e+38 -3.4e+38 -3.4e+38 -3.4e+38 -3.4e+38 -3.4e+38 -3.4e+38 -3.4e+38 -3.4e+38 -3.4e+38 -3.4e+38 -3.4e+38 -3.4e+38 -3.4e+38
49.2662162780762 49.2078056335449 49.1946716308594 49.1989555358887 49.203239440918 49.20751953125 49.2118034362793 49.2160835266113 49.2203674316406 49.2246475219727 49.228931427002 49.233211517334 49.2196235656738 49.1979789733887 49.1763343811035 49.1546897888184 49.1330413818359 49.1113967895508 49.0897521972656 49.0681076049805 49.046459197998 49.0248146057129 48.9942321777344 48.9589653015137 48.923698425293 -3.4e+38 -3.4e+38 -3.4e+38 -3.4e+38 -3.4e+38 -3.4e+38 -3.4e+38 -3.4e+38 -3.4e+38 -3.4e+38 -3.4e+38 -3.4e+38 -3.4e+38 -3.4e+38 -3.4e+38 -3.4e+38 -3.4e+38 -3.4e+38 -3.4e+38 -3.4e+38 -3.4e+38 -3.4e+38 -3.4e+38 -3.4e+38 -3.4e+38 -3.4e+38 -3.4e+38
49.1928176879883 49.1325836181641 49.1174507141113 49.1196632385254 49.1218757629395 49.1240882873535 49.1263008117676 49.1285133361816 49.1307258605957 49.1329383850098 49.1351509094238 49.1373634338379 49.1242446899414 49.1042098999023 49.0841789245605 49.0641479492188 49.044116973877 49.0240859985352 49.0040512084961 48.9840202331543 48.9639892578125 48.9439582824707 48.9144859313965 48.8800735473633 48.8456611633301 -3.4e+38 -3.4e+38 -3.4e+38 -3.4e+38 -3.4e+38 -3.4e+38 -3.4e+38 -3.4e+38 -3.4e+38 -3.4e+38 -3.4e+38 -3.4e+38 -3.4e+38 -3.4e+38 -3.4e+38 -3.4e+38 -3.4e+38 -3.4e+38 -3.4e+38 -3.4e+38 -3.4e+38 -3.4e+38 -3.4e+38 -3.4e+38 -3.4e+38 -3.4e+38 -3.4e+38
49.1152381896973 49.0532913208008 49.0362205505371 49.0364112854004 49.0366020202637 49.0367965698242 49.0369873046875 49.0371780395508 49.0373687744141 49.0375595092773 49.0377502441406 49.0379409790039 49.0243606567383 49.0045700073242 48.9847793579102 48.9649848937988 48.9451942443848 48.9254035949707 48.9056129455566 48.8858222961426 48.8660316467285 48.8462409973145 48.8175315856934 48.7841567993164 48.7507820129395 48.7174072265625 -3.4e+38 -3.4e+38 -3.4e+38 -3.4e+38 -3.4e+38 -3.4e+38 -3.4e+38 -3.4e+38 -3.4e+38 -3.4e+38 -3.4e+38 -3.4e+38 -3.4e+38 -3.4e+38 -3.4e+38 -3.4e+38 -3.4e+38 -3.4e+38 -3.4e+38 -3.4e+38 -3.4e+38 -3.4e+38 -3.4e+38 -3.4e+38 -3.4e+38 -3.4e+38
