R_scripts/int_process_data/Bio_09_2001.2020.asc
NCOLS 281 
NROWS 577 
XLLCORNER 81175.2677831308 
YLLCORNER -911.770678700996 
CELLSIZE 1000 
NODATA_value -3.4e+38 
[rows 253 to 275 of 577, columns 156 to 207 of 281]
295.802124023438 295.8916015625 295.997467041016 296.084777832031 296.169311523438 296.203399658203 296.194152832031 296.228515625 296.208587646484 296.193176269531 296.195892333984 296.162994384766 296.270904541016 296.396240234375 296.303985595703 296.285705566406 296.286773681641 296.382446289062 296.421295166016 296.391296386719 296.364166259766 296.351348876953 296.374328613281 296.436279296875 296.496002197266 296.604400634766 296.636169433594 296.562469482422 296.590850830078 296.757171630859 297.010162353516 297.328826904297 297.558380126953 297.729888916016 297.881042480469 297.914855957031 297.983764648438 298.031555175781 298.043914794922 298.074890136719 298.136199951172 298.173950195312 298.153930664062 298.136077880859 298.197174072266 298.219390869141 298.257537841797 298.396453857422 298.403259277344 298.329376220703 298.254547119141 298.158599853516
295.806060791016 295.878814697266 295.983978271484 296.085266113281 296.189117431641 296.232330322266 296.192962646484 296.188720703125 296.322204589844 296.405334472656 296.384796142578 296.371307373047 296.4208984375 296.358551025391 296.344787597656 296.383239746094 296.410949707031 296.468933105469 296.455078125 296.421722412109 296.398559570312 296.386749267578 296.441741943359 296.546356201172 296.605377197266 296.698486328125 296.760467529297 296.707427978516 296.711151123047 296.881072998047 297.214416503906 297.463287353516 297.64404296875 297.741943359375 297.837097167969 297.909515380859 297.979400634766 298.035430908203 298.036468505859 298.015350341797 298.072509765625 298.098846435547 298.083557128906 298.122650146484 298.224975585938 298.257019042969 298.288879394531 298.383239746094 298.3037109375 298.230072021484 298.145690917969 298.018646240234
295.805572509766 295.798187255859 295.970764160156 296.101043701172 296.182464599609 296.206634521484 296.153900146484 296.186981201172 296.3681640625 296.556884765625 296.567718505859 296.532135009766 296.447143554688 296.366912841797 296.4169921875 296.470306396484 296.50732421875 296.500244140625 296.458648681641 296.426177978516 296.432434082031 296.428680419922 296.465850830078 296.590423583984 296.705078125 296.777160644531 296.911834716797 296.881286621094 296.838836669922 297.045227050781 297.349334716797 297.550018310547 297.709014892578 297.757843017578 297.83251953125 297.888336181641 297.939605712891 297.9970703125 298.02880859375 297.971405029297 297.951934814453 297.992462158203 298.047302246094 298.141662597656 298.224578857422 298.281433105469 298.310394287109 298.348052978516 298.256103515625 298.149322509766 297.982482910156 297.801605224609
295.871856689453 295.835418701172 295.987365722656 296.085662841797 296.157196044922 296.207611083984 296.226165771484 296.304779052734 296.452758789062 296.548645019531 296.504547119141 296.515563964844 296.495971679688 296.495849609375 296.498474121094 296.474395751953 296.498901367188 296.482604980469 296.465209960938 296.474517822266 296.521240234375 296.506622314453 296.514709472656 296.607574462891 296.696380615234 296.800354003906 297.070678710938 297.085479736328 297.015411376953 297.249694824219 297.509735107422 297.649932861328 297.762542724609 297.794738769531 297.837951660156 297.872802734375 297.898986816406 297.927398681641 297.977203369141 297.936889648438 297.869567871094 297.895385742188 297.999816894531 298.129364013672 298.199310302734 298.276123046875 298.310241699219 298.307434082031 298.192016601562 297.968475341797 297.768890380859 297.606903076172
296.006134033203 295.986877441406 296.052398681641 296.082946777344 296.153747558594 296.242797851562 296.354156494141 296.441375732422 296.537567138672 296.521911621094 296.481353759766 296.523620605469 296.524230957031 296.530212402344 296.529693603516 296.486633300781 296.437683105469 296.396697998047 296.432922363281 296.496063232422 296.595977783203 296.593017578125 296.570617675781 296.642425537109 296.744720458984 296.928375244141 297.232269287109 297.299591064453 297.267211914062 297.529083251953 297.712860107422 297.723846435547 297.742218017578 297.791961669922 297.852264404297 297.888488769531 297.897491455078 297.896789550781 297.933013916016 297.910278320312 297.89111328125 297.931732177734 298.016387939453 298.136810302734 298.222015380859 298.287780761719 298.274597167969 298.202819824219 298.073364257812 297.871612548828 297.701171875 297.554534912109
296.088287353516 296.12841796875 296.148406982422 296.119232177734 296.174499511719 296.275146484375 296.447906494141 296.601531982422 296.655212402344 296.610412597656 296.588928222656 296.555419921875 296.547058105469 296.522766113281 296.537078857422 296.530395507812 296.471740722656 296.399963378906 296.430816650391 296.510467529297 296.616607666016 296.674682617188 296.700653076172 296.829376220703 296.966094970703 297.130676269531 297.358062744141 297.522064208984 297.590881347656 297.727478027344 297.771606445312 297.696716308594 297.658569335938 297.723205566406 297.809326171875 297.857177734375 297.819000244141 297.835876464844 297.898956298828 297.900085449219 297.931671142578 297.984649658203 298.033966064453 298.133575439453 298.2421875 298.278961181641 298.208129882812 298.060821533203 297.907165527344 297.776000976562 297.644256591797 297.548614501953
296.132354736328 296.208831787109 296.224151611328 296.194885253906 296.240631103516 296.349731445312 296.521362304688 296.664398193359 296.662780761719 296.602691650391 296.595581054688 296.572448730469 296.556091308594 296.551940917969 296.530792236328 296.553344726562 296.533294677734 296.494140625 296.523223876953 296.557861328125 296.661712646484 296.807373046875 296.889190673828 297.032348632812 297.199279785156 297.361419677734 297.539428710938 297.665252685547 297.776397705078 297.760040283203 297.703155517578 297.66748046875 297.636016845703 297.652679443359 297.724060058594 297.773986816406 297.769714355469 297.844146728516 297.909576416016 297.895111083984 297.938873291016 298.021697998047 298.046417236328 298.102478027344 298.215759277344 298.205963134766 298.087097167969 297.970581054688 297.8759765625 297.794677734375 297.650695800781 297.494171142578
296.187255859375 296.29150390625 296.321105957031 296.320037841797 296.340972900391 296.454528808594 296.622222900391 296.713104248047 296.591644287109 296.524322509766 296.542785644531 296.568023681641 296.52392578125 296.519836425781 296.529174804688 296.555023193359 296.618408203125 296.683929443359 296.715637207031 296.697723388672 296.802429199219 297.050872802734 297.083343505859 297.246520996094 297.467620849609 297.63720703125 297.7119140625 297.773468017578 297.807891845703 297.747131347656 297.704956054688 297.709808349609 297.713745117188 297.682037353516 297.675109863281 297.749298095703 297.831634521484 297.870269775391 297.9091796875 297.947204589844 297.952575683594 298.018707275391 298.084442138672 298.139526367188 298.213836669922 298.081604003906 298.002349853516 297.911315917969 297.803649902344 297.702575683594 297.571990966797 297.441162109375
296.268463134766 296.386596679688 296.411834716797 296.438598632812 296.458770751953 296.608581542969 296.753784179688 296.745483398438 296.580535888672 296.496429443359 296.507751464844 296.531188964844 296.510681152344 296.514312744141 296.586944580078 296.643157958984 296.733459472656 296.841400146484 296.917419433594 296.946136474609 297.011505126953 297.269653320312 297.287994384766 297.460662841797 297.694519042969 297.783996582031 297.811096191406 297.830200195312 297.800628662109 297.77685546875 297.800994873047 297.807250976562 297.794708251953 297.763305664062 297.742218017578 297.814483642578 297.856842041016 297.836486816406 297.926513671875 298.025512695312 298.036712646484 298.051513671875 298.119354248047 298.149780273438 298.184265136719 298.072845458984 297.948364257812 297.773071289062 297.609771728516 297.482757568359 297.420349121094 297.483703613281
296.361877441406 296.505584716797 296.504486083984 296.585327148438 296.667114257812 296.751098632812 296.698425292969 296.747650146484 296.610260009766 296.505249023438 296.483184814453 296.504730224609 296.555938720703 296.600280761719 296.705169677734 296.762634277344 296.854217529297 296.939666748047 297.067352294922 297.186248779297 297.231414794922 297.443389892578 297.576263427734 297.706481933594 297.785552978516 297.788940429688 297.8203125 297.830200195312 297.841094970703 297.826416015625 297.804504394531 297.813079833984 297.842376708984 297.838958740234 297.838043212891 297.834930419922 297.825866699219 297.826080322266 297.925079345703 298.047760009766 298.136138916016 298.141082763672 298.117004394531 298.136901855469 298.171234130859 298.070648193359 297.885772705078 297.662902832031 297.487670898438 297.444274902344 297.478332519531 297.558166503906
296.397369384766 296.596984863281 296.622253417969 296.713714599609 296.810363769531 296.699798583984 296.612060546875 296.691589355469 296.641021728516 296.509948730469 296.450561523438 296.542694091797 296.668823242188 296.703735351562 296.787658691406 296.905487060547 296.966644287109 297.109436035156 297.195922851562 297.336853027344 297.458831787109 297.628143310547 297.781860351562 297.794128417969 297.743682861328 297.734375 297.798248291016 297.806579589844 297.786926269531 297.758270263672 297.74365234375 297.753875732422 297.778228759766 297.784729003906 297.798797607422 297.812255859375 297.757293701172 297.802001953125 297.920654296875 298.032196044922 298.154571533203 298.179779052734 298.112915039062 298.1435546875 298.152069091797 298.039794921875 297.872528076172 297.655426025391 297.521087646484 297.579498291016 297.62158203125 297.607574462891
296.503814697266 296.686950683594 296.773132324219 296.808715820312 296.717681884766 296.615386962891 296.559112548828 296.575042724609 296.577575683594 296.480041503906 296.431976318359 296.596832275391 296.762542724609 296.872497558594 296.954711914062 297.097503662109 297.140991210938 297.32080078125 297.338714599609 297.432434082031 297.667572021484 297.786804199219 297.787231445312 297.742248535156 297.711822509766 297.71728515625 297.770965576172 297.787322998047 297.761688232422 297.659545898438 297.5234375 297.577178955078 297.675140380859 297.692565917969 297.708740234375 297.7724609375 297.710815429688 297.762298583984 297.914459228516 298.037109375 298.093200683594 298.138702392578 298.155548095703 298.127014160156 298.0400390625 297.948577880859 297.825561523438 297.670471191406 297.601776123047 297.663024902344 297.680145263672 297.594451904297
296.651428222656 296.816833496094 296.915466308594 296.847869873047 296.68994140625 296.588012695312 296.558471679688 296.56884765625 296.587860107422 296.567230224609 296.519775390625 296.655639648438 296.863037109375 297.044982910156 297.200134277344 297.277557373047 297.340057373047 297.507598876953 297.544525146484 297.624877929688 297.731536865234 297.740905761719 297.722595214844 297.704711914062 297.683959960938 297.685516357422 297.712219238281 297.709930419922 297.723175048828 297.626129150391 297.398773193359 297.360168457031 297.448974609375 297.548431396484 297.611572265625 297.677520751953 297.696197509766 297.717987060547 297.825561523438 297.946899414062 297.93896484375 297.973602294922 298.118469238281 298.046905517578 297.943511962891 297.841979980469 297.760711669922 297.679626464844 297.658325195312 297.683685302734 297.630249023438 297.501678466797
296.7939453125 296.911346435547 296.906555175781 296.843719482422 296.708526611328 296.621490478516 296.635314941406 296.664764404297 296.679931640625 296.657135009766 296.628692626953 296.726196289062 296.915588378906 297.111877441406 297.312957763672 297.421508789062 297.525207519531 297.667053222656 297.722900390625 297.724426269531 297.707305908203 297.667907714844 297.673889160156 297.656494140625 297.622100830078 297.626831054688 297.649230957031 297.632568359375 297.636077880859 297.604797363281 297.503173828125 297.296112060547 297.171905517578 297.325958251953 297.539031982422 297.651428222656 297.734466552734 297.775360107422 297.807250976562 297.886016845703 297.909729003906 297.95556640625 298.046417236328 297.919006347656 297.86376953125 297.827789306641 297.787719726562 297.725067138672 297.685455322266 297.621429443359 297.483093261719 297.356658935547
296.892547607422 296.867156982422 296.75830078125 296.765075683594 296.710968017578 296.669830322266 296.697509765625 296.722198486328 296.700317382812 296.681732177734 296.709197998047 296.811309814453 296.966217041016 297.2216796875 297.377502441406 297.488983154297 297.592132568359 297.711700439453 297.688507080078 297.640472412109 297.626892089844 297.598999023438 297.591003417969 297.58447265625 297.579315185547 297.613739013672 297.635314941406 297.587829589844 297.568420410156 297.533996582031 297.468353271484 297.295043945312 297.093383789062 297.193054199219 297.378387451172 297.525482177734 297.703918457031 297.806793212891 297.840972900391 297.860168457031 297.923004150391 298.008087158203 297.936920166016 297.870941162109 297.904724121094 297.869903564453 297.743713378906 297.581604003906 297.521057128906 297.400573730469 297.294616699219 297.329895019531
296.858734130859 296.765228271484 296.72216796875 296.746368408203 296.761688232422 296.721099853516 296.732482910156 296.767883300781 296.751922607422 296.755767822266 296.764373779297 296.910980224609 297.152923583984 297.295684814453 297.461242675781 297.582153320312 297.626251220703 297.692687988281 297.632873535156 297.538146972656 297.544952392578 297.548187255859 297.563415527344 297.569152832031 297.595825195312 297.591003417969 297.597869873047 297.566192626953 297.553894042969 297.541198730469 297.463623046875 297.390533447266 297.354370117188 297.353088378906 297.234252929688 297.172424316406 297.467864990234 297.733154296875 297.867462158203 297.876098632812 297.956237792969 297.994232177734 297.922088623047 297.911041259766 297.874298095703 297.763671875 297.617797851562 297.464416503906 297.363525390625 297.245727539062 297.198272705078 297.409271240234
296.780975341797 296.735565185547 296.778015136719 296.830108642578 296.821716308594 296.770446777344 296.778533935547 296.849914550781 296.870391845703 296.878875732422 296.913879394531 297.124969482422 297.355377197266 297.401947021484 297.528259277344 297.595458984375 297.542053222656 297.591644287109 297.630157470703 297.538452148438 297.559326171875 297.551696777344 297.541046142578 297.553436279297 297.541320800781 297.506286621094 297.498413085938 297.488098144531 297.477233886719 297.485687255859 297.450378417969 297.505096435547 297.568176269531 297.564514160156 297.437683105469 297.254241943359 297.377868652344 297.655548095703 297.868774414062 297.922058105469 298.055877685547 297.9677734375 297.787658691406 297.664947509766 297.621459960938 297.602874755859 297.464508056641 297.330352783203 297.210968017578 297.079986572266 297.126617431641 297.436126708984
296.740753173828 296.780212402344 296.828155517578 296.835815429688 296.809265136719 296.785461425781 296.827087402344 296.942932128906 297.021606445312 297.152648925781 297.25341796875 297.351135253906 297.407775878906 297.481903076172 297.527557373047 297.487945556641 297.431274414062 297.545013427734 297.611267089844 297.470764160156 297.464111328125 297.459625244141 297.424560546875 297.449005126953 297.425628662109 297.407592773438 297.435272216797 297.395233154297 297.361114501953 297.378295898438 297.438995361328 297.560119628906 297.634887695312 297.652679443359 297.592864990234 297.528839111328 297.569488525391 297.71728515625 297.89501953125 297.918853759766 298.053436279297 297.942779541016 297.685333251953 297.448760986328 297.380950927734 297.388885498047 297.294921875 297.135894775391 297.086303710938 297.009460449219 297.153839111328 297.454528808594
296.717437744141 296.841186523438 296.909027099609 296.920288085938 296.875396728516 296.841888427734 296.936157226562 297.066497802734 297.196807861328 297.387176513672 297.448974609375 297.400024414062 297.389526367188 297.436645507812 297.436187744141 297.388885498047 297.359680175781 297.492340087891 297.568939208984 297.382263183594 297.338989257812 297.35693359375 297.306304931641 297.3134765625 297.314086914062 297.294403076172 297.348358154297 297.34521484375 297.248992919922 297.312072753906 297.491790771484 297.594360351562 297.648864746094 297.671875 297.611755371094 297.572357177734 297.592376708984 297.683715820312 297.896392822266 297.999572753906 298.040649414062 297.909759521484 297.715728759766 297.447143554688 297.301422119141 297.242980957031 297.125915527344 297.067718505859 297.216674804688 297.290252685547 297.338470458984 297.500946044922
296.676879882812 296.826995849609 296.977081298828 297.100799560547 297.011688232422 296.942687988281 297.073089599609 297.233215332031 297.343811035156 297.462982177734 297.464599609375 297.382141113281 297.386688232422 297.403411865234 297.367858886719 297.328643798828 297.346588134766 297.518676757812 297.507904052734 297.377868652344 297.349395751953 297.298706054688 297.232391357422 297.215240478516 297.224395751953 297.197937011719 297.1982421875 297.217163085938 297.19140625 297.385620117188 297.543823242188 297.611755371094 297.666778564453 297.617767333984 297.580230712891 297.588409423828 297.612091064453 297.652282714844 297.900756835938 298.040557861328 297.878662109375 297.671844482422 297.453399658203 297.362579345703 297.279663085938 297.178863525391 297.162384033203 297.293151855469 297.48779296875 297.509246826172 297.491577148438 297.592834472656
296.580108642578 296.820861816406 296.975402832031 297.18896484375 297.159790039062 297.109680175781 297.200225830078 297.342346191406 297.421508789062 297.462799072266 297.430938720703 297.395965576172 297.387664794922 297.363983154297 297.293762207031 297.256500244141 297.335845947266 297.529968261719 297.453338623047 297.39306640625 297.354858398438 297.267578125 297.219543457031 297.210083007812 297.203277587891 297.141296386719 297.125213623047 297.224151611328 297.296691894531 297.487457275391 297.617401123047 297.65869140625 297.644775390625 297.552368164062 297.586120605469 297.635131835938 297.730072021484 297.829803466797 297.966552734375 297.800720214844 297.543823242188 297.434112548828 297.335296630859 297.242523193359 297.284210205078 297.334442138672 297.402374267578 297.575927734375 297.665618896484 297.660125732422 297.649444580078 297.70263671875
296.481048583984 296.903015136719 297.097595214844 297.290008544922 297.262237548828 297.231872558594 297.294921875 297.401184082031 297.449554443359 297.433990478516 297.411315917969 297.395843505859 297.376434326172 297.301971435547 297.259735107422 297.295715332031 297.426605224609 297.506988525391 297.413391113281 297.272094726562 297.25634765625 297.25390625 297.252166748047 297.276428222656 297.227966308594 297.182220458984 297.267578125 297.427307128906 297.424255371094 297.514038085938 297.654846191406 297.668579101562 297.491241455078 297.373504638672 297.519744873047 297.655914306641 297.778961181641 297.97509765625 297.891662597656 297.684631347656 297.542022705078 297.519683837891 297.537567138672 297.495666503906 297.519287109375 297.532470703125 297.547027587891 297.722351074219 297.715454101562 297.797973632812 297.849212646484 297.806915283203
296.455291748047 296.891296386719 297.205200195312 297.321716308594 297.322570800781 297.331115722656 297.370239257812 297.397003173828 297.405548095703 297.402069091797 297.377532958984 297.375610351562 297.374725341797 297.325012207031 297.356079101562 297.411499023438 297.45263671875 297.404113769531 297.37060546875 297.282287597656 297.297454833984 297.305694580078 297.377410888672 297.382965087891 297.340972900391 297.347991943359 297.4013671875 297.471069335938 297.48046875 297.5234375 297.629302978516 297.604675292969 297.360260009766 297.251007080078 297.4443359375 297.728515625 297.886627197266 298.045227050781 297.996124267578 297.939453125 297.9111328125 297.87744140625 297.892730712891 297.82958984375 297.761993408203 297.638946533203 297.609649658203 297.818786621094 297.806762695312 297.985900878906 298.040985107422 298.018463134766
