R_scripts/int_process_data/Bio_08_2001.2020.asc
NCOLS 281 
NROWS 577 
XLLCORNER 81175.2677831308 
YLLCORNER -911.770678700996 
CELLSIZE 1000 
NODATA_value -3.4e+38 
[rows 276 to 298 of 577, columns 52 to 103 of 281]
285.546539306641 285.618743896484 285.730438232422 285.641021728516 285.656341552734 285.718811035156 285.806365966797 286.017639160156 285.923675537109 285.614288330078 285.550659179688 285.733215332031 285.303100585938 284.613647460938 284.2626953125 284.103179931641 284.177154541016 284.266662597656 284.353881835938 284.487060546875 284.791137695312 285.052062988281 285.267364501953 285.395141601562 285.482147216797 285.452056884766 285.546020507812 285.698547363281 285.610961914062 285.67578125 285.754058837891 285.796112060547 285.710327148438 285.530975341797 285.414367675781 285.470153808594 285.449798583984 285.443450927734 285.451080322266 285.537017822266 285.743133544922 285.855590820312 285.849090576172 285.86767578125 285.772521972656 285.530487060547 285.374969482422 285.326782226562 285.189788818359 285.036560058594 284.850524902344 284.858764648438
285.771820068359 285.830627441406 285.796569824219 285.600341796875 285.648193359375 285.726440429688 285.8251953125 285.972930908203 285.902038574219 285.590209960938 285.464813232422 285.635406494141 285.491058349609 284.767852783203 284.371246337891 284.263916015625 284.213195800781 284.297027587891 284.388092041016 284.441436767578 284.6396484375 284.948760986328 285.113159179688 285.327697753906 285.586700439453 285.68017578125 285.7470703125 285.787231445312 285.81103515625 285.784606933594 285.833251953125 285.667938232422 285.392639160156 285.271209716797 285.256164550781 285.372833251953 285.471435546875 285.408935546875 285.360168457031 285.524810791016 285.650329589844 285.784393310547 285.860931396484 285.979400634766 285.820922851562 285.641998291016 285.538970947266 285.460388183594 285.346435546875 285.229248046875 285.14501953125 285.077880859375
285.989105224609 285.945526123047 285.841400146484 285.66015625 285.603912353516 285.627075195312 285.716339111328 285.888641357422 285.874725341797 285.60009765625 285.445587158203 285.520111083984 285.660064697266 284.905181884766 284.468353271484 284.449584960938 284.334869384766 284.370849609375 284.467987060547 284.510437011719 284.549163818359 284.849884033203 285.140747070312 285.296966552734 285.506805419922 285.752777099609 285.739959716797 285.503265380859 285.559631347656 285.537719726562 285.580657958984 285.438720703125 285.250671386719 285.143371582031 285.217956542969 285.349487304688 285.522430419922 285.427490234375 285.293548583984 285.3876953125 285.525329589844 285.642700195312 285.767517089844 285.959594726562 285.91552734375 285.764892578125 285.688018798828 285.664886474609 285.562652587891 285.427795410156 285.227844238281 285.001068115234
285.932220458984 285.830230712891 285.781311035156 285.706787109375 285.570465087891 285.551330566406 285.605895996094 285.861022949219 285.906890869141 285.616943359375 285.344665527344 285.347625732422 285.562622070312 284.875823974609 284.436706542969 284.49365234375 284.431121826172 284.431610107422 284.513549804688 284.593017578125 284.59716796875 284.702117919922 285.040283203125 285.143859863281 285.353607177734 285.639801025391 285.672973632812 285.397613525391 285.34765625 285.337799072266 285.339050292969 285.238800048828 285.219085693359 285.219970703125 285.237091064453 285.425201416016 285.57275390625 285.440643310547 285.271850585938 285.329711914062 285.504150390625 285.663604736328 285.770721435547 285.938995361328 285.997924804688 285.846008300781 285.777984619141 285.797882080078 285.671356201172 285.364807128906 285.076324462891 284.807434082031
285.857299804688 285.746948242188 285.671112060547 285.617553710938 285.521545410156 285.537872314453 285.543182373047 285.845336914062 285.885894775391 285.531951904297 285.131256103516 285.127868652344 285.191314697266 284.505401611328 284.225708007812 284.385803222656 284.455352783203 284.4501953125 284.513031005859 284.597625732422 284.638854980469 284.666412353516 284.807586669922 284.940734863281 285.173400878906 285.421356201172 285.552734375 285.428771972656 285.310821533203 285.280151367188 285.269561767578 285.216430664062 285.179260253906 285.260711669922 285.361541748047 285.554962158203 285.601867675781 285.417449951172 285.372650146484 285.460479736328 285.564758300781 285.664489746094 285.859466552734 286.058227539062 285.985656738281 285.883728027344 285.892639160156 285.873718261719 285.595855712891 285.130981445312 284.906005859375 284.758758544922
285.878326416016 285.687591552734 285.555389404297 285.481811523438 285.478607177734 285.601745605469 285.579956054688 285.829895019531 285.841125488281 285.537414550781 284.998046875 284.944915771484 284.714569091797 284.083679199219 284.166381835938 284.381927490234 284.483581542969 284.468963623047 284.458648681641 284.492950439453 284.631652832031 284.730041503906 284.783233642578 284.979248046875 285.176361083984 285.284423828125 285.390472412109 285.435943603516 285.405395507812 285.406677246094 285.400512695312 285.272247314453 285.1005859375 285.327819824219 285.540557861328 285.691009521484 285.665344238281 285.5068359375 285.492218017578 285.566314697266 285.666198730469 285.695373535156 285.926239013672 286.102325439453 285.979095458984 285.889526367188 285.963012695312 285.922302246094 285.516540527344 285.154815673828 284.976043701172 284.793518066406
285.825775146484 285.672180175781 285.473937988281 285.423706054688 285.579406738281 285.675659179688 285.626953125 285.848876953125 285.792327880859 285.405242919922 285.026336669922 284.836761474609 284.254150390625 283.967193603516 284.189117431641 284.363616943359 284.381286621094 284.324188232422 284.29248046875 284.355895996094 284.514221191406 284.744018554688 284.876251220703 285.041717529297 285.10400390625 285.153167724609 285.269165039062 285.373565673828 285.413421630859 285.369201660156 285.361175537109 285.369903564453 285.3876953125 285.5068359375 285.627227783203 285.750640869141 285.748962402344 285.654846191406 285.592468261719 285.596282958984 285.753662109375 285.756591796875 285.974731445312 286.149536132812 286.063720703125 285.972412109375 285.972351074219 285.943176269531 285.621765136719 285.321014404297 285.028350830078 284.755584716797
285.721496582031 285.54150390625 285.414367675781 285.539215087891 285.707427978516 285.598297119141 285.223693847656 285.791748046875 285.809234619141 285.191314697266 284.679992675781 284.523101806641 283.973510742188 283.926361083984 284.234252929688 284.367218017578 284.211944580078 284.160217285156 284.164306640625 284.267181396484 284.393981933594 284.753997802734 284.934387207031 284.94287109375 285.055755615234 285.155517578125 285.239379882812 285.305206298828 285.291687011719 285.212280273438 285.382232666016 285.555267333984 285.624664306641 285.635040283203 285.707214355469 285.777496337891 285.846740722656 285.801666259766 285.711853027344 285.680267333984 285.8056640625 285.756042480469 285.923614501953 286.189147949219 286.150665283203 286.061248779297 286.036407470703 286.01806640625 285.774749755859 285.413665771484 285.094177246094 284.844848632812
285.501922607422 285.438568115234 285.566772460938 285.721282958984 285.695465087891 285.1240234375 284.575592041016 285.561279296875 285.674682617188 285.138092041016 284.50927734375 284.189361572266 283.956909179688 284.08544921875 284.23193359375 284.247955322266 284.131469726562 284.109497070312 284.02587890625 284.119354248047 284.285827636719 284.648742675781 284.954956054688 284.913726806641 284.934997558594 285.083801269531 285.176452636719 285.136169433594 284.995727539062 285.170715332031 285.546264648438 285.593627929688 285.679779052734 285.703094482422 285.678894042969 285.718902587891 285.840118408203 285.920562744141 285.829162597656 285.809814453125 285.839752197266 285.758758544922 285.904571533203 286.159606933594 286.202758789062 286.103485107422 286.111236572266 286.11572265625 285.822692871094 285.337066650391 285.158081054688 285.107482910156
285.493255615234 285.633941650391 285.702392578125 285.674194335938 285.245971679688 284.282012939453 284.313537597656 285.287139892578 285.210815429688 285.223663330078 285.045471191406 284.538269042969 284.217163085938 284.271545410156 284.238372802734 284.134033203125 284.203186035156 284.228973388672 284.069946289062 284.092102050781 284.224853515625 284.408630371094 284.787780761719 284.884979248047 284.879699707031 284.980560302734 285.033325195312 284.910339355469 284.903747558594 285.332946777344 285.658447265625 285.802307128906 285.844818115234 285.695526123047 285.588897705078 285.60498046875 285.697998046875 285.899475097656 285.946716308594 285.908416748047 285.857818603516 285.810119628906 285.919494628906 286.081085205078 286.221038818359 286.132843017578 286.130279541016 286.11474609375 285.759857177734 285.332733154297 285.203094482422 285.368530273438
285.745086669922 285.686004638672 285.547912597656 285.397399902344 284.509368896484 283.703338623047 284.499420166016 284.739166259766 284.365173339844 284.954467773438 285.329010009766 285.062316894531 284.657592773438 284.397369384766 284.254028320312 284.194793701172 284.225677490234 284.229370117188 284.123626708984 284.071380615234 284.211517333984 284.345397949219 284.607666015625 284.737548828125 284.790771484375 284.784698486328 284.674224853516 284.774871826172 285.14794921875 285.595825195312 285.933715820312 286.049072265625 285.912414550781 285.703826904297 285.665191650391 285.618072509766 285.625915527344 285.794128417969 285.990844726562 285.961730957031 285.859588623047 285.899566650391 285.995971679688 286.056640625 286.205657958984 286.173248291016 286.135650634766 286.045715332031 285.690673828125 285.389617919922 285.192474365234 285.337005615234
285.866943359375 285.674682617188 285.503570556641 284.885650634766 283.656311035156 283.666625976562 284.548156738281 284.203338623047 283.989288330078 284.469146728516 285.083984375 285.330322265625 284.962127685547 284.600128173828 284.605987548828 284.506591796875 284.294342041016 284.201751708984 284.175384521484 284.189819335938 284.201690673828 284.287200927734 284.486633300781 284.483367919922 284.425231933594 284.305633544922 284.085998535156 284.607574462891 285.431762695312 285.847930908203 286.0693359375 286.093719482422 285.891296386719 285.7109375 285.730133056641 285.713043212891 285.683776855469 285.749176025391 285.901458740234 286.020050048828 285.979736328125 286.001007080078 286.059783935547 286.0732421875 286.175628662109 286.206298828125 286.151702880859 286.002349853516 285.719421386719 285.523193359375 285.280059814453 285.237213134766
285.896209716797 285.800842285156 285.381622314453 284.068756103516 283.1923828125 283.691589355469 284.283386230469 283.962921142578 283.853546142578 283.848846435547 284.343963623047 285.264099121094 285.306610107422 284.721282958984 284.706207275391 284.969818115234 284.830780029297 284.506134033203 284.267150878906 284.238372802734 284.247222900391 284.333190917969 284.443298339844 284.202728271484 283.869934082031 283.661163330078 283.777587890625 284.743286132812 285.763580322266 286.090545654297 286.137908935547 286.06103515625 285.840606689453 285.717468261719 285.749206542969 285.78564453125 285.757598876953 285.823150634766 285.848419189453 285.957061767578 286.052825927734 286.058807373047 286.102447509766 286.137878417969 286.184112548828 286.236633300781 286.148376464844 285.960632324219 285.780944824219 285.680969238281 285.492645263672 285.455780029297
285.910125732422 285.762664794922 284.816467285156 283.406005859375 283.240844726562 283.614715576172 284.256500244141 283.915008544922 283.764739990234 283.767242431641 283.729583740234 284.635528564453 285.138824462891 284.585357666016 284.221160888672 284.968597412109 285.459747314453 285.256896972656 284.800018310547 284.485778808594 284.398010253906 284.510650634766 284.259552001953 283.648529052734 283.123809814453 283.246856689453 284.193298339844 285.297241210938 286.012451171875 286.174774169922 286.163055419922 286.031219482422 285.864990234375 285.713653564453 285.699096679688 285.775360107422 285.851959228516 285.914154052734 285.888549804688 285.879547119141 285.945861816406 286.017211914062 286.043151855469 286.049530029297 286.112335205078 286.191711425781 286.050567626953 285.856414794922 285.79296875 285.790740966797 285.702423095703 285.629669189453
285.863708496094 285.328948974609 283.948394775391 283.156707763672 283.444641113281 283.984497070312 284.658966064453 283.913299560547 283.687530517578 283.848266601562 283.651550292969 283.942901611328 284.481170654297 284.282836914062 283.866271972656 284.279113769531 285.45166015625 285.840362548828 285.505828857422 284.993682861328 284.715240478516 284.571990966797 283.652740478516 282.927764892578 282.919769287109 283.712066650391 284.94287109375 285.772491455078 286.107208251953 286.181030273438 286.195190429688 286.060150146484 285.880340576172 285.641540527344 285.600891113281 285.715484619141 285.829681396484 285.948608398438 285.940826416016 285.866607666016 285.880157470703 285.906555175781 285.843383789062 285.871643066406 286.009887695312 286.082824707031 285.95947265625 285.829864501953 285.885681152344 285.859527587891 285.678863525391 285.488555908203
285.740295410156 284.835052490234 283.618408203125 283.430603027344 283.943969726562 284.612243652344 284.814666748047 283.818572998047 283.633331298828 283.864044189453 283.825653076172 283.847869873047 284.203002929688 284.291168212891 284.182098388672 284.182800292969 284.761871337891 285.592498779297 285.866973876953 285.513610839844 284.90380859375 284.363586425781 283.421142578125 283.169036865234 283.810302734375 284.847747802734 285.553375244141 285.96240234375 286.112945556641 286.14501953125 286.197906494141 286.066284179688 285.793426513672 285.652770996094 285.635955810547 285.724975585938 285.807952880859 285.870452880859 285.976837158203 285.908782958984 285.926483154297 285.936340332031 285.812652587891 285.816955566406 285.953887939453 285.970947265625 285.948913574219 285.952270507812 285.934020996094 285.697357177734 285.597137451172 285.530639648438
285.538391113281 284.423187255859 283.754150390625 284.083068847656 284.477081298828 284.693969726562 284.527221679688 283.759338378906 283.770721435547 283.912017822266 283.930969238281 283.927032470703 284.302276611328 284.615295410156 284.699371337891 284.753112792969 284.659515380859 284.868347167969 285.512939453125 285.639373779297 285.020812988281 284.650054931641 284.453460693359 284.683319091797 285.342254638672 285.688568115234 285.854064941406 286.037231445312 286.046569824219 286.0146484375 286.074462890625 286.022186279297 285.808532714844 285.763488769531 285.651947021484 285.715576171875 285.870788574219 285.854919433594 285.939086914062 285.96240234375 285.958404541016 285.875518798828 285.749542236328 285.717132568359 285.777069091797 285.766296386719 285.725128173828 285.744842529297 285.839935302734 285.796051025391 285.747314453125 285.482208251953
285.196838378906 284.097534179688 283.956878662109 284.609161376953 284.79345703125 284.779510498047 284.198333740234 283.819671630859 283.940368652344 283.973175048828 284.045562744141 284.110473632812 284.491760253906 284.904754638672 284.987701416016 285.075012207031 285.079803466797 284.921417236328 284.971130371094 285.109344482422 285.213043212891 285.412872314453 285.624847412109 285.802581787109 285.974914550781 286.011291503906 286.069427490234 286.099761962891 286.0947265625 286.028167724609 286.019226074219 286.079223632812 285.910034179688 285.861755371094 285.717041015625 285.720336914062 285.88671875 285.920501708984 285.916748046875 285.991668701172 285.949127197266 285.809356689453 285.728576660156 285.668121337891 285.602630615234 285.538726806641 285.460845947266 285.416870117188 285.658264160156 285.906433105469 285.82958984375 285.432922363281
284.885681152344 284.148651123047 284.368041992188 284.839996337891 284.953582763672 284.700225830078 283.929931640625 283.981872558594 284.112396240234 284.153656005859 284.331115722656 284.486358642578 284.730926513672 285.110504150391 285.164916992188 285.215576171875 285.353332519531 285.435302734375 285.375549316406 285.159301757812 285.202667236328 285.653259277344 285.827941894531 285.806396484375 285.854949951172 286.110198974609 286.220672607422 286.173522949219 286.186889648438 286.127685546875 286.133575439453 286.127990722656 285.984313964844 285.916931152344 285.813934326172 285.776092529297 285.876525878906 285.986511230469 285.977203369141 286.022155761719 285.913696289062 285.7255859375 285.697235107422 285.750366210938 285.633911132812 285.51806640625 285.463623046875 285.454437255859 285.584320068359 285.788269042969 285.746459960938 285.471008300781
284.448516845703 284.247009277344 284.633117675781 284.662902832031 284.870697021484 284.519958496094 283.970336914062 284.174713134766 284.255767822266 284.288116455078 284.524810791016 284.751953125 285.010833740234 285.297729492188 285.255859375 285.248413085938 285.405181884766 285.592102050781 285.840850830078 285.793029785156 285.640899658203 285.908721923828 286.029968261719 286.063507080078 286.074371337891 286.135528564453 286.162078857422 286.156677246094 286.134033203125 286.085906982422 286.131317138672 286.153625488281 286.052062988281 285.965362548828 285.908111572266 285.849273681641 285.89794921875 286.030700683594 286.065887451172 286.065765380859 285.859558105469 285.715667724609 285.768249511719 285.84228515625 285.792388916016 285.735412597656 285.688751220703 285.651794433594 285.748291015625 285.914855957031 285.841400146484 285.730072021484
284.136840820312 284.259429931641 284.271545410156 284.277862548828 284.746948242188 284.422607421875 284.181518554688 284.374084472656 284.471649169922 284.444702148438 284.654296875 284.967712402344 285.354888916016 285.592010498047 285.390167236328 285.19384765625 285.428436279297 285.692932128906 285.921905517578 286.081237792969 286.17138671875 286.236175537109 286.333190917969 286.310729980469 286.185333251953 286.072601318359 286.017028808594 285.978668212891 285.932403564453 285.907836914062 285.991088867188 286.113372802734 286.125946044922 286.070495605469 286.007598876953 285.893402099609 285.953399658203 286.097564697266 286.166625976562 286.083343505859 285.829772949219 285.705169677734 285.829010009766 285.946441650391 285.946807861328 285.941467285156 285.889892578125 285.869964599609 285.992340087891 286.119384765625 286.157348632812 286.129089355469
284.065765380859 284.029876708984 284.112335205078 284.577819824219 284.835388183594 284.469360351562 284.403106689453 284.471588134766 284.582000732422 284.650268554688 284.896728515625 285.301513671875 285.648895263672 285.760833740234 285.690521240234 285.621246337891 285.774688720703 285.969421386719 286.152954101562 286.273681640625 286.318115234375 286.298370361328 286.391845703125 286.272674560547 286.141876220703 286.058868408203 285.963470458984 285.916259765625 285.878967285156 285.880523681641 285.883605957031 286.018035888672 286.130706787109 286.159332275391 286.049560546875 285.996307373047 286.083465576172 286.176544189453 286.243713378906 286.154907226562 285.988037109375 285.753356933594 285.726745605469 285.932556152344 286.068756103516 286.061706542969 286.011505126953 286.042999267578 286.140991210938 286.214233398438 286.242858886719 286.301055908203
284.036193847656 283.994995117188 284.269470214844 284.864410400391 284.993560791016 284.762573242188 284.748168945312 284.718170166016 284.676879882812 284.877410888672 285.209625244141 285.552307128906 285.761749267578 285.974151611328 286.111938476562 286.119323730469 286.043579101562 286.152587890625 286.329376220703 286.423553466797 286.381805419922 286.356567382812 286.320434570312 286.123870849609 286.078002929688 286.056274414062 285.941467285156 285.923614501953 285.919097900391 285.902648925781 285.92822265625 286.023101806641 286.164123535156 286.205322265625 286.124786376953 286.132019042969 286.194702148438 286.231719970703 286.290557861328 286.286590576172 286.221527099609 285.996765136719 285.858154296875 286.013793945312 286.179626464844 286.164367675781 286.152221679688 286.179351806641 286.195648193359 286.016143798828 285.975311279297 286.217559814453
