R_scripts/int_process_data/Bio_03.asc
NCOLS 281 
NROWS 576 
XLLCORNER 81175.2677831308 
YLLCORNER 88.2293212990044 
CELLSIZE 1000 
NODATA_value -3.4e+38 
[rows 92 to 114 of 576, columns 104 to 155 of 281]
37.1429748535156 37.194637298584 37.2463035583496 37.297966003418 37.3496322631836 37.3961601257324 37.3484230041504 37.3006896972656 37.2529525756836 37.2052192687988 37.1574859619141 37.109748840332 37.0620155334473 37.0142822265625 36.9665451049805 36.9188423156738 36.8727798461914 36.826717376709 36.7806510925293 36.7345886230469 36.6885261535645 36.642463684082 36.5964012145996 36.5503387451172 36.5042724609375 36.4582099914551 36.4105949401855 36.3629531860352 36.315315246582 36.2676734924316 36.2200355529785 36.1723937988281 36.124755859375 36.0771141052246 36.0294761657715 35.9818344116211 35.9453659057617 35.9094505310059 35.87353515625 35.8376159667969 35.801700592041 35.7657852172852 35.7298698425293 35.6939544677734 35.6580352783203 35.6221199035645 35.5817947387695 35.5410804748535 35.5003700256348 35.459659576416 35.4189453125 35.3782348632812
37.1380233764648 37.1897163391113 37.2414093017578 37.2931022644043 37.3447952270508 37.3913612365723 37.343864440918 37.2963638305664 37.2488632202148 37.2013626098633 37.153865814209 37.1063652038574 37.0588645935059 37.0113639831543 36.9638671875 36.9163932800293 36.870361328125 36.8243293762207 36.7782974243164 36.7322616577148 36.6862297058105 36.6401977539062 36.594165802002 36.5481338500977 36.5021018981934 36.4560699462891 36.4084739685059 36.3608589172363 36.3132438659668 36.2656288146973 36.2180137634277 36.1703987121582 36.1227836608887 36.0751686096191 36.0275535583496 35.9799385070801 35.9434089660645 35.9074325561523 35.8714561462402 35.8354759216309 35.7994995117188 35.7635192871094 35.7275428771973 35.6915626525879 35.6555862426758 35.6196098327637 35.5790596008301 35.5381088256836 35.4971618652344 35.4562110900879 35.4152641296387 35.3743133544922
37.1380233764648 37.1897163391113 37.2414093017578 37.2931022644043 37.3447952270508 37.3913612365723 37.343864440918 37.2963638305664 37.2488632202148 37.2013626098633 37.153865814209 37.1063652038574 37.0588645935059 37.0113639831543 36.9638671875 36.9163932800293 36.870361328125 36.8243293762207 36.7782974243164 36.7322616577148 36.6862297058105 36.6401977539062 36.594165802002 36.5481338500977 36.5021018981934 36.4560699462891 36.4084739685059 36.3608589172363 36.3132438659668 36.2656288146973 36.2180137634277 36.1703987121582 36.1227836608887 36.0751686096191 36.0275535583496 35.9799385070801 35.9434089660645 35.9074325561523 35.8714561462402 35.8354759216309 35.7994995117188 35.7635192871094 35.7275428771973 35.6915626525879 35.6555862426758 35.6196098327637 35.5790596008301 35.5381088256836 35.4971618652344 35.4562110900879 35.4152641296387 35.3743133544922
37.1380233764648 37.1897163391113 37.2414093017578 37.2931022644043 37.3447952270508 37.3913612365723 37.343864440918 37.2963638305664 37.2488632202148 37.2013626098633 37.153865814209 37.1063652038574 37.0588645935059 37.0113639831543 36.9638671875 36.9163932800293 36.870361328125 36.8243293762207 36.7782974243164 36.7322616577148 36.6862297058105 36.6401977539062 36.594165802002 36.5481338500977 36.5021018981934 36.4560699462891 36.4084739685059 36.3608589172363 36.3132438659668 36.2656288146973 36.2180137634277 36.1703987121582 36.1227836608887 36.0751686096191 36.0275535583496 35.9799385070801 35.9434089660645 35.9074325561523 35.8714561462402 35.8354759216309 35.7994995117188 35.7635192871094 35.7275428771973 35.6915626525879 35.6555862426758 35.6196098327637 35.5790596008301 35.5381088256836 35.4971618652344 35.4562110900879 35.4152641296387 35.3743133544922
37.1380233764648 37.1897163391113 37.2414093017578 37.2931022644043 37.3447952270508 37.3913612365723 37.343864440918 37.2963638305664 37.2488632202148 37.2013626098633 37.153865814209 37.1063652038574 37.0588645935059 37.0113639831543 36.9638671875 36.9163932800293 36.870361328125 36.8243293762207 36.7782974243164 36.7322616577148 36.6862297058105 36.6401977539062 36.594165802002 36.5481338500977 36.5021018981934 36.4560699462891 36.4084739685059 36.3608589172363 36.3132438659668 36.2656288146973 36.2180137634277 36.1703987121582 36.1227836608887 36.0751686096191 36.0275535583496 35.9799385070801 35.9434089660645 35.9074325561523 35.8714561462402 35.8354759216309 35.7994995117188 35.7635192871094 35.7275428771973 35.6915626525879 35.6555862426758 35.6196098327637 35.5790596008301 35.5381088256836 35.4971618652344 35.4562110900879 35.4152641296387 35.3743133544922
37.1380233764648 37.1897163391113 37.2414093017578 37.2931022644043 37.3447952270508 37.3913612365723 37.343864440918 37.2963638305664 37.2488632202148 37.2013626098633 37.153865814209 37.1063652038574 37.0588645935059 37.0113639831543 36.9638671875 36.9163932800293 36.870361328125 36.8243293762207 36.7782974243164 36.7322616577148 36.6862297058105 36.6401977539062 36.594165802002 36.5481338500977 36.5021018981934 36.4560699462891 36.4084739685059 36.3608589172363 36.3132438659668 36.2656288146973 36.2180137634277 36.1703987121582 36.1227836608887 36.0751686096191 36.0275535583496 35.9799385070801 35.9434089660645 35.9074325561523 35.8714561462402 35.8354759216309 35.7994995117188 35.7635192871094 35.7275428771973 35.6915626525879 35.6555862426758 35.6196098327637 35.5790596008301 35.5381088256836 35.4971618652344 35.4562110900879 35.4152641296387 35.3743133544922
37.1380233764648 37.1897163391113 37.2414093017578 37.2931022644043 37.3447952270508 37.3913612365723 37.343864440918 37.2963638305664 37.2488632202148 37.2013626098633 37.153865814209 37.1063652038574 37.0588645935059 37.0113639831543 36.9638671875 36.9163932800293 36.870361328125 36.8243293762207 36.7782974243164 36.7322616577148 36.6862297058105 36.6401977539062 36.594165802002 36.5481338500977 36.5021018981934 36.4560699462891 36.4084739685059 36.3608589172363 36.3132438659668 36.2656288146973 36.2180137634277 36.1703987121582 36.1227836608887 36.0751686096191 36.0275535583496 35.9799385070801 35.9434089660645 35.9074325561523 35.8714561462402 35.8354759216309 35.7994995117188 35.7635192871094 35.7275428771973 35.6915626525879 35.6555862426758 35.6196098327637 35.5790596008301 35.5381088256836 35.4971618652344 35.4562110900879 35.4152641296387 35.3743133544922
37.1380233764648 37.1897163391113 37.2414093017578 37.2931022644043 37.3447952270508 37.3913612365723 37.343864440918 37.2963638305664 37.2488632202148 37.2013626098633 37.153865814209 37.1063652038574 37.0588645935059 37.0113639831543 36.9638671875 36.9163932800293 36.870361328125 36.8243293762207 36.7782974243164 36.7322616577148 36.6862297058105 36.6401977539062 36.594165802002 36.5481338500977 36.5021018981934 36.4560699462891 36.4084739685059 36.3608589172363 36.3132438659668 36.2656288146973 36.2180137634277 36.1703987121582 36.1227836608887 36.0751686096191 36.0275535583496 35.9799385070801 35.9434089660645 35.9074325561523 35.8714561462402 35.8354759216309 35.7994995117188 35.7635192871094 35.7275428771973 35.6915626525879 35.6555862426758 35.6196098327637 35.5790596008301 35.5381088256836 35.4971618652344 35.4562110900879 35.4152641296387 35.3743133544922
37.1380233764648 37.1897163391113 37.2414093017578 37.2931022644043 37.3447952270508 37.3913612365723 37.343864440918 37.2963638305664 37.2488632202148 37.2013626098633 37.153865814209 37.1063652038574 37.0588645935059 37.0113639831543 36.9638671875 36.9163932800293 36.870361328125 36.8243293762207 36.7782974243164 36.7322616577148 36.6862297058105 36.6401977539062 36.594165802002 36.5481338500977 36.5021018981934 36.4560699462891 36.4084739685059 36.3608589172363 36.3132438659668 36.2656288146973 36.2180137634277 36.1703987121582 36.1227836608887 36.0751686096191 36.0275535583496 35.9799385070801 35.9434089660645 35.9074325561523 35.8714561462402 35.8354759216309 35.7994995117188 35.7635192871094 35.7275428771973 35.6915626525879 35.6555862426758 35.6196098327637 35.5790596008301 35.5381088256836 35.4971618652344 35.4562110900879 35.4152641296387 35.3743133544922
37.1380233764648 37.1897163391113 37.2414093017578 37.2931022644043 37.3447952270508 37.3913612365723 37.343864440918 37.2963638305664 37.2488632202148 37.2013626098633 37.153865814209 37.1063652038574 37.0588645935059 37.0113639831543 36.9638671875 36.9163932800293 36.870361328125 36.8243293762207 36.7782974243164 36.7322616577148 36.6862297058105 36.6401977539062 36.594165802002 36.5481338500977 36.5021018981934 36.4560699462891 36.4084739685059 36.3608589172363 36.3132438659668 36.2656288146973 36.2180137634277 36.1703987121582 36.1227836608887 36.0751686096191 36.0275535583496 35.9799385070801 35.9434089660645 35.9074325561523 35.8714561462402 35.8354759216309 35.7994995117188 35.7635192871094 35.7275428771973 35.6915626525879 35.6555862426758 35.6196098327637 35.5790596008301 35.5381088256836 35.4971618652344 35.4562110900879 35.4152641296387 35.3743133544922
37.1380233764648 37.1897163391113 37.2414093017578 37.2931022644043 37.3447952270508 37.3913612365723 37.343864440918 37.2963638305664 37.2488632202148 37.2013626098633 37.153865814209 37.1063652038574 37.0588645935059 37.0113639831543 36.9638671875 36.9163932800293 36.870361328125 36.8243293762207 36.7782974243164 36.7322616577148 36.6862297058105 36.6401977539062 36.594165802002 36.5481338500977 36.5021018981934 36.4560699462891 36.4084739685059 36.3608589172363 36.3132438659668 36.2656288146973 36.2180137634277 36.1703987121582 36.1227836608887 36.0751686096191 36.0275535583496 35.9799385070801 35.9434089660645 35.9074325561523 35.8714561462402 35.8354759216309 35.7994995117188 35.7635192871094 35.7275428771973 35.6915626525879 35.6555862426758 35.6196098327637 35.5790596008301 35.5381088256836 35.4971618652344 35.4562110900879 35.4152641296387 35.3743133544922
37.1151161193848 37.1685562133789 37.2220001220703 37.2754402160645 37.3288803100586 37.3771705627441 37.3308982849121 37.2846221923828 37.2383499145508 37.1920776367188 37.1458053588867 37.0995330810547 37.0532608032227 37.0069885253906 36.9607162475586 36.9144554138184 36.8688125610352 36.823169708252 36.777530670166 36.7318878173828 36.6862487792969 36.6406059265137 36.5949668884277 36.5493240356445 36.5036811828613 36.4580421447754 36.4100151062012 36.3619575500488 36.3138961791992 36.2658386230469 36.2177772521973 36.1697196960449 36.1216583251953 36.073600769043 36.0255393981934 35.977481842041 35.9399261474609 35.9028930664062 35.8658599853516 35.8288230895996 35.7917900085449 35.7547569274902 35.7177200317383 35.6806869506836 35.6436538696289 35.6066207885742 35.5652465820312 35.523494720459 35.4817390441895 35.4399871826172 35.3982353210449 35.3564834594727
37.0883369445801 37.1438217163086 37.1993064880371 37.2547912597656 37.3102760314941 37.3605766296387 37.3157386779785 37.2709007263184 37.2260627746582 37.181224822998 37.1363868713379 37.0915489196777 37.0467071533203 37.0018692016602 36.95703125 36.9121856689453 36.8670043945312 36.8218193054199 36.7766342163086 36.7314529418945 36.6862678527832 36.6410827636719 36.5958976745605 36.5507164001465 36.5055313110352 36.4603462219238 36.4118156433105 36.3632392883301 36.3146591186523 36.2660827636719 36.2175025939941 36.1689224243164 36.1203460693359 36.0717658996582 36.0231895446777 35.974609375 35.9358558654785 35.8975868225098 35.859317779541 35.8210487365723 35.7827796936035 35.7445106506348 35.706241607666 35.6679725646973 35.6297035217285 35.5914344787598 35.5490989685059 35.506404876709 35.4637145996094 35.4210243225098 35.3783302307129 35.3356399536133
37.0615615844727 37.1190872192383 37.1766166687012 37.2341461181641 37.2916717529297 37.3439865112305 37.3005790710449 37.2571754455566 37.2137718200684 37.1703681945801 37.1269645690918 37.0835609436035 37.0401573181152 36.996753692627 36.9533500671387 36.9099197387695 36.8651924133301 36.8204689025879 36.7757415771484 36.731014251709 36.6862869262695 36.6415596008301 36.5968322753906 36.5521087646484 36.507381439209 36.4626541137695 36.4136199951172 36.3645210266113 36.3154220581055 36.2663230895996 36.217227935791 36.1681289672852 36.1190299987793 36.0699348449707 36.0208358764648 35.971736907959 35.9317817687988 35.892276763916 35.8527755737305 35.8132705688477 35.7737693786621 35.7342643737793 35.6947631835938 35.6552581787109 35.6157531738281 35.5762519836426 35.5329513549805 35.4893188476562 35.4456901550293 35.4020576477051 35.3584289550781 35.3147964477539
37.034782409668 37.094352722168 37.1539268493652 37.2134971618652 37.2730674743652 37.327392578125 37.2854232788086 37.2434539794922 37.2014846801758 37.1595153808594 37.117546081543 37.0755767822266 37.0336074829102 36.9916343688965 36.9496650695801 36.9076538085938 36.8633842468262 36.8191146850586 36.774845123291 36.7305755615234 36.6863059997559 36.6420364379883 36.5977668762207 36.5534973144531 36.5092277526855 36.4649620056152 36.4154205322266 36.3658027648926 36.3161849975586 36.2665672302246 36.2169494628906 36.1673355102539 36.1177177429199 36.0680999755859 36.018482208252 35.968864440918 35.9277076721191 35.8869705200195 35.8462333679199 35.8054962158203 35.7647590637207 35.7240180969238 35.6832809448242 35.6425437927246 35.601806640625 35.5610656738281 35.5168037414551 35.4722328186035 35.4276657104492 35.3830947875977 35.3385238647461 35.2939529418945
37.0080032348633 37.0696182250977 37.131233215332 37.1928482055664 37.2544631958008 37.3107986450195 37.270263671875 37.2297286987305 37.1891937255859 37.1486587524414 37.1081237792969 37.0675888061523 37.0270538330078 36.9865188598633 36.9459838867188 36.905387878418 36.8615760803223 36.8177642822266 36.7739524841309 36.7301406860352 36.6863288879395 36.6425132751465 36.5987014770508 36.5548896789551 36.5110778808594 36.4672660827637 36.4172210693359 36.3670845031738 36.3169479370117 36.2668113708496 36.2166748046875 36.1665382385254 36.1164016723633 36.0662651062012 36.0161323547363 35.9659957885742 35.9236373901367 35.881664276123 35.8396911621094 35.7977180480957 35.755744934082 35.7137756347656 35.671802520752 35.6298294067383 35.5878562927246 35.5458831787109 35.5006561279297 35.4551467895508 35.4096374511719 35.364128112793 35.3186187744141 35.2731094360352
36.9812278747559 37.0448837280273 37.1085433959961 37.1722030639648 37.2358589172363 37.2942085266113 37.2551078796387 37.216007232666 37.1769065856934 37.1378059387207 37.098705291748 37.0596046447754 37.0205039978027 36.9814033508301 36.9423027038574 36.9031219482422 36.8597679138184 36.8164100646973 36.7730560302734 36.7297019958496 36.6863479614258 36.642993927002 36.5996360778809 36.556282043457 36.5129280090332 36.4695739746094 36.4190216064453 36.3683662414551 36.3177108764648 36.2670555114746 36.2164001464844 36.1657447814941 36.1150894165039 36.0644340515137 36.0137786865234 35.9631233215332 35.919563293457 35.8763580322266 35.8331489562988 35.7899436950684 35.7467346191406 35.7035293579102 35.6603202819824 35.617115020752 35.5739059448242 35.5307006835938 35.4845085144043 35.438060760498 35.3916130065918 35.3451652526855 35.298713684082 35.2522659301758
36.9544486999512 37.020149230957 37.0858535766602 37.151554107666 37.2172546386719 37.2776145935059 37.2399482727051 37.2022819519043 37.1646156311035 37.1269493103027 37.089282989502 37.0516166687012 37.0139503479004 36.9762840270996 36.9386177062988 36.9008560180664 36.8579559326172 36.8150596618652 36.7721633911133 36.7292633056641 36.6863670349121 36.6434707641602 36.6005706787109 36.557674407959 36.514778137207 36.4718780517578 36.4208221435547 36.3696479797363 36.318473815918 36.2672996520996 36.2161254882812 36.1649513244629 36.1137733459473 36.0625991821289 36.0114250183105 35.9602508544922 35.9154930114746 35.8710517883301 35.8266067504883 35.7821655273438 35.7377243041992 35.6932830810547 35.6488418579102 35.6044006347656 35.5599555969238 35.5155143737793 35.4683647155762 35.4209747314453 35.3735885620117 35.3261985778809 35.27880859375 35.2314224243164
36.9276695251465 36.9954147338867 37.063159942627 37.1309051513672 37.1986503601074 37.2610244750977 37.2247924804688 37.1885604858398 37.1523284912109 37.116096496582 37.0798645019531 37.0436325073242 37.0074005126953 36.9711685180664 36.9349365234375 36.8985862731934 36.8561477661133 36.8137054443359 36.7712669372559 36.7288284301758 36.6863861083984 36.6439476013184 36.601505279541 36.5590667724609 36.5166244506836 36.4741859436035 36.4226226806641 36.3709297180176 36.3192367553711 36.2675437927246 36.2158470153809 36.1641540527344 36.1124610900879 36.0607681274414 36.0090713500977 35.9573783874512 35.9114189147949 35.8657417297363 35.820068359375 35.7743911743164 35.7287139892578 35.6830368041992 35.6373596191406 35.5916862487793 35.5460090637207 35.5003318786621 35.4522171020508 35.4038887023926 35.3555603027344 35.3072319030762 35.2589073181152 35.210578918457
36.9008941650391 36.9706802368164 37.040470123291 37.1102600097656 37.180046081543 37.2444305419922 37.2096328735352 37.1748352050781 37.1400375366211 37.1052398681641 37.070442199707 37.03564453125 37.000846862793 36.9660491943359 36.9312515258789 36.8963203430176 36.8543395996094 36.8123550415039 36.7703704833984 36.7283897399902 36.6864051818848 36.6444244384766 36.6024398803711 36.5604591369629 36.5184745788574 36.4764938354492 36.4244232177734 36.3722114562988 36.3199996948242 36.2677841186523 36.2155723571777 36.1633605957031 36.1111450195312 36.0589332580566 36.006721496582 35.9545097351074 35.9073486328125 35.8604354858398 35.8135261535645 35.7666130065918 35.7197036743164 35.6727905273438 35.6258811950684 35.5789680480957 35.5320587158203 35.4851493835449 35.4360694885254 35.3868026733398 35.3375358581543 35.2882690429688 35.2390022277832 35.1897354125977
36.8741149902344 36.9459457397461 37.0177803039551 37.0896110534668 37.1614418029785 37.227840423584 37.1944770812988 37.1611137390137 37.1277503967285 37.0943870544434 37.0610237121582 37.027660369873 36.9942970275879 36.9609336853027 36.9275703430176 36.8940544128418 36.8525276184082 36.8110046386719 36.7694778442383 36.7279510498047 36.6864280700684 36.6449012756348 36.6033744812012 36.5618476867676 36.5203247070312 36.4787979125977 36.4262237548828 36.3734931945801 36.3207626342773 36.2680282592773 36.2152976989746 36.1625633239746 36.1098327636719 36.0571022033691 36.0043678283691 35.9516372680664 35.9032745361328 35.8551292419434 35.8069839477539 35.7588386535645 35.710693359375 35.6625480651855 35.6143989562988 35.5662536621094 35.5181083679199 35.4699630737305 35.419921875 35.3697166442871 35.3195114135742 35.2693023681641 35.2190971374512 35.1688919067383
36.8788642883301 36.9493522644043 37.0198440551758 37.0903358459473 37.1608276367188 37.2258071899414 37.1897315979004 37.1536560058594 37.1175804138184 37.0815010070801 37.0454254150391 37.009349822998 36.973274230957 36.9371948242188 36.9011192321777 36.8649597167969 36.8244934082031 36.7840270996094 36.7435607910156 36.7030944824219 36.6626281738281 36.6221618652344 36.5816917419434 36.5412254333496 36.5007591247559 36.4602928161621 36.4087219238281 36.356990814209 36.3052597045898 36.2535247802734 36.2017936706543 36.1500625610352 36.098331451416 36.0466003417969 35.9948654174805 35.9431343078613 35.8952331542969 35.8475189208984 35.7998008728027 35.7520866394043 35.7043724060059 35.6566581726074 35.608943939209 35.5612297058105 35.5135154724121 35.4658012390137 35.416862487793 35.3678131103516 35.3187675476074 35.269718170166 35.2206726074219 35.1716232299805
36.8904151916504 36.9588356018066 37.0272521972656 37.0956726074219 37.1640892028809 37.226921081543 37.1872367858887 37.1475524902344 37.1078681945801 37.0681800842285 37.0284957885742 36.9888114929199 36.9491271972656 36.9094390869141 36.8697547912598 36.830078125 36.7907981872559 36.751522064209 36.7122421264648 36.672966003418 36.6336860656738 36.594409942627 36.5551300048828 36.5158538818359 36.4765739440918 36.4372978210449 36.3870506286621 36.3366470336914 36.2862434387207 36.23583984375 36.1854362487793 36.1350326538086 36.0846290588379 36.0342254638672 35.9838218688965 35.9334182739258 35.8863334655762 35.8394088745117 35.7924842834473 35.7455596923828 35.6986351013184 35.6517143249512 35.6047897338867 35.5578651428223 35.5109405517578 35.4640159606934 35.4166221618652 35.3691864013672 35.3217506408691 35.2743148803711 35.2268829345703 35.1794471740723
