R_scripts/int_process_data/Bio_11.asc
NCOLS 281 
NROWS 576 
XLLCORNER 81175.2677831308 
YLLCORNER 88.2293212990044 
CELLSIZE 1000 
NODATA_value -3.4e+38 
[rows 552 to 574 of 576, columns 104 to 155 of 281]
12.1236019134521 12.1007738113403 12.0810317993164 12.0653686523438 12.0566844940186 12.08127784729 12.3078508377075 12.3523416519165 12.3971490859985 12.4379568099976 12.4385643005371 12.4666385650635 12.4884691238403 12.5059309005737 12.5202159881592 12.5316743850708 12.5188388824463 12.5060033798218 12.4931678771973 12.4803323745728 12.4674968719482 12.4546613693237 12.4418258666992 12.4289894104004 12.4161539077759 12.4033184051514 12.4070091247559 12.4109382629395 12.414867401123 12.4187965393066 12.4227256774902 12.4266548156738 12.4305839538574 12.434513092041 12.4384422302246 12.4423713684082 12.4625120162964 12.483455657959 12.5043992996216 12.5253419876099 12.5462856292725 12.5672292709351 12.5881719589233 12.6091156005859 12.6300592422485 12.6510019302368 12.6740446090698 12.6972694396973 12.720495223999 12.7437200546265 12.7669448852539 12.7901706695557
12.166356086731 12.1481828689575 12.1338195800781 12.1244268417358 12.1230411529541 12.391881942749 12.4391326904297 12.4867238998413 12.5350112915039 12.5807294845581 12.6028738021851 12.6176147460938 12.6285371780396 12.6369543075562 12.6436395645142 12.6487836837769 12.637996673584 12.6272096633911 12.6164216995239 12.6056346893311 12.5948476791382 12.5840606689453 12.5732727050781 12.5624856948853 12.5516986846924 12.5409116744995 12.5453577041626 12.5500249862671 12.5546913146973 12.5593576431274 12.5640239715576 12.5686902999878 12.5733575820923 12.5780239105225 12.5826902389526 12.5873565673828 12.6062288284302 12.6258029937744 12.645378112793 12.6649532318115 12.6845273971558 12.7041025161743 12.7236776351929 12.7432518005371 12.7628269195557 12.7824020385742 12.8034648895264 12.8246574401855 12.845850944519 12.8670434951782 12.8882360458374 12.9094295501709
12.1874160766602 12.171727180481 12.1601219177246 12.1537799835205 12.444167137146 12.4660596847534 12.5121898651123 12.5586671829224 12.6062898635864 12.6554088592529 12.7224168777466 12.7224168777466 12.7224168777466 12.7224168777466 12.7224168777466 12.7222948074341 12.7157850265503 12.709324836731 12.7029142379761 12.696551322937 12.6902370452881 12.683970451355 12.6777505874634 12.6715774536133 12.6654491424561 12.6593675613403 12.6646776199341 12.6701517105103 12.6756267547607 12.6811008453369 12.6865749359131 12.6920499801636 12.6975240707397 12.7029981613159 12.7084722518921 12.7139472961426 12.7317180633545 12.7500972747803 12.7684764862061 12.7868566513062 12.8052358627319 12.8236150741577 12.8419952392578 12.8603744506836 12.8787536621094 12.8971338272095 12.9134473800659 12.9296979904175 12.9460697174072 12.9625644683838 12.9791831970215 12.9959287643433
12.2069931030273 12.1934757232666 12.1842374801636 12.4574012756348 12.4719352722168 12.4929752349854 12.5354700088501 12.5778427124023 12.6207046508789 12.6642427444458 12.7224168777466 12.7224168777466 12.7224168777466 12.7224168777466 12.7224168777466 12.7224674224854 12.7251091003418 12.7276697158813 12.7301530838013 12.7325630187988 12.7349014282227 12.7371730804443 12.7393808364868 12.7415256500244 12.7436113357544 12.7456398010254 12.7519779205322 12.7583789825439 12.7647800445557 12.7711811065674 12.7775812149048 12.7839822769165 12.7903833389282 12.7967834472656 12.8031845092773 12.8095855712891 12.8265380859375 12.8440141677856 12.8614892959595 12.8789653778076 12.8964405059814 12.9139165878296 12.9313917160034 12.9488677978516 12.9663429260254 12.9838190078735 12.9917058944702 12.9989471435547 13.0063943862915 13.0140562057495 13.0219421386719 13.0300617218018
12.2252197265625 12.2136058807373 12.4705009460449 12.4804105758667 12.4946632385254 12.5147752761841 12.5541076660156 12.5929985046387 12.6319370269775 12.6710176467896 12.7224168777466 12.7224168777466 12.7224168777466 12.7224168777466 12.7224168777466 12.7226848602295 12.7365531921387 12.7496156692505 12.7619400024414 12.7735872268677 12.7846126556396 12.7950630187988 12.8049831390381 12.8144130706787 12.8233861923218 12.831937789917 12.8392791748047 12.8466062545776 12.8539333343506 12.8612604141235 12.8685874938965 12.8759145736694 12.8832416534424 12.8905687332153 12.8978958129883 12.9052238464355 12.9213590621948 12.937931060791 12.9545021057129 12.9710741043091 12.987645149231 13.0042171478271 13.0207891464233 13.0373601913452 13.0539321899414 13.0705041885376 13.0714254379272 13.0709629058838 13.0704774856567 13.0699663162231 13.0694274902344 13.0688600540161
12.2422208786011 12.4835224151611 12.4898557662964 12.4997434616089 12.5136108398438 12.5327930450439 12.5693664550781 12.6052780151367 12.6409349441528 12.6763801574707 12.7224168777466 12.7224168777466 12.7224168777466 12.7224168777466 12.7224168777466 12.7229681015015 12.7509346008301 12.7763395309448 12.7995185852051 12.8207521438599 12.8402757644653 12.8582878112793 12.8749570846558 12.8904275894165 12.9048261642456 12.9182586669922 12.9265794754028 12.9348335266113 12.9430866241455 12.951340675354 12.9595937728882 12.9678478240967 12.9761009216309 12.984354019165 12.9926080703735 13.0008611679077 13.0161800384521 13.0318470001221 13.0475149154663 13.0631828308105 13.0788507461548 13.0945177078247 13.1101856231689 13.1258535385132 13.1415214538574 13.1571893692017 13.1526489257812 13.1459150314331 13.1386814117432 13.1308889389038 13.1224727630615 13.1133518218994
12.3840961456299 12.3836278915405 12.387393951416 12.3961410522461 12.4108057022095 12.4338693618774 12.5676336288452 12.6030626296997 12.6394186019897 12.678295135498 12.7224168777466 12.7224168777466 12.7224168777466 12.7224168777466 12.7224168777466 12.7233505249023 12.769549369812 12.8095903396606 12.8446283340454 12.875545501709 12.9030284881592 12.927619934082 12.9497518539429 12.9697771072388 12.987982749939 13.0046052932739 13.013879776001 13.0230598449707 13.0322399139404 13.0414199829102 13.0506000518799 13.0597801208496 13.0689601898193 13.0781402587891 13.0873193740845 13.0964994430542 13.1110000610352 13.1257638931274 13.1405277252197 13.155291557312 13.1700553894043 13.1848192214966 13.1995830535889 13.2143468856812 13.2291107177734 13.2438745498657 13.2354183197021 13.2239856719971 13.2114162445068 13.19753074646 13.1821117401123 13.164888381958
12.3993673324585 12.3994808197021 12.403600692749 12.4123630523682 12.4265308380127 12.4482431411743 12.5943622589111 12.6246185302734 12.6534309387207 12.67933177948 12.7407903671265 12.7426862716675 12.7450132369995 12.7479391098022 12.7520742416382 12.7747936248779 12.8197078704834 12.8603487014771 12.8986577987671 12.959171295166 12.9743185043335 13.0039892196655 13.0298852920532 13.0526847839355 13.0729103088379 13.0909748077393 13.1011810302734 13.1112871170044 13.1213932037354 13.1315002441406 13.1416063308716 13.1517124176025 13.1618185043335 13.1719255447388 13.1820316314697 13.1921377182007 13.2058210372925 13.2196807861328 13.2335405349731 13.2474002838135 13.2612600326538 13.2751197814941 13.2889795303345 13.3028392791748 13.3166990280151 13.3305597305298 13.3197784423828 13.3053750991821 13.2891511917114 13.2707366943359 13.2496566772461 13.2066373825073
12.4115600585938 12.4116649627686 12.4153957366943 12.4232158660889 12.4356174468994 12.4542789459229 12.6198587417603 12.644702911377 12.666410446167 12.6837491989136 12.7631187438965 12.7671213150024 12.771990776062 12.778037071228 12.7861137390137 12.8147029876709 12.8622732162476 12.9073371887207 13.0122022628784 13.0454244613647 13.0560140609741 13.0885257720947 13.1159505844116 13.1393947601318 13.1596670150757 13.1773700714111 13.1884813308716 13.1995143890381 13.2105464935303 13.2215795516968 13.2326126098633 13.2436447143555 13.254677772522 13.2657108306885 13.276743888855 13.2877759933472 13.3006410598755 13.3135976791382 13.3265533447266 13.3395090103149 13.3524646759033 13.365421295166 13.3783769607544 13.3913326263428 13.4042882919312 13.4172449111938 13.4057760238647 13.3902988433838 13.3724184036255 13.3515253067017 13.3267908096313 13.3183488845825
12.4210414886475 12.4206762313843 12.4234714508057 12.4296989440918 12.4395761489868 12.4543733596802 12.6489820480347 12.6701259613037 12.6882314682007 12.7034740447998 12.793999671936 12.8007183074951 12.8088178634644 12.8187637329102 12.831618309021 12.8653764724731 12.9174337387085 13.0705556869507 13.1096000671387 13.1440124511719 13.1505718231201 13.1826124191284 13.2086296081543 13.2301759719849 13.24831199646 13.2637891769409 13.2757816314697 13.2877416610718 13.2997007369995 13.3116598129272 13.323618888855 13.3355779647827 13.3475370407104 13.3594961166382 13.3714551925659 13.3834142684937 13.3954620361328 13.4075136184692 13.41956615448 13.4316177368164 13.4436702728271 13.4557218551636 13.4677734375 13.4798259735107 13.4918775558472 13.5039300918579 13.4934587478638 13.4789924621582 13.4618301391602 13.44114112854 13.4157133102417 13.409704208374
12.4282083511353 12.4270524978638 12.4285650253296 12.4328546524048 12.4399156570435 12.4507522583008 12.6859903335571 12.7055463790894 -3.4e+38 -3.4e+38 -3.4e+38 12.8451776504517 12.8572578430176 12.8719425201416 12.8905019760132 12.9302406311035 13.1386528015137 13.1819534301758 13.2233724594116 13.2594957351685 13.2612915039062 13.2879648208618 13.3087158203125 13.3253202438354 13.3389081954956 13.3502330780029 13.3630828857422 13.3759679794312 13.3888540267944 13.4017391204834 13.4146251678467 13.4275102615356 13.4403963088989 13.4532814025879 13.4661674499512 13.4790525436401 13.4902830123901 13.5014305114746 13.5125789642334 13.5237264633179 13.5348749160767 13.5460224151611 13.5571708679199 13.5683183670044 13.5794668197632 13.590615272522 13.5828771591187 13.5717115402222 13.5580930709839 13.541111946106 13.5193500518799 13.5172138214111
12.4334564208984 12.4313135147095 12.4313735961914 -3.4e+38 -3.4e+38 -3.4e+38 -3.4e+38 -3.4e+38 -3.4e+38 -3.4e+38 -3.4e+38 -3.4e+38 -3.4e+38 -3.4e+38 12.9489898681641 13.2013912200928 13.2481451034546 13.2930593490601 13.3365640640259 13.3759517669678 13.3927021026611 13.4067354202271 13.4171361923218 13.4251527786255 13.4315204620361 13.4367008209229 13.4503831863403 13.4641952514648 13.4780073165894 13.4918193817139 13.5056314468384 13.5194425582886 13.5332546234131 13.5470666885376 13.5608787536621 13.5746908187866 13.5851030349731 13.59534740448 13.6055917739868 13.6158351898193 13.6260795593262 13.636323928833 13.6465673446655 13.6568117141724 13.6670560836792 13.677300453186 13.6740827560425 13.668737411499 13.6620254516602 13.6533451080322 13.6416807174683 13.625337600708
-3.4e+38 -3.4e+38 -3.4e+38 -3.4e+38 -3.4e+38 -3.4e+38 -3.4e+38 -3.4e+38 -3.4e+38 -3.4e+38 -3.4e+38 -3.4e+38 -3.4e+38 -3.4e+38 -3.4e+38 -3.4e+38 13.3106861114502 13.3540897369385 13.3966655731201 13.4388074874878 13.4937992095947 13.4937992095947 13.4937992095947 13.4937992095947 13.4937992095947 13.4937992095947 13.508017539978 13.5224409103394 13.536865234375 13.5512886047363 13.5657119750977 13.580135345459 13.5945587158203 13.6089820861816 13.6234064102173 13.6378297805786 13.6477022171021 13.6573495864868 13.6669969558716 13.6766443252563 13.6862916946411 13.6959390640259 13.7055864334106 13.7152338027954 13.7248811721802 13.7345285415649 13.7353010177612 13.7353010177612 13.7353010177612 13.7353010177612 13.7353010177612 13.6834936141968
-3.4e+38 -3.4e+38 -3.4e+38 -3.4e+38 -3.4e+38 -3.4e+38 -3.4e+38 -3.4e+38 -3.4e+38 -3.4e+38 -3.4e+38 -3.4e+38 -3.4e+38 -3.4e+38 -3.4e+38 -3.4e+38 -3.4e+38 -3.4e+38 -3.4e+38 13.4460563659668 13.4937992095947 13.4937992095947 13.4937992095947 13.4937992095947 13.4937992095947 13.4937992095947 13.508017539978 13.5224409103394 13.536865234375 13.5512886047363 13.5657119750977 13.580135345459 13.5945587158203 13.6089820861816 13.6234064102173 13.6378297805786 13.6477022171021 13.6573495864868 13.6669969558716 13.6766443252563 13.6862916946411 13.6959390640259 13.7055864334106 13.7152338027954 13.7248811721802 13.7345285415649 13.7353010177612 13.7353010177612 13.7353010177612 13.7353010177612 13.7353010177612 13.6901798248291
-3.4e+38 -3.4e+38 -3.4e+38 -3.4e+38 -3.4e+38 -3.4e+38 -3.4e+38 -3.4e+38 -3.4e+38 -3.4e+38 -3.4e+38 -3.4e+38 -3.4e+38 -3.4e+38 -3.4e+38 -3.4e+38 -3.4e+38 -3.4e+38 -3.4e+38 -3.4e+38 13.4937992095947 13.4937992095947 13.4937992095947 13.4937992095947 13.4937992095947 13.4937992095947 13.508017539978 13.5224409103394 13.536865234375 13.5512886047363 13.5657119750977 13.580135345459 13.5945587158203 13.6089820861816 13.6234064102173 13.6378297805786 13.6477022171021 13.6573495864868 13.6669969558716 13.6766443252563 13.6862916946411 13.6959390640259 13.7055864334106 13.7152338027954 13.7248811721802 13.7345285415649 13.7353010177612 13.7353010177612 13.7353010177612 13.7353010177612 13.7353010177612 -3.4e+38
-3.4e+38 -3.4e+38 -3.4e+38 -3.4e+38 -3.4e+38 -3.4e+38 -3.4e+38 -3.4e+38 -3.4e+38 -3.4e+38 -3.4e+38 -3.4e+38 -3.4e+38 -3.4e+38 -3.4e+38 -3.4e+38 -3.4e+38 -3.4e+38 -3.4e+38 -3.4e+38 -3.4e+38 -3.4e+38 13.4937992095947 13.4937992095947 13.4937992095947 13.4937992095947 13.508017539978 13.5224409103394 13.536865234375 13.5512886047363 13.5657119750977 13.580135345459 13.5945587158203 13.6089820861816 13.6234064102173 13.6378297805786 13.6477022171021 13.6573495864868 13.6669969558716 13.6766443252563 13.6862916946411 13.6959390640259 13.7055864334106 13.7152338027954 13.7248811721802 13.7345285415649 13.7353010177612 13.7353010177612 13.7353010177612 -3.4e+38 -3.4e+38 -3.4e+38
-3.4e+38 -3.4e+38 -3.4e+38 -3.4e+38 -3.4e+38 -3.4e+38 -3.4e+38 -3.4e+38 -3.4e+38 -3.4e+38 -3.4e+38 -3.4e+38 -3.4e+38 -3.4e+38 -3.4e+38 -3.4e+38 -3.4e+38 -3.4e+38 -3.4e+38 -3.4e+38 -3.4e+38 -3.4e+38 -3.4e+38 13.4937992095947 13.4937992095947 13.4937992095947 13.508017539978 13.5224409103394 13.536865234375 13.5512886047363 13.5657119750977 13.580135345459 13.5945587158203 13.6089820861816 13.6234064102173 13.6378297805786 13.6477022171021 13.6573495864868 13.6669969558716 13.6766443252563 13.6862916946411 13.6959390640259 13.7055864334106 13.7152338027954 13.7248811721802 13.7345285415649 13.7353010177612 13.7353010177612 -3.4e+38 -3.4e+38 -3.4e+38 -3.4e+38
-3.4e+38 -3.4e+38 -3.4e+38 -3.4e+38 -3.4e+38 -3.4e+38 -3.4e+38 -3.4e+38 -3.4e+38 -3.4e+38 -3.4e+38 -3.4e+38 -3.4e+38 -3.4e+38 -3.4e+38 -3.4e+38 -3.4e+38 -3.4e+38 -3.4e+38 -3.4e+38 -3.4e+38 -3.4e+38 -3.4e+38 -3.4e+38 13.4937992095947 13.4996891021729 13.5139923095703 13.5284156799316 13.5428400039673 13.5572633743286 13.5716867446899 13.5861101150513 13.6005334854126 13.6149568557739 13.6293811798096 13.6419191360474 13.6516981124878 13.6613454818726 13.6709928512573 13.6806402206421 13.6902875900269 13.6999349594116 13.7095823287964 13.7192296981812 13.7288770675659 13.7348489761353 -3.4e+38 -3.4e+38 -3.4e+38 -3.4e+38 -3.4e+38 -3.4e+38
-3.4e+38 -3.4e+38 -3.4e+38 -3.4e+38 -3.4e+38 -3.4e+38 -3.4e+38 -3.4e+38 -3.4e+38 -3.4e+38 -3.4e+38 -3.4e+38 -3.4e+38 -3.4e+38 -3.4e+38 -3.4e+38 -3.4e+38 -3.4e+38 -3.4e+38 -3.4e+38 -3.4e+38 -3.4e+38 -3.4e+38 -3.4e+38 -3.4e+38 -3.4e+38 -3.4e+38 13.5292510986328 13.5436754226685 13.5580987930298 13.5725221633911 13.5869455337524 13.6013689041138 13.6157922744751 13.6302165985107 13.6424913406372 13.6522569656372 13.661904335022 13.6715517044067 13.6811990737915 13.6908464431763 13.700493812561 13.7101411819458 13.7197885513306 13.7294359207153 -3.4e+38 -3.4e+38 -3.4e+38 -3.4e+38 -3.4e+38 -3.4e+38 -3.4e+38
-3.4e+38 -3.4e+38 -3.4e+38 -3.4e+38 -3.4e+38 -3.4e+38 -3.4e+38 -3.4e+38 -3.4e+38 -3.4e+38 -3.4e+38 -3.4e+38 -3.4e+38 -3.4e+38 -3.4e+38 -3.4e+38 -3.4e+38 -3.4e+38 -3.4e+38 -3.4e+38 -3.4e+38 -3.4e+38 -3.4e+38 -3.4e+38 -3.4e+38 -3.4e+38 -3.4e+38 -3.4e+38 13.5438871383667 13.558310508728 13.5727338790894 13.5871572494507 13.601580619812 13.6160039901733 13.630428314209 13.6426362991333 13.6523990631104 13.6620464324951 -3.4e+38 13.6813411712646 13.6909885406494 -3.4e+38 -3.4e+38 13.7199306488037 -3.4e+38 -3.4e+38 -3.4e+38 -3.4e+38 -3.4e+38 -3.4e+38 -3.4e+38 -3.4e+38
-3.4e+38 -3.4e+38 -3.4e+38 -3.4e+38 -3.4e+38 -3.4e+38 -3.4e+38 -3.4e+38 -3.4e+38 -3.4e+38 -3.4e+38 -3.4e+38 -3.4e+38 -3.4e+38 -3.4e+38 -3.4e+38 -3.4e+38 -3.4e+38 -3.4e+38 -3.4e+38 -3.4e+38 -3.4e+38 -3.4e+38 -3.4e+38 -3.4e+38 -3.4e+38 -3.4e+38 -3.4e+38 13.5439672470093 13.5583906173706 13.5728139877319 13.5872373580933 -3.4e+38 13.6160850524902 -3.4e+38 13.6426916122437 13.6524524688721 -3.4e+38 13.6717472076416 -3.4e+38 -3.4e+38 13.7006893157959 13.7103366851807 -3.4e+38 -3.4e+38 -3.4e+38 -3.4e+38 -3.4e+38 -3.4e+38 -3.4e+38 -3.4e+38 -3.4e+38
-3.4e+38 -3.4e+38 -3.4e+38 -3.4e+38 -3.4e+38 -3.4e+38 -3.4e+38 -3.4e+38 -3.4e+38 -3.4e+38 -3.4e+38 -3.4e+38 -3.4e+38 -3.4e+38 -3.4e+38 -3.4e+38 -3.4e+38 -3.4e+38 -3.4e+38 -3.4e+38 -3.4e+38 -3.4e+38 -3.4e+38 -3.4e+38 -3.4e+38 -3.4e+38 -3.4e+38 -3.4e+38 -3.4e+38 -3.4e+38 -3.4e+38 13.5872764587402 13.6016998291016 13.6161231994629 13.6305475234985 -3.4e+38 13.6524782180786 13.6621255874634 13.6717729568481 -3.4e+38 13.6910676956177 13.7007150650024 -3.4e+38 -3.4e+38 -3.4e+38 -3.4e+38 -3.4e+38 -3.4e+38 -3.4e+38 -3.4e+38 -3.4e+38 -3.4e+38
-3.4e+38 -3.4e+38 -3.4e+38 -3.4e+38 -3.4e+38 -3.4e+38 -3.4e+38 -3.4e+38 -3.4e+38 -3.4e+38 -3.4e+38 -3.4e+38 -3.4e+38 -3.4e+38 -3.4e+38 -3.4e+38 -3.4e+38 -3.4e+38 -3.4e+38 -3.4e+38 -3.4e+38 -3.4e+38 -3.4e+38 -3.4e+38 -3.4e+38 -3.4e+38 -3.4e+38 -3.4e+38 -3.4e+38 -3.4e+38 -3.4e+38 -3.4e+38 -3.4e+38 13.6161451339722 13.6305685043335 13.6427326202393 -3.4e+38 -3.4e+38 -3.4e+38 13.6814346313477 -3.4e+38 -3.4e+38 -3.4e+38 -3.4e+38 -3.4e+38 -3.4e+38 -3.4e+38 -3.4e+38 -3.4e+38 -3.4e+38 -3.4e+38 -3.4e+38
