R_scripts/int_process_data/Bio_17_2001.2020.asc
NCOLS 281 
NROWS 577 
XLLCORNER 81175.2677831308 
YLLCORNER -911.770678700996 
CELLSIZE 1000 
NODATA_value -3.4e+38 
[rows 315 to 335 of 577, columns 96 to 143 of 281]
2.500490259294e-09 2.56367727047291e-09 2.78367973116644e-09 2.90760504562115e-09 2.89482238180483e-09 2.90244694944874e-09 2.94021629265728e-09 2.97171309782129e-09 2.94245228182888e-09 2.99229285793956e-09 2.91356228032669e-09 2.95951152473606e-09 3.0528841676869e-09 3.10651437906984e-09 3.14052983618751e-09 3.14895753916744e-09 3.15121173599664e-09 3.16589510163112e-09 3.1155795721105e-09 2.98957969491198e-09 2.94735702510707e-09 3.04907121773113e-09 3.100444345705e-09 3.08151371086751e-09 2.887228678361e-09 3.05579295201142e-09 3.10331249586682e-09 3.08787129199573e-09 3.09850989310689e-09 3.12201420271663e-09 3.11747805348261e-09 3.01584135442567e-09 2.93204083234855e-09 2.79263745461833e-09 2.87250023767172e-09 3.03173819382607e-09 2.93632407277755e-09 2.78027689759597e-09 2.64718402753772e-09 2.55325893760983e-09 2.54423371259804e-09 2.58443111356144e-09 2.63976707159941e-09 2.66314859054262e-09 2.65152100276111e-09 2.70722155804037e-09 2.76925837816577e-09 2.77033307405361e-09
2.77078493482463e-09 2.7417488279724e-09 2.77651057700723e-09 2.89353541127468e-09 2.95909319270038e-09 2.95880386858016e-09 2.94275936951749e-09 2.96128122023731e-09 2.98089175565508e-09 3.02204417046426e-09 3.03374947385748e-09 2.99225266786607e-09 2.99612334941912e-09 3.06858805032562e-09 3.10610137610468e-09 3.1093172481178e-09 3.12099435184621e-09 3.12793857482063e-09 3.11195402780129e-09 3.0798270600485e-09 3.02367797466729e-09 3.02122415973827e-09 3.08204328725026e-09 3.08176617558331e-09 2.92867352591486e-09 2.95628410640347e-09 3.05105718467757e-09 3.08698377970984e-09 3.12267234292563e-09 3.10852099616454e-09 3.05761127528115e-09 2.97701130413941e-09 2.85993628779124e-09 2.75420686257632e-09 2.89411716813959e-09 2.92972823778825e-09 2.76906431118107e-09 2.68931876767908e-09 2.6331619107367e-09 2.67761479655348e-09 2.7553690440385e-09 2.76950817834631e-09 2.76692690981406e-09 2.71515743222039e-09 2.68580802043061e-09 2.70528754953148e-09 2.71037015053821e-09 2.73579692233739e-09
2.7884974329595e-09 2.88023427330586e-09 2.91437496358071e-09 2.955036659813e-09 2.9557440939243e-09 2.89977797329755e-09 2.89278023757333e-09 2.95581048526117e-09 2.99586377927596e-09 3.01431768434668e-09 3.05003444722729e-09 3.06813463524236e-09 3.06125391702494e-09 3.04954372865041e-09 3.0479654355986e-09 3.06699554641909e-09 3.08828518313931e-09 3.09463787928621e-09 3.09866066139364e-09 3.10342596065993e-09 3.08921599412315e-09 3.08456704622984e-09 3.09718828361838e-09 3.08411807203868e-09 3.02749314506912e-09 2.92678969948668e-09 2.97706126417552e-09 3.05835712310909e-09 3.09076764182237e-09 3.06068437261331e-09 3.02084735004371e-09 2.9392794864691e-09 2.78486722571358e-09 2.71019162667585e-09 2.82724066380524e-09 2.72634670395178e-09 2.62983257393046e-09 2.74683853440649e-09 2.85497336882656e-09 2.94157631586245e-09 3.00895552918234e-09 2.97265523307999e-09 2.90730728380595e-09 2.83616219398652e-09 2.79103895550747e-09 2.74260325561215e-09 2.72531353040506e-09 2.73916267445884e-09
2.9089328723586e-09 2.96250579623347e-09 2.97129210125036e-09 2.89983037582431e-09 2.85733436911073e-09 2.85409562650329e-09 2.92153501391113e-09 2.99783953217059e-09 2.98252311736746e-09 2.96689939283112e-09 3.01107538902556e-09 3.0457742994372e-09 3.0586462251847e-09 3.00237412709237e-09 2.97864422016403e-09 3.0472033785145e-09 3.05347325202376e-09 3.00139024744794e-09 2.97119684411484e-09 3.01464919694183e-09 3.06184966269996e-09 3.08954328787081e-09 3.08130831960796e-09 3.05287395363507e-09 3.05975578207551e-09 2.98462321524084e-09 3.00186342450104e-09 3.06568948005292e-09 3.04112779403454e-09 2.97892555067847e-09 2.98824542888099e-09 2.8981710364917e-09 2.71912758975645e-09 2.62688870655836e-09 2.6612181347474e-09 2.59594834517429e-09 2.66569388784887e-09 2.88299695228034e-09 2.97833313567253e-09 3.00233926608939e-09 2.99388003277556e-09 2.96470159533158e-09 2.94089441688072e-09 2.94305335657441e-09 2.94074853357529e-09 2.87409629429192e-09 2.76503220320024e-09 2.71211231250845e-09
2.96000890465109e-09 2.98825875155728e-09 2.9475253349176e-09 2.79748624265608e-09 2.76129985543605e-09 2.83370327203158e-09 2.93014301711025e-09 2.95768676217278e-09 2.87185319969296e-09 2.90873036767891e-09 2.95399260608065e-09 3.01298830329699e-09 3.04049119215222e-09 2.95865998367617e-09 2.92820945269057e-09 2.99999314279376e-09 2.94661206545754e-09 2.84631274105607e-09 2.90288415527584e-09 2.99448732477003e-09 3.0505624692978e-09 3.05446845594304e-09 3.00710101264201e-09 2.96660473964039e-09 3.00205438286127e-09 2.98167579515507e-09 3.02042013622383e-09 3.04653013927236e-09 3.00899349880979e-09 2.91263524410112e-09 2.8530318108011e-09 2.77912093338273e-09 2.65730593085323e-09 2.57422327898382e-09 2.5606654574517e-09 2.57788901336653e-09 2.79104805933628e-09 2.94318458493592e-09 2.94675484013851e-09 2.93433277676058e-09 2.90234369870745e-09 2.88534707237886e-09 2.92888691078019e-09 2.98570101975315e-09 3.01556624116017e-09 2.94484170382248e-09 2.78888578897352e-09 2.64088906298809e-09
2.97338265120572e-09 2.97507818380893e-09 2.84821899398935e-09 2.70303202043465e-09 2.6665922803204e-09 2.78820344590258e-09 2.86214874023472e-09 2.83386292210253e-09 2.7943267699726e-09 2.86930812443131e-09 2.92894175579761e-09 2.99637714640255e-09 2.99786551138936e-09 2.87595414150132e-09 2.82168732823607e-09 2.83467382899971e-09 2.81264522783431e-09 2.8603583945852e-09 2.93443491727885e-09 3.00099767258644e-09 3.04864866684795e-09 3.01093749932591e-09 2.91946711250546e-09 2.8683244668315e-09 2.90070079067561e-09 2.93815394236674e-09 2.99766389488809e-09 2.95687674345402e-09 2.90807777858504e-09 2.83497603170701e-09 2.75816569583753e-09 2.66939981230507e-09 2.59293453375165e-09 2.51334797418679e-09 2.49455056611225e-09 2.64343125166988e-09 2.84948553641584e-09 2.82836110088169e-09 2.83058931849212e-09 2.85455614701391e-09 2.88378232404796e-09 2.91416291098301e-09 2.93335933321259e-09 2.95782598414007e-09 2.96029289970079e-09 2.91643598160363e-09 2.77204703635903e-09 2.60314902966741e-09
2.92739232854444e-09 2.93107893512001e-09 2.79754397425336e-09 2.62735100342582e-09 2.57008014870053e-09 2.65528776743906e-09 2.69121902540803e-09 2.71893885184227e-09 2.81967293958019e-09 2.93009772001085e-09 2.97261637527413e-09 2.94614821427786e-09 2.8892168657535e-09 2.76492317929922e-09 2.67012656429699e-09 2.74477551798213e-09 2.84944112749486e-09 2.87644374985518e-09 2.91034663035816e-09 2.96293367618716e-09 3.01485103548771e-09 2.98793612074633e-09 2.85770052066425e-09 2.7769107013853e-09 2.89251955720715e-09 2.95622348822633e-09 2.98009128485432e-09 2.93742541401798e-09 2.86906209900906e-09 2.77390932446053e-09 2.67709099333047e-09 2.57800336633807e-09 2.51185094946038e-09 2.45103892737575e-09 2.51831822062343e-09 2.71965605591618e-09 2.74575784331432e-09 2.71137090557261e-09 2.80740763969334e-09 2.8660525064339e-09 2.90451751538967e-09 2.89934498631794e-09 2.89601231884262e-09 2.92054957995447e-09 2.9109568089325e-09 2.85560530777218e-09 2.73848277387856e-09 2.61606425411287e-09
2.84777534886871e-09 2.86286883088849e-09 2.74432432334493e-09 2.58673460429293e-09 2.56702836765044e-09 2.72419153901637e-09 2.76393130604902e-09 2.84472179146178e-09 2.93023472153209e-09 2.93141089180438e-09 2.94977731130075e-09 2.85269696753687e-09 2.73246025805918e-09 2.65561594936514e-09 2.68948729953422e-09 2.79954237569768e-09 2.90887003373541e-09 2.92922441857968e-09 2.94013213775202e-09 2.95185031973233e-09 2.97659341619294e-09 2.965460099702e-09 2.84474155343162e-09 2.75546518935244e-09 2.91203128277573e-09 2.93545943108597e-09 2.92705104598667e-09 2.94296786940151e-09 2.90292812010762e-09 2.78154010935339e-09 2.62061794487067e-09 2.5174378137649e-09 2.45574471868792e-09 2.42698461327961e-09 2.52409426693134e-09 2.64921951043107e-09 2.70548428105144e-09 2.77292389050388e-09 2.84682166729056e-09 2.8984412647759e-09 2.86554069361955e-09 2.86844015207066e-09 2.90014168236041e-09 2.899257278699e-09 2.84958878715713e-09 2.80157053111907e-09 2.71655609118682e-09 2.64007704586788e-09
2.81505174726249e-09 2.78974932044207e-09 2.63491162222351e-09 2.5226134514611e-09 2.59676147251753e-09 2.80749845593675e-09 2.84943824091499e-09 2.88258106273531e-09 2.9121742795013e-09 2.83514811627583e-09 2.84071788314577e-09 2.70052002981913e-09 2.59886934195208e-09 2.69412625542031e-09 2.88042478757689e-09 2.9029452175422e-09 2.90515078660292e-09 2.88949686400031e-09 2.88150570071366e-09 2.91385426898216e-09 2.94737323436323e-09 2.91084956138832e-09 2.81220891018563e-09 2.76688760791899e-09 2.92085200470638e-09 2.8972872989641e-09 2.89995827351675e-09 2.90882562481443e-09 2.86896639778433e-09 2.74043987502637e-09 2.5687987292855e-09 2.48152209891828e-09 2.4491118022496e-09 2.53342791189937e-09 2.6339643799389e-09 2.6654378704194e-09 2.77380696189766e-09 2.84927570426419e-09 2.86525603243604e-09 2.82519851957375e-09 2.81715473171573e-09 2.85196488647443e-09 2.86493850865099e-09 2.84422152496688e-09 2.79569434269433e-09 2.77407052884371e-09 2.70969380267161e-09 2.6456050683521e-09
2.7237507804756e-09 2.64270005878586e-09 2.53763188240441e-09 2.59734456165006e-09 2.73004596706983e-09 2.79111755929762e-09 2.77930989334152e-09 2.81084799880205e-09 2.7607609531799e-09 2.67227817651872e-09 2.63419819290789e-09 2.56542764809353e-09 2.57074961318438e-09 2.73442024578685e-09 2.86168622132266e-09 2.83205303652778e-09 2.80136736030556e-09 2.81750089925481e-09 2.8742264124304e-09 2.92248092392811e-09 2.91604385083133e-09 2.84876189304839e-09 2.7492601528678e-09 2.80004752717389e-09 2.89496027150449e-09 2.85223356044639e-09 2.88870571907296e-09 2.8541364827106e-09 2.79795031588037e-09 2.65372879226788e-09 2.5169060169361e-09 2.44349251943277e-09 2.57275334369922e-09 2.77413159111006e-09 2.80063594537694e-09 2.74772959940606e-09 2.76721157099757e-09 2.78578116130745e-09 2.78412537468853e-09 2.76017164679843e-09 2.76368550267136e-09 2.78354939098335e-09 2.78379652662863e-09 2.77355050037897e-09 2.7765993948492e-09 2.79680167913909e-09 2.77938427828417e-09 2.68671240810647e-09
2.53165133301536e-09 2.51339171697396e-09 2.62861687971849e-09 2.7893225507114e-09 2.8344389058077e-09 2.74077849304888e-09 2.69856670342961e-09 2.63309929415811e-09 2.56118770636249e-09 2.53628473778633e-09 2.56439225410077e-09 2.65701927126827e-09 2.67471111925488e-09 2.68544320114472e-09 2.72786526700486e-09 2.74861222671063e-09 2.84484125145923e-09 2.91042678846054e-09 2.95384561255219e-09 2.89451129731333e-09 2.84501511238489e-09 2.79414380521814e-09 2.69930433560717e-09 2.79658518564929e-09 2.86317369813105e-09 2.81346035357899e-09 2.86912027469555e-09 2.79508194367395e-09 2.70791411516313e-09 2.57343613085936e-09 2.48318765549982e-09 2.4763835426711e-09 2.65630806239869e-09 2.79927947488545e-09 2.84650503168393e-09 2.84234702441211e-09 2.8130144880123e-09 2.77993472685978e-09 2.77609313314997e-09 2.80068412905621e-09 2.79507017530989e-09 2.81451484340778e-09 2.81560819104243e-09 2.80918088790827e-09 2.79134493297306e-09 2.82759859970838e-09 2.85302470537374e-09 2.76368949947425e-09
2.53259879734458e-09 2.62886934443429e-09 2.72569078418883e-09 2.81655521128243e-09 2.80785195094779e-09 2.68019206828285e-09 2.56325272118829e-09 2.50157472514445e-09 2.52309728665523e-09 2.67521360619583e-09 2.78663203623353e-09 2.83172552073552e-09 2.84256529425875e-09 2.81755485609381e-09 2.74595390870047e-09 2.77302580897754e-09 2.8893705206201e-09 2.98023539180292e-09 2.97587288144996e-09 2.9038607074483e-09 2.81019496561896e-09 2.73004818751588e-09 2.64134825123108e-09 2.7451165784953e-09 2.80880385616911e-09 2.78377276785591e-09 2.85407897315793e-09 2.74027489588491e-09 2.62432342523766e-09 2.52870790973247e-09 2.45635511930686e-09 2.56134247145212e-09 2.73415023954726e-09 2.79624257082389e-09 2.81919887434867e-09 2.79809220238292e-09 2.76233591556263e-09 2.76561262779751e-09 2.8027442589007e-09 2.79304779304823e-09 2.77227485412368e-09 2.79569367656052e-09 2.82522716332778e-09 2.82414447383417e-09 2.7128945756516e-09 2.66612865118532e-09 2.74367017993882e-09 2.75304046226665e-09
2.7091162646542e-09 2.78011880183726e-09 2.78782685825263e-09 2.74024625213087e-09 2.65353339301555e-09 2.55857091069345e-09 2.49094900262037e-09 2.57334509257134e-09 2.6787201345968e-09 2.7738809027511e-09 2.80595036095121e-09 2.78916645335414e-09 2.83707302095593e-09 2.89569412892376e-09 2.90004309455583e-09 2.88791168756575e-09 2.92809221313917e-09 2.95333313360402e-09 2.95089375157431e-09 2.88133095160958e-09 2.82873457990718e-09 2.69865974011907e-09 2.573672386319e-09 2.65030619672757e-09 2.70723354844904e-09 2.80748846392953e-09 2.81921663791707e-09 2.68640953926536e-09 2.57659404923061e-09 2.50268339385684e-09 2.44142395189328e-09 2.55609733379458e-09 2.65328248261198e-09 2.7065194529996e-09 2.7414424064176e-09 2.77503886536579e-09 2.78701350886479e-09 2.82040368837499e-09 2.85623813489622e-09 2.82829426545561e-09 2.78888179217063e-09 2.79513945322662e-09 2.80159362375798e-09 2.78209766335635e-09 2.66807154147841e-09 2.53625143109559e-09 2.55703613838421e-09 2.64800847915581e-09
2.65890776063316e-09 2.72194866646203e-09 2.71505173898845e-09 2.6051909518543e-09 2.49008680341944e-09 2.45966802481234e-09 2.52455323312972e-09 2.62318722299426e-09 2.69356958959577e-09 2.74211786610579e-09 2.76192380077589e-09 2.82632983683584e-09 2.89465762470797e-09 2.9364253251174e-09 2.96801738741692e-09 2.93881896595849e-09 2.88944423942894e-09 2.92545210278661e-09 2.92738100426959e-09 2.86464363341565e-09 2.78844014545143e-09 2.71127809092775e-09 2.59800758684037e-09 2.53302623320906e-09 2.66918420699369e-09 2.82731327239105e-09 2.76963607603875e-09 2.60797450302164e-09 2.53474508049578e-09 2.47347764492645e-09 2.48334863783839e-09 2.7381057421394e-09 2.76639422480685e-09 2.74741562833469e-09 2.77664535808242e-09 2.80976730770988e-09 2.83442824766666e-09 2.84696199948087e-09 2.844370960986e-09 2.84498735680927e-09 2.82794010431076e-09 2.8031319487809e-09 2.77829070860491e-09 2.74272204947579e-09 2.697998269241e-09 2.54518561781936e-09 2.42926034843549e-09 2.48050713302916e-09
2.49453324663307e-09 2.52095389008389e-09 2.54028442725485e-09 2.47186715540693e-09 2.51204945733718e-09 2.59089549814462e-09 2.61221466679729e-09 2.66147393013227e-09 2.74838329872296e-09 2.827933220928e-09 2.8449256284091e-09 2.86362200618839e-09 2.89073942560947e-09 2.93819479857405e-09 2.96035396196714e-09 2.88609425247444e-09 2.85989143478105e-09 2.90780510781019e-09 2.86972112739647e-09 2.88883006405172e-09 2.87314505520442e-09 2.82517054195353e-09 2.70739697327826e-09 2.58367971461837e-09 2.61196198003688e-09 2.76176170821429e-09 2.70816014058539e-09 2.56528487341257e-09 2.49881915159733e-09 2.45066589243947e-09 2.55693888284725e-09 2.74642286690607e-09 2.74926503784911e-09 2.72861000460978e-09 2.74621303475442e-09 2.7561397608622e-09 2.7668070057274e-09 2.78670464481934e-09 2.81705059279602e-09 2.83625634089901e-09 2.82427747855252e-09 2.78965250899432e-09 2.75136691207933e-09 2.71553690645021e-09 2.69979150147037e-09 2.58443622058735e-09 2.41753328467098e-09 2.38322805934388e-09
2.53232546043591e-09 2.51664755701597e-09 2.50851495131599e-09 2.53271648098519e-09 2.63527200061731e-09 2.74098610475448e-09 2.69751998516199e-09 2.66983590790915e-09 2.71479749791581e-09 2.79615841591863e-09 2.81828738124545e-09 2.83656809152433e-09 2.9202984475063e-09 2.94823543356415e-09 2.90260815383192e-09 2.83868528683229e-09 2.89166601774582e-09 2.85152257362142e-09 2.83248779986423e-09 2.89176704804106e-09 2.9429176873208e-09 2.89388180085837e-09 2.7957198778239e-09 2.70590327922093e-09 2.53823939644349e-09 2.65589039649683e-09 2.61736565754234e-09 2.49470888391556e-09 2.4407529330972e-09 2.47074360970601e-09 2.60145505137643e-09 2.6639188632771e-09 2.74079114959136e-09 2.83408918555494e-09 2.86408985417097e-09 2.89797119634727e-09 2.8466973223118e-09 2.77489231592654e-09 2.77828959838189e-09 2.81312573235937e-09 2.79137424286091e-09 2.75585687603552e-09 2.71920241878831e-09 2.70904032539931e-09 2.69094324600871e-09 2.61555266334312e-09 2.47182208035213e-09 2.37939201674919e-09
2.79625234078651e-09 2.78046008439503e-09 2.7422311088543e-09 2.721064040756e-09 2.72725309002908e-09 2.79184875218164e-09 2.81408096824975e-09 2.80413692266279e-09 2.79718159745812e-09 2.82770629134177e-09 2.81099632459814e-09 2.86922885450736e-09 2.91655966044857e-09 2.88082535604417e-09 2.80980549938192e-09 2.84193224509011e-09 2.85772672192763e-09 2.80676348829445e-09 2.83798495814835e-09 2.87199797277538e-09 2.94016477830894e-09 2.93002266893438e-09 2.86250223524576e-09 2.77887335364824e-09 2.55864773812675e-09 2.54575871494467e-09 2.48323073215317e-09 2.40688202701733e-09 2.46412623639003e-09 2.58953924969774e-09 2.67810751353181e-09 2.82346457325389e-09 2.92935808943184e-09 3.00560620836166e-09 3.03581249028184e-09 3.06008995920592e-09 3.00688385301839e-09 2.89731372227209e-09 2.82607759416464e-09 2.81414580527439e-09 2.75599632004742e-09 2.71445510513502e-09 2.71563438403177e-09 2.7309825512134e-09 2.68267164038605e-09 2.57446219897872e-09 2.47066078706837e-09 2.38287412024363e-09
2.84394130467547e-09 2.86151791151212e-09 2.81223666576125e-09 2.70171218730297e-09 2.71598699086439e-09 2.76501888052394e-09 2.84417533968906e-09 2.89010704257464e-09 2.89652479779079e-09 2.84225909474856e-09 2.80280798570232e-09 2.89283885734903e-09 2.86178702957329e-09 2.77900635836659e-09 2.79158363092336e-09 2.81242718003227e-09 2.76037059876444e-09 2.77153033856337e-09 2.8201061486044e-09 2.8535729335033e-09 2.91292834297963e-09 2.92791946243653e-09 2.84998735722297e-09 2.73984324117293e-09 2.57311838502972e-09 2.45137266041695e-09 2.39186692674309e-09 2.46648501622815e-09 2.65452393399812e-09 2.77428791051193e-09 2.81157830350764e-09 2.89804380493308e-09 2.94246405019294e-09 2.97875613064491e-09 3.0118298965931e-09 3.02150326980666e-09 3.01690894488615e-09 2.95691515717067e-09 2.89867352343265e-09 2.82849876853675e-09 2.73030109632089e-09 2.68717581519695e-09 2.70498756727022e-09 2.70760924792057e-09 2.68333377739793e-09 2.57919574586651e-09 2.44379672054151e-09 2.3505246637967e-09
2.73370526215899e-09 2.77763612110959e-09 2.69244071482433e-09 2.62276556028951e-09 2.68463140606912e-09 2.75325384713199e-09 2.83123213762337e-09 2.90158141957875e-09 2.88136892123703e-09 2.77163203499242e-09 2.83368351006175e-09 2.91357404869075e-09 2.81162670923152e-09 2.73884115387091e-09 2.78345635429389e-09 2.75785594361366e-09 2.79819323267816e-09 2.79581735540546e-09 2.83320411575971e-09 2.88000689963042e-09 2.88467738585041e-09 2.82775847182393e-09 2.77764566902761e-09 2.6729762847566e-09 2.52371679110297e-09 2.39709230243079e-09 2.43465803073661e-09 2.6612585468655e-09 2.82522005790042e-09 2.83763634811862e-09 2.83101186937529e-09 2.83914070031699e-09 2.83433365666497e-09 2.83799250766492e-09 2.84410139883562e-09 2.86600965182515e-09 2.88548074323103e-09 2.87586199299028e-09 2.85636514441023e-09 2.7962792081837e-09 2.71377897931302e-09 2.6462951829842e-09 2.66000443893688e-09 2.67566591105606e-09 2.67874900039544e-09 2.60316257438831e-09 2.44325382148247e-09 2.33934160931426e-09
2.66420485672825e-09 2.62697374964205e-09 2.59325161344748e-09 2.66102917478861e-09 2.77918155155987e-09 2.83846457449499e-09 2.88555135341539e-09 2.88564105943578e-09 2.77938450032877e-09 2.75546407912941e-09 2.88931145675519e-09 2.90332557995043e-09 2.7774242905565e-09 2.70354316711519e-09 2.71520916861334e-09 2.76747535998823e-09 2.8910294158635e-09 2.88930768199691e-09 2.90146595638419e-09 2.89939983133536e-09 2.82290990583078e-09 2.74034372971244e-09 2.68470112807506e-09 2.6046005352498e-09 2.44519027248202e-09 2.39777109278805e-09 2.55165133467017e-09 2.77355671762791e-09 2.83897594322013e-09 2.77533462877955e-09 2.79157963412047e-09 2.81293255355308e-09 2.78478884396804e-09 2.75603984078998e-09 2.74927969279304e-09 2.74686917656197e-09 2.73682876361647e-09 2.76401057597297e-09 2.76918843411522e-09 2.71759437175945e-09 2.66349586830472e-09 2.63827337754208e-09 2.65919020137062e-09 2.63771116060241e-09 2.56451948565939e-09 2.53243004344483e-09 2.42760322954894e-09 2.35528019310038e-09
2.56628474026854e-09 2.55176768604315e-09 2.59316834672063e-09 2.65425659229379e-09 2.75520384285244e-09 2.80685386044865e-09 2.89576873591102e-09 2.8182713940339e-09 2.72116040811454e-09 2.8056839074253e-09 2.89661183927592e-09 2.89390977847859e-09 2.7766040577859e-09 2.68884225995691e-09 2.71139199981008e-09 2.79584289053503e-09 2.92697377446416e-09 2.95603830302582e-09 2.96692959089739e-09 2.92185875494511e-09 2.78422462862693e-09 2.69078825887448e-09 2.59012677972237e-09 2.49091014481451e-09 2.39314101868615e-09 2.49751508363261e-09 2.69861111235059e-09 2.81208900609897e-09 2.76308642632728e-09 2.74018852053359e-09 2.81304246563252e-09 2.80900169791209e-09 2.77579093044267e-09 2.71029265697109e-09 2.72177880233926e-09 2.6899777960665e-09 2.67452349156372e-09 2.72651634602994e-09 2.71172262422681e-09 2.65161625989663e-09 2.629577666724e-09 2.66129163151163e-09 2.67471844672684e-09 2.60169774612962e-09 2.45673614784891e-09 2.3999016107723e-09 2.36380270912662e-09 2.38130937191272e-09
