R_scripts/int_process_data/Bio_15.asc
NCOLS 281 
NROWS 576 
XLLCORNER 81175.2677831308 
YLLCORNER 88.2293212990044 
CELLSIZE 1000 
NODATA_value -3.4e+38 
[rows 69 to 91 of 576, columns 208 to 259 of 281]
51.4173622131348 51.476978302002 51.5588035583496 51.6491661071777 51.7395324707031 51.8298950195312 51.9202575683594 52.0106239318848 52.1009864807129 52.1913528442383 52.2817153930664 52.3720817565918 52.3821334838867 52.3559761047363 52.3298187255859 52.3036613464355 52.2775001525879 52.2513427734375 52.2251853942871 52.1990280151367 52.1728706359863 52.1467132568359 52.0845413208008 52.0035133361816 51.9224815368652 51.8414497375488 51.7604179382324 51.6793899536133 51.5983581542969 51.5173263549805 51.4362945556641 51.3552627563477 51.2083930969238 51.0217399597168 50.835090637207 50.6484375 50.461784362793 50.2751312255859 50.0884780883789 49.9018249511719 49.7151718139648 49.5285186767578 49.3775024414062 49.2512016296387 49.1249046325684 48.998607635498 48.8723106384277 48.7460136413574 48.6197166442871 48.4934158325195 48.3671188354492 48.2408218383789
51.3957252502441 51.4533386230469 51.533317565918 51.6218948364258 51.7104759216309 51.7990531921387 51.8876342773438 51.9762153625488 52.0647926330566 52.1533737182617 52.2419509887695 52.3305320739746 52.3404388427734 52.3148727416992 52.289306640625 52.2637405395508 52.2381744384766 52.2126083374023 52.1870422363281 52.1614761352539 52.1359100341797 52.1103477478027 52.0499153137207 51.9712257385254 51.8925399780273 51.813850402832 51.7351608276367 51.6564750671387 51.5777854919434 51.499095916748 51.42041015625 51.3417205810547 51.2008018493652 51.0222816467285 50.8437614440918 50.6652412414551 50.4867210388184 50.3081970214844 50.1296768188477 49.9511566162109 49.7726364135742 49.5941162109375 49.4468154907227 49.3211708068848 49.1955261230469 49.0698852539062 48.9442405700684 48.8185958862305 48.6929512023926 48.5673065185547 48.4416656494141 48.3160209655762
51.3740844726562 51.4296989440918 51.5078315734863 51.5946273803711 51.6814193725586 51.7682151794434 51.8550109863281 51.9418029785156 52.0285987854004 52.1153945922852 52.2021903991699 52.2889823913574 52.2987403869629 52.2737693786621 52.2487945556641 52.223819732666 52.198844909668 52.1738739013672 52.1488990783691 52.1239242553711 52.0989532470703 52.0739784240723 52.0152893066406 51.9389419555664 51.8625984191895 51.7862510681152 51.709903717041 51.6335601806641 51.5572128295898 51.4808654785156 51.4045219421387 51.3281745910645 51.1932067871094 51.022819519043 50.8524322509766 50.6820449829102 50.5116539001465 50.3412666320801 50.1708793640137 50.0004920959473 49.8301010131836 49.6597137451172 49.5161285400391 49.3911399841309 49.2661476135254 49.1411590576172 49.016170501709 48.8911781311035 48.7661895751953 48.6412010192871 48.5162086486816 48.3912200927734
51.3524475097656 51.4060592651367 51.4823455810547 51.5673561096191 51.6523666381836 51.7373733520508 51.8223838806152 51.9073944091797 51.9924049377441 52.0774154663086 52.162425994873 52.2474327087402 52.2570457458496 52.232666015625 52.2082824707031 52.1838989257812 52.1595191955566 52.1351356506348 52.1107559204102 52.0863723754883 52.0619926452637 52.0376091003418 51.9806594848633 51.9066581726074 51.8326530456543 51.7586517333984 51.6846466064453 51.6106452941895 51.5366401672363 51.4626388549805 51.3886337280273 51.3146324157715 51.1856155395508 51.0233573913574 50.8611030578613 50.6988487243652 50.5365905761719 50.3743362426758 50.2120780944824 50.0498237609863 49.887565612793 49.7253112792969 49.5854415893555 49.461109161377 49.3367729187012 49.2124366760254 49.0881004333496 48.9637641906738 48.839427947998 48.7150917053223 48.5907554626465 48.4664192199707
51.2846908569336 51.3336296081543 51.4044456481934 51.4836692810059 51.5628967285156 51.6421203613281 51.7213478088379 51.8005752563477 51.8797988891602 51.9590263366699 52.0382537841797 52.1174774169922 52.1266899108887 52.1043357849121 52.0819778442383 52.0596237182617 52.0372695922852 52.0149116516113 51.9925575256348 51.9702033996582 51.9478492736816 51.9254913330078 51.8701820373535 51.7976188659668 51.7250518798828 51.6524848937988 51.5799179077148 51.5073509216309 51.4347839355469 51.3622169494629 51.2896499633789 51.2170867919922 51.0922966003418 50.9359550476074 50.7796096801758 50.6232681274414 50.466926574707 50.3105812072754 50.154239654541 49.9978981018066 49.8415565490723 49.6852111816406 49.5484809875488 49.4253578186035 49.3022308349609 49.1791076660156 49.0559844970703 48.9328575134277 48.8097343444824 48.6866111755371 48.5634841918945 48.4403610229492
51.2147254943848 51.2588653564453 51.324031829834 51.3972816467285 51.470531463623 51.5437850952148 51.6170349121094 51.6902847290039 51.7635345458984 51.836784362793 51.9100379943848 51.9832878112793 51.9920845031738 51.9718246459961 51.9515647888184 51.9313049316406 51.9110450744629 51.8907852172852 51.8705253601074 51.8502655029297 51.830005645752 51.8097457885742 51.7560729980469 51.6848983764648 51.6137275695801 51.542552947998 51.4713821411133 51.4002075195312 51.3290367126465 51.2578620910645 51.1866874694824 51.1155166625977 50.994873046875 50.8443374633789 50.6938018798828 50.5432662963867 50.3927307128906 50.2421913146973 50.0916557312012 49.9411201477051 49.790584564209 49.6400489807129 49.5064277648926 49.3845443725586 49.2626571655273 49.1407699584961 49.0188827514648 48.8969993591309 48.7751121520996 48.6532249450684 48.5313377380371 48.4094543457031
51.1447601318359 51.1841011047363 51.2436180114746 51.3108940124512 51.3781700134277 51.4454460144043 51.5127182006836 51.5799942016602 51.6472702026367 51.7145462036133 51.7818222045898 51.8490982055664 51.8574829101562 51.8393173217773 51.8211517333984 51.8029899597168 51.7848243713379 51.766658782959 51.7484970092773 51.7303314208984 51.7121658325195 51.6940002441406 51.6419639587402 51.5721817016602 51.5024032592773 51.4326248168945 51.3628463745117 51.2930641174316 51.2232856750488 51.153507232666 51.0837249755859 51.0139465332031 50.8974494934082 50.7527198791504 50.6079902648926 50.4632606506348 50.318531036377 50.1738052368164 50.0290756225586 49.8843460083008 49.739616394043 49.5948867797852 49.4643783569336 49.3437271118164 49.2230796813965 49.1024322509766 48.9817848205566 48.8611373901367 48.7404899597168 48.6198425292969 48.499195098877 48.3785438537598
51.0747909545898 51.1093406677246 51.1632080078125 51.2245063781738 51.2858047485352 51.3471069335938 51.4084053039551 51.4697074890137 51.531005859375 51.5923042297363 51.6536064147949 51.7149047851562 51.7228775024414 51.7068099975586 51.6907424926758 51.6746711730957 51.6586036682129 51.6425323486328 51.62646484375 51.6103935241699 51.5943260192871 51.578254699707 51.5278511047363 51.4594650268555 51.3910789489746 51.3226928710938 51.2543067932129 51.185920715332 51.1175346374512 51.0491485595703 50.9807624816895 50.9123764038086 50.8000221252441 50.6611022949219 50.5221786499023 50.3832588195801 50.2443351745605 50.1054153442383 49.9664916992188 49.8275680541992 49.688648223877 49.5497245788574 49.4223251342773 49.3029136657715 49.1835060119629 49.064094543457 48.9446868896484 48.8252754211426 48.705867767334 48.5864562988281 48.4670486450195 48.3476371765137
51.004825592041 51.0345764160156 51.0827941894531 51.1381187438965 51.1934432983398 51.2487678527832 51.3040924072266 51.3594169616699 51.4147415161133 51.4700660705566 51.525390625 51.5807151794434 51.5882759094238 51.5743026733398 51.5603294372559 51.5463523864746 51.5323791503906 51.5184059143066 51.5044326782227 51.4904594421387 51.4764862060547 51.4625129699707 51.4137420654297 51.3467483520508 51.2797546386719 51.2127647399902 51.1457710266113 51.0787773132324 51.0117874145508 50.9447937011719 50.877799987793 50.8108100891113 50.7025985717773 50.5694847106934 50.4363670349121 50.3032531738281 50.1701393127441 50.0370254516602 49.9039077758789 49.7707939147949 49.6376800537109 49.5045623779297 49.3802719116211 49.2621002197266 49.143928527832 49.0257568359375 48.907585144043 48.7894172668457 48.6712455749512 48.5530738830566 48.4349021911621 48.3167304992676
50.9348602294922 50.9598121643066 51.0023803710938 51.0517311096191 51.1010818481445 51.1504287719727 51.199779510498 51.2491264343262 51.2984771728516 51.3478240966797 51.3971748352051 51.4465255737305 51.453670501709 51.4417953491211 51.4299163818359 51.4180374145508 51.4061584472656 51.3942794799805 51.3824005126953 51.3705215454102 51.358642578125 51.3467674255371 51.2996292114258 51.2340316772461 51.1684341430664 51.1028327941895 51.0372352600098 50.9716377258301 50.9060363769531 50.8404388427734 50.7748374938965 50.7092399597168 50.6051750183105 50.4778671264648 50.3505592346191 50.2232513427734 50.0959434509277 49.968635559082 49.8413276672363 49.7140197753906 49.5867080688477 49.459400177002 49.3382186889648 49.2212867736816 49.1043548583984 48.987419128418 48.8704872131348 48.7535552978516 48.6366233825684 48.5196876525879 48.4027557373047 48.2858238220215
50.8648948669434 50.8850479125977 50.9219703674316 50.9653434753418 51.008716583252 51.0520896911621 51.0954627990723 51.1388397216797 51.1822128295898 51.2255859375 51.2689590454102 51.3123321533203 51.3190689086914 51.3092842102051 51.299503326416 51.2897186279297 51.2799377441406 51.2701530456543 51.260368347168 51.2505874633789 51.2408027648926 51.2310218811035 51.1855201721191 51.1213150024414 51.0571098327637 50.9929046630859 50.9286994934082 50.8644943237305 50.8002891540527 50.7360801696777 50.671875 50.6076698303223 50.5077514648438 50.3862495422363 50.2647476196289 50.1432456970215 50.0217437744141 49.9002456665039 49.7787437438965 49.6572418212891 49.5357398986816 49.4142379760742 49.2961654663086 49.1804733276367 49.0647773742676 48.9490814208984 48.8333892822266 48.7176933288574 48.6019973754883 48.4863052368164 48.3706092834473 48.2549171447754
50.7949256896973 50.8102836608887 50.8415565490723 50.8789558410645 50.9163551330566 50.9537506103516 50.9911499023438 51.0285491943359 51.0659484863281 51.103343963623 51.1407432556152 51.1781425476074 51.1844635009766 51.1767768859863 51.1690902709961 51.1614036560059 51.1537132263184 51.1460266113281 51.1383399963379 51.1306495666504 51.1229629516602 51.1152763366699 51.0714111328125 51.0085983276367 50.9457855224609 50.8829727172852 50.8201599121094 50.7573509216309 50.6945381164551 50.6317253112793 50.5689125061035 50.506103515625 50.4103240966797 50.2946319580078 50.1789360046387 50.0632438659668 49.9475479125977 49.8318557739258 49.7161598205566 49.6004676818848 49.4847717285156 49.3690795898438 49.2541160583496 49.1396598815918 49.025203704834 48.9107437133789 48.7962875366211 48.6818313598633 48.5673751831055 48.4529190063477 48.3384628295898 48.224006652832
50.7249603271484 50.7355194091797 50.7611427307129 50.7925682067871 50.8239898681641 50.8554153442383 50.8868370056152 50.9182586669922 50.9496841430664 50.9811058044434 51.0125274658203 51.0439529418945 51.049861907959 51.0442695617676 51.0386772155762 51.0330848693848 51.0274925231934 51.021900177002 51.0163078308105 51.0107154846191 51.0051231384277 50.9995307922363 50.9572982788086 50.895881652832 50.8344612121582 50.7730445861816 50.7116241455078 50.6502075195312 50.5887870788574 50.5273704528809 50.465950012207 50.4045333862305 50.3129005432129 50.2030143737793 50.0931282043457 49.9832382202148 49.8733520507812 49.7634658813477 49.6535758972168 49.5436897277832 49.4338035583496 49.323917388916 49.2120628356934 49.0988426208496 48.9856262207031 48.8724098205566 48.7591896057129 48.6459732055664 48.5327529907227 48.4195365905762 48.3063163757324 48.1930999755859
50.6549949645996 50.6607551574707 50.6807327270508 50.7061805725098 50.7316284179688 50.7570762634277 50.7825241088867 50.8079719543457 50.8334159851074 50.8588638305664 50.8843116760254 50.9097595214844 50.9152565002441 50.9117622375488 50.9082641601562 50.9047660827637 50.9012718200684 50.8977737426758 50.8942756652832 50.8907775878906 50.8872833251953 50.8837852478027 50.843189239502 50.7831649780273 50.7231369018555 50.6631126403809 50.6030883789062 50.5430641174316 50.483039855957 50.4230117797852 50.3629875183105 50.3029632568359 50.2154769897461 50.1113967895508 50.0073165893555 49.9032363891602 49.7991561889648 49.6950759887695 49.5909957885742 49.4869155883789 49.3828353881836 49.2787551879883 49.1700096130371 49.0580291748047 48.9460487365723 48.8340721130371 48.7220916748047 48.6101112365723 48.4981307983398 48.3861503601074 48.2741737365723 48.1621932983398
50.5713424682617 50.5729904174805 50.5916137695312 50.6167678833008 50.641918182373 50.6670722961426 50.6922225952148 50.7173767089844 50.7425270080566 50.7676811218262 50.7928314208984 50.817985534668 50.8230590820312 50.8190803527832 50.8150978088379 50.8111190795898 50.8071403503418 50.8031616210938 50.7991828918457 50.7952003479004 50.7912216186523 50.7872428894043 50.747184753418 50.6882362365723 50.6292877197266 50.5703353881836 50.5113868713379 50.4524345397949 50.3934860229492 50.3345336914062 50.2755851745605 50.2166366577148 50.1311798095703 50.0297088623047 49.9282379150391 49.8267707824707 49.7252998352051 49.6238288879395 49.5223579406738 49.4208908081055 49.3194198608398 49.2179489135742 49.1120643615723 49.0031127929688 48.8941650390625 48.7852172851562 48.6762657165527 48.5673179626465 48.458366394043 48.3494186401367 48.2404708862305 48.131519317627
50.4865188598633 50.4841194152832 50.5017547607422 50.5270957946777 50.5524406433105 50.5777816772461 50.6031227111816 50.6284637451172 50.6538047790527 50.6791458129883 50.7044868469238 50.7298316955566 50.7344779968262 50.7297973632812 50.7251129150391 50.7204322814941 50.7157516479492 50.711067199707 50.7063865661621 50.7017059326172 50.697021484375 50.6923408508301 50.6527290344238 50.5948295593262 50.5369262695312 50.4790229797363 50.4211196899414 50.3632164001465 50.3053131103516 50.2474136352539 50.189510345459 50.1316070556641 50.0480041503906 49.9488716125488 49.849739074707 49.7506065368652 49.6514739990234 49.5523414611816 49.4532089233398 49.354076385498 49.2549438476562 49.1558074951172 49.0527610778809 48.9469947814941 48.8412284851074 48.7354621887207 48.629695892334 48.5239295959473 48.4181671142578 48.3124008178711 48.2066345214844 48.1008682250977
50.4016990661621 50.3952484130859 50.4118957519531 50.437427520752 50.4629592895508 50.4884872436523 50.5140190124512 50.53955078125 50.5650825500488 50.5906143188477 50.6161422729492 50.641674041748 50.6458969116211 50.6405143737793 50.6351280212402 50.6297454833984 50.6243591308594 50.6189765930176 50.6135902404785 50.6082077026367 50.6028213500977 50.5974388122559 50.5582733154297 50.5014190673828 50.4445648193359 50.3877105712891 50.3308525085449 50.273998260498 50.2171440124512 50.1602897644043 50.1034355163574 50.0465774536133 49.9648284912109 49.8680305480957 49.7712364196777 49.6744422912598 49.5776443481445 49.4808502197266 49.3840560913086 49.2872581481934 49.1904640197754 49.0936698913574 48.9934577941895 48.8908767700195 48.7882919311523 48.6857109069824 48.5831260681152 48.4805450439453 48.3779640197754 48.2753791809082 48.1727981567383 48.0702171325684
50.3168754577637 50.3063774108887 50.3220367431641 50.3477554321289 50.373477935791 50.3991966247559 50.424919128418 50.4506378173828 50.4763603210449 50.5020790100098 50.5278015136719 50.5535202026367 50.557315826416 50.5512313842773 50.5451431274414 50.5390586853027 50.5329704284668 50.5268821716309 50.5207977294922 50.5147094726562 50.5086250305176 50.5025367736816 50.4638175964355 50.4080123901367 50.3522033691406 50.2963943481445 50.2405891418457 50.1847801208496 50.1289749145508 50.0731658935547 50.0173568725586 49.9615516662598 49.8816528320312 49.7871932983398 49.6927337646484 49.5982780456543 49.5038185119629 49.4093627929688 49.3149032592773 49.2204437255859 49.1259880065918 49.0315284729004 48.934154510498 48.8347549438477 48.7353553771973 48.6359558105469 48.5365600585938 48.4371604919434 48.337760925293 48.2383613586426 48.1389617919922 48.0395660400391
50.2320556640625 50.2175064086914 50.232177734375 50.2580871582031 50.2839965820312 50.3099060058594 50.3358154296875 50.3617248535156 50.3876342773438 50.4135475158691 50.4394569396973 50.4653663635254 50.4687385559082 50.4619483947754 50.4551582336426 50.4483680725098 50.4415817260742 50.4347915649414 50.4280014038086 50.4212112426758 50.4144248962402 50.4076347351074 50.3693618774414 50.3146018981934 50.2598419189453 50.2050819396973 50.1503219604492 50.0955619812012 50.0408020019531 49.9860420227051 49.931282043457 49.876522064209 49.7984733581543 49.706356048584 49.6142349243164 49.5221138000488 49.4299926757812 49.3378715515137 49.2457504272461 49.1536293029785 49.0615081787109 48.9693908691406 48.8748512268066 48.778636932373 48.6824188232422 48.5862045288086 48.489990234375 48.3937721252441 48.2975578308105 48.201343536377 48.1051292419434 48.0089111328125
50.1472320556641 50.1286354064941 50.1423149108887 50.1684150695801 50.1945152282715 50.2206153869629 50.2467155456543 50.2728118896484 50.2989120483398 50.3250122070312 50.3511123657227 50.3772125244141 50.3801574707031 50.3726654052734 50.3651733398438 50.3576812744141 50.3501892089844 50.342700958252 50.3352088928223 50.3277168273926 50.3202247619629 50.3127326965332 50.2749061584473 50.2211952209473 50.16748046875 50.11376953125 50.06005859375 50.0063438415527 49.9526329040527 49.8989219665527 49.8452072143555 49.7914962768555 49.7152976989746 49.6255149841309 49.5357322692871 49.4459495544434 49.3561668395996 49.2663841247559 49.1765975952148 49.0868148803711 48.9970321655273 48.9072494506836 48.8155479431152 48.7225151062012 48.6294822692871 48.5364532470703 48.4434204101562 48.3503875732422 48.2573547363281 48.1643257141113 48.0712928771973 47.9782600402832
50.0624084472656 50.0397644042969 50.0524559020996 50.0787467956543 50.1050338745117 50.1313247680664 50.1576118469238 50.1838989257812 50.2101898193359 50.2364768981934 50.262767791748 50.2890548706055 50.291576385498 50.2833824157715 50.2751884460449 50.2669944763184 50.2588005065918 50.2506065368652 50.2424125671387 50.2342185974121 50.2260246276855 50.217830657959 50.1804504394531 50.1277847290039 50.0751190185547 50.0224571228027 49.9697914123535 49.9171257019043 49.8644599914551 49.8117980957031 49.7591323852539 49.7064666748047 49.6321220397949 49.544677734375 49.4572296142578 49.3697853088379 49.2823371887207 49.1948928833008 49.1074485778809 49.0200004577637 48.9325561523438 48.8451080322266 48.7562446594238 48.6663970947266 48.5765495300293 48.4866981506348 48.3968505859375 48.3070030212402 48.217155456543 48.1273040771484 48.0374565124512 47.9476089477539
49.9775886535645 49.9508895874023 49.9625968933105 49.9890747070312 50.015552520752 50.0420303344727 50.0685081481934 50.0949897766113 50.121467590332 50.1479454040527 50.1744232177734 50.2009010314941 50.2029991149902 50.1940994262695 50.1852035522461 50.1763076782227 50.1674118041992 50.1585159301758 50.1496162414551 50.1407203674316 50.1318244934082 50.1229286193848 50.085994720459 50.0343780517578 49.9827613830566 49.9311408996582 49.879524230957 49.8279075622559 49.7762908935547 49.7246742248535 49.6730575561523 49.6214408874512 49.5489463806152 49.4638366699219 49.3787307739258 49.2936210632324 49.2085113525391 49.1234016418457 49.0382957458496 48.9531860351562 48.8680763244629 48.7829704284668 48.6969413757324 48.6102752685547 48.5236129760742 48.4369468688965 48.3502807617188 48.263614654541 48.1769523620605 48.0902862548828 48.0036201477051 47.9169578552246
49.892765045166 49.8620185852051 49.8727378845215 49.8994064331055 49.9260711669922 49.9527397155762 49.9794082641602 50.0060768127441 50.0327415466309 50.0594100952148 50.0860786437988 50.1127471923828 50.1144180297852 50.1048202514648 50.0952186584473 50.085620880127 50.0760192871094 50.0664215087891 50.0568237304688 50.0472221374512 50.0376243591309 50.0280265808105 49.9915390014648 49.9409675598145 49.8903999328613 49.8398284912109 49.7892608642578 49.7386894226074 49.6881217956543 49.6375503540039 49.5869827270508 49.5364112854004 49.4657707214355 49.382999420166 49.3002281188965 49.217456817627 49.1346855163574 49.0519142150879 48.9691429138184 48.8863716125488 48.8036003112793 48.7208290100098 48.637638092041 48.5541572570801 48.4706764221191 48.3871955871582 48.3037109375 48.2202301025391 48.1367492675781 48.0532684326172 47.969783782959 47.886302947998
