R_scripts/int_process_data/Bio_02.asc
NCOLS 281 
NROWS 576 
XLLCORNER 81175.2677831308 
YLLCORNER 88.2293212990044 
CELLSIZE 1000 
NODATA_value -3.4e+38 
[rows 184 to 206 of 576, columns 156 to 207 of 281]
9.58328247070312 9.56310176849365 9.54292011260986 9.52273845672607 9.5299243927002 9.54059982299805 9.55127429962158 9.56194877624512 9.57262325286865 9.5832986831665 9.59397315979004 9.60464763641357 9.61532211303711 9.62599754333496 9.62924861907959 9.6312313079834 9.63321304321289 9.6351957321167 9.63717746734619 9.63916015625 9.64114189147949 9.6431245803833 9.64510631561279 9.6470890045166 9.6489315032959 9.65074348449707 9.65255546569824 9.65436744689941 9.65617942810059 9.65799140930176 9.65980339050293 9.6616153717041 9.66342735290527 9.66523838043213 9.6807165145874 9.69987010955811 9.71902275085449 9.73817539215088 9.75732803344727 9.77648067474365 9.79563331604004 9.81478595733643 9.83393955230713 9.85309219360352 9.86953735351562 9.88510513305664 9.90067291259766 9.91624164581299 9.931809425354 9.94737720489502 9.96294498443604 9.97851276397705
9.59388732910156 9.57241439819336 9.55094146728516 9.52946758270264 9.53466606140137 9.54326343536377 9.55186176300049 9.56045913696289 9.56905746459961 9.57765483856201 9.58625316619873 9.59485054016113 9.60344886779785 9.61204624176025 9.61505699157715 9.61711120605469 9.61916637420654 9.6212215423584 9.62327671051025 9.62533187866211 9.62738609313965 9.6294412612915 9.63149642944336 9.63355159759521 9.63730239868164 9.64142227172852 9.64554309844971 9.6496639251709 9.65378379821777 9.65790462493896 9.66202449798584 9.66614532470703 9.67026615142822 9.6743860244751 9.69149112701416 9.7120885848999 9.73268508911133 9.75328159332275 9.7738790512085 9.79447555541992 9.81507205963135 9.83566951751709 9.85626602172852 9.87686252593994 9.88942432403564 9.89938068389893 9.90933704376221 9.91929244995117 9.92924880981445 9.93920516967773 9.9491605758667 9.95911693572998
9.6044921875 9.58172702789307 9.55896186828613 9.5361967086792 9.53940677642822 9.54592800140381 9.55244827270508 9.55896949768066 9.56549072265625 9.57201194763184 9.57853221893311 9.58505344390869 9.59157466888428 9.59809494018555 9.60086441040039 9.60299205780029 9.6051197052002 9.6072473526001 9.609375 9.6115026473999 9.6136302947998 9.61575794219971 9.61788558959961 9.62001419067383 9.62567329406738 9.63210201263428 9.63853073120117 9.64495944976807 9.65138912200928 9.65781784057617 9.66424655914307 9.67067527770996 9.67710494995117 9.68353366851807 9.70226573944092 9.7243070602417 9.74634742736816 9.76838874816895 9.79042911529541 9.81247043609619 9.83451080322266 9.85655212402344 9.8785924911499 9.90063381195068 9.90931129455566 9.91365528106689 9.91800022125244 9.92234420776367 9.9266881942749 9.93103313446045 9.93537712097168 9.93972110748291
9.61509704589844 9.59104061126709 9.56698322296143 9.54292583465576 9.54414749145508 9.54859161376953 9.55303573608398 9.55747985839844 9.56192398071289 9.56636810302734 9.5708122253418 9.57525634765625 9.5797004699707 9.58414459228516 9.58667278289795 9.5888729095459 9.59107303619385 9.5932731628418 9.59547424316406 9.59767436981201 9.59987449645996 9.60207557678223 9.60427570343018 9.60647583007812 9.61404418945312 9.62278079986572 9.63151836395264 9.64025592803955 9.64899349212646 9.65773105621338 9.66646862030029 9.67520618438721 9.68394374847412 9.69268035888672 9.71304035186768 9.7365255355835 9.76001071929932 9.78349494934082 9.80698013305664 9.83046531677246 9.85394954681396 9.87743473052979 9.90091991424561 9.92440509796143 9.92919826507568 9.92793083190918 9.92666339874268 9.92539596557617 9.92412853240967 9.92286109924316 9.92159366607666 9.92032623291016
9.62570190429688 9.6003532409668 9.57500457763672 9.54965591430664 9.54888916015625 9.55125617980957 9.55362319946289 9.55599021911621 9.55835723876953 9.56072521209717 9.56309223175049 9.56545925140381 9.56782627105713 9.57019329071045 9.57248020172119 9.5747537612915 9.5770263671875 9.57929992675781 9.58157253265381 9.58384609222412 9.58611869812012 9.58839225769043 9.59066581726074 9.59293842315674 9.60241413116455 9.61346054077148 9.6245059967041 9.63555240631104 9.64659786224365 9.65764427185059 9.66869068145752 9.67973613739014 9.69078254699707 9.70182800292969 9.72381496429443 9.74874401092529 9.77367305755615 9.79860210418701 9.82353115081787 9.84846019744873 9.87338829040527 9.89831733703613 9.92324638366699 9.94817543029785 9.94908428192139 9.94220542907715 9.93532657623291 9.92844676971436 9.92156791687012 9.91468906402588 9.90780925750732 9.90093040466309
9.63630676269531 9.6096658706665 9.5830249786377 9.5563850402832 9.55362987518311 9.55392074584961 9.5542106628418 9.55450057983398 9.55479145050049 9.55508136749268 9.55537128448486 9.55566215515137 9.55595207214355 9.55624198913574 9.55828762054443 9.56063365936279 9.56297969818115 9.56532573699951 9.56767177581787 9.57001781463623 9.57236289978027 9.57470893859863 9.57705497741699 9.57940101623535 9.59078502655029 9.60413932800293 9.61749458312988 9.63084888458252 9.64420318603516 9.65755748748779 9.67091178894043 9.68426609039307 9.69762134552002 9.71097564697266 9.73458957672119 9.76096248626709 9.78733539581299 9.81370830535889 9.84008121490479 9.86645412445068 9.8928279876709 9.9192008972168 9.9455738067627 9.97194671630859 9.96897125244141 9.95648097991943 9.94398975372314 9.93149852752686 9.91900730133057 9.90651702880859 9.8940258026123 9.88153457641602
9.64691162109375 9.61897850036621 9.59104633331299 9.56311416625977 9.55837154388428 9.55658435821533 9.5547981262207 9.55301094055176 9.55122470855713 9.54943752288818 9.54765129089355 9.54586505889893 9.54407787322998 9.54229164123535 9.54409599304199 9.5465145111084 9.5489330291748 9.55135154724121 9.55377006530762 9.55618858337402 9.55860710144043 9.56102561950684 9.56344509124756 9.56586360931396 9.57915592193604 9.59481906890869 9.61048221588135 9.626145362854 9.64180755615234 9.657470703125 9.67313385009766 9.68879699707031 9.70446014404297 9.72012233734131 9.74536418914795 9.77318096160889 9.80099868774414 9.82881546020508 9.85663223266602 9.88444900512695 9.91226673126221 9.94008350372314 9.96790027618408 9.99571704864502 9.98885822296143 9.9707555770874 9.95265293121338 9.93455028533936 9.91644763946533 9.89834499359131 9.88024234771729 9.86213970184326
9.65751647949219 9.62829208374023 9.59906768798828 9.56984329223633 9.56311225891113 9.55924892425537 9.55538558959961 9.55152130126953 9.54765796661377 9.54379463195801 9.53993129730225 9.53606700897217 9.53220367431641 9.52834033966064 9.52990341186523 9.532395362854 9.53488636016846 9.53737735748291 9.53986930847168 9.54236030578613 9.54485130310059 9.54734325408936 9.54983425140381 9.55232524871826 9.56752681732178 9.58549785614014 9.60346984863281 9.62144088745117 9.63941287994385 9.65738391876221 9.67535591125488 9.69332695007324 9.71129894256592 9.72926998138428 9.75613880157471 9.78539943695068 9.81466102600098 9.84392166137695 9.87318325042725 9.90244388580322 9.93170547485352 9.96096611022949 9.99022674560547 10.0194883346558 10.0087451934814 9.98503017425537 9.96131610870361 9.93760204315186 9.91388702392578 9.89017295837402 9.86645793914795 9.84274387359619
9.66812133789062 9.63760471343994 9.60708904266357 9.57657241821289 9.56785297393799 9.56191253662109 9.5559720993042 9.5500316619873 9.54409122467041 9.53815078735352 9.53221035003662 9.52626991271973 9.52032947540283 9.51438903808594 9.51571178436279 9.51827526092529 9.52083969116211 9.52340412139893 9.52596759796143 9.52853202819824 9.53109550476074 9.53365993499756 9.53622436523438 9.53878784179688 9.55589771270752 9.5761775970459 9.59645748138428 9.61673736572266 9.63701725006104 9.65729713439941 9.67757701873779 9.69785785675049 9.71813774108887 9.73841762542725 9.76691341400146 9.7976188659668 9.82832336425781 9.85902881622314 9.88973331451416 9.92043876647949 9.95114421844482 9.98184871673584 10.0125541687012 10.0432596206665 10.0286321640015 9.99930572509766 9.96997928619385 9.94065284729004 9.91132736206055 9.88200092315674 9.85267448425293 9.82334804534912
9.66502952575684 9.63288497924805 9.60074043273926 9.56859588623047 9.55971527099609 9.55380153656006 9.54788684844971 9.54197311401367 9.53605842590332 9.53014373779297 9.52423000335693 9.51831531524658 9.51240062713623 9.5064868927002 9.50865459442139 9.51220417022705 9.51575374603271 9.51930332183838 9.52285289764404 9.52640247344971 9.52995204925537 9.53350162506104 9.5370512008667 9.54060077667236 9.55842685699463 9.57936477661133 9.60030269622803 9.62124061584473 9.64217853546143 9.66311645507812 9.68405437469482 9.70499229431152 9.72593021392822 9.74686813354492 9.77490329742432 9.80484676361084 9.83479022979736 9.86473369598389 9.89467716217041 9.92462062835693 9.95456409454346 9.98450756072998 10.0144510269165 10.044394493103 10.0287771224976 9.99838733673096 9.96799755096436 9.93760776519775 9.90721893310547 9.87682914733887 9.84643936157227 9.81604957580566
9.65112781524658 9.61708927154541 9.58305168151855 9.54901313781738 9.54141426086426 9.53718566894531 9.53295707702637 9.52872848510742 9.52449989318848 9.52027130126953 9.51604270935059 9.51181411743164 9.5075855255127 9.50335693359375 9.50722789764404 9.51248359680176 9.51773929595947 9.52299499511719 9.5282506942749 9.53350639343262 9.53876209259033 9.54401779174805 9.54927349090576 9.55452823638916 9.57213115692139 9.5924243927002 9.612717628479 9.63301086425781 9.65330410003662 9.67359733581543 9.69389057159424 9.71418285369873 9.73447608947754 9.75476932525635 9.78069591522217 9.80813694000244 9.83557796478271 9.86301898956299 9.89046001434326 9.91790103912354 9.94534206390381 9.97278308868408 10.0002241134644 10.0276651382446 10.0133428573608 9.9854793548584 9.95761585235596 9.92975234985352 9.90188884735107 9.87402534484863 9.84616184234619 9.81829738616943
9.63722705841064 9.60129451751709 9.56536293029785 9.5294303894043 9.52311229705811 9.52056980133057 9.51802730560303 9.51548385620117 9.51294136047363 9.51039886474609 9.50785636901855 9.5053129196167 9.50277042388916 9.50022792816162 9.50580215454102 9.51276302337646 9.51972484588623 9.526686668396 9.53364849090576 9.54060935974121 9.54757118225098 9.55453300476074 9.56149482727051 9.56845664978027 9.58583450317383 9.60548305511475 9.62513160705566 9.64478015899658 9.6644287109375 9.68407726287842 9.70372581481934 9.72337436676025 9.74302291870117 9.76267147064209 9.78648853302002 9.81142711639404 9.83636569976807 9.86130428314209 9.88624286651611 9.91118144989014 9.93612003326416 9.96105861663818 9.98599720001221 10.0109357833862 9.99790859222412 9.97257041931152 9.94723320007324 9.92189598083496 9.89655876159668 9.87122058868408 9.8458833694458 9.82054615020752
9.62332534790039 9.58549976348877 9.54767322540283 9.50984764099121 9.50481128692627 9.50395393371582 9.50309753417969 9.50224018096924 9.50138282775879 9.50052642822266 9.49966907501221 9.49881267547607 9.49795532226562 9.49709796905518 9.50437545776367 9.51304340362549 9.52171039581299 9.5303783416748 9.53904628753662 9.54771327972412 9.55638122558594 9.56504917144775 9.57371616363525 9.58238410949707 9.59953784942627 9.6185417175293 9.63754558563232 9.65654945373535 9.67555332183838 9.69455718994141 9.71356105804443 9.73256492614746 9.75156879425049 9.77057266235352 9.79228115081787 9.81471729278564 9.83715343475342 9.85958957672119 9.88202571868896 9.90446186065674 9.92689800262451 9.94933414459229 9.97177028656006 9.99420642852783 9.98247337341309 9.95966243743896 9.93685150146484 9.91403961181641 9.89122867584229 9.86841678619385 9.84560585021973 9.82279396057129
9.60942459106445 9.56970405578613 9.52998447418213 9.49026489257812 9.48650932312012 9.48733806610107 9.48816680908203 9.48899555206299 9.48982524871826 9.49065399169922 9.49148273468018 9.49231147766113 9.49314022064209 9.49396896362305 9.50294876098633 9.5133228302002 9.52369594573975 9.53407001495361 9.54444313049316 9.55481719970703 9.56519031524658 9.57556438446045 9.5859375 9.59631156921387 9.61324214935303 9.63160037994385 9.64995956420898 9.66831874847412 9.68667793273926 9.70503711700439 9.72339630126953 9.74175548553467 9.7601146697998 9.77847385406494 9.79807376861572 9.81800746917725 9.83794116973877 9.85787487030029 9.87780857086182 9.89774227142334 9.91767597198486 9.93760967254639 9.95754337310791 9.97747707366943 9.96703910827637 9.94675445556641 9.92646884918213 9.90618324279785 9.88589859008789 9.86561298370361 9.84532737731934 9.82504272460938
9.5955228805542 9.55390930175781 9.51229572296143 9.47068214416504 9.46820831298828 9.47072219848633 9.47323703765869 9.47575187683105 9.47826671600342 9.48078060150146 9.48329544067383 9.48581027984619 9.48832511901855 9.49083995819092 9.5015230178833 9.5136022567749 9.5256814956665 9.53776168823242 9.54984092712402 9.56192111968994 9.57400035858154 9.58607959747314 9.59815979003906 9.61023902893066 9.62694549560547 9.64465999603271 9.66237449645996 9.68008899688721 9.69780349731445 9.7155179977417 9.73323249816895 9.75094604492188 9.76866054534912 9.78637504577637 9.80386638641357 9.82129764556885 9.83872890472412 9.85616016387939 9.87359142303467 9.89102268218994 9.90845394134521 9.92588520050049 9.94331645965576 9.96074771881104 9.95160484313965 9.93384552001953 9.91608619689941 9.89832782745361 9.8805685043335 9.86280918121338 9.84504985809326 9.82729053497314
9.58162117004395 9.53811454772949 9.49460697174072 9.45109939575195 9.44990634918213 9.45410633087158 9.45830726623535 9.4625072479248 9.46670818328857 9.47090816497803 9.4751091003418 9.47930908203125 9.48351001739502 9.48770999908447 9.50009632110596 9.51388168334961 9.52766704559326 9.54145336151123 9.55523872375488 9.56902408599854 9.5828104019165 9.59659576416016 9.61038112640381 9.62416648864746 9.64064884185791 9.65771865844727 9.67478847503662 9.69185829162598 9.70892810821533 9.72599792480469 9.74306774139404 9.7601375579834 9.77720737457275 9.79427719116211 9.80965900421143 9.82458782196045 9.83951663970947 9.8544454574585 9.86937427520752 9.88430309295654 9.89923191070557 9.91416072845459 9.92908954620361 9.94401836395264 9.93617057800293 9.92093753814697 9.90570449829102 9.89047145843506 9.8752384185791 9.86000537872314 9.84477233886719 9.82953929901123
9.56772041320801 9.52231884002686 9.47691822052002 9.43151760101318 9.43160438537598 9.43749141693115 9.44337749481201 9.44926357269287 9.45514965057373 9.46103572845459 9.46692180633545 9.47280788421631 9.47869491577148 9.48458099365234 9.49866962432861 9.51416110992432 9.52965354919434 9.54514503479004 9.56063652038574 9.57612800598145 9.59161949157715 9.60711097717285 9.62260246276855 9.63809490203857 9.65435218811035 9.67077732086182 9.68720245361328 9.70362758636475 9.72005271911621 9.73647785186768 9.75290298461914 9.76932811737061 9.78575325012207 9.80217838287354 9.81545162200928 9.82787799835205 9.84030437469482 9.8527307510376 9.86515712738037 9.87758350372314 9.89000988006592 9.90243625640869 9.91486263275146 9.92728900909424 9.92073535919189 9.9080286026001 9.8953218460083 9.8826150894165 9.86990833282471 9.85720157623291 9.8444938659668 9.831787109375
9.55381870269775 9.50652408599854 9.45922946929932 9.4119348526001 9.41330337524414 9.42087554931641 9.42844676971436 9.43601894378662 9.44359111785889 9.45116329193115 9.45873546600342 9.46630764007568 9.47387886047363 9.4814510345459 9.49724388122559 9.51444149017334 9.53163909912109 9.54883670806885 9.5660343170166 9.58323192596436 9.60042953491211 9.61762714385986 9.63482475280762 9.65202236175537 9.66805648803711 9.68383693695068 9.69961738586426 9.71539688110352 9.73117733001709 9.74695777893066 9.76273822784424 9.77851867675781 9.79429912567139 9.81007957458496 9.82124423980713 9.83116817474365 9.84109210968018 9.8510160446167 9.86093997955322 9.87086391448975 9.88078784942627 9.89071178436279 9.90063571929932 9.91055965423584 9.90530109405518 9.89512062072754 9.88493919372559 9.87475872039795 9.86457824707031 9.85439682006836 9.84421634674072 9.83403587341309
9.53991794586182 9.49072933197021 9.44154071807861 9.39235210418701 9.39500141143799 9.40425968170166 9.41351699829102 9.42277526855469 9.43203258514404 9.44129085540771 9.45054817199707 9.45980644226074 9.4690637588501 9.47832202911377 9.49581718444824 9.51472091674805 9.53362464904785 9.55252838134766 9.57143211364746 9.59033489227295 9.60923862457275 9.62814235687256 9.64704608917236 9.66594982147217 9.68175983428955 9.69689559936523 9.71203136444092 9.7271671295166 9.74230289459229 9.75743865966797 9.77257347106934 9.78770923614502 9.8028450012207 9.81798076629639 9.82703685760498 9.83445835113525 9.84187984466553 9.8493013381958 9.85672283172607 9.86414432525635 9.87156581878662 9.87898731231689 9.88640880584717 9.89383029937744 9.88986682891846 9.88221168518066 9.87455749511719 9.86690235137939 9.85924816131592 9.85159301757812 9.84393882751465 9.83628368377686
9.54037189483643 9.49202346801758 9.44367599487305 9.39532852172852 9.39933586120605 9.41001796722412 9.42070007324219 9.43138217926025 9.44206428527832 9.45274639129639 9.46342849731445 9.47411060333252 9.48479270935059 9.49547481536865 9.51382541656494 9.53348731994629 9.55315017700195 9.5728120803833 9.59247398376465 9.612135887146 9.63179779052734 9.65146064758301 9.67112255096436 9.6907844543457 9.70587730407715 9.71997451782227 9.73407173156738 9.7481689453125 9.76226615905762 9.77636337280273 9.79046058654785 9.80455780029297 9.81865501403809 9.8327522277832 9.84030246734619 9.84609127044678 9.85188007354736 9.85766983032227 9.86345863342285 9.86924839019775 9.87503719329834 9.88082695007324 9.88661575317383 9.89240455627441 9.88906860351562 9.88277339935303 9.87647724151611 9.87018203735352 9.86388683319092 9.85759162902832 9.85129642486572 9.84500122070312
9.5537633895874 9.50872039794922 9.46367835998535 9.41863632202148 9.424072265625 9.43594264984131 9.44781398773193 9.45968437194824 9.47155475616455 9.48342514038086 9.49529552459717 9.50716686248779 9.5190372467041 9.53090763092041 9.54935073852539 9.5689172744751 9.5884838104248 9.60805034637451 9.62761688232422 9.64718341827393 9.66674995422363 9.68631649017334 9.70588302612305 9.72544956207275 9.73938179016113 9.75208568572998 9.76478958129883 9.77749252319336 9.79019641876221 9.80290031433105 9.8156042098999 9.82830810546875 9.8410120010376 9.85371589660645 9.86030197143555 9.86524295806885 9.87018489837646 9.87512588500977 9.88006687164307 9.88500785827637 9.88994979858398 9.89489078521729 9.89983177185059 9.90477275848389 9.90146160125732 9.89547348022461 9.88948631286621 9.8834981918335 9.8775110244751 9.87152290344238 9.86553573608398 9.85954761505127
9.56715488433838 9.52541828155518 9.48368167877197 9.44194507598877 9.44880867004395 9.4618673324585 9.47492694854736 9.48798561096191 9.50104522705078 9.51410388946533 9.5271635055542 9.54022216796875 9.55328178405762 9.56634044647217 9.58487510681152 9.60434627532959 9.62381744384766 9.64328861236572 9.66275978088379 9.68223094940186 9.70170116424561 9.72117233276367 9.74064350128174 9.7601146697998 9.7728853225708 9.78419589996338 9.79550647735596 9.80681705474854 9.8181266784668 9.82943725585938 9.84074783325195 9.85205841064453 9.86336898803711 9.87467861175537 9.8803014755249 9.88439464569092 9.88848876953125 9.89258193969727 9.89667510986328 9.9007682800293 9.90486145019531 9.90895462036133 9.91304779052734 9.91714191436768 9.91385459899902 9.90817451477051 9.90249443054199 9.89681434631348 9.89113426208496 9.88545417785645 9.87977504730225 9.87409496307373
9.58054637908936 9.54211521148682 9.50368404388428 9.46525287628174 9.47354507446289 9.48779201507568 9.50203990936279 9.5162878036499 9.53053569793701 9.5447826385498 9.55903053283691 9.57327842712402 9.58752536773682 9.60177326202393 9.62040042877197 9.63977527618408 9.65915107727051 9.67852687835693 9.69790172576904 9.71727752685547 9.73665332794189 9.75602912902832 9.77540397644043 9.79477977752686 9.80638885498047 9.81630611419678 9.82622337341309 9.83614063262939 9.84605693817139 9.8559741973877 9.865891456604 9.87580871582031 9.8857250213623 9.89564228057861 9.90030097961426 9.9035472869873 9.90679264068604 9.91003799438477 9.9132833480835 9.91652870178223 9.91977405548096 9.92301940917969 9.92626476287842 9.92951011657715 9.92624759674072 9.92087554931641 9.91550254821777 9.91013050079346 9.90475845336914 9.89938640594482 9.89401435852051 9.88864135742188
