R_scripts/int_process_data/Bio_07_2001.2020.asc
NCOLS 281 
NROWS 577 
XLLCORNER 81175.2677831308 
YLLCORNER -911.770678700996 
CELLSIZE 1000 
NODATA_value -3.4e+38 
[rows 368 to 390 of 577, columns 51 to 101 of 281]
16.6832027435303 16.8011417388916 16.9824638366699 17.2542343139648 17.4794597625732 17.6956062316895 17.8535938262939 17.9502620697021 18.2775650024414 18.613000869751 18.8696479797363 19.0335178375244 19.2790069580078 19.412841796875 19.5809440612793 19.6824703216553 19.7700901031494 19.6925735473633 19.5735282897949 19.416524887085 19.5693836212158 19.9210872650146 20.1193161010742 20.3280086517334 20.5233039855957 20.6315937042236 20.6662559509277 20.7391052246094 20.7371826171875 20.7399349212646 20.8892860412598 21.0485420227051 21.1795501708984 21.2174034118652 21.2907543182373 21.1428546905518 21.1636924743652 21.255163192749 21.2329216003418 21.1024379730225 20.8941097259521 20.9542675018311 21.1902618408203 21.1510467529297 21.2897338867188 21.486120223999 21.549654006958 21.34499168396 21.1845874786377 21.2647552490234 21.2238368988037
16.6749019622803 16.8782081604004 17.0795135498047 17.2947597503662 17.488452911377 17.6808185577393 17.8400707244873 18.007080078125 18.3191719055176 18.634838104248 18.8747539520264 19.1248531341553 19.411979675293 19.3906593322754 19.6342716217041 19.6702499389648 19.7908000946045 19.8148956298828 19.7214889526367 19.5362300872803 19.4581165313721 19.597505569458 19.8631076812744 20.160041809082 20.382152557373 20.5362529754639 20.5458965301514 20.5296096801758 20.55393409729 20.725658416748 20.8778057098389 21.0010051727295 20.993143081665 20.8269023895264 21.0340366363525 20.9393882751465 20.9522228240967 21.1642436981201 21.2312068939209 21.2007083892822 21.1266307830811 21.0676593780518 21.3233547210693 21.3683815002441 21.5144138336182 21.6959934234619 21.6630153656006 21.5225105285645 21.4707622528076 21.4692153930664 21.3274517059326
16.68288230896 16.9721126556396 17.162914276123 17.2787532806396 17.4448986053467 17.6551246643066 17.8736782073975 18.1064510345459 18.3916606903076 18.6755428314209 18.9355754852295 19.1760292053223 19.340877532959 19.3849544525146 19.704647064209 19.7926635742188 19.7655792236328 19.8632564544678 19.8536434173584 19.689136505127 19.6370944976807 19.5512313842773 19.5415821075439 19.7529983520508 19.9579105377197 20.1726512908936 20.3178749084473 20.264533996582 20.3997859954834 20.5945167541504 20.6782608032227 20.6754112243652 20.555570602417 20.5801391601562 20.8444976806641 20.7059879302979 20.9214572906494 21.0375690460205 21.0206356048584 20.9957885742188 21.1728096008301 21.3060855865479 21.378568649292 21.5399017333984 21.6516399383545 21.5743064880371 21.582483291626 21.6139030456543 21.6460285186768 21.6732997894287 21.5846252441406
16.7812957763672 17.066801071167 17.2205047607422 17.3113746643066 17.4650897979736 17.6856250762939 17.9620361328125 18.2411327362061 18.4819469451904 18.7545757293701 18.9946060180664 19.176326751709 19.3107070922852 19.3746795654297 19.6397838592529 19.8474140167236 19.8818016052246 19.9273815155029 19.9277477264404 19.8237533569336 19.7727508544922 19.6933822631836 19.5547676086426 19.7813205718994 19.8948631286621 19.9552803039551 19.9666728973389 20.0442523956299 20.1111297607422 20.185733795166 20.1831321716309 20.1748199462891 20.16357421875 20.3795337677002 20.4805240631104 20.5707626342773 20.8533992767334 20.853666305542 20.7651786804199 20.7895526885986 21.0282764434814 21.1888999938965 21.3533954620361 21.6040782928467 21.582836151123 21.3941955566406 21.4416122436523 21.4341163635254 21.5040130615234 21.5893039703369 21.6461086273193
16.8289203643799 17.1329612731934 17.262767791748 17.3702411651611 17.5400695800781 17.8042392730713 18.1040496826172 18.3219833374023 18.5248241424561 18.8206100463867 18.9811305999756 19.1861438751221 19.4241600036621 19.4221973419189 19.5500640869141 19.7557773590088 19.9056301116943 19.9815235137939 19.9985446929932 19.9557857513428 19.9449882507324 19.8433494567871 19.7008857727051 19.8890037536621 20.2784481048584 20.3497905731201 20.2780818939209 20.2857913970947 20.187349319458 20.137544631958 20.3240795135498 20.3724269866943 20.3525314331055 20.4151630401611 20.3965167999268 20.4490356445312 20.5132865905762 20.5667877197266 20.5479888916016 20.6129837036133 20.8256034851074 21.1124687194824 21.3417301177979 21.5055408477783 21.4092636108398 21.2611503601074 21.2506237030029 21.2324886322021 21.4803981781006 21.6761779785156 21.7458400726318
16.8125133514404 17.0932006835938 17.2957592010498 17.4737319946289 17.6784496307373 17.9328575134277 18.1481285095215 18.3221263885498 18.515510559082 18.7005367279053 18.8175010681152 19.113941192627 19.4396476745605 19.5022029876709 19.5692653656006 19.7623271942139 19.8735427856445 19.9876041412354 20.0505390167236 20.0864295959473 20.1292705535889 19.9523830413818 19.8278121948242 19.7549819946289 20.0004215240479 20.2811908721924 20.5193977355957 20.4916305541992 20.4299869537354 20.4666004180908 20.6360321044922 20.6561374664307 20.623140335083 20.7520332336426 20.7193946838379 20.7805519104004 20.62646484375 20.5159244537354 20.3975830078125 20.4354591369629 20.6845817565918 21.0194759368896 21.1781349182129 21.3147869110107 21.2185974121094 21.1737442016602 21.1912574768066 21.0462417602539 21.3491439819336 21.4156055450439 21.4736347198486
16.8611545562744 17.1294364929199 17.3728561401367 17.5991592407227 17.7694625854492 17.9174671173096 18.0459957122803 18.208475112915 18.3744812011719 18.5325050354004 18.6762351989746 18.962230682373 19.3187389373779 19.57102394104 19.6021327972412 19.8843364715576 19.9407577514648 19.9533767700195 20.0923290252686 20.2096309661865 20.22292137146 20.0743408203125 20.029390335083 19.8591232299805 19.7778644561768 19.9555320739746 20.4619884490967 20.6120510101318 20.6446857452393 20.8016376495361 20.8616676330566 20.8384990692139 20.8900356292725 20.9564247131348 20.9873180389404 21.1720180511475 21.1578960418701 20.9091663360596 20.6187763214111 20.5557689666748 20.4943504333496 20.6096782684326 20.8110084533691 21.0770092010498 20.9352588653564 20.9337959289551 20.9481658935547 20.7912349700928 20.9823455810547 20.9235897064209 21.011531829834
16.9021987915039 17.1579761505127 17.386438369751 17.5059108734131 17.6628894805908 17.7676658630371 17.8816413879395 18.0892848968506 18.2788715362549 18.5840225219727 18.7816009521484 18.9914894104004 19.2736034393311 19.5647773742676 19.6694946289062 19.7407283782959 19.8906288146973 19.9949073791504 20.111988067627 20.2751998901367 20.2888317108154 20.1881237030029 20.1645126342773 20.0753288269043 20.0199165344238 19.8826313018799 20.1529693603516 20.4937038421631 20.6214561462402 20.726390838623 20.8130416870117 21.0117530822754 21.1289443969727 21.1229038238525 21.2102355957031 21.2388820648193 21.3794708251953 21.2229843139648 20.8732833862305 20.792049407959 20.6969051361084 20.5586471557617 20.4984931945801 20.7794857025146 20.6975364685059 20.7093715667725 20.648193359375 20.5152721405029 20.5254306793213 20.6191940307617 20.7240123748779
16.7423400878906 17.0249214172363 17.2752857208252 17.3367214202881 17.4545879364014 17.5691947937012 17.7866878509521 18.0243167877197 18.3465957641602 18.6277484893799 18.8395214080811 19.1029853820801 19.3404197692871 19.5373992919922 19.7129039764404 19.7089233398438 19.7992763519287 19.9855499267578 20.1479759216309 20.2611312866211 20.3674392700195 20.2690944671631 20.2217483520508 20.2351932525635 20.1987209320068 20.0309066772461 19.9391689300537 20.1259937286377 20.1656589508057 20.1971549987793 20.3823089599609 20.80637550354 21.0268383026123 21.1907825469971 21.2033996582031 21.1917514801025 21.4376468658447 21.3838310241699 21.2062873840332 21.1761722564697 21.1863384246826 21.1068687438965 20.4747467041016 20.5427684783936 20.6960544586182 20.860034942627 20.9936218261719 20.8440399169922 20.6902675628662 20.7767066955566 20.7604808807373
16.5063953399658 16.7810955047607 17.0261497497559 17.1177082061768 17.2743854522705 17.5146751403809 17.8448524475098 18.0545501708984 18.2663440704346 18.4952526092529 18.7805881500244 19.0884990692139 19.3466796875 19.581823348999 19.7411060333252 19.7763729095459 19.7766265869141 19.9102611541748 20.0865478515625 20.2278079986572 20.3335666656494 20.3455066680908 20.3503971099854 20.2968902587891 20.2158489227295 20.2265644073486 20.1186904907227 20.0879821777344 20.1832637786865 20.1150550842285 20.1134204864502 20.3149509429932 20.4677200317383 20.7126636505127 20.8041725158691 20.9742050170898 21.2884769439697 21.3955478668213 21.2877998352051 21.3143997192383 21.4889678955078 21.5087890625 20.737325668335 20.7100200653076 20.8592185974121 20.9610557556152 21.0607376098633 21.1563758850098 21.160083770752 21.2493553161621 21.1874561309814
16.3441581726074 16.5196933746338 16.7160739898682 16.9356288909912 17.1659889221191 17.4566917419434 17.8213958740234 18.0513954162598 18.1727046966553 18.3186130523682 18.6046772003174 18.8783168792725 19.1130504608154 19.4132213592529 19.6975040435791 19.7772674560547 19.7247734069824 19.7771873474121 19.9035758972168 20.0694904327393 20.1956653594971 20.2802429199219 20.3548755645752 20.3017120361328 20.215518951416 20.2280120849609 20.1985321044922 20.3725776672363 20.5909023284912 20.4313297271729 20.0692844390869 20.0536594390869 20.087718963623 20.154806137085 20.418981552124 20.6190719604492 20.8219337463379 20.8461437225342 20.7611694335938 20.858118057251 21.0825977325439 21.2909832000732 21.0377979278564 20.9580745697021 21.0495567321777 21.0741691589355 20.9989757537842 21.0732231140137 21.2858295440674 21.534252166748 21.6073703765869
16.2125244140625 16.314868927002 16.5589141845703 16.8713397979736 17.0944957733154 17.3068656921387 17.6555957794189 17.9479961395264 18.107494354248 18.2002334594727 18.367546081543 18.5864200592041 18.8401985168457 19.164134979248 19.4997310638428 19.7030601501465 19.6630039215088 19.6375198364258 19.7154178619385 19.8919086456299 20.070671081543 20.1719036102295 20.2112102508545 20.2457160949707 20.205322265625 20.1588878631592 20.1593208312988 20.3662357330322 20.6555042266846 20.494213104248 20.1288242340088 20.1976356506348 20.1621398925781 20.0393695831299 20.1626091003418 20.3028106689453 20.4873809814453 20.4351577758789 20.4262676239014 20.4391803741455 20.4021682739258 20.6420192718506 20.8589267730713 20.9312229156494 21.1085166931152 21.2302742004395 21.3177604675293 21.1724243164062 21.206335067749 21.4537734985352 21.7439441680908
16.1906623840332 16.1808929443359 16.35373878479 16.6873874664307 16.999584197998 17.237211227417 17.5022449493408 17.7686786651611 17.9902687072754 18.1092872619629 18.2613067626953 18.4497489929199 18.673828125 18.9430522918701 19.255256652832 19.5061206817627 19.5246391296387 19.5655708312988 19.639253616333 19.8110446929932 20.0256519317627 20.1290149688721 20.1285820007324 20.1519584655762 20.1918029785156 20.1221923828125 20.1441192626953 20.4670696258545 20.6474132537842 20.421895980835 20.0891380310059 20.2348651885986 20.3270320892334 20.1596908569336 20.3282375335693 20.3578338623047 20.6298961639404 20.6639080047607 20.6718444824219 20.6274585723877 20.4527931213379 20.343957901001 20.3093109130859 20.4345169067383 20.6985034942627 21.0212593078613 21.1844100952148 21.1942291259766 21.1405239105225 21.2444114685059 21.6325073242188
16.2104263305664 16.1247730255127 16.1969470977783 16.4379615783691 16.7943000793457 17.0608062744141 17.3176555633545 17.5531044006348 17.7690315246582 17.9641513824463 18.1550960540771 18.3890628814697 18.6088809967041 18.8215084075928 19.0330619812012 19.1847457885742 19.2021770477295 19.3177146911621 19.4677028656006 19.6366653442383 19.787296295166 19.9400730133057 19.9397392272949 19.891284942627 20.0010375976562 20.0377902984619 20.1178283691406 20.5193710327148 20.6260566711426 20.3628826141357 20.0446491241455 20.2572345733643 20.3879127502441 20.2397003173828 20.5074348449707 20.5461845397949 20.8042526245117 20.9581565856934 20.8973598480225 20.8148536682129 20.688892364502 20.4422817230225 20.242847442627 20.2847194671631 20.2663288116455 20.5496311187744 20.6745471954346 20.687915802002 20.7828826904297 21.1290607452393 21.5298156738281
16.1125602722168 16.054988861084 16.0887336730957 16.1848373413086 16.4516525268555 16.7664546966553 17.0460586547852 17.2624378204346 17.5264186859131 17.7486133575439 17.9346332550049 18.1993408203125 18.4594058990479 18.7114295959473 18.8459300994873 18.8481788635254 18.8709506988525 18.9925575256348 19.1636943817139 19.3271312713623 19.5063552856445 19.7013530731201 19.6573886871338 19.5944766998291 19.75754737854 19.8323230743408 19.99001121521 20.3360767364502 20.5371627807617 20.3619022369385 20.077184677124 20.2446384429932 20.3252696990967 20.3790950775146 20.5613422393799 20.7265300750732 20.8700008392334 20.9704818725586 21.0547161102295 21.04030418396 20.8758525848389 20.6448402404785 20.3777370452881 20.3814907073975 20.292085647583 20.2149467468262 20.1838932037354 20.3634643554688 20.6802387237549 21.0381202697754 21.3525009155273
15.9089193344116 15.9395618438721 15.962477684021 16.0938377380371 16.3272686004639 16.5458908081055 16.8211517333984 17.0047245025635 17.2684803009033 17.4653167724609 17.7103157043457 17.9971141815186 18.2111568450928 18.403980255127 18.5439395904541 18.6098766326904 18.7327442169189 18.8283996582031 18.9366874694824 19.1091594696045 19.2686786651611 19.4008827209473 19.3457183837891 19.3359279632568 19.4753932952881 19.5989246368408 19.852819442749 20.1401023864746 20.4564304351807 20.4094657897949 20.1344738006592 20.2540454864502 20.4469966888428 20.7197914123535 20.7769775390625 20.9669380187988 21.21120262146 21.1539478302002 21.1026916503906 21.1402473449707 21.0030479431152 20.8430423736572 20.515811920166 20.4966735839844 20.6263465881348 20.5438423156738 20.2934665679932 20.1974334716797 20.5202159881592 20.7942752838135 21.0117988586426
15.8137941360474 15.8831901550293 15.8731870651245 15.9316072463989 16.2121829986572 16.359546661377 16.5579528808594 16.785327911377 17.0160732269287 17.2964363098145 17.5722618103027 17.7947597503662 17.9271583557129 18.0901412963867 18.3062934875488 18.5106678009033 18.6563701629639 18.7689075469971 18.8300952911377 18.8927211761475 18.9416465759277 18.9923553466797 19.0460872650146 19.1241035461426 19.2899131774902 19.4949684143066 19.7298736572266 20.0169372558594 20.3158740997314 20.283109664917 20.1520214080811 20.4297180175781 20.6685409545898 20.8840236663818 21.0180225372314 21.1911869049072 21.4840984344482 21.441499710083 21.3360233306885 21.2816429138184 21.2639255523682 21.0526905059814 20.6609840393066 20.4577751159668 20.703685760498 20.83522605896 20.6209697723389 20.2973480224609 20.2641296386719 20.5620231628418 20.6986236572266
15.7788743972778 15.8646564483643 15.8273801803589 15.8198070526123 16.0008010864258 16.2649707794189 16.5120162963867 16.6794052124023 16.8347244262695 17.104663848877 17.3440265655518 17.5018997192383 17.677640914917 17.907600402832 18.1195430755615 18.2974510192871 18.4321537017822 18.580509185791 18.6728248596191 18.6163578033447 18.6098327636719 18.7110252380371 18.9553756713867 19.0549755096436 19.1647071838379 19.3928661346436 19.6063060760498 19.8183765411377 20.0257434844971 20.1160202026367 20.2957057952881 20.4904289245605 20.5506038665771 20.7308311462402 20.8554229736328 21.0885848999023 21.3566188812256 21.4369697570801 21.5603771209717 21.5544929504395 21.5527172088623 21.3554286956787 20.7331504821777 20.4473171234131 20.5802230834961 20.6847152709961 20.6878490447998 20.5558738708496 20.4171829223633 20.5311717987061 20.6205348968506
15.7483253479004 15.8254632949829 15.7662773132324 15.7560806274414 15.8758153915405 16.129035949707 16.3796157836914 16.579460144043 16.7372779846191 16.8921585083008 17.0761299133301 17.2781581878662 17.4766712188721 17.6899948120117 17.8611278533936 18.0005645751953 18.1272144317627 18.2543125152588 18.3667774200439 18.3543281555176 18.4418296813965 18.5857429504395 18.8151950836182 18.9253158569336 19.0546283721924 19.2593784332275 19.3735008239746 19.5221843719482 19.6935386657715 19.8802394866943 20.2144355773926 20.3176441192627 20.291130065918 20.4075489044189 20.7065410614014 21.0267086029053 21.2966423034668 21.4586162567139 21.5354080200195 21.4795970916748 21.4682483673096 21.4348735809326 21.0465679168701 20.934419631958 21.0869121551514 20.9699020385742 20.7562694549561 20.7133483886719 20.8405799865723 20.9497699737549 21.0287113189697
15.6592111587524 15.7128000259399 15.6404228210449 15.6109275817871 15.8160352706909 16.0166053771973 16.1529197692871 16.3859958648682 16.5892467498779 16.7541046142578 16.9100608825684 17.1029376983643 17.2874889373779 17.5054225921631 17.6730861663818 17.7857933044434 17.8695373535156 17.9598960876465 18.0634632110596 18.1932315826416 18.3814697265625 18.4690361022949 18.5797348022461 18.7152309417725 18.9244289398193 19.0946788787842 19.1771144866943 19.2777252197266 19.3565349578857 19.7118434906006 20.1152496337891 20.1100769042969 20.0614280700684 20.2964935302734 20.837121963501 21.138219833374 21.3502597808838 21.4602794647217 21.2881679534912 21.0211715698242 20.948392868042 21.1495609283447 21.2779865264893 21.3364448547363 21.5120010375977 21.4932765960693 21.2815017700195 21.1393814086914 21.3089351654053 21.3184661865234 21.377124786377
15.4152431488037 15.4644212722778 15.4508399963379 15.5131950378418 15.7265510559082 15.9443359375 16.0442008972168 16.2355880737305 16.4362735748291 16.6328105926514 16.7627830505371 16.9359722137451 17.1305656433105 17.3606719970703 17.5335426330566 17.6513404846191 17.7434005737305 17.8352870941162 17.8960514068604 18.0156345367432 18.1501502990723 18.2639999389648 18.3706798553467 18.5107154846191 18.6895351409912 18.7739276885986 18.7994232177734 18.9141616821289 19.2087993621826 19.6916236877441 19.8865356445312 19.9907970428467 19.9268703460693 20.2180309295654 20.5967445373535 20.9588794708252 21.2194576263428 21.3212490081787 20.9756183624268 20.5936813354492 20.7069625854492 20.9941673278809 21.1724700927734 21.3459606170654 21.5235462188721 21.6095485687256 21.5307559967041 21.3504257202148 21.5743427276611 21.6674499511719 21.7335052490234
15.2131652832031 15.2093849182129 15.3087368011475 15.4550790786743 15.5946378707886 15.8302869796753 15.992470741272 16.1012496948242 16.2652988433838 16.4996871948242 16.6613845825195 16.8471527099609 17.0202083587646 17.2039241790771 17.3691387176514 17.443359375 17.5587692260742 17.7126770019531 17.7794551849365 17.8310127258301 17.9247875213623 18.0827941894531 18.1300678253174 18.247745513916 18.3726348876953 18.4015579223633 18.5441856384277 18.8773212432861 19.2796401977539 19.4605274200439 19.5217380523682 19.7367992401123 19.7346477508545 19.9958744049072 20.425142288208 20.8808250427246 21.0702724456787 21.0727977752686 20.6153621673584 20.5672206878662 20.7665576934814 20.8384666442871 21.0504417419434 21.3589019775391 21.4711437225342 21.4924449920654 21.4743309020996 21.4920234680176 21.7149772644043 21.9285697937012 22.0912113189697
15.1118679046631 15.0787477493286 15.2112483978271 15.3818378448486 15.4546937942505 15.6693296432495 15.8842926025391 15.9876480102539 16.0510196685791 16.2619762420654 16.4857196807861 16.7213001251221 16.9205265045166 17.078275680542 17.2184085845947 17.2821617126465 17.3815860748291 17.5473976135254 17.6182231903076 17.641185760498 17.7007923126221 17.8709392547607 17.8352661132812 17.9004554748535 17.9797210693359 18.0914096832275 18.4603710174561 18.8711986541748 19.1969623565674 19.1637687683105 19.312952041626 19.4496383666992 19.5874214172363 19.9972476959229 20.4301376342773 20.759256362915 20.8308811187744 20.6563034057617 20.3981037139893 20.6061782836914 20.5858345031738 20.6834678649902 20.9522285461426 21.2751979827881 21.3913669586182 21.3409805297852 21.4151630401611 21.6760559082031 21.9267597198486 22.2497425079346 22.4768886566162
