R_scripts/int_process_data/Bio_03.asc
NCOLS 281 
NROWS 576 
XLLCORNER 81175.2677831308 
YLLCORNER 88.2293212990044 
CELLSIZE 1000 
NODATA_value -3.4e+38 
[rows 161 to 183 of 576, columns 104 to 155 of 281]
37.2195892333984 37.2237663269043 37.2279434204102 37.232120513916 37.2362976074219 37.2373924255371 37.181957244873 37.1265182495117 37.0710792541504 37.0156440734863 36.960205078125 36.9047660827637 36.8493309020996 36.7938919067383 36.738452911377 36.6834907531738 36.653450012207 36.623405456543 36.5933609008789 36.5633163452148 36.5332717895508 36.503231048584 36.4731864929199 36.4431419372559 36.4130973815918 36.3830528259277 36.3007736206055 36.2177391052246 36.1347007751465 36.0516662597656 35.9686317443848 35.8855972290039 35.802562713623 35.7195243835449 35.6364898681641 35.5534553527832 35.5216331481934 35.4923477172852 35.463062286377 35.4337730407715 35.4044876098633 35.3752021789551 35.3459129333496 35.3166275024414 35.2873420715332 35.2580528259277 35.1813735961914 35.1005630493164 35.0197525024414 34.9389419555664 34.8581314086914 34.7773208618164
37.2525672912598 37.2561912536621 37.2598190307617 37.2634468078613 37.2670707702637 37.2675743103027 37.2107849121094 37.1539916992188 37.0972023010254 37.0404090881348 36.9836196899414 36.9268264770508 36.8700370788574 36.8132438659668 36.7564544677734 36.7001762390137 36.6708030700684 36.6414260864258 36.6120491027832 36.5826759338379 36.5532989501953 36.52392578125 36.4945487976074 36.4651756286621 36.4357986450195 36.4064254760742 36.3191452026367 36.231029510498 36.1429138183594 36.0547981262207 35.9666786193848 35.8785629272461 35.7904472351074 35.7023315429688 35.6142158508301 35.5261001586914 35.4938850402832 35.4644355773926 35.434986114502 35.4055366516113 35.3760871887207 35.3466377258301 35.3171882629395 35.2877388000488 35.2582893371582 35.2288398742676 35.1485290527344 35.0637893676758 34.9790534973145 34.8943138122559 34.8095741271973 34.7248344421387
37.2734985351562 37.2764167785645 37.2793312072754 37.2822494506836 37.2851676940918 37.2849273681641 37.2267608642578 37.1685981750488 37.1104316711426 37.0522689819336 36.9941062927246 36.9359397888184 36.8777770996094 36.8196144104004 36.7614479064941 36.7038154602051 36.6740913391113 36.6443634033203 36.6146354675293 36.5849113464355 36.5551834106445 36.5254554748535 36.4957313537598 36.4660034179688 36.4362754821777 36.406551361084 36.3157806396484 36.2241287231445 36.1324768066406 36.0408248901367 35.9491729736328 35.8575210571289 35.765869140625 35.6742210388184 35.5825691223145 35.4909172058105 35.4588890075684 35.4298095703125 35.4007301330566 35.3716506958008 35.3425712585449 35.3134918212891 35.2844161987305 35.2553367614746 35.2262573242188 35.1971778869629 35.1184349060059 35.0353698730469 34.9523010253906 34.8692359924316 34.7861671447754 34.7030982971191
37.2881660461426 37.2902908325195 37.2924156188965 37.2945365905762 37.2966613769531 37.295597076416 37.2360496520996 37.1765060424805 37.1169586181641 37.0574111938477 36.9978637695312 36.9383163452148 36.8787689208984 36.819221496582 36.7596740722656 36.7006721496582 36.6700630187988 36.6394538879395 36.6088447570801 36.5782356262207 36.5476264953613 36.517017364502 36.4864082336426 36.4557991027832 36.4251899719238 36.3945808410645 36.3011016845703 36.2067222595215 36.1123390197754 36.0179557800293 35.9235725402832 35.8291893005371 35.734806060791 35.6404266357422 35.5460433959961 35.45166015625 35.4201202392578 35.3916893005371 35.3632583618164 35.3348274230957 35.306396484375 35.2779655456543 35.2495384216309 35.2211074829102 35.1926765441895 35.1642456054688 35.0897750854492 35.0112915039062 34.9328079223633 34.8543281555176 34.7758445739746 34.6973648071289
37.3028335571289 37.3041648864746 37.3054962158203 37.306827545166 37.3081588745117 37.3062705993652 37.2453422546387 37.1844100952148 37.1234817504883 37.0625534057617 37.0016212463379 36.9406929016113 36.8797645568848 36.8188323974609 36.7579040527344 36.6975250244141 36.6660346984863 36.6345405578613 36.6030502319336 36.5715599060059 36.5400657653809 36.5085754394531 36.4770851135254 36.4455909729004 36.4141006469727 36.3826103210449 36.2864265441895 36.1893157958984 36.0922012329102 35.9950866699219 35.8979721069336 35.8008575439453 35.703742980957 35.606632232666 35.5095176696777 35.4124031066895 35.3813514709473 35.3535690307617 35.3257865905762 35.2980041503906 35.2702217102051 35.2424392700195 35.2146606445312 35.1868782043457 35.1590957641602 35.1313133239746 35.0611114501953 34.9872131347656 34.9133186340332 34.8394203186035 34.7655258178711 34.6916275024414
37.3175010681152 37.3180389404297 37.3185768127441 37.3191146850586 37.319652557373 37.3169441223145 37.2546310424805 37.1923179626465 37.1300048828125 37.0676918029785 37.0053825378418 36.9430694580078 36.8807563781738 36.8184432983398 36.7561302185059 36.6943778991699 36.6620063781738 36.6296310424805 36.5972557067871 36.564884185791 36.5325088500977 36.5001335144043 36.4677619934082 36.4353866577148 36.4030113220215 36.3706398010254 36.2717514038086 36.1719093322754 36.0720634460449 35.9722175598145 35.872371673584 35.7725257873535 35.672679901123 35.5728378295898 35.4729919433594 35.3731460571289 35.3425827026367 35.3154487609863 35.2883148193359 35.2611808776855 35.2340469360352 35.2069129943848 35.1797828674316 35.1526489257812 35.1255149841309 35.0983810424805 35.0324478149414 34.9631385803223 34.8938255310059 34.8245124816895 34.7552032470703 34.6858901977539
37.3321685791016 37.3319129943848 37.331657409668 37.3314056396484 37.3311500549316 37.3276176452637 37.2639198303223 37.2002258300781 37.136531829834 37.0728340148926 37.0091400146484 36.945442199707 36.8817481994629 36.8180541992188 36.7543563842773 36.6912307739258 36.6579780578613 36.6247215270996 36.5914649963379 36.5582084655762 36.5249519348145 36.4916954040527 36.458438873291 36.4251823425293 36.3919258117676 36.3586692810059 36.2570762634277 36.1544990539551 36.0519256591797 35.949348449707 35.8467712402344 35.7441940307617 35.6416168212891 35.5390434265137 35.436466217041 35.3338890075684 35.3038139343262 35.2773284912109 35.2508430480957 35.2243576049805 35.1978721618652 35.17138671875 35.144905090332 35.1184196472168 35.0919342041016 35.0654487609863 35.0037841796875 34.9390602111816 34.8743324279785 34.8096084594727 34.7448806762695 34.6801567077637
37.3468360900879 37.3457870483398 37.3447418212891 37.343692779541 37.3426475524902 37.3382873535156 37.2732124328613 37.2081336975098 37.1430549621582 37.0779762268066 37.0128974914551 36.9478187561035 36.882740020752 36.8176651000977 36.7525863647461 36.6880874633789 36.6539459228516 36.6198081970215 36.5856704711914 36.5515327453613 36.517391204834 36.4832534790039 36.4491157531738 36.4149742126465 36.3808364868164 36.3466987609863 36.2424011230469 36.137092590332 36.0317878723145 35.9264793395996 35.8211708068848 35.7158622741699 35.6105537414551 35.5052490234375 35.3999404907227 35.2946319580078 35.2650451660156 35.2392082214355 35.2133712768555 35.1875343322754 35.1616973876953 35.1358604431152 35.1100273132324 35.0841903686523 35.0583534240723 35.0325164794922 34.9751243591309 34.914981842041 34.8548431396484 34.7947006225586 34.734561920166 34.6744194030762
37.3615036010742 37.3596611022949 37.3578224182129 37.3559837341309 37.3541412353516 37.3489608764648 37.2825012207031 37.2160415649414 37.1495780944824 37.0831184387207 37.0166549682617 36.9501953125 36.8837356567383 36.8172721862793 36.7508125305176 36.6849403381348 36.6499176025391 36.6148986816406 36.5798759460449 36.5448570251465 36.5098342895508 36.4748115539551 36.4397926330566 36.4047698974609 36.3697471618652 36.3347282409668 36.227725982666 36.119686126709 36.0116500854492 35.9036102294922 35.7955703735352 35.6875305175781 35.5794906616211 35.4714546203613 35.3634147644043 35.2553749084473 35.2262802124023 35.2010917663574 35.1759033203125 35.1507148742676 35.1255264282227 35.1003379821777 35.0751457214355 35.0499572753906 35.0247688293457 34.9995803833008 34.946460723877 34.8909034729004 34.8353500366211 34.7797927856445 34.7242393493652 34.6686820983887
37.3761711120605 37.37353515625 37.3709030151367 37.3682708740234 37.3656387329102 37.3596343994141 37.2917900085449 37.2239456176758 37.1561012268066 37.0882606506348 37.0204162597656 36.9525718688965 36.8847274780273 36.8168830871582 36.7490386962891 36.6817932128906 36.6458892822266 36.6099853515625 36.5740814208984 36.5381813049316 36.5022773742676 36.4663734436035 36.4304695129395 36.3945655822754 36.3586616516113 36.3227577209473 36.2130508422852 36.1022796630859 35.9915084838867 35.8807411193848 35.7699699401855 35.6591987609863 35.5484275817871 35.4376564025879 35.3268890380859 35.2161178588867 35.1875114440918 35.162971496582 35.1384315490723 35.1138916015625 35.0893516540527 35.064811706543 35.0402679443359 35.0157279968262 34.9911880493164 34.9666481018066 34.917797088623 34.866828918457 34.8158569335938 34.7648887634277 34.7139167785645 34.6629486083984
37.3908348083496 37.3874092102051 37.3839836120605 37.380558013916 37.3771324157715 37.3703079223633 37.3010787963867 37.2318534851074 37.1626281738281 37.0933990478516 37.0241737365723 36.954948425293 36.8857192993164 36.8164939880371 36.7472686767578 36.6786499023438 36.6418609619141 36.6050758361816 36.5682907104492 36.5315017700195 36.4947166442871 36.4579315185547 36.4211463928223 36.3843574523926 36.3475723266602 36.3107872009277 36.1983757019043 36.0848731994629 35.9713706970215 35.8578720092773 35.7443695068359 35.6308670043945 35.5173645019531 35.4038619995117 35.2903633117676 35.1768608093262 35.1487426757812 35.1248512268066 35.100959777832 35.0770683288574 35.0531768798828 35.0292854309082 35.0053901672363 34.9814987182617 34.9576072692871 34.9337158203125 34.8891334533691 34.8427505493164 34.7963638305664 34.7499809265137 34.7035980224609 34.6572113037109
37.4055023193359 37.4012832641602 37.3970680236816 37.3928489685059 37.3886299133301 37.3809814453125 37.3103713989258 37.2397613525391 37.1691513061523 37.0985412597656 37.0279312133789 36.9573211669922 36.8867149353027 36.816104888916 36.7454948425293 36.6755027770996 36.6378326416016 36.6001663208008 36.5624961853027 36.5248260498047 36.4871597290039 36.4494895935059 36.4118232727051 36.374153137207 36.3364868164062 36.2988166809082 36.1837005615234 36.0674667358398 35.9512329101562 35.8350028991699 35.7187690734863 35.6025352478027 35.4863014221191 35.3700675964355 35.2538375854492 35.1376037597656 35.1099739074707 35.0867309570312 35.0634880065918 35.0402450561523 35.0170021057129 34.9937591552734 34.9705123901367 34.9472694396973 34.9240264892578 34.9007835388184 34.8604698181152 34.8186721801758 34.7768745422363 34.7350730895996 34.6932754516602 34.6514778137207
37.4310417175293 37.425708770752 37.4203720092773 37.4150352478027 37.4097023010254 37.401008605957 37.3307228088379 37.2604370117188 37.1901473999023 37.1198616027832 37.0495758056641 36.9792900085449 36.9090042114258 36.8387145996094 36.7684288024902 36.6987724304199 36.6620445251465 36.625316619873 36.5885887145996 36.5518608093262 36.51513671875 36.4784088134766 36.4416809082031 36.4049530029297 36.3682250976562 36.3315010070801 36.2153587341309 36.0980758666992 35.9807891845703 35.8635025024414 35.7462196350098 35.6289329528809 35.511646270752 35.3943634033203 35.2770767211914 35.1597900390625 35.1305084228516 35.1055793762207 35.0806503295898 35.055721282959 35.0307922363281 35.0058631896973 34.9809379577637 34.9560089111328 34.931079864502 34.9061508178711 34.8666076660156 34.8257942199707 34.7849769592285 34.7441635131836 34.7033500671387 34.6625328063965
37.4631118774414 37.4564628601074 37.4498176574707 37.4431686401367 37.4365234375 37.4266586303711 37.3577156066895 37.2887763977051 37.2198371887207 37.1508979797363 37.081958770752 37.0130195617676 36.9440803527832 36.8751411437988 36.8062019348145 36.7379035949707 36.7032127380371 36.6685218811035 36.6338310241699 36.5991401672363 36.5644493103027 36.5297584533691 36.4950675964355 36.460376739502 36.4256896972656 36.390998840332 36.2748413085938 36.1575126647949 36.0401840209961 35.9228553771973 35.8055267333984 35.6881942749023 35.5708656311035 35.4535369873047 35.3362083435059 35.218879699707 35.1866493225098 35.158634185791 35.1306228637695 35.1026077270508 35.074592590332 35.0465774536133 35.0185623168945 34.9905471801758 34.962532043457 34.9345169067383 34.8936424255371 34.8516502380371 34.8096580505371 34.7676620483398 34.7256698608398 34.6836776733398
37.4951782226562 37.4872207641602 37.4792633056641 37.4713020324707 37.4633445739746 37.4523048400879 37.3847122192383 37.3171195983887 37.2495269775391 37.1819343566895 37.1143417358398 37.0467491149902 36.9791564941406 36.911563873291 36.8439712524414 36.7770347595215 36.7443809509277 36.711727142334 36.6790733337402 36.6464195251465 36.6137657165527 36.581111907959 36.5484580993652 36.5158042907715 36.4831504821777 36.450496673584 36.3343276977539 36.2169532775879 36.0995788574219 35.9822044372559 35.8648338317871 35.7474594116211 35.6300849914551 35.5127105712891 35.3953399658203 35.2779655456543 35.2427940368652 35.2116928100586 35.180591583252 35.1494903564453 35.1183891296387 35.087287902832 35.0561866760254 35.0250854492188 34.9939804077148 34.9628791809082 34.9206771850586 34.8775062561035 34.8343353271484 34.7911643981934 34.7479934692383 34.7048225402832
37.5272483825684 37.5179786682129 37.5087089538574 37.4994354248047 37.4901657104492 37.4779510498047 37.4117050170898 37.3454627990723 37.2792167663574 37.2129707336426 37.1467247009277 37.0804786682129 37.014232635498 36.9479866027832 36.8817443847656 36.8161659240723 36.7855491638184 36.7549324035645 36.7243118286133 36.6936950683594 36.6630783081055 36.6324615478516 36.6018447875977 36.5712280273438 36.5406112670898 36.5099945068359 36.3938102722168 36.2763938903809 36.1589736938477 36.0415573120117 35.9241409301758 35.8067207336426 35.6893043518066 35.5718879699707 35.4544677734375 35.3370513916016 35.2989387512207 35.2647514343262 35.2305641174316 35.1963729858398 35.1621856689453 35.1279983520508 35.0938110351562 35.0596237182617 35.0254325866699 34.9912452697754 34.9477119445801 34.9033622741699 34.8590126037598 34.8146629333496 34.7703132629395 34.7259635925293
37.5593185424805 37.5487365722656 37.5381546020508 37.5275726318359 37.5169868469238 37.5036010742188 37.4387016296387 37.3738021850586 37.3089027404785 37.2440071105957 37.1791076660156 37.1142082214355 37.0493125915527 36.9844131469727 36.9195137023926 36.855297088623 36.826717376709 36.7981338500977 36.7695541381836 36.7409744262695 36.7123947143555 36.6838150024414 36.6552314758301 36.626651763916 36.598072052002 36.5694923400879 36.4532928466797 36.3358306884766 36.2183685302734 36.1009063720703 35.9834480285645 35.8659858703613 35.7485237121582 35.6310615539551 35.513599395752 35.3961372375488 35.3550834655762 35.3178062438965 35.2805328369141 35.2432594299316 35.205982208252 35.1687088012695 35.1314353942871 35.0941581726074 35.056884765625 35.0196113586426 34.9747428894043 34.9292182922363 34.8836898803711 34.8381614685059 34.7926368713379 34.7471084594727
37.5913848876953 37.5794906616211 37.5675964355469 37.5557060241699 37.5438117980957 37.5292472839355 37.4656944274902 37.4021453857422 37.3385925292969 37.2750434875488 37.2114906311035 37.1479377746582 37.0843887329102 37.0208358764648 36.9572868347168 36.8944282531738 36.8678855895996 36.8413391113281 36.8147964477539 36.7882537841797 36.7617073059082 36.735164642334 36.7086219787598 36.6820755004883 36.6555328369141 36.6289901733398 36.5127754211426 36.3952713012695 36.2777633666992 36.1602592468262 36.0427551269531 35.9252471923828 35.8077430725098 35.6902351379395 35.5727310180664 35.4552268981934 35.4112243652344 35.3708648681641 35.3305053710938 35.2901420593262 35.2497825622559 35.2094192504883 35.169059753418 35.1286964416504 35.0883369445801 35.0479774475098 35.0017776489258 34.9550743103027 34.9083671569824 34.8616638183594 34.8149566650391 34.7682495117188
37.6234550476074 37.6102485656738 37.5970420837402 37.5838394165039 37.5706329345703 37.5548934936523 37.4926910400391 37.4304847717285 37.3682823181152 37.3060760498047 37.2438735961914 37.1816711425781 37.1194648742676 37.0572624206543 36.9950561523438 36.9335594177246 36.909049987793 36.8845443725586 36.8600387573242 36.8355293273926 36.8110237121582 36.7865142822266 36.7620086669922 36.7375030517578 36.7129936218262 36.6884880065918 36.5722579956055 36.4547080993652 36.3371620178223 36.219612121582 36.1020622253418 35.9845123291016 35.8669624328613 35.7494125366211 35.6318626403809 35.5143127441406 35.4673690795898 35.4239234924316 35.3804740905762 35.3370246887207 35.2935791015625 35.250129699707 35.2066841125488 35.1632347106934 35.1197891235352 35.0763397216797 35.0288124084473 34.9809303283691 34.9330444335938 34.8851623535156 34.8372764587402 34.7893943786621
37.6555213928223 37.6410064697266 37.6264877319336 37.6119728088379 37.5974540710449 37.5805435180664 37.5196838378906 37.4588279724121 37.3979721069336 37.3371124267578 37.2762565612793 37.2154006958008 37.154541015625 37.0936851501465 37.032829284668 36.9726905822754 36.9502182006836 36.9277496337891 36.9052772521973 36.8828086853027 36.8603363037109 36.8378677368164 36.8153953552246 36.7929267883301 36.7704544067383 36.7479858398438 36.6317443847656 36.5141487121582 36.396556854248 36.2789611816406 36.1613693237305 36.043773651123 35.9261817932129 35.8085861206055 35.690990447998 35.5733985900879 35.5235137939453 35.476978302002 35.4304466247559 35.3839111328125 35.3373756408691 35.290843963623 35.2443084716797 35.1977729797363 35.1512413024902 35.1047058105469 35.0558471679688 35.0067863464355 34.9577217102051 34.9086608886719 34.8596000671387 34.8105392456055
37.6875915527344 37.6717643737793 37.655933380127 37.6401062011719 37.6242752075195 37.6061897277832 37.5466804504395 37.4871711730957 37.4276580810547 37.3681488037109 37.3086395263672 37.2491302490234 37.1896209716797 37.1301078796387 37.0705986022949 37.0118217468262 36.9913864135742 36.9709548950195 36.9505195617676 36.9300842285156 36.9096527099609 36.889217376709 36.8687858581543 36.8483505249023 36.8279151916504 36.8074836730957 36.6912269592285 36.5735893249512 36.4559516906738 36.3383140563965 36.2206764221191 36.1030349731445 35.9853973388672 35.8677597045898 35.7501220703125 35.6324844360352 35.5796546936035 35.5300369262695 35.4804153442383 35.430793762207 35.381175994873 35.3315544128418 35.2819328308105 35.2323112487793 35.1826934814453 35.1330718994141 35.0828819274902 35.032642364502 34.9824028015137 34.9321594238281 34.8819198608398 34.8316802978516
37.7196617126465 37.7025184631348 37.6853790283203 37.6682395935059 37.6510963439941 37.6318359375 37.573673248291 37.515510559082 37.457347869873 37.3991851806641 37.3410224914551 37.2828598022461 37.2246971130371 37.1665344238281 37.1083717346191 37.050952911377 37.0325546264648 37.01416015625 36.9957618713379 36.9773635864258 36.9589653015137 36.9405708312988 36.9221725463867 36.9037742614746 36.8853759765625 36.8669815063477 36.7507095336914 36.6330261230469 36.5153465270996 36.3976631164551 36.2799835205078 36.1623001098633 36.0446166992188 35.9269371032715 35.809253692627 35.6915702819824 35.635799407959 35.5830917358398 35.530387878418 35.4776802062988 35.4249725341797 35.3722648620605 35.3195571899414 35.2668495178223 35.2141418457031 35.1614379882812 35.1099166870117 35.0584983825684 35.007080078125 34.9556617736816 34.9042434692383 34.8528251647949
37.7595520019531 37.7417869567871 37.7240219116211 37.7062568664551 37.6884956359863 37.6686897277832 37.6114768981934 37.5542602539062 37.4970474243164 37.4398307800293 37.3826179504395 37.3254013061523 37.2681884765625 37.2109718322754 37.1537590026855 37.0972747802734 37.0790634155273 37.060848236084 37.0426368713379 37.0244255065918 37.0062103271484 36.9879989624023 36.9697875976562 36.9515724182129 36.9333610534668 36.9151496887207 36.8017082214355 36.6868934631348 36.572078704834 36.4572677612305 36.3424530029297 36.2276382446289 36.1128273010254 35.9980125427246 35.8831977844238 35.7683868408203 35.7117652893066 35.6580276489258 35.6042861938477 35.5505485534668 35.4968109130859 35.4430694580078 35.389331817627 35.3355903625488 35.281852722168 35.2281112670898 35.1757774353027 35.1235656738281 35.0713500976562 35.0191383361816 34.966926574707 34.9147148132324
