R_scripts/int_process_data/Bio_15_2001.2020.asc
NCOLS 281 
NROWS 577 
XLLCORNER 81175.2677831308 
YLLCORNER -911.770678700996 
CELLSIZE 1000 
NODATA_value -3.4e+38 
[rows 345 to 367 of 577, columns 0 to 49 of 281]
-3.4e+38 -3.4e+38 -3.4e+38 -3.4e+38 -3.4e+38 -3.4e+38 -3.4e+38 0.930121243000031 0.920077085494995 0.923085033893585 0.918185770511627 0.911773920059204 0.91415411233902 0.915591478347778 0.914416670799255 0.90825229883194 0.912042021751404 0.914071679115295 0.914129078388214 0.91338711977005 0.908823430538177 0.904291570186615 0.901475191116333 0.894302666187286 0.881361067295074 0.879727363586426 0.883660018444061 0.896488726139069 0.900156617164612 0.893410325050354 0.885793566703796 0.881424307823181 0.882196962833405 0.883805215358734 0.885312557220459 0.885538101196289 0.886072099208832 0.890254318714142 0.893265902996063 0.89382791519165 0.894345819950104 0.894898593425751 0.896775245666504 0.903206169605255 0.907961249351501 0.909247875213623 0.909642338752747 0.910283148288727 0.910732448101044 0.910695731639862
-3.4e+38 -3.4e+38 -3.4e+38 -3.4e+38 -3.4e+38 -3.4e+38 0.941857278347015 0.929983973503113 0.927730321884155 0.927402138710022 0.926254153251648 0.924310982227325 0.921776235103607 0.921273946762085 0.914731383323669 0.907683312892914 0.913884460926056 0.915300130844116 0.910179555416107 0.913220822811127 0.910726070404053 0.904040932655334 0.900192141532898 0.895797610282898 0.884450674057007 0.880144774913788 0.881974518299103 0.89228755235672 0.8990837931633 0.892973959445953 0.885191261768341 0.880354464054108 0.882025539875031 0.883566677570343 0.88114321231842 0.883510589599609 0.886667609214783 0.887807965278625 0.892116725444794 0.89459753036499 0.89616060256958 0.899036288261414 0.900906622409821 0.905032098293304 0.909296631813049 0.910665571689606 0.911016821861267 0.911390006542206 0.91178423166275 0.91205370426178
-3.4e+38 -3.4e+38 -3.4e+38 -3.4e+38 -3.4e+38 -3.4e+38 0.942868769168854 0.934212863445282 0.926068246364594 0.914993226528168 0.915936768054962 0.924228549003601 0.924920618534088 0.920796871185303 0.911842107772827 0.903661072254181 0.906780064105988 0.910349667072296 0.905421733856201 0.912914156913757 0.910788834095001 0.902441024780273 0.898839116096497 0.890225052833557 0.879171192646027 0.882347762584686 0.883942842483521 0.891146957874298 0.896699786186218 0.890756487846375 0.884232640266418 0.882644772529602 0.884559214115143 0.886325657367706 0.883104562759399 0.888594686985016 0.892569601535797 0.888879001140594 0.892029225826263 0.896091818809509 0.898199081420898 0.900122404098511 0.905132710933685 0.907464265823364 0.909961760044098 0.91177374124527 0.912242889404297 0.912660717964172 0.912973701953888 0.913200795650482
-3.4e+38 -3.4e+38 -3.4e+38 -3.4e+38 -3.4e+38 -3.4e+38 0.943868160247803 0.928372085094452 0.913663744926453 0.906152606010437 0.906252264976501 0.911547839641571 0.911233901977539 0.911514580249786 0.914520859718323 0.90914261341095 0.904239773750305 0.90522700548172 0.905805647373199 0.913429021835327 0.910123705863953 0.902546525001526 0.901265621185303 0.895652651786804 0.892102658748627 0.893467903137207 0.890748977661133 0.89104825258255 0.894123017787933 0.888782739639282 0.884352445602417 0.883593022823334 0.887245297431946 0.891482532024384 0.890523970127106 0.896700024604797 0.900675296783447 0.897824168205261 0.900100588798523 0.903221547603607 0.905143857002258 0.905481517314911 0.908286452293396 0.91019195318222 0.910928964614868 0.911990106105804 0.913055837154388 0.913869738578796 0.914065182209015 0.914304614067078
-3.4e+38 -3.4e+38 -3.4e+38 -3.4e+38 -3.4e+38 -3.4e+38 0.945543587207794 0.930631458759308 0.91946816444397 0.918498575687408 0.917007088661194 0.912288963794708 0.90495377779007 0.901608824729919 0.914120197296143 0.914006590843201 0.908357381820679 0.902835726737976 0.908263742923737 0.914779901504517 0.909812748432159 0.906108021736145 0.904703199863434 0.900282800197601 0.89823317527771 0.896338880062103 0.893185973167419 0.892876744270325 0.890438973903656 0.887649178504944 0.880699455738068 0.880879402160645 0.889437973499298 0.894963443279266 0.895557940006256 0.898592233657837 0.905392110347748 0.905904293060303 0.906594157218933 0.906049907207489 0.906950175762177 0.909743547439575 0.911840736865997 0.911881327629089 0.911716401576996 0.911759078502655 0.913668155670166 0.914986193180084 0.915128409862518 0.915300071239471
-3.4e+38 -3.4e+38 -3.4e+38 -3.4e+38 -3.4e+38 -3.4e+38 0.947290241718292 0.938640475273132 0.92833012342453 0.925687849521637 0.922699093818665 0.91705185174942 0.910935342311859 0.900431573390961 0.906565845012665 0.915334522724152 0.911475479602814 0.899521708488464 0.903283417224884 0.912911534309387 0.91245311498642 0.908008635044098 0.906322121620178 0.899447917938232 0.893103003501892 0.894424140453339 0.895217180252075 0.893051505088806 0.88574343919754 0.883142292499542 0.873565673828125 0.878104269504547 0.88849264383316 0.892191588878632 0.892401218414307 0.893208742141724 0.905186235904694 0.909058570861816 0.909572958946228 0.908363401889801 0.908110439777374 0.910601198673248 0.912105679512024 0.909052491188049 0.908357322216034 0.911030650138855 0.914529383182526 0.915691673755646 0.915829122066498 0.915922701358795
-3.4e+38 -3.4e+38 -3.4e+38 -3.4e+38 -3.4e+38 -3.4e+38 -3.4e+38 0.939127922058105 0.924436271190643 0.916266977787018 0.914293885231018 0.917028844356537 0.915147960186005 0.903370022773743 0.895585119724274 0.903488755226135 0.909006237983704 0.895521700382233 0.894197106361389 0.908825993537903 0.913039147853851 0.906473398208618 0.904753446578979 0.898237109184265 0.891495048999786 0.894115030765533 0.89589512348175 0.889848470687866 0.881874680519104 0.879118323326111 0.872954726219177 0.877839803695679 0.886291742324829 0.890278518199921 0.88754677772522 0.891770482063293 0.904500305652618 0.908456742763519 0.909489035606384 0.908790469169617 0.908264994621277 0.910193741321564 0.909616053104401 0.906774878501892 0.907858669757843 0.912355363368988 0.915587902069092 0.91619747877121 0.916356861591339 0.916453838348389
-3.4e+38 -3.4e+38 -3.4e+38 -3.4e+38 -3.4e+38 -3.4e+38 -3.4e+38 0.940182089805603 0.923247039318085 0.914110660552979 0.909257769584656 0.908196628093719 0.909691572189331 0.908166468143463 0.899747014045715 0.893336296081543 0.901805520057678 0.901130378246307 0.895406067371368 0.900491118431091 0.906541705131531 0.902869999408722 0.899273931980133 0.897517025470734 0.890772819519043 0.890729367733002 0.893317699432373 0.887398362159729 0.881063103675842 0.882692039012909 0.882805526256561 0.882950723171234 0.885787546634674 0.888904988765717 0.885628402233124 0.892235159873962 0.899070143699646 0.904518127441406 0.906693339347839 0.905558109283447 0.905584037303925 0.907745599746704 0.907445192337036 0.907195031642914 0.910071969032288 0.914672493934631 0.91649317741394 0.916696965694427 0.916847586631775 0.916944801807404
-3.4e+38 -3.4e+38 -3.4e+38 -3.4e+38 -3.4e+38 -3.4e+38 0.951368987560272 0.944344937801361 0.924528300762177 0.917240619659424 0.917956173419952 0.912512123584747 0.903487086296082 0.90216189622879 0.903163075447083 0.894314587116241 0.892732679843903 0.900698184967041 0.900120735168457 0.894495904445648 0.894929826259613 0.895519375801086 0.89326673746109 0.894928395748138 0.894624829292297 0.890615344047546 0.891274273395538 0.887560129165649 0.885571539402008 0.887815058231354 0.890510559082031 0.889567971229553 0.889020442962646 0.88856828212738 0.887174546718597 0.889082789421082 0.891766369342804 0.898646593093872 0.903984785079956 0.903990805149078 0.905100643634796 0.906642854213715 0.90730482339859 0.909448146820068 0.912047326564789 0.916004538536072 0.917062997817993 0.917198598384857 0.917327582836151 0.917454898357391
-3.4e+38 -3.4e+38 -3.4e+38 -3.4e+38 -3.4e+38 -3.4e+38 -3.4e+38 0.946682393550873 0.930712401866913 0.930017054080963 0.928011655807495 0.917906165122986 0.908783972263336 0.902494013309479 0.898539483547211 0.895823419094086 0.888950347900391 0.885717749595642 0.891601502895355 0.895002782344818 0.891505062580109 0.889565646648407 0.886329114437103 0.888281762599945 0.892546236515045 0.891969203948975 0.891252636909485 0.88986337184906 0.892159044742584 0.889427840709686 0.892612874507904 0.894480109214783 0.894007861614227 0.892811477184296 0.891251564025879 0.889383673667908 0.893689453601837 0.8992680311203 0.904072821140289 0.906399190425873 0.908528506755829 0.908717155456543 0.908195495605469 0.911422252655029 0.91460382938385 0.916958808898926 0.917435765266418 0.917628765106201 0.91780149936676 0.917954981327057
-3.4e+38 -3.4e+38 -3.4e+38 -3.4e+38 -3.4e+38 -3.4e+38 -3.4e+38 0.94777500629425 0.937773823738098 0.936760067939758 0.930199563503265 0.917292654514313 0.910283088684082 0.905733227729797 0.900152564048767 0.892422735691071 0.885171473026276 0.876705348491669 0.879739999771118 0.888207137584686 0.885526120662689 0.884455502033234 0.88472592830658 0.889012157917023 0.894098997116089 0.896217286586761 0.89521723985672 0.893924236297607 0.897827804088593 0.894913613796234 0.894543051719666 0.898162662982941 0.897490382194519 0.897577166557312 0.897004961967468 0.893284559249878 0.895031690597534 0.90028589963913 0.905994236469269 0.908417999744415 0.911585748195648 0.911665499210358 0.909819662570953 0.9133420586586 0.916642963886261 0.917616963386536 0.917816698551178 0.918066442012787 0.918279767036438 0.918454051017761
-3.4e+38 -3.4e+38 -3.4e+38 -3.4e+38 -3.4e+38 -3.4e+38 -3.4e+38 0.946229934692383 0.934165298938751 0.927893042564392 0.931400716304779 0.923856198787689 0.914009392261505 0.909603476524353 0.903593242168427 0.893327414989471 0.885086238384247 0.883207380771637 0.882554471492767 0.887335598468781 0.886883199214935 0.885122835636139 0.886301040649414 0.890437543392181 0.896903097629547 0.89952141046524 0.899306356906891 0.89865505695343 0.900495409965515 0.902462005615234 0.900314152240753 0.900751054286957 0.898828685283661 0.901323020458221 0.901641607284546 0.898317813873291 0.898581743240356 0.904024481773376 0.907830834388733 0.906640648841858 0.909456491470337 0.914039790630341 0.913780331611633 0.915868818759918 0.917710602283478 0.918027818202972 0.918241083621979 0.918484568595886 0.918710887432098 0.918920040130615
-3.4e+38 -3.4e+38 -3.4e+38 -3.4e+38 -3.4e+38 -3.4e+38 0.952180624008179 0.940285503864288 0.933123111724854 0.923493206501007 0.926550924777985 0.929265439510345 0.920711994171143 0.914911806583405 0.907297611236572 0.897091388702393 0.89080023765564 0.89204603433609 0.891433715820312 0.893616020679474 0.891243040561676 0.886904001235962 0.88531082868576 0.889459609985352 0.895364344120026 0.899281442165375 0.900451302528381 0.89904260635376 0.901115775108337 0.904791533946991 0.906808257102966 0.905546545982361 0.903556168079376 0.904970705509186 0.90521103143692 0.903588116168976 0.90131276845932 0.90491783618927 0.910409271717072 0.909108936786652 0.909956395626068 0.913861811161041 0.91707319021225 0.917965471744537 0.918228387832642 0.918438196182251 0.918679714202881 0.918931782245636 0.919169783592224 0.919406116008759
-3.4e+38 -3.4e+38 -3.4e+38 -3.4e+38 -3.4e+38 -3.4e+38 0.946568012237549 0.931010663509369 0.929048299789429 0.925573945045471 0.921682417392731 0.928796887397766 0.921574950218201 0.913466393947601 0.905800402164459 0.898389041423798 0.898796916007996 0.89860326051712 0.896899998188019 0.892532587051392 0.885787665843964 0.882345080375671 0.878630340099335 0.885205805301666 0.893425285816193 0.897208750247955 0.899361848831177 0.900082111358643 0.90283066034317 0.906845986843109 0.910384178161621 0.91087543964386 0.910117566585541 0.909867703914642 0.909392654895782 0.90808492898941 0.905995190143585 0.906448662281036 0.910742521286011 0.913690149784088 0.914707243442535 0.916163802146912 0.918362259864807 0.918727993965149 0.918650209903717 0.918874621391296 0.919121444225311 0.919378161430359 0.919613599777222 0.919857382774353
-3.4e+38 -3.4e+38 -3.4e+38 -3.4e+38 -3.4e+38 -3.4e+38 0.943256020545959 0.92648047208786 0.922832548618317 0.924725234508514 0.9224573969841 0.929393529891968 0.930275976657867 0.921747863292694 0.908462882041931 0.905135035514832 0.90813946723938 0.902981519699097 0.900463581085205 0.88927435874939 0.882751405239105 0.884290397167206 0.88180536031723 0.885805010795593 0.895807504653931 0.897532045841217 0.898076713085175 0.899843394756317 0.904138445854187 0.908749759197235 0.912389397621155 0.913417279720306 0.914712905883789 0.914457201957703 0.913668930530548 0.913094282150269 0.911231398582458 0.909682214260101 0.911618590354919 0.915740668773651 0.91859632730484 0.919373512268066 0.919531643390656 0.919162034988403 0.919096887111664 0.919332981109619 0.919580221176147 0.919833958148956 0.920071184635162 0.920318126678467
-3.4e+38 -3.4e+38 -3.4e+38 -3.4e+38 -3.4e+38 -3.4e+38 0.941000759601593 0.929246664047241 0.92412006855011 0.922339081764221 0.922274172306061 0.923341751098633 0.92757123708725 0.927805602550507 0.917079746723175 0.915453732013702 0.912073075771332 0.907373011112213 0.906137049198151 0.895319998264313 0.88941365480423 0.889147698879242 0.888636827468872 0.887244343757629 0.897345900535583 0.90131688117981 0.898055970668793 0.895477831363678 0.899623095989227 0.905218183994293 0.90933096408844 0.909979045391083 0.914282917976379 0.916015863418579 0.913837194442749 0.912445485591888 0.911352515220642 0.911274313926697 0.915377855300903 0.918793797492981 0.920239925384521 0.920418679714203 0.920098543167114 0.9195955991745 0.919546782970428 0.919793128967285 0.920038223266602 0.920296132564545 0.920535862445831 0.920786678791046
-3.4e+38 -3.4e+38 -3.4e+38 -3.4e+38 -3.4e+38 0.949339210987091 0.93548458814621 0.933313250541687 0.928702414035797 0.921989619731903 0.919692099094391 0.916914582252502 0.91659814119339 0.924562990665436 0.928635954856873 0.926951944828033 0.919551014900208 0.913927435874939 0.908045291900635 0.89628791809082 0.894149661064148 0.895397901535034 0.893666625022888 0.889001846313477 0.895538508892059 0.902868270874023 0.899686276912689 0.894579648971558 0.897503197193146 0.900689423084259 0.905048131942749 0.905209720134735 0.912198185920715 0.91396963596344 0.910768628120422 0.90942645072937 0.909241080284119 0.912431061267853 0.918194532394409 0.920886993408203 0.921250879764557 0.921052038669586 0.92057478427887 0.920037806034088 0.920008659362793 0.920269429683685 0.920515358448029 0.9207683801651 0.921010196208954 0.921266496181488
-3.4e+38 -3.4e+38 -3.4e+38 -3.4e+38 0.958417177200317 0.943461954593658 0.928875625133514 0.93022221326828 0.925922989845276 0.921649634838104 0.916515290737152 0.914044976234436 0.912026345729828 0.917709052562714 0.928163051605225 0.921166777610779 0.92087996006012 0.91705995798111 0.908502280712128 0.899813413619995 0.897812247276306 0.899972677230835 0.899018466472626 0.897363007068634 0.897483110427856 0.90383243560791 0.901957035064697 0.897547543048859 0.900090396404266 0.903414249420166 0.908789455890656 0.909486532211304 0.913930594921112 0.913057863712311 0.91338974237442 0.914948701858521 0.915445506572723 0.917607307434082 0.920459032058716 0.921987414360046 0.922054469585419 0.921548962593079 0.920947670936584 0.920516490936279 0.92048704624176 0.920752704143524 0.921000003814697 0.921256721019745 0.921506822109222 0.921769797801971
-3.4e+38 -3.4e+38 -3.4e+38 -3.4e+38 0.954403221607208 0.93935239315033 0.926740765571594 0.926399946212769 0.924148201942444 0.920134782791138 0.916771113872528 0.914854228496552 0.915863573551178 0.921792030334473 0.924189269542694 0.914272904396057 0.916582524776459 0.914592921733856 0.9097660779953 0.905679881572723 0.901802599430084 0.897395312786102 0.894186913967133 0.903655886650085 0.906201481819153 0.909002959728241 0.904557645320892 0.902790307998657 0.904875874519348 0.910489499568939 0.915050327777863 0.916460514068604 0.919581294059753 0.918842971324921 0.919534146785736 0.920659363269806 0.921158611774445 0.921537578105927 0.922091960906982 0.922751665115356 0.922601103782654 0.922097563743591 0.921458840370178 0.920988321304321 0.920969724655151 0.921238839626312 0.921490907669067 0.921756088733673 0.922012805938721 0.922280490398407
-3.4e+38 -3.4e+38 -3.4e+38 -3.4e+38 0.955226421356201 0.939440011978149 0.930594027042389 0.923908293247223 0.921853065490723 0.918108284473419 0.915730774402618 0.918163299560547 0.924108505249023 0.928480446338654 0.923048555850983 0.915938317775726 0.915261685848236 0.913428902626038 0.911483824253082 0.909649431705475 0.904307007789612 0.898075520992279 0.895826578140259 0.900954604148865 0.90694135427475 0.913428246974945 0.912737011909485 0.912425100803375 0.913052618503571 0.917981028556824 0.922018885612488 0.923489332199097 0.924918532371521 0.924872756004333 0.924419522285461 0.923496127128601 0.922173023223877 0.922408938407898 0.92336243391037 0.923515558242798 0.923061072826385 0.92248123884201 0.921942889690399 0.921474874019623 0.921476781368256 0.921751201152802 0.922011017799377 0.922282516956329 0.922543704509735 0.922815203666687
-3.4e+38 -3.4e+38 -3.4e+38 -3.4e+38 0.947586059570312 0.933882296085358 0.931551218032837 0.924798786640167 0.918924391269684 0.915701985359192 0.915425062179565 0.920579314231873 0.926850080490112 0.928339183330536 0.924012899398804 0.920387506484985 0.915556848049164 0.911677896976471 0.912280559539795 0.910070359706879 0.9031902551651 0.901287913322449 0.902783453464508 0.905339360237122 0.90997177362442 0.917038381099701 0.920456349849701 0.920263946056366 0.920552253723145 0.924769639968872 0.927406430244446 0.927626311779022 0.927486777305603 0.927183747291565 0.925650656223297 0.922886192798615 0.922273635864258 0.923857629299164 0.924472749233246 0.924067258834839 0.923515617847443 0.92298150062561 0.922447919845581 0.921972155570984 0.921983957290649 0.922264933586121 0.922531366348267 0.922806739807129 0.923071563243866 0.923346757888794
-3.4e+38 -3.4e+38 -3.4e+38 0.957186937332153 0.941681861877441 0.931368768215179 0.928637564182281 0.925014138221741 0.917522609233856 0.914215207099915 0.917772591114044 0.921343266963959 0.925757706165314 0.925837397575378 0.924548983573914 0.923029243946075 0.916592538356781 0.912551820278168 0.911960184574127 0.904829025268555 0.898400247097015 0.900533258914948 0.906686544418335 0.914405941963196 0.919474840164185 0.922759056091309 0.925063669681549 0.926646113395691 0.92678427696228 0.928567409515381 0.929605305194855 0.928999841213226 0.928425431251526 0.927694618701935 0.924432694911957 0.922333598136902 0.924075245857239 0.9254350066185 0.925110638141632 0.924494624137878 -3.4e+38 0.923243582248688 -3.4e+38 -3.4e+38 0.922589719295502 0.922798335552216 0.92308109998703 0.923360347747803 0.923629105091095 0.923908472061157
-3.4e+38 -3.4e+38 0.965946435928345 0.954670608043671 0.943015098571777 0.935242772102356 0.928541243076324 0.922701954841614 0.918453693389893 0.917372643947601 0.921245932579041 0.923179030418396 0.92558491230011 0.926914155483246 0.925460278987885 0.922683537006378 0.918622016906738 0.91606992483139 0.910439193248749 0.900672554969788 0.897709846496582 0.901772141456604 0.905521333217621 0.910379648208618 0.916387498378754 0.920945584774017 0.925184190273285 0.928761661052704 0.929922163486481 0.930186092853546 0.930228412151337 0.929559528827667 0.928444862365723 0.927521169185638 0.923981785774231 0.923645913600922 0.925725519657135 0.926113307476044 0.925522744655609 0.924989938735962 -3.4e+38 -3.4e+38 -3.4e+38 -3.4e+38 -3.4e+38 0.923332154750824 0.923616230487823 0.92390388250351 0.924179136753082 0.924461603164673
