R_scripts/int_process_data/Bio_17.asc
NCOLS 281 
NROWS 576 
XLLCORNER 81175.2677831308 
YLLCORNER 88.2293212990044 
CELLSIZE 1000 
NODATA_value -3.4e+38 
[rows 345 to 367 of 576, columns 104 to 155 of 281]
0.808255791664124 0.814615786075592 0.820975780487061 0.827335774898529 0.833695709705353 0.839789509773254 0.840998947620392 0.842208325862885 0.843417704105377 0.844627141952515 0.845836520195007 0.8470458984375 0.848255336284637 0.84946471452713 0.850674092769623 0.851841568946838 0.850811123847961 0.849780678749084 0.848750233650208 0.847719788551331 0.846689343452454 0.845658838748932 0.844628393650055 0.843597948551178 0.842567503452301 0.841537058353424 0.834716260433197 0.82781195640564 0.820907592773438 0.81400328874588 0.807098984718323 0.800194621086121 0.793290317058563 0.786385953426361 0.779481649398804 0.772577345371246 0.7599116563797 0.746960759162903 0.734009861946106 0.721059024333954 0.708108127117157 0.69515722990036 0.682206392288208 0.669255495071411 0.656304597854614 0.643353760242462 0.642281472682953 0.64224374294281 0.642206013202667 0.642168283462524 0.642130553722382 0.642092823982239
0.806121706962585 0.812207341194153 0.818293035030365 0.824378728866577 0.830464422702789 0.836290717124939 0.837357878684998 0.838424980640411 0.839492082595825 0.840559244155884 0.841626346111298 0.842693448066711 0.84376060962677 0.844827711582184 0.845894813537598 0.846925795078278 0.846063017845154 0.84520024061203 0.844337463378906 0.843474686145782 0.842611908912659 0.841749131679535 0.840886354446411 0.840023577213287 0.839160799980164 0.83829802274704 0.831525981426239 0.824668705463409 0.81781142950058 0.81095415353775 0.804096877574921 0.797239601612091 0.790382325649261 0.783525049686432 0.776667773723602 0.769810497760773 0.75715970993042 0.744222164154053 0.731284618377686 0.718347012996674 0.705409467220306 0.692471921443939 0.679534316062927 0.66659677028656 0.653659224510193 0.640721619129181 0.639631927013397 0.639574110507965 0.639516234397888 0.639458358287811 0.639400482177734 0.639342606067657
0.803987562656403 0.809798955917358 0.815610349178314 0.82142174243927 0.827233076095581 0.832791924476624 0.833716809749603 0.834641635417938 0.835566461086273 0.836491346359253 0.837416172027588 0.838340997695923 0.839265882968903 0.840190708637238 0.841115534305573 0.842010021209717 0.841314971446991 0.84061986207962 0.83992475271225 0.839229643344879 0.838534533977509 0.837839424610138 0.837144315242767 0.836449205875397 0.835754096508026 0.835058987140656 0.828335702419281 0.821525514125824 0.814715266227722 0.80790501832962 0.801094830036163 0.794284582138062 0.787474393844604 0.780664145946503 0.773853957653046 0.767043709754944 0.754407823085785 0.741483569145203 0.72855931520462 0.715635061264038 0.702710807323456 0.689786553382874 0.676862299442291 0.663938045501709 0.651013791561127 0.638089537620544 0.636982381343842 0.636904418468475 0.636826395988464 0.636748433113098 0.636670410633087 0.636592447757721
0.801853477954865 0.807390511035919 0.812927603721619 0.818464696407318 0.824001789093018 0.829293131828308 0.830075740814209 0.830858290195465 0.831640839576721 0.832423448562622 0.833205997943878 0.833988547325134 0.834771156311035 0.835553705692291 0.836336255073547 0.837094306945801 0.836566865444183 0.836039423942566 0.835511982440948 0.834984540939331 0.834457159042358 0.833929717540741 0.833402276039124 0.832874834537506 0.832347393035889 0.831819951534271 0.825145423412323 0.818382263183594 0.811619102954865 0.804855942726135 0.798092782497406 0.791329562664032 0.784566402435303 0.777803242206573 0.771040081977844 0.764276921749115 0.751655876636505 0.738744974136353 0.725834012031555 0.712923049926758 0.700012147426605 0.687101185321808 0.674190282821655 0.661279320716858 0.648368358612061 0.635457456111908 0.634332835674286 0.634234726428986 0.634136617183685 0.634038507938385 0.63394033908844 0.63384222984314
0.799719333648682 0.804982125759125 0.810244917869568 0.815507650375366 0.820770442485809 0.825794339179993 0.82643461227417 0.827074944972992 0.827715218067169 0.828355491161346 0.828995823860168 0.829636096954346 0.830276429653168 0.830916702747345 0.831556975841522 0.83217853307724 0.831818759441376 0.831459045410156 0.831099271774292 0.830739498138428 0.830379724502563 0.830020010471344 0.82966023683548 0.829300463199615 0.828940689563751 0.828580975532532 0.82195520401001 0.815239071846008 0.808522939682007 0.801806807518005 0.795090675354004 0.788374543190002 0.781658470630646 0.774942338466644 0.768226206302643 0.761510074138641 0.74890398979187 0.736006379127502 0.72310870885849 0.710211098194122 0.697313487529755 0.684415817260742 0.671518206596375 0.658620595932007 0.645722985267639 0.632825314998627 0.63168329000473 0.631565034389496 0.631446778774261 0.631328523159027 0.631210267543793 0.631092071533203
0.797585189342499 0.802573680877686 0.807562172412872 0.812550663948059 0.817539155483246 0.822295546531677 0.822793543338776 0.823291599750519 0.823789596557617 0.824287593364716 0.824785649776459 0.825283646583557 0.825781643390656 0.826279699802399 0.826777696609497 0.827262818813324 0.827070713043213 0.826878607273102 0.826686561107635 0.826494455337524 0.826302349567413 0.826110243797302 0.825918197631836 0.825726091861725 0.825533986091614 0.825341939926147 0.818764925003052 0.812095820903778 0.805426776409149 0.798757672309875 0.792088627815247 0.785419583320618 0.778750479221344 0.772081434726715 0.765412330627441 0.758743286132812 0.746152102947235 0.733267784118652 0.72038346529007 0.707499146461487 0.694614827632904 0.681730508804321 0.668846189975739 0.655961871147156 0.643077552318573 0.63019323348999 0.629033744335175 0.628895342350006 0.628756999969482 0.628618597984314 0.62848025560379 0.628341853618622
0.795451104640961 0.800165295600891 0.804879486560822 0.809593617916107 0.814307808876038 0.818796753883362 0.819152474403381 0.819508254528046 0.819863975048065 0.820219695568085 0.820575475692749 0.820931196212769 0.821286916732788 0.821642696857452 0.821998417377472 0.822347044944763 0.822322607040405 0.822298228740692 0.822273790836334 0.822249352931976 0.822224974632263 0.822200536727905 0.822176158428192 0.822151720523834 0.822127282619476 0.822102904319763 0.815574645996094 0.808952629566193 0.802330613136292 0.79570859670639 0.789086580276489 0.782464563846588 0.775842547416687 0.769220471382141 0.76259845495224 0.755976438522339 0.743400156497955 0.730529189109802 0.717658162117004 0.704787135124207 0.691916167736053 0.679045140743256 0.666174113750458 0.653303146362305 0.640432119369507 0.627561151981354 0.626384198665619 0.626225709915161 0.626067161560059 0.625908672809601 0.625750184059143 0.625591635704041
0.793316960334778 0.797756850719452 0.802196741104126 0.8066366314888 0.811076521873474 0.815297961235046 0.815511405467987 0.815724909305573 0.815938353538513 0.816151797771454 0.816365301609039 0.81657874584198 0.816792190074921 0.817005693912506 0.817219138145447 0.817431271076202 0.817574560642242 0.817717790603638 0.817861080169678 0.818004310131073 0.818147599697113 0.818290829658508 0.818434059619904 0.818577349185944 0.818720579147339 0.818863868713379 0.812384366989136 0.805809378623962 0.799234449863434 0.79265946149826 0.786084473133087 0.779509544372559 0.772934556007385 0.766359567642212 0.759784638881683 0.75320965051651 0.74064826965332 0.727790594100952 0.714932858943939 0.702075183391571 0.689217507839203 0.67635977268219 0.663502097129822 0.650644421577454 0.637786686420441 0.624929010868073 0.623734652996063 0.623556017875671 0.62337738275528 0.623198747634888 0.623020112514496 0.622841477394104
0.79118275642395 0.795354902744293 0.799527108669281 0.803699254989624 0.807871401309967 0.811831891536713 0.811907947063446 0.811984002590179 0.812060058116913 0.812136113643646 0.81221216917038 0.812288224697113 0.812364280223846 0.81244033575058 0.812516391277313 0.812596678733826 0.81289803981781 0.81319934129715 0.813500702381134 0.813802003860474 0.814103364944458 0.814404666423798 0.814706027507782 0.815007328987122 0.815308690071106 0.81561005115509 0.809181451797485 0.802655875682831 0.796130239963531 0.789604663848877 0.783079028129578 0.776553452014923 0.770027816295624 0.763502180576324 0.75697660446167 0.750450968742371 0.737906694412231 0.72506445646286 0.712222218513489 0.699380040168762 0.686537802219391 0.67369556427002 0.660853326320648 0.648011147975922 0.63516891002655 0.622326672077179 0.621113181114197 0.620912432670593 0.62071168422699 0.620510935783386 0.620310187339783 0.620109438896179
0.789044916629791 0.79315048456192 0.797255992889404 0.801361560821533 0.805467069149017 0.809364914894104 0.809452056884766 0.809539198875427 0.809626340866089 0.80971348285675 0.809800624847412 0.809887826442719 0.80997496843338 0.810062110424042 0.810149252414703 0.810237884521484 0.810404598712921 0.810571312904358 0.810738027095795 0.810904741287231 0.811071455478668 0.811238169670105 0.811404883861542 0.811571598052979 0.811738312244415 0.811905026435852 0.805592715740204 0.799187064170837 0.792781352996826 0.786375641822815 0.779969930648804 0.773564219474792 0.767158508300781 0.76075279712677 0.754347085952759 0.747941374778748 0.73548024892807 0.722719371318817 0.709958493709564 0.697197616100311 0.684436738491058 0.671675860881805 0.658914983272552 0.6461541056633 0.633393287658691 0.620632410049438 0.619349360466003 0.619065999984741 0.618782579898834 0.618499159812927 0.61821573972702 0.617932319641113
0.786907136440277 0.790946006774902 0.794984936714172 0.799023807048798 0.803062736988068 0.806897938251495 0.806996166706085 0.807094395160675 0.807192623615265 0.8072909116745 0.807389140129089 0.807487368583679 0.807585597038269 0.807683825492859 0.807782053947449 0.807879030704498 0.807911157608032 0.807943224906921 0.807975351810455 0.808007419109344 0.808039546012878 0.808071613311768 0.808103740215302 0.808135807514191 0.808167934417725 0.808200001716614 0.802004039287567 0.795718193054199 0.789432406425476 0.783146619796753 0.776860773563385 0.770574986934662 0.764289200305939 0.758003354072571 0.751717567443848 0.74543172121048 0.733053803443909 0.720374286174774 0.70769476890564 0.69501519203186 0.682335674762726 0.669656157493591 0.656976640224457 0.644297122955322 0.631617605686188 0.618938088417053 0.617585599422455 0.617219507694244 0.616853415966034 0.616487383842468 0.616121292114258 0.615755200386047
0.784769296646118 0.788741588592529 0.792713820934296 0.796686112880707 0.800658345222473 0.804430961608887 0.804540276527405 0.804649591445923 0.804758965969086 0.804868280887604 0.804977595806122 0.80508691072464 0.805196225643158 0.805305540561676 0.805414855480194 0.805520236492157 0.805417716503143 0.80531519651413 0.805212676525116 0.805110156536102 0.805007636547089 0.804905116558075 0.804802596569061 0.804700076580048 0.804597556591034 0.80449503660202 0.798415303230286 0.792249381542206 0.786083519458771 0.779917597770691 0.773751676082611 0.767585754394531 0.761419832706451 0.755253970623016 0.749088048934937 0.742922127246857 0.730627357959747 0.718029141426086 0.70543098449707 0.692832827568054 0.680234670639038 0.667636513710022 0.655038297176361 0.642440140247345 0.629841983318329 0.617243826389313 0.615821778774261 0.615373015403748 0.614924311637878 0.614475548267365 0.614026844501495 0.613578081130981
0.782631456851959 0.786537110805511 0.790442764759064 0.794348359107971 0.798254013061523 0.801963984966278 0.802084386348724 0.802204847335815 0.802325248718262 0.802445650100708 0.802566051483154 0.802686452865601 0.802806854248047 0.802927255630493 0.803047716617584 0.803161382675171 0.802924275398254 0.802687108516693 0.802450001239777 0.802212834358215 0.801975727081299 0.801738560199738 0.801501452922821 0.80126428604126 0.801027178764343 0.800790011882782 0.794826567173004 0.788780570030212 0.782734572887421 0.776688575744629 0.770642578601837 0.764596521854401 0.758550524711609 0.752504527568817 0.746458530426025 0.740412533283234 0.728200852870941 0.715684056282043 0.703167259693146 0.690650403499603 0.678133606910706 0.665616810321808 0.653099954128265 0.640583157539368 0.62806636095047 0.615549504756927 0.614057958126068 0.613526523113251 0.612995147705078 0.612463772296906 0.611932337284088 0.611400961875916
0.780493676662445 0.784332633018494 0.788171648979187 0.79201066493988 0.795849621295929 0.799497008323669 0.799628496170044 0.799760043621063 0.799891531467438 0.800023019313812 0.800154507160187 0.800285995006561 0.800417542457581 0.800549030303955 0.80068051815033 0.80080258846283 0.800430834293365 0.800059080123901 0.799687325954437 0.799315571784973 0.798943817615509 0.798572063446045 0.798200309276581 0.797828555107117 0.797456800937653 0.797085046768188 0.791237890720367 0.785311758518219 0.779385626316071 0.773459553718567 0.767533421516418 0.761607348918915 0.755681216716766 0.749755084514618 0.743829011917114 0.737902879714966 0.72577440738678 0.713338971138 0.700903475284576 0.688468039035797 0.676032543182373 0.663597106933594 0.65116161108017 0.63872617483139 0.626290678977966 0.613855242729187 0.612294137477875 0.611680090427399 0.611066043376923 0.610451936721802 0.609837889671326 0.60922384262085
0.778355836868286 0.782128214836121 0.78590053319931 0.789672911167145 0.793445289134979 0.797030031681061 0.797172665596008 0.797315239906311 0.797457814216614 0.797600388526917 0.797742962837219 0.797885596752167 0.798028171062469 0.798170745372772 0.798313319683075 0.798443734645844 0.797937393188477 0.797430992126465 0.796924650669098 0.796418249607086 0.795911908149719 0.795405507087708 0.794899165630341 0.794392764568329 0.793886423110962 0.79338002204895 0.787649154663086 0.781842947006226 0.776036739349365 0.770230531692505 0.764424324035645 0.758618116378784 0.752811908721924 0.747005701065063 0.741199493408203 0.735393285751343 0.723347961902618 0.710993885993958 0.698639750480652 0.686285614967346 0.673931539058685 0.66157740354538 0.649223268032074 0.636869192123413 0.624515056610107 0.612160921096802 0.610530316829681 0.609833598136902 0.609136879444122 0.608440160751343 0.607743442058563 0.607046723365784
0.776217997074127 0.779923737049103 0.783629477024078 0.787335216999054 0.791040897369385 0.794563055038452 0.794716775417328 0.794870436191559 0.79502409696579 0.795177757740021 0.795331478118896 0.795485138893127 0.795638799667358 0.795792460441589 0.795946180820465 0.796084940433502 0.795443952083588 0.794802963733673 0.794161975383759 0.793520987033844 0.792879998683929 0.792239010334015 0.7915980219841 0.790957033634186 0.790316045284271 0.789674997329712 0.784060418605804 0.778374135494232 0.772687792778015 0.767001509666443 0.761315166950226 0.755628883838654 0.749942600727081 0.744256258010864 0.738569974899292 0.732883632183075 0.720921516418457 0.70864874124527 0.696376025676727 0.68410325050354 0.671830475330353 0.659557700157166 0.647284924983978 0.635012209415436 0.622739434242249 0.610466659069061 0.608766496181488 0.607987105846405 0.607207715511322 0.606428325176239 0.605648934841156 0.604869604110718
0.774080216884613 0.777719259262085 0.781358361244202 0.784997463226318 0.788636565208435 0.792096078395844 0.792260885238647 0.792425632476807 0.792590379714966 0.792755126953125 0.792919933795929 0.793084681034088 0.793249428272247 0.793414235115051 0.79357898235321 0.793726146221161 0.792950510978699 0.792174875736237 0.791399300098419 0.790623664855957 0.78984808921814 0.789072453975677 0.78829687833786 0.787521243095398 0.786745607852936 0.785970032215118 0.780471742153168 0.774905323982239 0.76933890581131 0.763772487640381 0.758206069469452 0.752639651298523 0.747073233127594 0.741506814956665 0.735940456390381 0.730374038219452 0.718495070934296 0.706303656101227 0.694112241268158 0.681920826435089 0.66972941160202 0.657537996768951 0.645346581935883 0.633155167102814 0.620963752269745 0.608772397041321 0.607002675533295 0.606140673160553 0.605278611183167 0.60441654920578 0.603554487228394 0.602692425251007
0.771942377090454 0.775514841079712 0.77908730506897 0.782659769058228 0.786232233047485 0.789629101753235 0.789804995059967 0.789980828762054 0.790156662464142 0.790332555770874 0.790508389472961 0.790684223175049 0.790860116481781 0.791035950183868 0.791211783885956 0.791367292404175 0.79045706987381 0.789546847343445 0.78863662481308 0.787726402282715 0.78681617975235 0.785905957221985 0.78499573469162 0.78408545255661 0.783175230026245 0.78226500749588 0.776883006095886 0.771436512470245 0.76598995923996 0.760543465614319 0.755096971988678 0.749650418758392 0.744203925132751 0.738757431507111 0.73331093788147 0.727864384651184 0.716068625450134 0.703958570957184 0.691848516464233 0.679738461971283 0.667628407478333 0.655518293380737 0.643408238887787 0.631298184394836 0.619188129901886 0.607078075408936 0.605238914489746 0.604294180870056 0.603349447250366 0.602404773235321 0.601460039615631 0.600515305995941
0.769804537296295 0.773310363292694 0.776816189289093 0.780322015285492 0.783827841281891 0.787162125110626 0.787349104881287 0.787536025047302 0.787722945213318 0.787909924983978 0.788096845149994 0.78828376531601 0.78847074508667 0.788657665252686 0.788844585418701 0.789008498191833 0.787963628768921 0.786918759346008 0.78587394952774 0.784829080104828 0.78378427028656 0.782739400863647 0.781694531440735 0.780649721622467 0.779604852199554 0.778560042381287 0.773294270038605 0.767967641353607 0.762641072273254 0.757314443588257 0.751987814903259 0.746661245822906 0.741334617137909 0.736007988452911 0.730681419372559 0.725354790687561 0.713642179965973 0.701613485813141 0.689584732055664 0.677556037902832 0.66552734375 0.653498649597168 0.641469895839691 0.629441201686859 0.617412507534027 0.605383813381195 0.603475093841553 0.602447688579559 0.601420342922211 0.600392937660217 0.599365592002869 0.598338186740875
0.769821882247925 0.773423731327057 0.777025580406189 0.780627429485321 0.784229278564453 0.787660658359528 0.787963569164276 0.788266479969025 0.788569390773773 0.788872361183167 0.789175271987915 0.789478182792664 0.789781093597412 0.790084004402161 0.790386915206909 0.790662407875061 0.789498746395111 0.788335144519806 0.787171483039856 0.786007821559906 0.784844219684601 0.783680558204651 0.782516956329346 0.781353294849396 0.780189692974091 0.779026031494141 0.773738026618958 0.768390476703644 0.763042986392975 0.757695496082306 0.752347946166992 0.747000455856323 0.741652965545654 0.736305415630341 0.730957925319672 0.725610435009003 0.713917672634125 0.701910793781281 0.689903974533081 0.677897155284882 0.665890276432037 0.653883457183838 0.641876637935638 0.629869759082794 0.617862939834595 0.605856120586395 0.603774666786194 0.602557599544525 0.601340591907501 0.600123524665833 0.598906517028809 0.59768944978714
0.76984179019928 0.773539900779724 0.777237951755524 0.780936062335968 0.784634113311768 0.788162767887115 0.788581788539886 0.789000809192657 0.789419829845428 0.789838850498199 0.79025787115097 0.790676951408386 0.791095972061157 0.791514992713928 0.791934013366699 0.792321145534515 0.791038751602173 0.78975635766983 0.788473963737488 0.787191569805145 0.785909175872803 0.784626722335815 0.783344328403473 0.78206193447113 0.780779540538788 0.779497146606445 0.774186611175537 0.768818080425262 0.763449490070343 0.758080899715424 0.752712309360504 0.747343719005585 0.741975128650665 0.736606597900391 0.731238007545471 0.725869417190552 0.714196443557739 0.702211380004883 0.690226316452026 0.678241312503815 0.666256248950958 0.654271185398102 0.64228618144989 0.630301117897034 0.618316054344177 0.606331050395966 0.604076743125916 0.602669954299927 0.601263105869293 0.59985625743866 0.598449468612671 0.597042620182037
0.76986175775528 0.773656070232391 0.777450382709503 0.781244695186615 0.785039007663727 0.788664877414703 0.789200007915497 0.78973513841629 0.790270268917084 0.790805399417877 0.791340529918671 0.791875660419464 0.792410850524902 0.792945981025696 0.793481111526489 0.793979942798615 0.792578816413879 0.7911776304245 0.78977644443512 0.78837525844574 0.78697407245636 0.785572946071625 0.784171760082245 0.782770574092865 0.781369388103485 0.779968202114105 0.774635255336761 0.769245624542236 0.763855993747711 0.758466303348541 0.753076672554016 0.747686982154846 0.742297351360321 0.736907720565796 0.731518030166626 0.726128399372101 0.714475214481354 0.702511966228485 0.690548717975616 0.678585469722748 0.666622221469879 0.65465897321701 0.642695724964142 0.630732476711273 0.618769228458405 0.606805980205536 0.604378879070282 0.602782249450684 0.601185619831085 0.599588990211487 0.597992360591888 0.59639573097229
0.769881725311279 0.773772239685059 0.777662754058838 0.781553328037262 0.785443842411041 0.789166986942291 0.789818227291107 0.790469467639923 0.791120707988739 0.791771948337555 0.792423188686371 0.793074429035187 0.793725669384003 0.794376909732819 0.795028150081635 0.795638740062714 0.794118821620941 0.792598843574524 0.791078925132751 0.789558947086334 0.788039028644562 0.786519110202789 0.784999132156372 0.7834792137146 0.781959235668182 0.78043931722641 0.775083899497986 0.76967316865921 0.764262437820435 0.758851706981659 0.753441035747528 0.748030304908752 0.742619574069977 0.737208843231201 0.731798112392426 0.72638738155365 0.714753985404968 0.702812492847443 0.690871059894562 0.678929626941681 0.666988134384155 0.655046701431274 0.643105268478394 0.631163835525513 0.619222342967987 0.607280910015106 0.604680955410004 0.60289454460144 0.601108133792877 0.599321722984314 0.597535312175751 0.595748901367188
