R_scripts/int_process_data/Bio_06.asc
NCOLS 281 
NROWS 576 
XLLCORNER 81175.2677831308 
YLLCORNER 88.2293212990044 
CELLSIZE 1000 
NODATA_value -3.4e+38 
[rows 46 to 68 of 576, columns 156 to 207 of 281]
1.23655712604523 1.31697344779968 1.39738976955414 1.4778059720993 1.48678946495056 1.48666727542877 1.48654508590698 1.4864227771759 1.48630058765411 1.48617827892303 1.48605608940125 1.48593389987946 1.48581159114838 1.48568940162659 1.46575140953064 1.44242560863495 1.41909968852997 1.39577388763428 1.3724479675293 1.34912216663361 1.32579624652863 1.30247044563293 1.27914452552795 1.25581860542297 1.21935665607452 1.18003153800964 1.14070630073547 1.10138118267059 1.06205594539642 1.02273082733154 0.983405649662018 0.944080471992493 0.904755294322968 0.865430116653442 0.82191014289856 0.777262330055237 0.732614457607269 0.687966585159302 0.643318712711334 0.598670840263367 0.554023027420044 0.509375154972076 0.464727282524109 0.420079439878464 0.382724910974503 0.347735226154327 0.312745541334152 0.277755856513977 0.242766171693802 0.207776501774788 0.172786816954613 0.137797132134438
1.28656935691833 1.36398637294769 1.44140338897705 1.51882040500641 1.52366125583649 1.51925075054169 1.5148401260376 1.51042950153351 1.50601887702942 1.50160825252533 1.49719762802124 1.49278700351715 1.48837637901306 1.48396575450897 1.46326494216919 1.43977904319763 1.41629302501678 1.39280700683594 1.36932110786438 1.34583508968353 1.32234907150269 1.29886317253113 1.27537715435028 1.25189125537872 1.21858358383179 1.18313527107239 1.1476868391037 1.1122385263443 1.07679009437561 1.04134178161621 1.00589346885681 0.970445096492767 0.934996724128723 0.899548351764679 0.857385098934174 0.813416242599487 0.769447445869446 0.725478649139404 0.681509852409363 0.637541055679321 0.59357225894928 0.549603462219238 0.505634665489197 0.461665868759155 0.422499895095825 0.384891241788864 0.347282558679581 0.30967390537262 0.272065252065659 0.234456583857536 0.196847930550575 0.159239277243614
1.33658170700073 1.41099941730499 1.48541712760925 1.55983483791351 1.56053304672241 1.55183410644531 1.54313516616821 1.53443610668182 1.52573716640472 1.51703810691833 1.50833916664124 1.49964010715485 1.49094116687775 1.48224210739136 1.46077847480774 1.43713235855103 1.41348624229431 1.38984024524689 1.36619412899017 1.34254801273346 1.31890201568604 1.29525589942932 1.27160978317261 1.24796378612518 1.21781051158905 1.18623900413513 1.15466737747192 1.12309587001801 1.09152436256409 1.05995273590088 1.02838122844696 0.996809661388397 0.965238094329834 0.933666586875916 0.892859995365143 0.849570214748383 0.806280493736267 0.762990772724152 0.719700992107391 0.676411271095276 0.633121490478516 0.5898317694664 0.546542048454285 0.503252267837524 0.462274879217148 0.422047227621078 0.381819605827332 0.341591954231262 0.301364332437515 0.261136680841446 0.220909044146538 0.18068140745163
1.38659405708313 1.45801246166229 1.52943086624146 1.60084927082062 1.59740483760834 1.58441746234894 1.57143008708954 1.55844271183014 1.54545533657074 1.53246796131134 1.51948058605194 1.50649321079254 1.49350583553314 1.48051846027374 1.458291888237 1.43448579311371 1.41067957878113 1.38687336444855 1.36306715011597 1.33926105499268 1.3154548406601 1.29164862632751 1.26784241199493 1.24403631687164 1.21703743934631 1.18934273719788 1.16164791584015 1.13395321369171 1.10625851154327 1.07856380939484 1.05086898803711 1.02317428588867 0.99547952413559 0.967784821987152 0.928334891796112 0.885724186897278 0.843113541603088 0.800502836704254 0.75789213180542 0.715281426906586 0.672670781612396 0.630060076713562 0.587449371814728 0.544838726520538 0.50204986333847 0.459203243255615 0.41635662317276 0.373510003089905 0.33066338300705 0.287816762924194 0.2449701577425 0.202123537659645
1.43660640716553 1.50502550601959 1.57344460487366 1.64186370372772 1.63427662849426 1.61700093746185 1.59972512722015 1.58244943618774 1.56517362594604 1.54789793491364 1.53062212467194 1.51334631443024 1.49607062339783 1.47879481315613 1.45580542087555 1.4318391084671 1.40787291526794 1.3839066028595 1.35994029045105 1.3359739780426 1.31200766563416 1.28804135322571 1.26407516002655 1.2401088476181 1.21626436710358 1.19244647026062 1.16862845420837 1.14481055736542 1.12099266052246 1.0971747636795 1.07335674762726 1.0495388507843 1.02572095394135 1.00190305709839 0.963809788227081 0.921878159046173 0.879946529865265 0.838014900684357 0.796083271503448 0.75415164232254 0.712220013141632 0.670288383960724 0.628356754779816 0.586425125598907 0.541824817657471 0.496359258890152 0.450893640518188 0.405428051948547 0.359962463378906 0.314496874809265 0.269031286239624 0.223565682768822
1.48661863803864 1.55203855037689 1.61745834350586 1.68287813663483 1.67114853858948 1.64958429336548 1.62802016735077 1.60645604133606 1.58489191532135 1.56332778930664 1.54176366329193 1.52019953727722 1.49863541126251 1.47707116603851 1.4533189535141 1.42919254302979 1.40506613254547 1.38093972206116 1.35681331157684 1.33268690109253 1.3085606098175 1.28443419933319 1.26030778884888 1.23618137836456 1.21549129486084 1.19555020332336 1.1756089925766 1.15566790103912 1.13572680950165 1.11578571796417 1.0958446264267 1.07590353488922 1.05596232414246 1.03602123260498 0.999284684658051 0.958032131195068 0.916779577732086 0.875526964664459 0.834274411201477 0.793021857738495 0.751769304275513 0.710516691207886 0.669264137744904 0.628011584281921 0.581599831581116 0.533515274524689 0.485430687665939 0.43734610080719 0.389261543750763 0.341176956892014 0.293092399835587 0.245007812976837
1.53552556037903 1.59785449504852 1.66018331050873 1.72251224517822 1.70671260356903 1.68095362186432 1.6551947593689 1.62943589687347 1.60367691516876 1.57791805267334 1.55215919017792 1.52640020847321 1.50064134597778 1.47488236427307 1.45041942596436 1.42617797851562 1.40193653106689 1.37769508361816 1.35345363616943 1.3292121887207 1.30497074127197 1.28072941303253 1.2564879655838 1.23224651813507 1.21471464633942 1.19864535331726 1.18257594108582 1.16650652885437 1.15043723583221 1.13436782360077 1.11829841136932 1.10222911834717 1.08615970611572 1.07009041309357 1.03471672534943 0.994152426719666 0.953588128089905 0.913023829460144 0.872459530830383 0.831895291805267 0.791330993175507 0.750766694545746 0.710202395915985 0.669638156890869 0.621401250362396 0.570676565170288 0.519951820373535 0.469227105379105 0.418502420186996 0.367777705192566 0.317052990198135 0.266328275203705
1.53078031539917 1.58556997776031 1.64035964012146 1.6951493024826 1.6788067817688 1.65339660644531 1.62798655033112 1.60257649421692 1.57716643810272 1.55175638198853 1.52634632587433 1.50093626976013 1.47552621364594 1.45011615753174 1.42747378349304 1.40530455112457 1.38313543796539 1.36096620559692 1.33879697322845 1.31662786006927 1.29445862770081 1.27228939533234 1.25012028217316 1.22795104980469 1.21376705169678 1.20132339000702 1.18887984752655 1.17643630504608 1.16399276256561 1.15154922008514 1.13910555839539 1.12666201591492 1.11421847343445 1.10177493095398 1.0680650472641 1.02863717079163 0.989209175109863 0.949781239032745 0.910353302955627 0.87092536687851 0.831497430801392 0.792069494724274 0.752641499042511 0.713213562965393 0.662485778331757 0.608093976974487 0.553702235221863 0.499310463666916 0.444918692111969 0.390526920557022 0.336135149002075 0.281743377447128
1.52603495121002 1.57328546047211 1.62053596973419 1.66778647899628 1.65090084075928 1.6258397102356 1.60077846050262 1.57571721076965 1.55065596103668 1.525594830513 1.50053358078003 1.47547233104706 1.45041108131409 1.42534995079041 1.40452814102173 1.38443124294281 1.3643342256546 1.34423732757568 1.32414031028748 1.30404341220856 1.28394639492035 1.26384949684143 1.24375259876251 1.2236555814743 1.21281933784485 1.20400154590607 1.19518375396729 1.18636608123779 1.17754828929901 1.16873049736023 1.15991270542145 1.15109491348267 1.14227724075317 1.13345944881439 1.10141348838806 1.06312191486359 1.02483022212982 0.986538648605347 0.948247075080872 0.909955441951752 0.871663868427277 0.833372235298157 0.795080602169037 0.756789028644562 0.703570306301117 0.645511448383331 0.587452590465546 0.529393792152405 0.471334934234619 0.413276106119156 0.355217278003693 0.297158449888229
1.52128958702087 1.5610009431839 1.60071229934692 1.64042365550995 1.62299501895905 1.59828269481659 1.57357025146484 1.54885792732239 1.52414548397064 1.49943315982819 1.47472083568573 1.45000839233398 1.42529606819153 1.40058362483978 1.38158249855042 1.36355781555176 1.3455331325531 1.32750833034515 1.3094836473465 1.29145896434784 1.27343428134918 1.25540959835052 1.23738491535187 1.21936011314392 1.21187162399292 1.20667970180511 1.20148777961731 1.19629573822021 1.19110381603241 1.18591177463531 1.18071985244751 1.1755279302597 1.17033588886261 1.1651439666748 1.13476192951202 1.09760665893555 1.06045138835907 1.02329611778259 0.986140787601471 0.948985517024994 0.911830246448517 0.87467497587204 0.837519705295563 0.800364434719086 0.744654774665833 0.682928919792175 0.621203005313873 0.559477090835571 0.497751206159592 0.436025321483612 0.374299436807632 0.31257352232933
1.51654434204102 1.54871642589569 1.58088862895966 1.61306071281433 1.59508919715881 1.57072567939758 1.54636216163635 1.52199852466583 1.4976350069046 1.47327148914337 1.44890797138214 1.42454445362091 1.40018093585968 1.37581741809845 1.3586368560791 1.34268438816071 1.32673192024231 1.31077945232391 1.29482698440552 1.27887451648712 1.26292204856873 1.24696958065033 1.23101723194122 1.21506476402283 1.21092402935028 1.20935785770416 1.20779168605804 1.20622551441193 1.20465934276581 1.20309317111969 1.20152699947357 1.19996082782745 1.19839465618134 1.19682848453522 1.1681102514267 1.13209140300751 1.09607243537903 1.06005346775055 1.02403461933136 0.988015651702881 0.951996684074402 0.915977776050568 0.879958868026733 0.843939900398254 0.785739302635193 0.720346331596375 0.654953420162201 0.589560449123383 0.524167478084564 0.458774536848068 0.39338156580925 0.327988624572754
1.51179897785187 1.53643190860748 1.5610648393631 1.585697889328 1.56718325614929 1.54316866397858 1.51915395259857 1.49513924121857 1.47112452983856 1.44710993766785 1.42309522628784 1.39908051490784 1.37506580352783 1.35105121135712 1.33569121360779 1.32181096076965 1.30793082714081 1.29405057430267 1.28017032146454 1.26629018783569 1.25240993499756 1.23852968215942 1.22464942932129 1.21076929569244 1.20997631549835 1.21203601360321 1.21409559249878 1.21615529060364 1.21821486949921 1.22027444839478 1.22233414649963 1.2243937253952 1.22645342350006 1.22851300239563 1.20145869255066 1.16657614707947 1.13169348239899 1.0968109369278 1.06192827224731 1.02704572677612 0.992163121700287 0.957280516624451 0.922397971153259 0.887515366077423 0.826823830604553 0.757763803005219 0.688703775405884 0.619643747806549 0.550583779811859 0.481523752212524 0.41246372461319 0.343403697013855
1.50705361366272 1.52414739131927 1.54124116897583 1.55833494663239 1.53927743434906 1.51561164855957 1.49194574356079 1.4682799577713 1.44461405277252 1.42094826698303 1.39728248119354 1.37361657619476 1.34995079040527 1.32628488540649 1.31274557113647 1.30093765258789 1.28912961483002 1.27732169628143 1.26551365852356 1.25370573997498 1.2418977022171 1.23008978366852 1.21828174591064 1.20647382736206 1.20902872085571 1.21471416950226 1.22039949893951 1.22608494758606 1.2317703962326 1.23745584487915 1.2431412935257 1.24882674217224 1.2545120716095 1.26019752025604 1.23480713367462 1.20106089115143 1.16731452941895 1.13356828689575 1.09982204437256 1.06607580184937 1.03232955932617 0.998583316802979 0.964837074279785 0.931090772151947 0.867908358573914 0.795181274414062 0.722454190254211 0.64972710609436 0.577000021934509 0.504272937774658 0.43154588341713 0.358818799257278
1.50230824947357 1.51186287403107 1.52141749858856 1.53097212314606 1.51137161254883 1.48805463314056 1.4647376537323 1.44142067432404 1.41810357570648 1.39478659629822 1.37146961688995 1.34815263748169 1.32483565807343 1.30151867866516 1.28979992866516 1.28006422519684 1.27032852172852 1.26059281826019 1.25085699558258 1.24112129211426 1.23138558864594 1.22164988517761 1.2119140625 1.20217835903168 1.20808100700378 1.21739220619202 1.22670352458954 1.23601472377777 1.245325922966 1.25463712215424 1.26394844055176 1.27325963973999 1.28257083892822 1.29188203811646 1.26815545558929 1.23554563522339 1.20293569564819 1.170325756073 1.1377158164978 1.10510587692261 1.07249593734741 1.03988611698151 1.00727617740631 0.974666237831116 0.908992826938629 0.832598686218262 0.756204545497894 0.679810404777527 0.603416323661804 0.527022182941437 0.450628012418747 0.37423387169838
1.49756300449371 1.49957835674286 1.50159382820129 1.50360918045044 1.4834657907486 1.46049761772156 1.43752944469452 1.41456127166748 1.39159309864044 1.36862504482269 1.34565687179565 1.32268869876862 1.29972052574158 1.27675247192383 1.26685428619385 1.25919079780579 1.25152730941772 1.24386382102966 1.2362003326416 1.22853684425354 1.22087335586548 1.21320986747742 1.20554637908936 1.19788289070129 1.20713341236115 1.22007036209106 1.23300743103027 1.24594449996948 1.2588814496994 1.27181851863861 1.28475558757782 1.29769253730774 1.31062960624695 1.32356667518616 1.30150389671326 1.27003037929535 1.23855674266815 1.20708310604095 1.17560958862305 1.14413595199585 1.11266243457794 1.08118879795074 1.04971528053284 1.01824164390564 0.95007735490799 0.870016157627106 0.789954960346222 0.709893763065338 0.629832565784454 0.549771368503571 0.469710171222687 0.389648973941803
1.49281764030457 1.48729383945465 1.48177015781403 1.47624635696411 1.45555984973907 1.43294060230255 1.41032123565674 1.38770198822021 1.3650826215744 1.34246337413788 1.31984412670135 1.29722476005554 1.27460551261902 1.25198614597321 1.24390864372253 1.23831748962402 1.23272621631622 1.22713494300842 1.22154366970062 1.21595251560211 1.21036124229431 1.20476996898651 1.19917869567871 1.1935875415802 1.20618569850922 1.22274851799011 1.23931133747101 1.2558741569519 1.2724369764328 1.2889997959137 1.30556261539459 1.32212555408478 1.33868837356567 1.35525119304657 1.33485233783722 1.30451512336731 1.27417778968811 1.2438405752182 1.21350336074829 1.18316614627838 1.15282881259918 1.12249159812927 1.09215438365936 1.06181716918945 0.99116188287735 0.90743362903595 0.82370537519455 0.739977121353149 0.656248807907104 0.572520554065704 0.488792330026627 0.405064046382904
1.48807227611542 1.47500932216644 1.46194636821747 1.44888353347778 1.42765402793884 1.40538358688354 1.38311314582825 1.36084270477295 1.33857214450836 1.31630170345306 1.29403126239777 1.27176082134247 1.24949038028717 1.22721993923187 1.22096300125122 1.21744406223297 1.21392500400543 1.21040606498718 1.20688700675964 1.20336806774139 1.19984900951385 1.19633007049561 1.19281101226807 1.18929207324982 1.20523798465729 1.22542667388916 1.24561524391174 1.26580393314362 1.2859925031662 1.30618119239807 1.32636976242065 1.34655845165253 1.36674702167511 1.38693571090698 1.36820065975189 1.33899974822998 1.30979895591736 1.28059804439545 1.25139713287354 1.22219622135162 1.19299530982971 1.1637943983078 1.13459348678589 1.10539257526398 1.03224635124207 0.944851040840149 0.857455730438232 0.770060420036316 0.682665109634399 0.595269799232483 0.507874488830566 0.420479148626328
1.42578136920929 1.41013550758362 1.39448964595795 1.37884378433228 1.35975790023804 1.34023356437683 1.32070922851562 1.30118489265442 1.28166055679321 1.2621363401413 1.24261200428009 1.22308766841888 1.20356333255768 1.18403899669647 1.18152976036072 1.18192958831787 1.18232953548431 1.18272936344147 1.18312931060791 1.18352913856506 1.18392908573151 1.18432891368866 1.1847288608551 1.18512868881226 1.20356500148773 1.22593247890472 1.24830007553101 1.27066767215729 1.29303526878357 1.31540274620056 1.33777034282684 1.36013793945312 1.38250541687012 1.4048730134964 1.38473987579346 1.3531790971756 1.32161831855774 1.29005742073059 1.25849664211273 1.22693574428558 1.19537496566772 1.16381418704987 1.13225328922272 1.10069251060486 1.0290515422821 0.944414734840393 0.859777927398682 0.77514111995697 0.690504252910614 0.605867445468903 0.521230638027191 0.43659383058548
1.36274671554565 1.34458196163177 1.32641708850861 1.30825233459473 1.29134488105774 1.27459764480591 1.25785052776337 1.24110329151154 1.2243560552597 1.20760881900787 1.19086158275604 1.1741144657135 1.15736722946167 1.14061999320984 1.1418833732605 1.14622592926025 1.1505686044693 1.15491127967834 1.1592538356781 1.16359651088715 1.16793918609619 1.17228174209595 1.17662441730499 1.18096697330475 1.20188248157501 1.22641026973724 1.25093805789948 1.27546584606171 1.29999363422394 1.32452154159546 1.34904932975769 1.37357711791992 1.39810490608215 1.42263269424438 1.40106189250946 1.36709594726562 1.33313000202179 1.29916405677795 1.26519811153412 1.23123216629028 1.19726622104645 1.16330027580261 1.12933433055878 1.09536838531494 1.02528429031372 0.943489074707031 0.861693859100342 0.779898583889008 0.698103308677673 0.616308093070984 0.53451281785965 0.452717572450638
1.29971194267273 1.27902829647064 1.25834465026855 1.23766100406647 1.22293186187744 1.20896172523499 1.19499170780182 1.18102157115936 1.16705143451691 1.15308141708374 1.13911128044128 1.12514126300812 1.11117112636566 1.09720098972321 1.10223686695099 1.11052227020264 1.11880767345428 1.12709307670593 1.13537847995758 1.14366388320923 1.15194916725159 1.16023457050323 1.16851997375488 1.17680537700653 1.20020008087158 1.22688806056976 1.25357615947723 1.28026413917542 1.3069521188736 1.33364021778107 1.36032819747925 1.38701617717743 1.4137042760849 1.44039225578308 1.41738379001617 1.38101279735565 1.34464168548584 1.30827069282532 1.27189958095551 1.23552846908569 1.19915747642517 1.16278636455536 1.12641537189484 1.09004426002502 1.02151715755463 0.942563474178314 0.863609731197357 0.784656047821045 0.705702364444733 0.62674868106842 0.547794997692108 0.468841284513474
1.2366771697998 1.21347463130951 1.19027209281921 1.16706955432892 1.15451884269714 1.14332580566406 1.13213288784027 1.12093985080719 1.1097469329834 1.09855401515961 1.08736097812653 1.07616806030273 1.06497502326965 1.05378210544586 1.06259047985077 1.07481861114502 1.08704674243927 1.09927487373352 1.11150300502777 1.12373113632202 1.13595926761627 1.14818739891052 1.16041553020477 1.17264366149902 1.19851768016815 1.22736585140228 1.2562141418457 1.28506243228912 1.31391060352325 1.34275889396667 1.3716071844101 1.40045535564423 1.42930364608765 1.45815193653107 1.43370568752289 1.39492952823639 1.35615336894989 1.31737720966339 1.27860105037689 1.23982489109039 1.20104873180389 1.1622725725174 1.1234964132309 1.0847202539444 1.01774990558624 0.941637814044952 0.865525662899017 0.789413571357727 0.713301420211792 0.637189269065857 0.561077177524567 0.484965026378632
1.17364251613617 1.14792108535767 1.12219965457916 1.09647822380066 1.08610582351685 1.07769000530243 1.06927406787872 1.06085824966431 1.05244243144989 1.04402649402618 1.03561067581177 1.02719485759735 1.01877892017365 1.01036310195923 1.02294409275055 1.0391149520874 1.05528581142426 1.0714567899704 1.08762764930725 1.1037985086441 1.11996936798096 1.13614022731781 1.15231120586395 1.16848206520081 1.19683527946472 1.2278436422348 1.25885212421417 1.28986060619354 1.32086908817291 1.35187757015228 1.38288605213165 1.41389453411102 1.44490301609039 1.47591149806976 1.45002770423889 1.40884637832642 1.36766505241394 1.32648384571075 1.28530251979828 1.24412131309509 1.20293998718262 1.16175866127014 1.12057745456696 1.07939612865448 1.01398277282715 0.940712153911591 0.867441594600677 0.794171035289764 0.720900475978851 0.647629916667938 0.574359357357025 0.501088738441467
1.11060774326324 1.08236742019653 1.05412709712982 1.0258868932724 1.01769280433655 1.01205408573151 1.00641524791718 1.00077652931213 0.995137810707092 0.989499092102051 0.983860313892365 0.978221595287323 0.972582876682281 0.966944098472595 0.983297646045685 1.00341129302979 1.02352488040924 1.04363858699799 1.06375217437744 1.08386588096619 1.10397946834564 1.1240930557251 1.14420676231384 1.1643203496933 1.195152759552 1.22832155227661 1.26149022579193 1.29465889930725 1.32782757282257 1.36099636554718 1.3941650390625 1.42733371257782 1.46050250530243 1.49367117881775 1.46634960174561 1.42276322841644 1.37917685508728 1.33559048175812 1.29200398921967 1.2484176158905 1.20483124256134 1.16124486923218 1.11765837669373 1.07407200336456 1.01021552085876 0.939786553382874 0.869357526302338 0.798928499221802 0.728499531745911 0.658070504665375 0.587641477584839 0.517212510108948
