R_scripts/int_process_data/Bio_12.asc
NCOLS 281 
NROWS 576 
XLLCORNER 81175.2677831308 
YLLCORNER 88.2293212990044 
CELLSIZE 1000 
NODATA_value -3.4e+38 
[rows 414 to 436 of 576, columns 104 to 155 of 281]
16.6772708892822 16.6934394836426 16.7096080780029 16.7257766723633 16.7419452667236 16.7571182250977 16.7539882659912 16.7508563995361 16.7477264404297 16.7445964813232 16.7414665222168 16.7383365631104 16.7352046966553 16.7320747375488 16.7289447784424 16.7258014678955 16.7219924926758 16.7181835174561 16.7143745422363 16.7105674743652 16.7067584991455 16.7029495239258 16.6991405487061 16.6953315734863 16.6915225982666 16.6877136230469 16.6910572052002 16.6945018768311 16.6979484558105 16.7013931274414 16.7048377990723 16.7082843780518 16.7117290496826 16.7151756286621 16.718620300293 16.7220668792725 16.7326717376709 16.7436294555664 16.7545871734619 16.7655467987061 16.7765045166016 16.7874641418457 16.7984218597412 16.8093795776367 16.8203392028809 16.8312969207764 16.8014736175537 16.7680969238281 16.7347221374512 16.7013473510742 16.6679706573486 16.6345958709717
16.632043838501 16.6452903747559 16.6585369110107 16.6717834472656 16.6850299835205 16.6974048614502 16.6937942504883 16.6901836395264 16.6865730285645 16.6829624176025 16.6793537139893 16.6757431030273 16.6721324920654 16.6685218811035 16.6649112701416 16.6612949371338 16.6573047637939 16.6533164978027 16.6493282318115 16.6453399658203 16.6413516998291 16.6373634338379 16.6333751678467 16.6293869018555 16.6253986358643 16.621410369873 16.6262302398682 16.631175994873 16.6361217498779 16.6410675048828 16.6460151672363 16.6509609222412 16.6559066772461 16.660852432251 16.6658000946045 16.6707458496094 16.6831016540527 16.6958236694336 16.7085475921631 16.7212696075439 16.7339935302734 16.7467155456543 16.7594394683838 16.7721614837646 16.7848854064941 16.797607421875 16.7695560455322 16.7379512786865 16.7063465118408 16.6747436523438 16.643138885498 16.611536026001
16.5868186950684 16.5971412658691 16.6074657440186 16.6177883148193 16.6281127929688 16.6376914978027 16.6336002349854 16.6295108795166 16.6254196166992 16.6213302612305 16.6172389984131 16.6131496429443 16.609058380127 16.6049690246582 16.6008777618408 16.5967864990234 16.5926189422607 16.5884494781494 16.5842819213867 16.580114364624 16.5759468078613 16.5717792510986 16.5676097869873 16.5634422302246 16.5592746734619 16.5551071166992 16.5614032745361 16.567850112915 16.5742969512939 16.5807437896729 16.5871906280518 16.5936374664307 16.6000843048096 16.6065311431885 16.6129779815674 16.6194248199463 16.6335315704346 16.6480197906494 16.6625080108643 16.6769943237305 16.6914825439453 16.7059688568115 16.7204570770264 16.7349433898926 16.7494316101074 16.7639198303223 16.7376365661621 16.7078056335449 16.6779727935791 16.6481399536133 16.6183090209961 16.5884761810303
16.5415935516357 16.5489940643311 16.5563945770264 16.5637950897217 16.571195602417 16.5779781341553 16.5734081268311 16.5688381195068 16.564266204834 16.5596961975098 16.5551261901855 16.5505561828613 16.5459861755371 16.5414142608643 16.53684425354 16.5322780609131 16.5279312133789 16.5235843658447 16.5192356109619 16.5148887634277 16.5105400085449 16.5061931610107 16.5018463134766 16.4974975585938 16.4931507110596 16.4888019561768 16.4965763092041 16.5045223236084 16.5124702453613 16.5204181671143 16.5283660888672 16.5363121032715 16.5442600250244 16.5522079467773 16.5601558685303 16.5681018829346 16.583963394165 16.6002140045166 16.6164665222168 16.632719039917 16.6489696502686 16.6652221679688 16.6814746856689 16.6977252960205 16.7139778137207 16.7302303314209 16.7057189941406 16.6776580810547 16.6495990753174 16.6215381622314 16.5934772491455 16.5654163360596
16.4963665008545 16.5008449554443 16.5053234100342 16.509801864624 16.5142803192139 16.5182647705078 16.5132141113281 16.5081634521484 16.5031147003174 16.4980640411377 16.493013381958 16.4879627227783 16.4829120635986 16.4778614044189 16.4728107452393 16.4677715301514 16.4632434844971 16.4587173461914 16.4541893005371 16.4496612548828 16.4451351165771 16.4406070709229 16.4360809326172 16.4315528869629 16.4270267486572 16.4224987030029 16.4317493438721 16.4411964416504 16.4506454467773 16.4600925445557 16.4695415496826 16.4789886474609 16.4884376525879 16.4978847503662 16.5073337554932 16.5167808532715 16.5343933105469 16.5524101257324 16.570426940918 16.5884418487549 16.6064586639404 16.624475479126 16.6424922943115 16.6605072021484 16.678524017334 16.6965408325195 16.6738014221191 16.6475124359131 16.621223449707 16.594934463501 16.5686454772949 16.5423564910889
16.4511413574219 16.4526977539062 16.454252243042 16.4558067321777 16.4573631286621 16.4585514068604 16.4530220031738 16.4474906921387 16.4419612884521 16.436429977417 16.4309005737305 16.4253692626953 16.4198398590088 16.4143085479736 16.4087772369385 16.403263092041 16.3985557556152 16.3938503265381 16.3891429901123 16.3844356536865 16.3797283172607 16.3750228881836 16.3703155517578 16.365608215332 16.3609027862549 16.3561954498291 16.36692237854 16.3778705596924 16.3888187408447 16.3997669219971 16.410717010498 16.4216651916504 16.4326133728027 16.4435634613037 16.4545116424561 16.4654598236084 16.4848251342773 16.5046043395996 16.5243854522705 16.5441665649414 16.5639476776123 16.5837287902832 16.6035099029541 16.623291015625 16.6430702209473 16.6628513336182 16.6418838500977 16.6173667907715 16.5928497314453 16.5683307647705 16.5438137054443 16.5192966461182
16.4059162139893 16.4045486450195 16.4031810760498 16.4018135070801 16.4004459381104 16.3988380432129 16.3928279876709 16.3868179321289 16.3808078765869 16.3747978210449 16.3687858581543 16.3627758026123 16.3567657470703 16.3507556915283 16.3447456359863 16.3387546539307 16.333869934082 16.3289833068848 16.3240966796875 16.3192100524902 16.314323425293 16.3094367980957 16.3045501708984 16.2996635437012 16.2947788238525 16.2898921966553 16.302095413208 16.3145446777344 16.3269939422607 16.3394432067871 16.3518924713135 16.3643417358398 16.3767910003662 16.3892402648926 16.4016895294189 16.4141387939453 16.4352550506592 16.4568004608154 16.4783458709717 16.4998912811279 16.5214366912842 16.5429821014404 16.5645275115967 16.5860729217529 16.6076183319092 16.6291618347168 16.6099662780762 16.5872192382812 16.564474105835 16.5417289733887 16.5189838409424 16.4962368011475
16.360689163208 16.3563995361328 16.3521099090576 16.3478202819824 16.3435287475586 16.3391246795654 16.3326358795166 16.3261451721191 16.3196544647217 16.3131637573242 16.3066730499268 16.3001823425293 16.2936916351318 16.2872009277344 16.2807121276855 16.2742481231689 16.2691822052002 16.2641162872314 16.2590503692627 16.2539844512939 16.2489185333252 16.2438526153564 16.2387866973877 16.2337207794189 16.2286548614502 16.2235889434814 16.237268447876 16.2512168884277 16.2651672363281 16.2791175842285 16.2930679321289 16.3070182800293 16.3209667205811 16.3349170684814 16.3488674163818 16.3628177642822 16.385684967041 16.4089946746826 16.4323043823242 16.4556140899658 16.4789257049561 16.5022354125977 16.5255451202393 16.5488548278809 16.5721645355225 16.5954742431641 16.5780467987061 16.5570735931396 16.5361003875732 16.5151252746582 16.4941520690918 16.4731769561768
16.3154640197754 16.3082523345947 16.3010387420654 16.2938251495361 16.2866134643555 16.2794132232666 16.2724418640137 16.2654705047607 16.2585010528564 16.2515296936035 16.2445602416992 16.2375888824463 16.230619430542 16.2236480712891 16.2166786193848 16.2097396850586 16.2044944763184 16.1992492675781 16.1940040588379 16.188756942749 16.1835117340088 16.1782665252686 16.1730213165283 16.1677761077881 16.1625289916992 16.157283782959 16.1724414825439 16.1878910064697 16.2033424377441 16.2187919616699 16.2342433929443 16.2496929168701 16.2651443481445 16.2805938720703 16.2960453033447 16.3114967346191 16.3361167907715 16.3611907958984 16.3862648010254 16.4113388061523 16.4364128112793 16.4614868164062 16.4865627288818 16.5116367340088 16.5367107391357 16.5617847442627 16.5461292266846 16.526927947998 16.5077247619629 16.4885234832764 16.4693202972412 16.4501190185547
16.2702388763428 16.260103225708 16.2499675750732 16.2398319244385 16.2296962738037 16.2196998596191 16.2122478485107 16.204797744751 16.1973476409912 16.1898975372314 16.1824474334717 16.1749954223633 16.1675453186035 16.1600952148438 16.152645111084 16.1452312469482 16.1398067474365 16.1343822479248 16.1289558410645 16.1235313415527 16.118106842041 16.1126804351807 16.1072559356689 16.1018314361572 16.0964050292969 16.0909805297852 16.1076145172119 16.1245651245117 16.1415157318115 16.15846824646 16.1754188537598 16.1923694610596 16.2093200683594 16.2262725830078 16.2432231903076 16.2601737976074 16.2865467071533 16.3133850097656 16.3402252197266 16.3670635223389 16.3939018249512 16.4207401275635 16.4475803375244 16.4744186401367 16.501256942749 16.5280952453613 16.5142116546631 16.4967803955078 16.4793510437012 16.4619197845459 16.4444885253906 16.427059173584
16.2483234405518 16.2347393035889 16.2211532592773 16.2075672149658 16.1939830780029 16.1806526184082 16.172004699707 16.1633567810059 16.1547088623047 16.1460609436035 16.1374130249023 16.1287670135498 16.1201190948486 16.1114711761475 16.1028232574463 16.0942192077637 16.0878715515137 16.0815258026123 16.0751781463623 16.0688323974609 16.0624847412109 16.0561389923096 16.0497913360596 16.0434455871582 16.0370979309082 16.0307521820068 16.0479278564453 16.0654430389404 16.0829582214355 16.1004734039307 16.1179885864258 16.1355037689209 16.153018951416 16.1705341339111 16.1880493164062 16.2055644989014 16.2328853607178 16.2606925964355 16.2884979248047 16.3163032531738 16.3441104888916 16.3719158172607 16.3997230529785 16.4275283813477 16.4553337097168 16.4831409454346 16.4709014892578 16.4551753997803 16.4394474029541 16.4237213134766 16.407995223999 16.3922691345215
16.2321968078613 16.215030670166 16.1978645324707 16.1806983947754 16.1635322570801 16.1467361450195 16.1367130279541 16.1266899108887 16.1166667938232 16.1066455841064 16.096622467041 16.0865993499756 16.0765762329102 16.0665531158447 16.0565299987793 16.0465564727783 16.0391025543213 16.0316505432129 16.0241985321045 16.0167465209961 16.0092945098877 16.0018405914307 15.9943895339966 15.9869365692139 15.9794845581055 15.9720315933228 15.9895191192627 16.0073661804199 16.0252132415771 16.0430603027344 16.060905456543 16.0787525177002 16.0965995788574 16.1144466400146 16.1322937011719 16.1501407623291 16.1782093048096 16.2067852020264 16.2353591918945 16.2639350891113 16.2925109863281 16.3210868835449 16.3496608734131 16.3782367706299 16.4068126678467 16.4353866577148 16.4247627258301 16.4107227325439 16.3966846466064 16.3826446533203 16.3686065673828 16.3545665740967
16.2160701751709 16.1953239440918 16.1745777130127 16.153829574585 16.1330833435059 16.1128196716309 16.1014232635498 16.0900249481201 16.0786266326904 16.0672283172607 16.0558300018311 16.0444316864014 16.0330333709717 16.021635055542 16.0102367401123 15.9988927841187 15.9903345108032 15.9817762374878 15.9732189178467 15.9646606445312 15.9561023712158 15.9475440979004 15.938985824585 15.9304285049438 15.9218702316284 15.913311958313 15.9311103820801 15.9492883682251 15.9674663543701 15.9856452941895 16.0038223266602 16.0220012664795 16.0401802062988 16.0583572387695 16.0765361785889 16.0947151184082 16.1235332489014 16.1528778076172 16.182222366333 16.2115669250488 16.2409114837646 16.2702560424805 16.2996006011963 16.3289451599121 16.3582897186279 16.3876342773438 16.3786239624023 16.3662719726562 16.3539199829102 16.3415679931641 16.329216003418 16.3168640136719
16.1999435424805 16.1756153106689 16.1512889862061 16.1269626617432 16.1026344299316 16.0789051055908 16.0661315917969 16.0533580780029 16.040584564209 16.027811050415 16.0150375366211 16.0022640228271 15.9894914627075 15.9767179489136 15.9639444351196 15.9512300491333 15.9415664672852 15.9319019317627 15.9222383499146 15.9125747680664 15.9029111862183 15.8932466506958 15.8835830688477 15.8739194869995 15.8642559051514 15.8545923233032 15.8727006912231 15.8912105560303 15.9097204208374 15.9282302856445 15.9467401504517 15.9652500152588 15.9837598800659 16.002269744873 16.0207786560059 16.0392894744873 16.0688552856445 16.098970413208 16.1290836334229 16.1591968536377 16.1893119812012 16.219425201416 16.2495403289795 16.2796535491943 16.3097667694092 16.3398818969727 16.332483291626 16.3218193054199 16.3111553192139 16.3004913330078 16.2898273468018 16.2791633605957
16.18381690979 16.1559085845947 16.1280002593994 16.1000938415527 16.0721855163574 16.0449886322021 16.0308399200439 16.0166912078857 16.0025424957275 15.9883947372437 15.9742460250854 15.9600973129272 15.9459495544434 15.9318008422852 15.917652130127 15.9035673141479 15.8927974700928 15.8820276260376 15.8712587356567 15.8604888916016 15.8497190475464 15.8389501571655 15.8281803131104 15.8174104690552 15.8066415786743 15.7958717346191 15.8142919540405 15.8331336975098 15.8519744873047 15.8708162307739 15.8896570205688 15.9084987640381 15.927339553833 15.9461812973022 15.9650220870972 15.9838638305664 16.0141792297363 16.0450630187988 16.0759449005127 16.1068286895752 16.1377124786377 16.1685962677002 16.1994781494141 16.2303619384766 16.2612457275391 16.2921295166016 16.2863445281982 16.2773685455322 16.2683906555176 16.2594146728516 16.2504367828369 16.2414608001709
16.1676902770996 16.1362018585205 16.1047134399414 16.0732250213623 16.0417366027832 16.0110740661621 15.9955492019653 15.9800252914429 15.9645023345947 15.9489784240723 15.9334545135498 15.9179306030273 15.9024066925049 15.8868827819824 15.87135887146 15.8559036254883 15.8440284729004 15.8321533203125 15.8202781677246 15.8084030151367 15.7965278625488 15.7846527099609 15.772777557373 15.7609024047852 15.7490272521973 15.7371520996094 15.7558832168579 15.7750558853149 15.794228553772 15.813401222229 15.832573890686 15.8517465591431 15.8709192276001 15.8900928497314 15.9092655181885 15.9284381866455 15.9595022201538 15.9911546707153 16.0228080749512 16.0544605255127 16.0861129760742 16.1177654266357 16.1494178771973 16.1810703277588 16.2127227783203 16.2443752288818 16.2402057647705 16.2329158782959 16.2256278991699 16.2183380126953 16.2110481262207 16.2037582397461
16.1515617370605 16.1164932250977 16.0814247131348 16.0463562011719 16.011287689209 15.9771575927734 15.9602584838867 15.943359375 15.9264602661133 15.9095611572266 15.8926620483398 15.8757638931274 15.8588647842407 15.841965675354 15.8250665664673 15.8082408905029 15.7952604293823 15.7822790145874 15.7692985534668 15.7563171386719 15.7433366775513 15.7303552627563 15.7173748016357 15.7043933868408 15.6914129257202 15.6784315109253 15.6974744796753 15.7169780731201 15.7364826202393 15.7559871673584 15.7754907608032 15.7949953079224 15.8144998550415 15.8340034484863 15.8535079956055 15.8730125427246 15.9048252105713 15.9372472763062 15.969669342041 16.0020904541016 16.0345134735107 16.0669345855713 16.0993576049805 16.131778717041 16.1642017364502 16.1966228485107 16.1940670013428 16.1884651184082 16.1828632354736 16.1772613525391 16.1716575622559 16.1660556793213
16.1354351043701 16.0967864990234 16.0581359863281 16.0194873809814 15.9808378219604 15.9432411193848 15.9249677658081 15.9066934585571 15.8884191513062 15.8701448440552 15.8518705368042 15.8335962295532 15.8153219223022 15.7970476150513 15.7787742614746 15.7605781555176 15.7464914321899 15.7324047088623 15.7183179855347 15.704231262207 15.6901445388794 15.6760578155518 15.6619710922241 15.6478843688965 15.6337976455688 15.6197118759155 15.6390647888184 15.6589012145996 15.6787366867065 15.6985721588135 15.7184076309204 15.7382440567017 15.7580795288086 15.7779150009155 15.7977514266968 15.8175868988037 15.8501482009888 15.883339881897 15.9165306091309 15.9497222900391 15.9829139709473 16.0161056518555 16.0492973327637 16.0824871063232 16.1156787872314 16.1488704681396 16.147928237915 16.1440143585205 16.1400985717773 16.1361846923828 16.1322689056396 16.1283550262451
16.1193084716797 16.0770778656006 16.0348491668701 15.992618560791 15.9503889083862 15.9093255996704 15.8896760940552 15.8700265884399 15.8503770828247 15.8307285308838 15.8110790252686 15.7914295196533 15.7717800140381 15.7521305084229 15.7324810028076 15.7129154205322 15.6977224349976 15.6825304031372 15.6673383712769 15.6521453857422 15.6369533538818 15.6217603683472 15.6065683364868 15.5913763046265 15.5761833190918 15.5609912872314 15.5806560516357 15.6008234024048 15.6209907531738 15.6411581039429 15.6613254547119 15.6814918518066 15.7016592025757 15.7218265533447 15.7419939041138 15.7621612548828 15.7954711914062 15.8294324874878 15.863392829895 15.8973531723022 15.9313144683838 15.965274810791 15.9992351531982 16.0331954956055 16.0671577453613 16.1011180877686 16.1017894744873 16.0995616912842 16.0973339080811 16.0951061248779 16.0928802490234 16.0906524658203
16.1031818389893 16.0573711395264 16.0115604400635 15.9657497406006 15.9199390411377 15.8754100799561 15.8543853759766 15.8333606719971 15.8123359680176 15.7913112640381 15.7702865600586 15.7492618560791 15.7282371520996 15.7072124481201 15.6861886978149 15.6652517318726 15.6489543914795 15.6326560974121 15.6163578033447 15.6000595092773 15.58376121521 15.5674638748169 15.5511655807495 15.5348672866821 15.5185689926147 15.5022716522217 15.5222473144531 15.54274559021 15.5632448196411 15.5837430953979 15.6042423248291 15.6247406005859 15.6452398300171 15.6657381057739 15.6862373352051 15.7067356109619 15.740795135498 15.7755250930786 15.8102550506592 15.8449850082397 15.8797149658203 15.9144449234009 15.9491748809814 15.983904838562 16.0186347961426 16.0533657073975 16.0556507110596 16.0551109313965 16.0545692443848 16.0540294647217 16.0534896850586 16.0529499053955
16.0767116546631 16.0290241241455 15.9813356399536 15.9336471557617 15.8859586715698 15.8395652770996 15.8169250488281 15.7942848205566 15.7716436386108 15.7490034103394 15.7263631820679 15.7037229537964 15.6810827255249 15.6584415435791 15.6358013153076 15.6132497787476 15.5953683853149 15.5774869918823 15.5596046447754 15.5417232513428 15.5238418579102 15.5059595108032 15.4880781173706 15.4701957702637 15.4523143768311 15.4344329833984 15.4550247192383 15.4761714935303 15.4973182678223 15.5184650421143 15.5396118164062 15.5607585906982 15.5819053649902 15.6030521392822 15.6241989135742 15.6453456878662 15.680004119873 15.7153310775757 15.7506589889526 15.7859859466553 15.8213138580322 15.8566408157349 15.8919677734375 15.9272956848145 15.9626226425171 15.997950553894 16.0011539459229 16.0015602111816 16.0019683837891 16.0023746490479 16.0027809143066 16.0031871795654
16.047119140625 15.998067855835 15.9490156173706 15.8999643325806 15.8509130477905 15.8031387329102 15.7788095474243 15.7544813156128 15.730152130127 15.7058229446411 15.6814947128296 15.6571655273438 15.6328363418579 15.6085071563721 15.5841789245605 15.5599384307861 15.5403289794922 15.5207185745239 15.50110912323 15.481499671936 15.4618902206421 15.4422807693481 15.4226713180542 15.4030609130859 15.383451461792 15.363842010498 15.385142326355 15.4070329666138 15.4289226531982 15.450813293457 15.4727039337158 15.4945936203003 15.5164842605591 15.5383739471436 15.5602645874023 15.5821552276611 15.6173686981201 15.6532411575317 15.6891136169434 15.724986076355 15.7608594894409 15.7967319488525 15.8326044082642 15.8684778213501 15.9043502807617 15.9402227401733 15.9441356658936 15.9452657699585 15.9463958740234 15.9475250244141 15.948655128479 15.9497852325439
16.0175266265869 15.9671115875244 15.9166965484619 15.8662815093994 15.8158664703369 15.7667121887207 15.7406949996948 15.7146778106689 15.6886596679688 15.6626424789429 15.636625289917 15.6106081008911 15.5845909118652 15.5585737228394 15.5325565338135 15.5066261291504 15.4852886199951 15.4639511108398 15.4426136016846 15.4212760925293 15.399938583374 15.3786010742188 15.3572635650635 15.3359260559082 15.3145885467529 15.2932510375977 15.3152599334717 15.3378934860229 15.3605279922485 15.3831615447998 15.4057950973511 15.4284286499023 15.4510631561279 15.4736967086792 15.4963302612305 15.5189647674561 15.5547323226929 15.5911502838135 15.6275691986084 15.663987159729 15.7004051208496 15.7368230819702 15.7732410430908 15.8096599578857 15.8460779190063 15.882495880127 15.8871173858643 15.888970375061 15.8908233642578 15.8926763534546 15.8945293426514 15.8963823318481
