R_scripts/int_process_data/Bio_18.asc
NCOLS 281 
NROWS 576 
XLLCORNER 81175.2677831308 
YLLCORNER 88.2293212990044 
CELLSIZE 1000 
NODATA_value -3.4e+38 
[rows 483 to 505 of 576, columns 52 to 103 of 281]
-3.4e+38 -3.4e+38 -3.4e+38 -3.4e+38 -3.4e+38 -3.4e+38 -3.4e+38 -3.4e+38 0.882437765598297 0.887592613697052 0.892705798149109 0.897777736186981 0.902808904647827 0.90779983997345 0.912750959396362 0.917662858963013 0.92253589630127 0.927510857582092 0.933094620704651 0.938678383827209 0.944262206554413 0.949845969676971 0.95542973279953 0.961013555526733 0.966597318649292 0.972181081771851 0.977764904499054 0.982833027839661 0.984991312026978 0.987149596214294 0.989307820796967 0.991466104984283 0.9936243891716 0.995782673358917 0.997940897941589 1.00009918212891 1.00225746631622 1.00410592556 1.00362956523895 1.00315320491791 1.00267684459686 1.00220048427582 1.00172412395477 1.00124776363373 1.00077140331268 1.00029492378235 0.999818623065948 0.997946977615356 0.980984032154083 0.96402108669281 0.947058141231537 0.930095195770264
-3.4e+38 -3.4e+38 -3.4e+38 -3.4e+38 -3.4e+38 -3.4e+38 -3.4e+38 -3.4e+38 0.889228463172913 0.893859028816223 0.898489534854889 0.903120100498199 0.907750606536865 0.912381172180176 0.917011678218842 0.921642243862152 0.926272809505463 0.931095838546753 0.936775743961334 0.94245570898056 0.948135614395142 0.953815519809723 0.959495425224304 0.965175330638885 0.970855236053467 0.976535141468048 0.982215106487274 0.987364530563354 0.989520311355591 0.991676092147827 0.993831872940063 0.9959876537323 0.998143434524536 1.00029921531677 1.00245499610901 1.00461077690125 1.00676655769348 1.00861442089081 1.00815188884735 1.00768947601318 1.00722694396973 1.00676441192627 1.00630187988281 1.00583934783936 1.0053768157959 1.00491428375244 1.00445175170898 1.00263893604279 0.986220896244049 0.969802856445312 0.953384816646576 0.936966776847839
-3.4e+38 -3.4e+38 -3.4e+38 -3.4e+38 -3.4e+38 -3.4e+38 -3.4e+38 -3.4e+38 0.900234520435333 0.903714597225189 0.9071946144104 0.910674631595612 0.914154708385468 0.917634725570679 0.921114802360535 0.924594819545746 0.928074896335602 0.93196576833725 0.937684953212738 0.943404138088226 0.94912326335907 0.954842448234558 0.960561633110046 0.966280817985535 0.972000002861023 0.977719187736511 0.983438372612 0.988584458827972 0.990496337413788 0.992408275604248 0.994320154190063 0.996232032775879 0.998143970966339 1.00005578994751 1.00196778774261 1.00387966632843 1.00579154491425 1.00742816925049 1.00699853897095 1.00656890869141 1.00613927841187 1.00570964813232 1.00528001785278 1.00485038757324 1.0044207572937 1.00399112701416 1.00356149673462 1.00189673900604 0.986873030662537 0.971849322319031 0.956825613975525 0.941801905632019
-3.4e+38 -3.4e+38 -3.4e+38 -3.4e+38 -3.4e+38 -3.4e+38 -3.4e+38 -3.4e+38 0.911240577697754 0.91357010602951 0.915899693965912 0.918229222297668 0.92055881023407 0.922888338565826 0.925217866897583 0.927547454833984 0.929876983165741 0.932835638523102 0.938594102859497 0.944352567195892 0.950110971927643 0.955869436264038 0.961627900600433 0.967386305332184 0.973144769668579 0.978903234004974 0.984661638736725 0.98980438709259 0.99147242307663 0.993140399456024 0.994808435440063 0.996476471424103 0.998144447803497 0.999812483787537 1.00148046016693 1.00314855575562 1.00481653213501 1.00624179840088 1.00584506988525 1.00544834136963 1.005051612854 1.00465488433838 1.00425815582275 1.00386130809784 1.00346457958221 1.00306785106659 1.00267112255096 1.0011545419693 0.987525165081024 0.973895788192749 0.960266411304474 0.946637094020844
-3.4e+38 -3.4e+38 -3.4e+38 -3.4e+38 -3.4e+38 -3.4e+38 -3.4e+38 0.921067595481873 0.922246634960175 0.923425674438477 0.924604773521423 0.925783812999725 0.926962852478027 0.928141891956329 0.929320991039276 0.930500030517578 0.93167906999588 0.933705508708954 0.939503252506256 0.945300936698914 0.951098680496216 0.956896364688873 0.962694108486176 0.968491792678833 0.974289536476135 0.980087220668793 0.985884964466095 0.991024315357208 0.992448449134827 0.993872582912445 0.995296716690063 0.996720850467682 0.9981449842453 0.999569118022919 1.00099325180054 1.0024174451828 1.00384151935577 1.00505542755127 1.00469160079956 1.00432777404785 1.00396394729614 1.00360000133514 1.00323617458344 1.00287234783173 1.00250852108002 1.00214469432831 1.0017808675766 1.00041234493256 0.988177299499512 0.975942313671112 0.963707268238068 0.951472222805023
-3.4e+38 -3.4e+38 -3.4e+38 -3.4e+38 -3.4e+38 -3.4e+38 -3.4e+38 0.933224141597748 0.933252692222595 0.933281242847443 0.933309853076935 0.933338403701782 0.93336695432663 0.933395504951477 0.933424055576324 0.933452606201172 0.933481156826019 0.934575438499451 0.940412402153015 0.94624936580658 0.952086389064789 0.957923352718353 0.963760316371918 0.969597280025482 0.975434303283691 0.981271266937256 0.98710823059082 0.992244243621826 0.993424534797668 0.994604766368866 0.995784997940063 0.996965289115906 0.998145520687103 0.999325752258301 1.00050604343414 1.0016862154007 1.00286650657654 1.00386905670166 1.00353813171387 1.00320720672607 1.00287628173828 1.0025452375412 1.00221431255341 1.00188338756561 1.00155246257782 1.00122141838074 1.00089049339294 0.999670147895813 0.988829433917999 0.97798877954483 0.967148065567017 0.956307411193848
-3.4e+38 -3.4e+38 -3.4e+38 -3.4e+38 -3.4e+38 -3.4e+38 -3.4e+38 0.945380687713623 0.944258749485016 0.943136811256409 0.942014873027802 0.940892934799194 0.939770996570587 0.93864905834198 0.937527120113373 0.936405181884766 0.935283243656158 0.935445308685303 0.941321551799774 0.947197794914246 0.953074038028717 0.958950281143188 0.964826583862305 0.970702826976776 0.976579070091248 0.982455313205719 0.98833155632019 0.993464171886444 0.994400560855865 0.995336949825287 0.996273279190063 0.997209668159485 0.998146057128906 0.999082386493683 1.00001883506775 1.00095510482788 1.0018914937973 1.00268268585205 1.00238466262817 1.0020866394043 1.00178861618042 1.00149047374725 1.00119245052338 1.0008944272995 1.00059628486633 1.00029826164246 1.00000023841858 0.998927891254425 0.989481568336487 0.980035245418549 0.97058892250061 0.961142539978027
-3.4e+38 -3.4e+38 -3.4e+38 -3.4e+38 -3.4e+38 -3.4e+38 -3.4e+38 -3.4e+38 0.955264806747437 0.952992379665375 0.950719952583313 0.948447525501251 0.946175098419189 0.943902671337128 0.941630244255066 0.939357817173004 0.937085390090942 0.9363152384758 0.942230701446533 0.948146224021912 0.95406174659729 0.959977269172668 0.965892791748047 0.971808314323425 0.977723777294159 0.983639299869537 0.989554822444916 0.994684159755707 0.995376646518707 0.996069133281708 0.996761620044708 0.997454106807709 0.998146593570709 0.99883908033371 0.99953156709671 1.00022399425507 1.00091648101807 1.00149643421173 1.00123119354248 1.00096607208252 1.00070095062256 1.00043570995331 1.00017058849335 0.999905407428741 0.999640226364136 0.99937504529953 0.999109864234924 0.998185694217682 0.990133702754974 0.982081711292267 0.974029719829559 0.965977728366852
-3.4e+38 -3.4e+38 -3.4e+38 -3.4e+38 -3.4e+38 -3.4e+38 -3.4e+38 -3.4e+38 -3.4e+38 0.962847948074341 0.959425032138824 0.956002116203308 0.952579200267792 0.949156224727631 0.945733308792114 0.942310392856598 0.938887476921082 0.937185108661652 0.943139910697937 0.949094653129578 0.955049455165863 0.961004197597504 0.966958999633789 0.972913801670074 0.978868544101715 0.984823346138 0.990778148174286 0.995904088020325 0.996352672576904 0.996801257133484 0.997249901294708 0.997698485851288 0.998147070407867 0.998595714569092 0.999044299125671 0.999492883682251 0.999941527843475 1.00031006336212 1.00007772445679 0.999845504760742 0.999613225460052 0.999380946159363 0.999148666858673 0.998916387557983 0.998684108257294 0.998451828956604 0.998219549655914 0.997443497180939 0.990785837173462 0.984128177165985 0.977470517158508 0.970812857151031
-3.4e+38 -3.4e+38 -3.4e+38 -3.4e+38 -3.4e+38 -3.4e+38 -3.4e+38 -3.4e+38 -3.4e+38 0.972703516483307 0.968130111694336 0.963556706905365 0.958983242511749 0.954409837722778 0.949836432933807 0.945262968540192 0.940689563751221 0.938054978847504 0.944049060344696 0.950043082237244 0.956037163734436 0.962031185626984 0.968025207519531 0.974019289016724 0.980013310909271 0.986007392406464 0.992001414299011 0.997124016284943 0.997328758239746 0.997533440589905 0.997738182544708 0.997942924499512 0.99814760684967 0.998352348804474 0.998557090759277 0.998761773109436 0.99896651506424 0.999123692512512 0.998924314975739 0.998724937438965 0.998525559902191 0.998326182365417 0.998126804828644 0.99792742729187 0.997727990150452 0.997528612613678 0.997329235076904 0.996701300144196 0.991437971591949 0.986174643039703 0.980911374092102 0.975648045539856
-3.4e+38 -3.4e+38 -3.4e+38 -3.4e+38 -3.4e+38 -3.4e+38 -3.4e+38 -3.4e+38 -3.4e+38 0.982559084892273 0.976835191249847 0.971111238002777 0.965387344360352 0.959663391113281 0.953939497470856 0.948215544223785 0.94249165058136 0.938924908638 0.944958209991455 0.95099151134491 0.957024812698364 0.963058114051819 0.969091475009918 0.975124776363373 0.981158077716827 0.987191379070282 0.993224680423737 0.998343944549561 0.998304784297943 0.998265624046326 0.998226463794708 0.998187303543091 0.998148143291473 0.998108983039856 0.998069822788239 0.998030662536621 0.997991502285004 0.997937381267548 0.99777090549469 0.997604370117188 0.99743789434433 0.997271418571472 0.99710488319397 0.996938407421112 0.996771931648254 0.996605396270752 0.996438920497894 0.995959103107452 0.992090106010437 0.988221108913422 0.984352171421051 0.980483174324036
-3.4e+38 -3.4e+38 -3.4e+38 -3.4e+38 -3.4e+38 -3.4e+38 -3.4e+38 -3.4e+38 0.987063407897949 0.981415688991547 0.975767970085144 0.970120191574097 0.964472472667694 0.958824753761292 0.953176975250244 0.947529256343842 0.941881477832794 0.938388466835022 0.944484710693359 0.950580894947052 0.956677138805389 0.962773323059082 0.968869566917419 0.974965810775757 0.981061995029449 0.987158238887787 0.993254423141479 0.998410046100616 0.99825781583786 0.998105525970459 0.997953236103058 0.997800946235657 0.997648656368256 0.997496366500854 0.997344076633453 0.997191846370697 0.997039556503296 0.996896684169769 0.996824741363525 0.996752798557281 0.996680855751038 0.996608912944794 0.99653697013855 0.996465027332306 0.996393084526062 0.996321082115173 0.996249139308929 0.99592137336731 0.992826104164124 0.989730834960938 0.986635565757751 0.983540296554565
-3.4e+38 -3.4e+38 -3.4e+38 -3.4e+38 -3.4e+38 -3.4e+38 -3.4e+38 -3.4e+38 -3.4e+38 0.97199022769928 0.96734231710434 0.962694466114044 0.958046555519104 0.953398644924164 0.948750734329224 0.944102883338928 0.939454972743988 0.936793148517609 0.942970097064972 0.94914698600769 0.955323934555054 0.961500823497772 0.967677772045135 0.973854660987854 0.980031549930573 0.986208498477936 0.992385387420654 0.997607409954071 0.997440457344055 0.997273504734039 0.997106552124023 0.996939659118652 0.996772706508636 0.996605753898621 0.996438801288605 0.996271848678589 0.996104955673218 0.995965719223022 0.996034741401672 0.996103763580322 0.996172785758972 0.996241807937622 0.996310830116272 0.996379852294922 0.996448874473572 0.996517896652222 0.996586918830872 0.996414065361023 0.993625164031982 0.990836322307587 0.988047420978546 0.98525857925415
-3.4e+38 -3.4e+38 -3.4e+38 -3.4e+38 -3.4e+38 -3.4e+38 -3.4e+38 -3.4e+38 0.966212809085846 0.962564766407013 0.95891672372818 0.955268681049347 0.951620638370514 0.947972595691681 0.944324553012848 0.940676510334015 0.937028467655182 0.935197830200195 0.941455483436584 0.947713077068329 0.953970670700073 0.960228323936462 0.966485917568207 0.972743570804596 0.97900116443634 0.985258758068085 0.991516411304474 0.996804714202881 0.996623158454895 0.996441543102264 0.996259927749634 0.996078312397003 0.995896697044373 0.995715141296387 0.995533525943756 0.995351910591125 0.995170295238495 0.995034754276276 0.995244741439819 0.995454728603363 0.995664715766907 0.99587470293045 0.996084690093994 0.996294677257538 0.996504664421082 0.996714651584625 0.996924638748169 0.996906757354736 0.994424283504486 0.991941809654236 0.989459335803986 0.986976802349091
-3.4e+38 -3.4e+38 -3.4e+38 -3.4e+38 -3.4e+38 -3.4e+38 -3.4e+38 -3.4e+38 0.955787539482117 0.953139305114746 0.95049113035202 0.94784289598465 0.945194721221924 0.942546546459198 0.939898312091827 0.937250137329102 0.934601902961731 0.933602511882782 0.939940810203552 0.946279168128967 0.952617466449738 0.958955764770508 0.965294122695923 0.971632421016693 0.977970719337463 0.984309077262878 0.990647375583649 0.996002078056335 0.99580579996109 0.995609521865845 0.995413303375244 0.995217025279999 0.995020747184753 0.994824469089508 0.994628250598907 0.994431972503662 0.994235694408417 0.994103789329529 0.994454741477966 0.994805693626404 0.995156645774841 0.995507597923279 0.995858550071716 0.996209502220154 0.996560454368591 0.996911406517029 0.997262418270111 0.997399508953094 0.99522340297699 0.993047297000885 0.99087119102478 0.988695085048676
-3.4e+38 -3.4e+38 -3.4e+38 -3.4e+38 -3.4e+38 -3.4e+38 -3.4e+38 -3.4e+38 0.945362210273743 0.943713843822479 0.942065536975861 0.940417170524597 0.938768804073334 0.93712043762207 0.935472071170807 0.933823764324188 0.932175397872925 0.932007193565369 0.938426196575165 0.944845259189606 0.951264262199402 0.957683265209198 0.964102268218994 0.970521330833435 0.976940333843231 0.983359336853027 0.989778339862823 0.995199382305145 0.994988441467285 0.99477756023407 0.99456661939621 0.99435567855835 0.994144797325134 0.993933856487274 0.993722915649414 0.993512034416199 0.993301093578339 0.993172824382782 0.993664741516113 0.994156658649445 0.994648575782776 0.995140492916107 0.995632410049438 0.996124386787415 0.996616303920746 0.997108221054077 0.997600138187408 0.997892200946808 0.996022462844849 0.994152784347534 0.992283046245575 0.99041336774826
-3.4e+38 -3.4e+38 -3.4e+38 -3.4e+38 -3.4e+38 -3.4e+38 -3.4e+38 -3.4e+38 0.934936940670013 0.934288382530212 0.933639883995056 0.9329913854599 0.932342886924744 0.931694388389587 0.931045889854431 0.930397391319275 0.929748833179474 0.930411875247955 0.936911582946777 0.943411290645599 0.949911057949066 0.956410765647888 0.96291047334671 0.969410181045532 0.975909888744354 0.982409596443176 0.988909363746643 0.9943967461586 0.994171142578125 0.99394553899765 0.99371999502182 0.993494391441345 0.99326878786087 0.99304324388504 0.992817640304565 0.992592096328735 0.99236649274826 0.992241859436035 0.99287474155426 0.993507623672485 0.99414050579071 0.994773387908936 0.995406329631805 0.996039211750031 0.996672093868256 0.997304975986481 0.997937858104706 0.998384892940521 0.996821582317352 0.995258271694183 0.993694961071014 0.992131590843201
-3.4e+38 -3.4e+38 -3.4e+38 -3.4e+38 -3.4e+38 -3.4e+38 -3.4e+38 0.924160242080688 0.924511611461639 0.924862921237946 0.925214290618896 0.925565600395203 0.925916969776154 0.92626827955246 0.926619648933411 0.926970958709717 0.927322328090668 0.928816556930542 0.93539696931839 0.941977381706238 0.948557794094086 0.955138206481934 0.961718618869781 0.968299090862274 0.974879503250122 0.98145991563797 0.988040328025818 0.99359405040741 0.99335378408432 0.993113577365875 0.992873311042786 0.992633104324341 0.992392838001251 0.992152571678162 0.991912364959717 0.991672098636627 0.991431891918182 0.991310894489288 0.992084741592407 0.992858588695526 0.993632435798645 0.994406342506409 0.995180189609528 0.995954036712646 0.996727883815765 0.997501730918884 0.998275637626648 0.998877644538879 0.997620701789856 0.996363759040833 0.995106816291809 0.993849873542786
-3.4e+38 -3.4e+38 -3.4e+38 -3.4e+38 -3.4e+38 -3.4e+38 -3.4e+38 0.912735104560852 0.914086282253265 0.915437459945679 0.916788697242737 0.91813987493515 0.919491052627563 0.920842230319977 0.92219340801239 0.923544585704803 0.924895823001862 0.927221238613129 0.933882355690002 0.940543472766876 0.94720458984375 0.953865706920624 0.960526823997498 0.967187941074371 0.973849058151245 0.980510175228119 0.987171292304993 0.992791354656219 0.99253648519516 0.992281556129456 0.992026686668396 0.991771757602692 0.991516888141632 0.991261959075928 0.991007089614868 0.990752160549164 0.990497291088104 0.990379869937897 0.991294741630554 0.992209553718567 0.99312436580658 0.994039237499237 0.99495404958725 0.995868861675262 0.99678373336792 0.997698545455933 0.998613357543945 0.999370336532593 0.998419761657715 0.997469246387482 0.996518671512604 0.995568156242371
-3.4e+38 -3.4e+38 -3.4e+38 -3.4e+38 -3.4e+38 -3.4e+38 -3.4e+38 0.901309967041016 0.903661012649536 0.906012058258057 0.908363044261932 0.910714089870453 0.913065135478973 0.915416181087494 0.917767226696014 0.92011821269989 0.922469258308411 0.925625920295715 0.932367742061615 0.939109563827515 0.945851385593414 0.952593207359314 0.959335029125214 0.966076850891113 0.972818672657013 0.979560494422913 0.986302316188812 0.991988718509674 0.991719126701355 0.991449594497681 0.991180002689362 0.990910470485687 0.990640878677368 0.990371346473694 0.990101754665375 0.9898322224617 0.989562630653381 0.98944890499115 0.990504741668701 0.991560518741608 0.992616295814514 0.993672132492065 0.994727909564972 0.995783686637878 0.99683952331543 0.997895300388336 0.998951137065887 0.999863028526306 0.999218881130219 0.998574733734131 0.997930586338043 0.997286379337311
-3.4e+38 -3.4e+38 -3.4e+38 -3.4e+38 -3.4e+38 -3.4e+38 -3.4e+38 0.889884829521179 0.893235683441162 0.89658659696579 0.899937450885773 0.9032883644104 0.906639218330383 0.909990072250366 0.913340985774994 0.916691839694977 0.920042753219604 0.924030601978302 0.930853128433228 0.937675654888153 0.944498121738434 0.951320648193359 0.958143174648285 0.96496570110321 0.971788227558136 0.978610754013062 0.985433280467987 0.991186022758484 0.990901827812195 0.990617573261261 0.990333378314972 0.990049123764038 0.989764928817749 0.98948073387146 0.989196479320526 0.988912284374237 0.988628029823303 0.988517940044403 0.989714741706848 0.990911483764648 0.992108225822449 0.993305027484894 0.994501769542694 0.995698571205139 0.996895313262939 0.99809205532074 0.999288856983185 1.00035572052002 1.00001800060272 0.99968022108078 0.999342441558838 0.999004662036896
-3.4e+38 -3.4e+38 -3.4e+38 -3.4e+38 -3.4e+38 -3.4e+38 -3.4e+38 0.884127736091614 0.887826085090637 0.891524493694305 0.895222842693329 0.898921191692352 0.902619540691376 0.906317889690399 0.910016238689423 0.913714587688446 0.917412996292114 0.921672999858856 0.928432464599609 0.935191869735718 0.941951334476471 0.948710799217224 0.955470263957977 0.96222972869873 0.968989193439484 0.975748658180237 0.98250812292099 0.988235533237457 0.988138377666473 0.988041281700134 0.987944185733795 0.987847089767456 0.987749934196472 0.987652838230133 0.987555742263794 0.987458646297455 0.987361490726471 0.987428605556488 0.988728225231171 0.990027844905853 0.991327464580536 0.992627084255219 0.993926703929901 0.995226383209229 0.996526002883911 0.997825622558594 0.999125242233276 1.00030612945557 1.00020360946655 1.00010097026825 0.999998331069946 0.999895691871643
-3.4e+38 -3.4e+38 -3.4e+38 -3.4e+38 -3.4e+38 -3.4e+38 0.882493615150452 0.88324773311615 0.886732280254364 0.890216767787933 0.893701255321503 0.897185802459717 0.900670289993286 0.904154777526855 0.90763932466507 0.911123812198639 0.914608359336853 0.918659448623657 0.925232172012329 0.931804895401001 0.938377559185028 0.9449502825737 0.951523005962372 0.958095729351044 0.964668452739716 0.971241116523743 0.977813839912415 0.98343688249588 0.983700454235077 0.983964085578918 0.98422771692276 0.984491348266602 0.984754920005798 0.98501855134964 0.985282182693481 0.985545754432678 0.98580938577652 0.986203014850616 0.987572729587555 0.988942384719849 0.990312099456787 0.991681754589081 0.993051469326019 0.994421124458313 0.995790839195251 0.997160494327545 0.998530209064484 0.999790012836456 0.999861240386963 0.999932467937469 1.00000369548798 1.00007498264313
