R_scripts/int_process_data/Bio_04.asc
NCOLS 281 
NROWS 576 
XLLCORNER 81175.2677831308 
YLLCORNER 88.2293212990044 
CELLSIZE 1000 
NODATA_value -3.4e+38 
[rows 345 to 367 of 576, columns 156 to 207 of 281]
592.818969726562 594.315979003906 595.81298828125 597.309997558594 599.773010253906 602.359191894531 604.9453125 607.531494140625 610.117614746094 612.703796386719 615.289978027344 617.876098632812 620.462280273438 623.048400878906 624.356201171875 625.445434570312 626.534606933594 627.623840332031 628.713073730469 629.80224609375 630.891479492188 631.980712890625 633.069946289062 634.159118652344 634.767456054688 635.270935058594 635.7744140625 636.277893066406 636.781372070312 637.284851074219 637.788391113281 638.291870117188 638.795349121094 639.298828125 639.939758300781 640.61767578125 641.295593261719 641.973510742188 642.651428222656 643.329345703125 644.007263183594 644.685180664062 645.363098144531 646.041015625 646.880310058594 647.771850585938 648.663391113281 649.554931640625 650.446472167969 651.338012695312 652.229614257812 653.121154785156
592.566467285156 594.038696289062 595.510986328125 596.983215332031 599.399108886719 601.935241699219 604.471435546875 607.007629394531 609.543762207031 612.079956054688 614.616088867188 617.152282714844 619.688415527344 622.224609375 623.543151855469 624.653564453125 625.763977050781 626.874389648438 627.984802246094 629.095153808594 630.20556640625 631.315979003906 632.426391601562 633.536804199219 634.199523925781 634.7646484375 635.329772949219 635.894897460938 636.460083007812 637.025207519531 637.59033203125 638.155456542969 638.720642089844 639.285766601562 639.939758300781 640.61767578125 641.295593261719 641.973510742188 642.651428222656 643.329345703125 644.007263183594 644.685180664062 645.363098144531 646.041015625 646.880310058594 647.771850585938 648.663391113281 649.554931640625 650.446472167969 651.338012695312 652.229614257812 653.121154785156
592.313903808594 593.761413574219 595.208923339844 596.656433105469 599.025207519531 601.511352539062 603.99755859375 606.483703613281 608.969909667969 611.4560546875 613.942260742188 616.428405761719 618.914611816406 621.400756835938 622.730163574219 623.861755371094 624.993347167969 626.124938964844 627.256530761719 628.388122558594 629.519653320312 630.651245117188 631.782836914062 632.914428710938 633.631591796875 634.258361816406 634.885131835938 635.511962890625 636.138732910156 636.765563964844 637.392333984375 638.019104003906 638.645935058594 639.272705078125 639.939758300781 640.61767578125 641.295593261719 641.973510742188 642.651428222656 643.329345703125 644.007263183594 644.685180664062 645.363098144531 646.041015625 646.880310058594 647.771850585938 648.663391113281 649.554931640625 650.446472167969 651.338012695312 652.229614257812 653.121154785156
592.061401367188 593.484130859375 594.906921386719 596.329650878906 598.651245117188 601.087463378906 603.523620605469 605.959838867188 608.39599609375 610.832214355469 613.268371582031 615.70458984375 618.140747070312 620.576965332031 621.917114257812 623.069885253906 624.22265625 625.375427246094 626.528198242188 627.681030273438 628.833801269531 629.986572265625 631.139343261719 632.292114257812 633.063659667969 633.752075195312 634.440551757812 635.128967285156 635.817443847656 636.505859375 637.194274902344 637.882751464844 638.571166992188 639.259643554688 639.939758300781 640.61767578125 641.295593261719 641.973510742188 642.651428222656 643.329345703125 644.007263183594 644.685180664062 645.363098144531 646.041015625 646.880310058594 647.771850585938 648.663391113281 649.554931640625 650.446472167969 651.338012695312 652.229614257812 653.121154785156
591.808837890625 593.206848144531 594.604858398438 596.002868652344 598.27734375 600.66357421875 603.049743652344 605.435913085938 607.822143554688 610.208312988281 612.594543457031 614.980712890625 617.366943359375 619.753112792969 621.104064941406 622.278076171875 623.452026367188 624.6259765625 625.799926757812 626.973937988281 628.147888183594 629.321838378906 630.495788574219 631.669799804688 632.495727539062 633.245788574219 633.995910644531 634.746032714844 635.49609375 636.246215820312 636.996276855469 637.746398925781 638.496459960938 639.24658203125 639.939758300781 640.61767578125 641.295593261719 641.973510742188 642.651428222656 643.329345703125 644.007263183594 644.685180664062 645.363098144531 646.041015625 646.880310058594 647.771850585938 648.663391113281 649.554931640625 650.446472167969 651.338012695312 652.229614257812 653.121154785156
591.556274414062 592.929565429688 594.302856445312 595.676086425781 597.903442382812 600.239624023438 602.575866699219 604.912048339844 607.248291015625 609.58447265625 611.920654296875 614.256896972656 616.593078613281 618.929321289062 620.291076660156 621.486206054688 622.681335449219 623.876525878906 625.071655273438 626.266845703125 627.461975097656 628.657104492188 629.852294921875 631.047424316406 631.927795410156 632.739562988281 633.55126953125 634.363037109375 635.174743652344 635.986511230469 636.798278808594 637.609985351562 638.421752929688 639.233520507812 639.939758300781 640.61767578125 641.295593261719 641.973510742188 642.651428222656 643.329345703125 644.007263183594 644.685180664062 645.363098144531 646.041015625 646.880310058594 647.771850585938 648.663391113281 649.554931640625 650.446472167969 651.338012695312 652.229614257812 653.121154785156
591.303771972656 592.652282714844 594.000793457031 595.349304199219 597.529541015625 599.815734863281 602.101928710938 604.38818359375 606.674377441406 608.960632324219 611.246826171875 613.533020019531 615.819274902344 618.10546875 619.47802734375 620.6943359375 621.910705566406 623.127075195312 624.343383789062 625.559753417969 626.776062011719 627.992431640625 629.208740234375 630.425109863281 631.35986328125 632.233276367188 633.106628417969 633.980041503906 634.853454589844 635.726867675781 636.600219726562 637.4736328125 638.347045898438 639.220458984375 639.939758300781 640.61767578125 641.295593261719 641.973510742188 642.651428222656 643.329345703125 644.007263183594 644.685180664062 645.363098144531 646.041015625 646.880310058594 647.771850585938 648.663391113281 649.554931640625 650.446472167969 651.338012695312 652.229614257812 653.121154785156
591.051208496094 592.375 593.698791503906 595.022521972656 597.155578613281 599.391845703125 601.628051757812 603.8642578125 606.100524902344 608.336730957031 610.572937011719 612.809204101562 615.04541015625 617.281616210938 618.664978027344 619.902526855469 621.140075683594 622.377563476562 623.615112304688 624.852661132812 626.090148925781 627.327697753906 628.565246582031 629.802734375 630.791931152344 631.726989746094 632.662048339844 633.597106933594 634.532104492188 635.467163085938 636.402221679688 637.337280273438 638.272338867188 639.207397460938 639.939758300781 640.61767578125 641.295593261719 641.973510742188 642.651428222656 643.329345703125 644.007263183594 644.685180664062 645.363098144531 646.041015625 646.880310058594 647.771850585938 648.663391113281 649.554931640625 650.446472167969 651.338012695312 652.229614257812 653.121154785156
590.8076171875 592.106811523438 593.406066894531 594.705261230469 596.792297363281 598.979675292969 601.167114257812 603.354553222656 605.5419921875 607.729370117188 609.916809082031 612.104248046875 614.291625976562 616.479064941406 617.872009277344 619.129150390625 620.386291503906 621.643371582031 622.900512695312 624.157653808594 625.414733886719 626.671875 627.929016113281 629.186096191406 630.22802734375 631.223083496094 632.218078613281 633.213134765625 634.208129882812 635.203186035156 636.198181152344 637.193237304688 638.188232421875 639.183288574219 639.929077148438 640.607788085938 641.286560058594 641.96533203125 642.644104003906 643.322814941406 644.001586914062 644.680358886719 645.359130859375 646.037841796875 646.877563476562 647.76953125 648.661437988281 649.553344726562 650.445251464844 651.337219238281 652.229125976562 653.121032714844
590.835876464844 592.11669921875 593.397583007812 594.678405761719 596.752136230469 598.926879882812 601.101623535156 603.2763671875 605.451110839844 607.625854492188 609.800598144531 611.975341796875 614.150146484375 616.324890136719 617.691162109375 618.919250488281 620.147338867188 621.375366210938 622.603454589844 623.83154296875 625.059631347656 626.287658691406 627.515747070312 628.743835449219 629.787841796875 630.791687011719 631.795593261719 632.799438476562 633.803344726562 634.807189941406 635.811096191406 636.81494140625 637.81884765625 638.82275390625 639.591186523438 640.29638671875 641.001525878906 641.706726074219 642.411926269531 643.117065429688 643.822265625 644.527465820312 645.232604980469 645.937805175781 646.792785644531 647.696350097656 648.599975585938 649.503540039062 650.407104492188 651.310668945312 652.214233398438 653.117797851562
590.864135742188 592.126586914062 593.389099121094 594.651550292969 596.711975097656 598.8740234375 601.0361328125 603.198181152344 605.360290527344 607.522338867188 609.684448242188 611.846496582031 614.008605957031 616.170654296875 617.510314941406 618.709350585938 619.908325195312 621.107360839844 622.306396484375 623.505432128906 624.704467773438 625.903503417969 627.102478027344 628.301513671875 629.347595214844 630.3603515625 631.373046875 632.385803222656 633.398498535156 634.411254882812 635.423950195312 636.436706542969 637.449462890625 638.462158203125 639.253356933594 639.984924316406 640.716552734375 641.448120117188 642.179748535156 642.911315917969 643.642944335938 644.37451171875 645.106140136719 645.837707519531 646.7080078125 647.623229980469 648.538452148438 649.453674316406 650.368896484375 651.2841796875 652.199401855469 653.114624023438
590.892395019531 592.136474609375 593.380615234375 594.624755859375 596.671813964844 598.821166992188 600.970581054688 603.119995117188 605.269409179688 607.418823242188 609.568237304688 611.717651367188 613.867065429688 616.016479492188 617.329467773438 618.499450683594 619.669372558594 620.83935546875 622.009338378906 623.179321289062 624.349304199219 625.519287109375 626.689270019531 627.859252929688 628.907348632812 629.928955078125 630.950561523438 631.972106933594 632.993713378906 634.015258789062 635.036865234375 636.058471679688 637.080017089844 638.101623535156 638.915466308594 639.673522949219 640.431518554688 641.189575195312 641.947570800781 642.70556640625 643.463623046875 644.221618652344 644.979675292969 645.737670898438 646.623229980469 647.550109863281 648.476989746094 649.403869628906 650.330749511719 651.257629394531 652.184509277344 653.111389160156
590.920654296875 592.146362304688 593.372131347656 594.597900390625 596.631591796875 598.768371582031 600.905090332031 603.041809082031 605.178588867188 607.315307617188 609.452026367188 611.588806152344 613.725524902344 615.862243652344 617.148559570312 618.289489746094 619.430419921875 620.571350097656 621.712280273438 622.853210449219 623.994140625 625.135070800781 626.276000976562 627.416931152344 628.467163085938 629.49755859375 630.528015136719 631.558471679688 632.5888671875 633.619323730469 634.649780273438 635.68017578125 636.710632324219 637.741027832031 638.57763671875 639.362060546875 640.146484375 640.930969238281 641.715393066406 642.499816894531 643.284301757812 644.068725585938 644.853149414062 645.637634277344 646.538391113281 647.476928710938 648.41552734375 649.354064941406 650.292602539062 651.231140136719 652.169677734375 653.108215332031
590.948913574219 592.156311035156 593.363647460938 594.571044921875 596.591430664062 598.715515136719 600.839599609375 602.963684082031 605.087707519531 607.211791992188 609.335876464844 611.459899902344 613.583984375 615.708068847656 616.967712402344 618.07958984375 619.191467285156 620.303344726562 621.415222167969 622.527099609375 623.638977050781 624.750854492188 625.86279296875 626.974670410156 628.026916503906 629.066223144531 630.10546875 631.144775390625 632.18408203125 633.223327636719 634.262634277344 635.301940917969 636.341186523438 637.380493164062 638.23974609375 639.050659179688 639.861511230469 640.67236328125 641.483215332031 642.294067382812 643.10498046875 643.915832519531 644.726684570312 645.537536621094 646.45361328125 647.40380859375 648.35400390625 649.30419921875 650.25439453125 651.20458984375 652.15478515625 653.10498046875
590.977172851562 592.166198730469 593.355163574219 594.544189453125 596.55126953125 598.662658691406 600.774108886719 602.885498046875 604.996887207031 607.108276367188 609.219665527344 611.3310546875 613.442443847656 615.553833007812 616.786865234375 617.869689941406 618.952514648438 620.035339355469 621.1181640625 622.201049804688 623.283874511719 624.36669921875 625.449523925781 626.532348632812 627.586669921875 628.634826660156 629.682983398438 630.731079101562 631.779235839844 632.827392578125 633.875549316406 634.923645019531 635.971801757812 637.019958496094 637.901916503906 638.739196777344 639.576477050781 640.413757324219 641.251037597656 642.088317871094 642.925598144531 643.762939453125 644.600219726562 645.4375 646.368835449219 647.330688476562 648.292541503906 649.25439453125 650.216247558594 651.178100585938 652.139953613281 653.101745605469
591.005432128906 592.176086425781 593.3466796875 594.517333984375 596.511108398438 598.60986328125 600.708557128906 602.807312011719 604.906005859375 607.004760742188 609.103454589844 611.202209472656 613.300903320312 615.399658203125 616.606018066406 617.659790039062 618.713562011719 619.767333984375 620.821105957031 621.874938964844 622.9287109375 623.982482910156 625.036254882812 626.090026855469 627.146484375 628.203430175781 629.260437011719 630.317443847656 631.374450683594 632.431396484375 633.488403320312 634.54541015625 635.602416992188 636.659362792969 637.564025878906 638.427734375 639.291442871094 640.155151367188 641.018859863281 641.882568359375 642.746276855469 643.609985351562 644.473693847656 645.33740234375 646.284057617188 647.257568359375 648.231018066406 649.204528808594 650.178039550781 651.151550292969 652.125061035156 653.098571777344
591.03369140625 592.185974121094 593.338195800781 594.490478515625 596.470947265625 598.557006835938 600.64306640625 602.729125976562 604.815185546875 606.901245117188 608.9873046875 611.073364257812 613.159362792969 615.245422363281 616.425170898438 617.449890136719 618.474609375 619.499328613281 620.524108886719 621.548828125 622.573547363281 623.598266601562 624.623046875 625.647766113281 626.706237792969 627.772094726562 628.837951660156 629.903747558594 630.969604492188 632.035461425781 633.101318359375 634.167114257812 635.232971191406 636.298828125 637.226196289062 638.116333007812 639.006469726562 639.896606445312 640.786682128906 641.676818847656 642.566955566406 643.457092285156 644.347229003906 645.237365722656 646.19921875 647.184387207031 648.169555664062 649.154724121094 650.139892578125 651.125061035156 652.110168457031 653.095336914062
591.061950683594 592.195861816406 593.329711914062 594.463623046875 596.430786132812 598.504150390625 600.577575683594 602.650939941406 604.724304199219 606.797729492188 608.87109375 610.944458007812 613.017883300781 615.091247558594 616.244262695312 617.239990234375 618.235656738281 619.231323242188 620.22705078125 621.222717285156 622.218383789062 623.214111328125 624.209777832031 625.205444335938 626.265991210938 627.340698242188 628.415405273438 629.490112304688 630.564819335938 631.639465332031 632.714172363281 633.788879394531 634.863586425781 635.938293457031 636.888305664062 637.804870605469 638.721435546875 639.638000488281 640.554565429688 641.471069335938 642.387634277344 643.30419921875 644.220764160156 645.137268066406 646.114440917969 647.111267089844 648.108093261719 649.104919433594 650.101684570312 651.098510742188 652.095336914062 653.092163085938
591.090209960938 592.205749511719 593.321228027344 594.436767578125 596.390625 598.451354980469 600.512023925781 602.57275390625 604.633483886719 606.694213867188 608.7548828125 610.815612792969 612.876342773438 614.93701171875 616.063415527344 617.030029296875 617.996704101562 618.963317871094 619.929992675781 620.896606445312 621.863220214844 622.829895019531 623.796508789062 624.76318359375 625.825805664062 626.909362792969 627.992858886719 629.076416015625 630.159973144531 631.243530273438 632.327087402344 633.41064453125 634.494140625 635.577697753906 636.550476074219 637.493469238281 638.436401367188 639.37939453125 640.322387695312 641.265319824219 642.208312988281 643.151306152344 644.09423828125 645.037231445312 646.029663085938 647.038146972656 648.046569824219 649.055053710938 650.063537597656 651.072021484375 652.080444335938 653.088928222656
591.536804199219 592.682373046875 593.827941894531 594.973510742188 596.902465820312 598.931274414062 600.960021972656 602.988830566406 605.017578125 607.04638671875 609.075134277344 611.103942871094 613.132690429688 615.161499023438 616.274658203125 617.231262207031 618.187805175781 619.144409179688 620.101013183594 621.0576171875 622.014221191406 622.970764160156 623.927368164062 624.883972167969 625.955871582031 627.052856445312 628.149841308594 629.246887207031 630.343872070312 631.440856933594 632.537902832031 633.634887695312 634.731872558594 635.828918457031 636.832946777344 637.81201171875 638.791076660156 639.770141601562 640.749206542969 641.728271484375 642.707336425781 643.686401367188 644.665466308594 645.64453125 646.617736816406 647.589050292969 648.560363769531 649.531677246094 650.502990722656 651.474304199219 652.445617675781 653.416931152344
591.98388671875 593.159606933594 594.335266113281 595.510986328125 597.414978027344 599.411804199219 601.408630371094 603.405456542969 605.402282714844 607.399108886719 609.395935058594 611.392761230469 613.389587402344 615.386413574219 616.486328125 617.432922363281 618.379455566406 619.326049804688 620.272644042969 621.219177246094 622.165771484375 623.1123046875 624.058898925781 625.005493164062 626.086608886719 627.197082519531 628.307556152344 629.418029785156 630.528503417969 631.638977050781 632.749450683594 633.859924316406 634.970397949219 636.080871582031 637.1162109375 638.131408691406 639.146545410156 640.161743164062 641.176879882812 642.192077636719 643.207214355469 644.222412109375 645.237548828125 646.252746582031 647.206665039062 648.140747070312 649.074890136719 650.008972167969 650.943054199219 651.877136230469 652.811279296875 653.745361328125
592.431030273438 593.636840820312 594.842651367188 596.048461914062 597.927490234375 599.892333984375 601.857238769531 603.822082519531 605.786987304688 607.751831054688 609.716735839844 611.681579589844 613.646484375 615.611328125 616.697998046875 617.634582519531 618.571105957031 619.507690429688 620.444213867188 621.380798339844 622.317321777344 623.253845214844 624.1904296875 625.126953125 626.217346191406 627.34130859375 628.465270996094 629.589172363281 630.713134765625 631.837036132812 632.960998535156 634.084899902344 635.208862304688 636.332763671875 637.399475097656 638.450744628906 639.502014160156 640.553283691406 641.604553222656 642.655822753906 643.707092285156 644.758361816406 645.809631347656 646.860900878906 647.795593261719 648.692443847656 649.58935546875 650.486206054688 651.383117675781 652.280029296875 653.176879882812 654.073791503906
592.878112792969 594.114013671875 595.349975585938 596.585876464844 598.440002441406 600.372924804688 602.305847167969 604.23876953125 606.171691894531 608.104553222656 610.037475585938 611.970397949219 613.9033203125 615.836242675781 616.909729003906 617.836242675781 618.762756347656 619.689331054688 620.615844726562 621.542358398438 622.468872070312 623.395385742188 624.321960449219 625.248474121094 626.34814453125 627.485534667969 628.622924804688 629.760314941406 630.897705078125 632.03515625 633.172546386719 634.309936523438 635.447326660156 636.584716796875 637.682678222656 638.770080566406 639.857482910156 640.94482421875 642.0322265625 643.119567871094 644.206970214844 645.294311523438 646.381713867188 647.469055175781 648.384521484375 649.244140625 650.103820800781 650.963500976562 651.823181152344 652.682861328125 653.542541503906 654.402160644531
