R_scripts/int_process_data/Bio_11_2001.2020.asc
NCOLS 281 
NROWS 577 
XLLCORNER 81175.2677831308 
YLLCORNER -911.770678700996 
CELLSIZE 1000 
NODATA_value -3.4e+38 
[rows 322 to 344 of 577, columns 0 to 50 of 281]
-3.4e+38 -3.4e+38 -3.4e+38 -3.4e+38 -3.4e+38 -3.4e+38 -3.4e+38 -3.4e+38 -3.4e+38 -3.4e+38 -3.4e+38 -3.4e+38 -3.4e+38 -3.4e+38 285.693023681641 285.303955078125 285.560455322266 285.655151367188 285.467346191406 285.402709960938 285.291290283203 285.095703125 284.825134277344 284.707092285156 284.848999023438 284.676788330078 284.407318115234 284.495361328125 284.744598388672 284.859405517578 284.824371337891 284.684478759766 284.848052978516 284.7880859375 284.529602050781 284.477478027344 284.498077392578 284.298919677734 284.151336669922 284.091705322266 284.048248291016 283.916320800781 283.687469482422 283.734283447266 283.854034423828 283.848266601562 283.898773193359 283.976684570312 284.065643310547 284.053436279297 284.096160888672
-3.4e+38 -3.4e+38 -3.4e+38 -3.4e+38 -3.4e+38 -3.4e+38 -3.4e+38 -3.4e+38 -3.4e+38 -3.4e+38 -3.4e+38 -3.4e+38 -3.4e+38 -3.4e+38 285.726501464844 285.281799316406 285.377044677734 285.526885986328 285.311401367188 285.308197021484 285.413543701172 285.264038085938 284.97607421875 284.9677734375 284.910980224609 284.559020996094 284.417266845703 284.471282958984 284.653747558594 284.763092041016 284.657348632812 284.471893310547 284.651672363281 284.806854248047 284.573699951172 284.357055664062 284.381134033203 284.387542724609 284.250061035156 284.10205078125 283.941467285156 283.687805175781 283.545562744141 283.78369140625 283.974365234375 284.016571044922 283.928192138672 283.933044433594 283.995178222656 284.054992675781 284.099792480469
-3.4e+38 -3.4e+38 -3.4e+38 -3.4e+38 -3.4e+38 -3.4e+38 -3.4e+38 -3.4e+38 -3.4e+38 -3.4e+38 -3.4e+38 -3.4e+38 -3.4e+38 -3.4e+38 285.669616699219 285.199645996094 285.164489746094 285.207000732422 284.831390380859 284.979339599609 285.256439208984 285.353546142578 285.202209472656 285.139068603516 285.007965087891 284.811798095703 284.731872558594 284.581695556641 284.620391845703 284.772186279297 284.680023193359 284.445098876953 284.516784667969 284.751861572266 284.520721435547 284.360778808594 284.278747558594 284.265258789062 284.203857421875 284.087738037109 283.843200683594 283.351654052734 283.329467773438 283.528747558594 283.82568359375 284.121429443359 284.095092773438 284.017120361328 283.973266601562 283.997039794922 284.041931152344
-3.4e+38 -3.4e+38 -3.4e+38 -3.4e+38 -3.4e+38 -3.4e+38 -3.4e+38 -3.4e+38 -3.4e+38 -3.4e+38 -3.4e+38 -3.4e+38 -3.4e+38 -3.4e+38 285.676513671875 285.136413574219 284.906311035156 284.86181640625 284.572174072266 284.781707763672 285.116424560547 285.290466308594 285.315673828125 285.227691650391 285.114318847656 285.001251220703 284.896331787109 284.678131103516 284.576202392578 284.691192626953 284.680938720703 284.444793701172 284.459777832031 284.712493896484 284.603302001953 284.493743896484 284.396057128906 284.214599609375 283.970275878906 283.892364501953 283.424102783203 282.834045410156 282.862579345703 283.06640625 283.68701171875 284.049224853516 284.082122802734 284.116607666016 283.997863769531 284.017181396484 284.086578369141
-3.4e+38 -3.4e+38 -3.4e+38 -3.4e+38 -3.4e+38 -3.4e+38 -3.4e+38 -3.4e+38 -3.4e+38 -3.4e+38 -3.4e+38 -3.4e+38 -3.4e+38 -3.4e+38 285.590637207031 285.059295654297 284.906524658203 284.66455078125 284.735717773438 284.902282714844 285.0302734375 285.071716308594 285.104339599609 285.030883789062 284.887481689453 284.736663818359 284.718353271484 284.674957275391 284.518341064453 284.598571777344 284.553375244141 284.308074951172 284.357543945312 284.582794189453 284.692932128906 284.532348632812 284.414123535156 284.195678710938 283.795989990234 283.221435546875 282.633575439453 282.188232421875 282.378936767578 283.161163330078 283.843078613281 283.779388427734 283.798065185547 284.023040771484 284.098449707031 284.046661376953 284.105895996094
-3.4e+38 -3.4e+38 -3.4e+38 -3.4e+38 -3.4e+38 -3.4e+38 -3.4e+38 -3.4e+38 -3.4e+38 -3.4e+38 -3.4e+38 -3.4e+38 -3.4e+38 -3.4e+38 285.386444091797 285.102783203125 285.078735351562 284.891235351562 285.171630859375 285.024505615234 284.850921630859 284.812286376953 284.839538574219 284.792388916016 284.736602783203 284.643371582031 284.594543457031 284.530578613281 284.449768066406 284.518035888672 284.431182861328 284.307800292969 284.414855957031 284.478790283203 284.597045898438 284.406219482422 284.201629638672 283.955108642578 283.425415039062 282.338958740234 282.070892333984 281.775329589844 282.292999267578 283.509124755859 283.838470458984 283.752746582031 283.852386474609 284.0009765625 284.146484375 284.123077392578 284.127746582031
-3.4e+38 -3.4e+38 -3.4e+38 -3.4e+38 -3.4e+38 -3.4e+38 -3.4e+38 -3.4e+38 -3.4e+38 -3.4e+38 -3.4e+38 -3.4e+38 -3.4e+38 285.808654785156 285.400573730469 285.351287841797 285.357604980469 285.394348144531 285.267364501953 284.969818115234 284.940277099609 284.968109130859 284.957092285156 284.891906738281 284.878021240234 284.865753173828 284.746124267578 284.613037109375 284.495452880859 284.412414550781 284.347473144531 284.271514892578 284.400817871094 284.424957275391 284.478057861328 284.158966064453 283.721160888672 282.973327636719 282.201965332031 281.156188964844 281.251922607422 281.954986572266 282.934356689453 283.584350585938 283.693725585938 283.853210449219 283.971343994141 284.038787841797 284.148193359375 284.198944091797 284.133605957031
-3.4e+38 -3.4e+38 -3.4e+38 -3.4e+38 -3.4e+38 -3.4e+38 -3.4e+38 -3.4e+38 -3.4e+38 -3.4e+38 -3.4e+38 -3.4e+38 286.080993652344 285.806762695312 285.560882568359 285.538055419922 285.655517578125 285.552429199219 285.235015869141 285.097991943359 285.169769287109 285.187957763672 285.093078613281 284.995025634766 284.96435546875 284.935882568359 284.839508056641 284.728424072266 284.657135009766 284.570861816406 284.407287597656 284.228637695312 284.295196533203 284.332000732422 284.18115234375 283.789581298828 282.997222900391 281.724792480469 280.741455078125 280.375885009766 280.682067871094 282.364501953125 283.62890625 283.648773193359 283.650756835938 283.916931152344 284.050903320312 284.0791015625 284.096923828125 284.096282958984 284.049346923828
-3.4e+38 -3.4e+38 -3.4e+38 -3.4e+38 -3.4e+38 -3.4e+38 -3.4e+38 -3.4e+38 -3.4e+38 -3.4e+38 -3.4e+38 -3.4e+38 286.019714355469 285.674591064453 285.446838378906 285.491455078125 285.742523193359 285.638458251953 285.395385742188 285.2822265625 285.243530273438 285.275115966797 285.184265136719 285.1318359375 285.110290527344 285.030822753906 284.896118164062 284.759857177734 284.741363525391 284.619049072266 284.420959472656 284.326904296875 284.291809082031 284.010681152344 283.358367919922 282.989593505859 282.633117675781 281.895477294922 280.893280029297 280.581634521484 281.315765380859 283.275695800781 283.993560791016 283.837738037109 283.731353759766 283.927520751953 284.069458007812 284.186309814453 284.134918212891 284.062927246094 284.001312255859
-3.4e+38 -3.4e+38 -3.4e+38 -3.4e+38 -3.4e+38 -3.4e+38 -3.4e+38 -3.4e+38 -3.4e+38 -3.4e+38 -3.4e+38 -3.4e+38 285.890411376953 285.698120117188 285.528900146484 285.521026611328 285.715301513672 285.719665527344 285.533233642578 285.333038330078 285.292907714844 285.381256103516 285.341186523438 285.263397216797 285.16552734375 285.058959960938 284.926391601562 284.802978515625 284.687377929688 284.530090332031 284.519805908203 284.502502441406 284.215545654297 283.660675048828 283.079498291016 283.126678466797 283.240631103516 283.205169677734 282.809661865234 282.672424316406 283.169555664062 284.024169921875 284.0859375 283.913604736328 283.813140869141 283.779327392578 283.847961425781 284.147583007812 284.259582519531 284.203521728516 284.087890625
-3.4e+38 -3.4e+38 -3.4e+38 -3.4e+38 -3.4e+38 -3.4e+38 -3.4e+38 -3.4e+38 -3.4e+38 -3.4e+38 -3.4e+38 -3.4e+38 285.728881835938 285.540374755859 285.356262207031 285.375823974609 285.545257568359 285.655914306641 285.622955322266 285.431884765625 285.454284667969 285.434539794922 285.312652587891 285.205108642578 285.094512939453 284.911499023438 284.772125244141 284.639282226562 284.593414306641 284.637634277344 284.643981933594 284.345825195312 283.810150146484 283.553466796875 283.405548095703 283.576721191406 283.690124511719 283.736053466797 283.847045898438 283.946105957031 284.058044433594 284.229339599609 284.120147705078 283.9013671875 283.812072753906 283.720550537109 283.906066894531 284.183654785156 284.312286376953 284.305877685547 284.129486083984
-3.4e+38 -3.4e+38 -3.4e+38 -3.4e+38 -3.4e+38 -3.4e+38 -3.4e+38 -3.4e+38 -3.4e+38 -3.4e+38 -3.4e+38 285.944915771484 285.549865722656 285.383728027344 285.148834228516 285.148559570312 285.319641113281 285.447967529297 285.600006103516 285.557189941406 285.368743896484 285.213806152344 285.160858154297 285.184326171875 285.173461914062 285.045257568359 284.918579101562 284.801361083984 284.816497802734 284.664642333984 284.190368652344 283.754516601562 283.228118896484 283.067352294922 283.354888916016 283.588195800781 283.852142333984 284.007232666016 284.132751464844 284.175262451172 284.131927490234 284.196533203125 284.186676025391 284.040832519531 283.894805908203 283.799499511719 284.068450927734 284.307647705078 284.389373779297 284.269775390625 284.107452392578
-3.4e+38 -3.4e+38 -3.4e+38 -3.4e+38 -3.4e+38 -3.4e+38 -3.4e+38 -3.4e+38 -3.4e+38 -3.4e+38 286.086151123047 285.79248046875 285.583892822266 285.487518310547 285.227996826172 285.066162109375 285.119476318359 285.273773193359 285.414123535156 285.31689453125 285.018188476562 284.956359863281 285.003875732422 285.063781738281 285.107269287109 285.086120605469 285.030059814453 284.976593017578 284.843627929688 284.259185791016 283.454864501953 282.953887939453 282.508514404297 282.816619873047 283.474548339844 283.768798828125 283.978576660156 284.174163818359 284.185607910156 284.154418945312 284.228729248047 284.220947265625 284.233428955078 284.0908203125 283.964385986328 283.921569824219 284.124572753906 284.389892578125 284.432556152344 284.214050292969 284.073028564453
-3.4e+38 -3.4e+38 -3.4e+38 -3.4e+38 -3.4e+38 -3.4e+38 -3.4e+38 -3.4e+38 -3.4e+38 -3.4e+38 285.918884277344 285.679107666016 285.668701171875 285.667419433594 285.4609375 285.299041748047 285.220581054688 285.292846679688 285.214111328125 285.12353515625 285.08349609375 285.010528564453 284.979095458984 285.027435302734 284.932739257812 284.8330078125 284.83984375 284.791198730469 284.544311523438 283.828491210938 283.147613525391 282.688659667969 282.887420654297 283.520629882812 283.828308105469 283.950958251953 284.109924316406 284.282684326172 284.149810791016 284.047943115234 284.138732910156 284.092926025391 284.003021240234 283.937927246094 283.976501464844 284.231597900391 284.294677734375 284.410888671875 284.441528320312 284.190673828125 284.039184570312
-3.4e+38 -3.4e+38 -3.4e+38 -3.4e+38 -3.4e+38 -3.4e+38 -3.4e+38 -3.4e+38 -3.4e+38 -3.4e+38 285.907257080078 285.681640625 285.730987548828 285.772338867188 285.585144042969 285.49267578125 285.347076416016 285.413330078125 285.281036376953 285.218200683594 285.320556640625 285.202606201172 285.209320068359 285.112548828125 284.804412841797 284.715515136719 284.655822753906 284.154327392578 283.767059326172 283.285919189453 282.847076416016 282.855133056641 283.449768066406 283.916442871094 284.065948486328 284.152526855469 284.299072265625 284.361511230469 284.159423828125 283.941375732422 283.885986328125 283.731903076172 283.592956542969 283.720672607422 284.049163818359 284.371520996094 284.399963378906 284.478149414062 284.428436279297 284.129425048828 284.021087646484
-3.4e+38 -3.4e+38 -3.4e+38 -3.4e+38 -3.4e+38 -3.4e+38 -3.4e+38 -3.4e+38 -3.4e+38 286.182739257812 286.096527099609 285.906616210938 285.824890136719 285.85009765625 285.699310302734 285.621154785156 285.390472412109 285.462432861328 285.4541015625 285.452117919922 285.352386474609 285.309753417969 285.323486328125 285.080352783203 284.793365478516 284.791015625 284.289489746094 283.708587646484 283.495513916016 282.977264404297 282.893280029297 283.428131103516 283.903167724609 284.071105957031 284.226989746094 284.216949462891 284.328063964844 284.360626220703 284.213500976562 283.963348388672 283.832092285156 283.595886230469 283.276428222656 283.493225097656 284.141906738281 284.427825927734 284.447937011719 284.52587890625 284.413421630859 284.197631835938 284.003295898438
-3.4e+38 -3.4e+38 -3.4e+38 -3.4e+38 -3.4e+38 -3.4e+38 -3.4e+38 -3.4e+38 286.063507080078 285.932312011719 286.09765625 286.080657958984 285.897125244141 285.921997070312 285.859283447266 285.728546142578 285.586120605469 285.537445068359 285.614440917969 285.565307617188 285.378601074219 285.441131591797 285.345550537109 285.014312744141 284.925201416016 284.800933837891 284.099151611328 284.185913085938 283.824401855469 283.270416259766 283.503509521484 283.972686767578 284.159301757812 284.211364746094 284.234802246094 284.180908203125 284.240264892578 284.336486816406 284.248992919922 283.991729736328 283.906646728516 283.559387207031 283.012817382812 283.344512939453 284.139068603516 284.411254882812 284.408538818359 284.491638183594 284.506286621094 284.375885009766 284.025695800781
-3.4e+38 -3.4e+38 -3.4e+38 -3.4e+38 -3.4e+38 -3.4e+38 -3.4e+38 -3.4e+38 285.826202392578 285.703643798828 285.992767333984 286.064636230469 285.981750488281 285.99072265625 285.959320068359 285.877014160156 285.7734375 285.719177246094 285.548919677734 285.063354492188 285.006164550781 285.392639160156 285.164184570312 284.992523193359 285.119537353516 284.943939208984 284.460632324219 284.356140136719 283.8857421875 283.843292236328 284.039581298828 284.060974121094 284.165191650391 284.271453857422 284.267211914062 284.251434326172 284.246948242188 284.252014160156 284.173400878906 284.077331542969 283.795654296875 283.370300292969 282.979095458984 283.396331787109 284.1494140625 284.450897216797 284.406799316406 284.426147460938 284.552429199219 284.49267578125 284.124572753906
-3.4e+38 -3.4e+38 -3.4e+38 -3.4e+38 -3.4e+38 -3.4e+38 -3.4e+38 286.125671386719 285.68310546875 285.751739501953 285.900512695312 285.958831787109 286.072540283203 285.942108154297 285.80029296875 285.804565429688 285.663330078125 285.586517333984 285.514862060547 284.901916503906 284.869750976562 285.275054931641 284.881317138672 284.7939453125 285.019226074219 284.996459960938 284.7353515625 284.553619384766 284.298248291016 284.241760253906 284.264343261719 284.083648681641 283.986785888672 284.047760009766 284.093994140625 284.036163330078 284.010528564453 283.957885742188 283.971618652344 284.179412841797 284.003265380859 283.423431396484 283.081451416016 283.555725097656 284.148864746094 284.434997558594 284.495056152344 284.457794189453 284.528228759766 284.49560546875 284.159515380859
-3.4e+38 -3.4e+38 -3.4e+38 -3.4e+38 -3.4e+38 -3.4e+38 -3.4e+38 286.119323730469 285.684448242188 285.760925292969 285.824096679688 285.758117675781 286.008422851562 285.911560058594 285.709808349609 285.716247558594 285.575408935547 285.389801025391 285.329437255859 285.155456542969 284.845031738281 285.052307128906 284.948181152344 284.583709716797 284.658142089844 284.976318359375 284.955413818359 284.73095703125 284.458160400391 284.355651855469 284.354614257812 284.142791748047 283.859649658203 283.870056152344 283.890289306641 283.773712158203 283.858612060547 283.874328613281 283.889434814453 284.067565917969 284.170959472656 283.760559082031 283.368865966797 283.819183349609 284.25732421875 284.323883056641 284.419860839844 284.519409179688 284.56103515625 284.434600830078 284.081481933594
-3.4e+38 -3.4e+38 -3.4e+38 -3.4e+38 -3.4e+38 -3.4e+38 -3.4e+38 -3.4e+38 285.745971679688 285.633819580078 285.710693359375 285.569183349609 285.837219238281 285.801147460938 285.799072265625 285.669403076172 285.535675048828 285.334014892578 285.346527099609 285.398254394531 284.845031738281 284.763732910156 284.775482177734 284.418151855469 284.433959960938 284.908203125 284.929504394531 284.816162109375 284.599212646484 284.482177734375 284.312652587891 284.016662597656 283.848602294922 283.866271972656 283.997253417969 283.945251464844 283.762481689453 283.532562255859 283.4931640625 283.584869384766 283.968414306641 284.033416748047 283.739959716797 284.075653076172 284.394378662109 284.360290527344 284.346130371094 284.529479980469 284.580383300781 284.291473388672 283.935668945312
-3.4e+38 -3.4e+38 -3.4e+38 -3.4e+38 -3.4e+38 -3.4e+38 -3.4e+38 286.227661132812 285.760131835938 285.516510009766 285.521484375 285.359252929688 285.672454833984 285.697113037109 285.631774902344 285.532287597656 285.342590332031 285.137817382812 285.361053466797 285.583374023438 285.343475341797 285.094177246094 284.831420898438 284.216949462891 284.187225341797 284.718109130859 284.580261230469 284.839904785156 284.668609619141 284.517395019531 284.305145263672 284.085296630859 283.791870117188 283.755981445312 283.857696533203 283.758819580078 283.364227294922 283.134979248047 283.139465332031 283.224487304688 283.590576171875 283.996459960938 283.910919189453 284.209228515625 284.462615966797 284.505279541016 284.482360839844 284.537231445312 284.543395996094 284.179077148438 283.976013183594
-3.4e+38 -3.4e+38 -3.4e+38 -3.4e+38 -3.4e+38 -3.4e+38 -3.4e+38 286.176971435547 285.642700195312 285.523406982422 285.425384521484 285.157470703125 285.470489501953 285.631774902344 285.451995849609 285.306701660156 285.245849609375 285.117431640625 285.403503417969 285.519104003906 285.321136474609 285.106170654297 284.844940185547 284.227874755859 283.813232421875 284.140228271484 284.217651367188 284.796539306641 284.687652587891 284.210784912109 283.903411865234 283.733947753906 283.542663574219 283.496765136719 283.561431884766 283.411193847656 283.071624755859 283.110778808594 283.157836914062 283.082305908203 283.132141113281 283.295257568359 283.369445800781 284.019226074219 284.421844482422 284.489776611328 284.5009765625 284.543884277344 284.534149169922 284.311767578125 284.249481201172
