R_scripts/int_process_data/Bio_05_2001.2020.asc
NCOLS 281 
NROWS 577 
XLLCORNER 81175.2677831308 
YLLCORNER -911.770678700996 
CELLSIZE 1000 
NODATA_value -3.4e+38 
[rows 322 to 344 of 577, columns 156 to 207 of 281]
306.166259765625 306.154052734375 306.161834716797 306.174987792969 306.178741455078 306.152893066406 306.141510009766 306.160095214844 306.189514160156 306.210174560547 306.214569091797 306.206085205078 306.183715820312 306.179901123047 306.191223144531 306.208099365234 306.227813720703 306.243621826172 306.257873535156 306.276062011719 306.292602539062 306.309722900391 306.328033447266 306.343658447266 306.356231689453 306.363952636719 306.363525390625 306.351379394531 306.338073730469 306.352447509766 306.36181640625 306.337341308594 306.32177734375 306.278961181641 306.305725097656 306.3134765625 306.239135742188 306.210388183594 306.202819824219 306.258178710938 -3.4e+38 -3.4e+38 -3.4e+38 -3.4e+38 -3.4e+38 -3.4e+38 -3.4e+38 -3.4e+38 -3.4e+38 -3.4e+38 -3.4e+38 -3.4e+38
306.172149658203 306.19287109375 306.1962890625 306.193267822266 306.247222900391 306.236663818359 306.181213378906 306.158264160156 306.168151855469 306.188568115234 306.210815429688 306.224212646484 306.200103759766 306.192718505859 306.209564208984 306.206726074219 306.210998535156 306.225738525391 306.245574951172 306.269012451172 306.294128417969 306.311981201172 306.328887939453 306.345855712891 306.362152099609 306.371887207031 306.376312255859 306.372650146484 306.362487792969 306.369689941406 306.386108398438 306.399597167969 306.394958496094 306.363220214844 306.351928710938 306.364166259766 306.332550048828 306.269378662109 306.262176513672 306.308197021484 -3.4e+38 -3.4e+38 -3.4e+38 -3.4e+38 -3.4e+38 -3.4e+38 -3.4e+38 -3.4e+38 -3.4e+38 -3.4e+38 -3.4e+38 -3.4e+38
306.136901855469 306.171600341797 306.209503173828 306.220062255859 306.238525390625 306.258605957031 306.235015869141 306.208740234375 306.189361572266 306.183532714844 306.2060546875 306.230651855469 306.222564697266 306.202697753906 306.218841552734 306.225677490234 306.222991943359 306.227966308594 306.248352050781 306.269653320312 306.291015625 306.310028076172 306.333312988281 306.353179931641 306.374237060547 306.384094238281 306.387786865234 306.392181396484 306.390930175781 306.394836425781 306.406494140625 306.428009033203 306.433929443359 306.419342041016 306.417205810547 306.416931152344 306.381683349609 306.340850830078 306.315643310547 306.299743652344 -3.4e+38 -3.4e+38 -3.4e+38 -3.4e+38 -3.4e+38 -3.4e+38 -3.4e+38 -3.4e+38 -3.4e+38 -3.4e+38 -3.4e+38 -3.4e+38
306.151794433594 306.164825439453 306.231964111328 306.288208007812 306.27001953125 306.264495849609 306.268890380859 306.246154785156 306.233795166016 306.247467041016 306.252288818359 306.241546630859 306.243743896484 306.224975585938 306.217620849609 306.237426757812 306.240783691406 306.241302490234 306.259185791016 306.274291992188 306.292327880859 306.315887451172 306.340179443359 306.35888671875 306.380279541016 306.392211914062 306.3974609375 306.403961181641 306.410736083984 306.415466308594 306.426422119141 306.43994140625 306.434265136719 306.414733886719 306.421539306641 306.447204589844 306.432067871094 306.389007568359 306.383361816406 306.338348388672 -3.4e+38 -3.4e+38 -3.4e+38 -3.4e+38 -3.4e+38 -3.4e+38 -3.4e+38 -3.4e+38 -3.4e+38 -3.4e+38 -3.4e+38 -3.4e+38
306.202545166016 306.194030761719 306.235900878906 306.326934814453 306.330535888672 306.305877685547 306.294464111328 306.26806640625 306.256713867188 306.297485351562 306.308197021484 306.257568359375 306.255249023438 306.25732421875 306.234436035156 306.2373046875 306.251831054688 306.267700195312 306.277618408203 306.282623291016 306.297210693359 306.321472167969 306.348510742188 306.368621826172 306.388427734375 306.395782470703 306.404815673828 306.412048339844 306.419555664062 306.428833007812 306.440612792969 306.448699951172 306.442657470703 306.423034667969 306.418426513672 306.448486328125 306.472198486328 306.428833007812 306.396514892578 306.392395019531 -3.4e+38 -3.4e+38 -3.4e+38 -3.4e+38 -3.4e+38 -3.4e+38 -3.4e+38 -3.4e+38 -3.4e+38 -3.4e+38 -3.4e+38 -3.4e+38
306.219360351562 306.215515136719 306.229034423828 306.281127929688 306.311920166016 306.335571289062 306.331665039062 306.29150390625 306.268249511719 306.292602539062 306.320587158203 306.283386230469 306.279937744141 306.285186767578 306.271759033203 306.263702392578 306.263824462891 306.287017822266 306.301147460938 306.298461914062 306.304016113281 306.322143554688 306.349365234375 306.373840332031 306.395568847656 306.402923583984 306.416229248047 306.422454833984 306.426513671875 306.435729980469 306.446380615234 306.455261230469 306.463195800781 306.461090087891 306.457489013672 306.477325439453 306.496337890625 306.453063964844 306.406280517578 306.416595458984 306.463226318359 306.517730712891 -3.4e+38 -3.4e+38 -3.4e+38 -3.4e+38 -3.4e+38 -3.4e+38 -3.4e+38 -3.4e+38 -3.4e+38 -3.4e+38
306.197479248047 306.198333740234 306.212280273438 306.248809814453 306.296020507812 306.365600585938 306.411529541016 306.371917724609 306.305206298828 306.294158935547 306.322204589844 306.301574707031 306.294189453125 306.315002441406 306.313568115234 306.312072753906 306.299743652344 306.319671630859 306.336822509766 306.322875976562 306.319396972656 306.330505371094 306.348327636719 306.367980957031 306.387756347656 306.40185546875 306.419708251953 306.431884765625 306.437286376953 306.441772460938 306.450653076172 306.462310791016 306.471343994141 306.47412109375 306.482391357422 306.510833740234 306.522369384766 306.495758056641 306.464080810547 306.458740234375 306.495635986328 306.546325683594 -3.4e+38 -3.4e+38 -3.4e+38 -3.4e+38 -3.4e+38 -3.4e+38 -3.4e+38 -3.4e+38 -3.4e+38 -3.4e+38
306.170043945312 306.17236328125 306.203948974609 306.244873046875 306.296783447266 306.372009277344 306.459747314453 306.435974121094 306.363250732422 306.332397460938 306.327514648438 306.316009521484 306.31298828125 306.332275390625 306.342498779297 306.351287841797 306.341583251953 306.35595703125 306.358154296875 306.339996337891 306.332946777344 306.352294921875 306.366394042969 306.374572753906 306.393798828125 306.406829833984 306.421691894531 306.437530517578 306.444519042969 306.447052001953 306.454681396484 306.466522216797 306.475494384766 306.483856201172 306.503295898438 306.531036376953 306.544097900391 306.533660888672 306.508941650391 306.502838134766 306.521087646484 306.559692382812 306.606628417969 306.632080078125 306.661346435547 306.718902587891 306.766632080078 -3.4e+38 -3.4e+38 -3.4e+38 -3.4e+38 -3.4e+38
306.137664794922 306.148742675781 306.177398681641 306.216033935547 306.256896972656 306.309753417969 306.38671875 306.375457763672 306.375732421875 306.404815673828 306.370971679688 306.340576171875 306.346893310547 306.368255615234 306.378845214844 306.388427734375 306.373626708984 306.361663818359 306.364440917969 306.360412597656 306.356384277344 306.370849609375 306.390625 306.395721435547 306.406158447266 306.419067382812 306.433654785156 306.442474365234 306.447570800781 306.452514648438 306.4580078125 306.472381591797 306.483489990234 306.498291015625 306.520477294922 306.542877197266 306.552825927734 306.561096191406 306.559478759766 306.554565429688 306.543243408203 306.564697265625 306.613922119141 306.663299560547 306.684936523438 306.722045898438 306.759643554688 306.807647705078 306.844421386719 -3.4e+38 -3.4e+38 -3.4e+38
306.112609863281 306.127227783203 306.146789550781 306.177429199219 306.212677001953 306.252349853516 306.287170410156 306.291229248047 306.332672119141 306.395233154297 306.389892578125 306.350067138672 306.355010986328 306.388977050781 306.421020507812 306.421142578125 306.382019042969 306.3515625 306.385345458984 306.403045654297 306.394592285156 306.390350341797 306.409729003906 306.424835205078 306.43310546875 306.440368652344 306.445343017578 306.447296142578 306.447631835938 306.452819824219 306.461944580078 306.481414794922 306.494079589844 306.510620117188 306.532531738281 306.555267333984 306.571136474609 306.584716796875 306.598785400391 306.606750488281 306.621002197266 306.640380859375 306.648590087891 306.685302734375 306.733367919922 306.761596679688 306.788391113281 306.828491210938 306.858551025391 306.882629394531 -3.4e+38 -3.4e+38
306.090118408203 306.122009277344 306.115386962891 306.153472900391 306.186676025391 306.209991455078 306.233367919922 306.272277832031 306.321228027344 306.354522705078 306.351928710938 306.317474365234 306.326324462891 306.381683349609 306.436614990234 306.420532226562 306.381195068359 306.329833984375 306.354522705078 306.409576416016 306.438354492188 306.432891845703 306.437927246094 306.4482421875 306.462463378906 306.463500976562 306.467010498047 306.462371826172 306.451263427734 306.451843261719 306.462829589844 306.485107421875 306.502593994141 306.520812988281 306.541625976562 306.565490722656 306.589630126953 306.607116699219 306.623016357422 306.633575439453 306.662536621094 306.694702148438 306.717132568359 306.734283447266 306.746765136719 306.760070800781 306.813415527344 306.869415283203 306.89697265625 306.9130859375 -3.4e+38 -3.4e+38
306.071563720703 306.099395751953 306.100891113281 306.153594970703 306.164825439453 306.188903808594 306.239685058594 306.253479003906 306.295562744141 306.353912353516 306.317840576172 306.289215087891 306.313659667969 306.352386474609 306.432708740234 306.434112548828 306.386108398438 306.337646484375 306.31494140625 306.363433837891 306.425964355469 306.442565917969 306.439636230469 306.459014892578 306.478118896484 306.46826171875 306.466705322266 306.474914550781 306.469177246094 306.460418701172 306.465484619141 306.484619140625 306.505249023438 306.527252197266 306.550079345703 306.573852539062 306.600036621094 306.621368408203 306.636047363281 306.646240234375 306.666168212891 306.696258544922 306.732818603516 306.774597167969 306.800415039062 306.813842773438 306.839752197266 306.889129638672 306.916961669922 306.925354003906 -3.4e+38 -3.4e+38
306.051330566406 306.060638427734 306.086273193359 306.116882324219 306.120300292969 306.156494140625 306.207794189453 306.221527099609 306.253173828125 306.332458496094 306.301391601562 306.276580810547 306.322357177734 306.348907470703 306.430725097656 306.478393554688 306.43505859375 306.377960205078 306.322021484375 306.320281982422 306.368988037109 306.406829833984 306.415618896484 306.440704345703 306.469207763672 306.479339599609 306.462066650391 306.472137451172 306.49169921875 306.490386962891 306.487945556641 306.497314453125 306.5126953125 306.533081054688 306.556823730469 306.581512451172 306.607391357422 306.628845214844 306.646423339844 306.665374755859 306.684814453125 306.698699951172 306.714874267578 306.757568359375 306.8017578125 306.847900390625 306.874633789062 306.914886474609 306.948333740234 -3.4e+38 -3.4e+38 -3.4e+38
306.028930664062 306.038665771484 306.068389892578 306.081329345703 306.095764160156 306.140441894531 306.161834716797 306.195404052734 306.221099853516 306.245849609375 306.247772216797 306.278472900391 306.328216552734 306.348724365234 306.408203125 306.4912109375 306.492889404297 306.42138671875 306.345947265625 306.296020507812 306.326477050781 306.38427734375 306.383636474609 306.397247314453 306.445129394531 306.475341796875 306.460540771484 306.470306396484 306.49609375 306.516235351562 306.518188476562 306.516540527344 306.528869628906 306.546081542969 306.565155029297 306.587615966797 306.613006591797 306.635528564453 306.657958984375 306.679290771484 306.70068359375 306.716552734375 306.728424072266 306.755249023438 306.784545898438 306.835205078125 306.884155273438 306.928466796875 306.958526611328 -3.4e+38 -3.4e+38 -3.4e+38
306.0400390625 306.051330566406 306.061920166016 306.067840576172 306.091400146484 306.102630615234 306.138916015625 306.166778564453 306.1728515625 306.163452148438 306.192291259766 306.239074707031 306.280456542969 306.354827880859 306.412628173828 306.478973388672 306.518920898438 306.483947753906 306.407318115234 306.324493408203 306.305969238281 306.346069335938 306.356689453125 306.379791259766 306.4404296875 306.472686767578 306.459411621094 306.470855712891 306.502563476562 306.527496337891 306.546966552734 306.549896240234 306.549926757812 306.559234619141 306.577514648438 306.596984863281 306.618408203125 306.642364501953 306.667083740234 306.688507080078 306.708343505859 306.731384277344 306.752807617188 306.783447265625 306.802886962891 306.829833984375 306.870941162109 306.928894042969 -3.4e+38 -3.4e+38 -3.4e+38 -3.4e+38
306.08837890625 306.096893310547 306.109191894531 306.106750488281 306.091278076172 306.075286865234 306.117279052734 306.116394042969 306.122985839844 306.141418457031 306.177673339844 306.218505859375 306.249633789062 306.317932128906 306.399688720703 306.448120117188 306.47216796875 306.484252929688 306.467803955078 306.392944335938 306.331726074219 306.305694580078 306.331817626953 306.400756835938 306.451934814453 306.460510253906 306.448669433594 306.471099853516 306.504272460938 306.524810791016 306.557495117188 306.580047607422 306.578521728516 306.581970214844 306.596435546875 306.609954833984 306.625671386719 306.648132324219 306.67333984375 306.696990966797 306.720062255859 306.746398925781 306.771362304688 306.802764892578 306.827117919922 306.851104736328 306.879974365234 306.923858642578 306.968994140625 -3.4e+38 -3.4e+38 -3.4e+38
306.159454345703 306.14697265625 306.151275634766 306.131927490234 306.072204589844 306.053924560547 306.060516357422 306.066253662109 306.117980957031 306.151947021484 306.179229736328 306.202789306641 306.215911865234 306.277954101562 306.401641845703 306.452545166016 306.405822753906 306.447479248047 306.502685546875 306.463531494141 306.402038574219 306.33056640625 306.324096679688 306.390747070312 306.426849365234 306.435852050781 306.436706542969 306.484771728516 306.500701904297 306.514801025391 306.561767578125 306.5908203125 306.601135253906 306.603302001953 306.610656738281 306.621032714844 306.634857177734 306.654113769531 306.679412841797 306.705932617188 306.731018066406 306.759490966797 306.786102294922 306.812957763672 306.840972900391 306.871215820312 306.900604248047 306.931365966797 306.969024658203 307.010314941406 307.0439453125 307.075744628906
306.231903076172 306.189880371094 306.181976318359 306.151794433594 306.072875976562 306.020965576172 306.025299072266 306.073547363281 306.128967285156 306.161437988281 306.1708984375 306.155639648438 306.176910400391 306.219085693359 306.328216552734 306.408233642578 306.363372802734 306.422729492188 306.501922607422 306.491027832031 306.443725585938 306.399291992188 306.335601806641 306.350677490234 306.386871337891 306.401000976562 306.440551757812 306.478363037109 306.491027832031 306.517669677734 306.561340332031 306.589294433594 306.608856201172 306.612121582031 306.618835449219 306.632568359375 306.646118164062 306.661163330078 306.683746337891 306.711975097656 306.740295410156 306.770690917969 306.798553466797 306.822631835938 306.846923828125 306.879608154297 306.910919189453 306.942993164062 306.973114013672 307.004211425781 307.040222167969 307.076232910156
306.197692871094 306.206817626953 306.169586181641 306.146148681641 306.099670410156 306.009765625 306.028839111328 306.081176757812 306.108520507812 306.140167236328 306.139587402344 306.116027832031 306.130218505859 306.173278808594 306.256042480469 306.315643310547 306.322875976562 306.385223388672 306.474853515625 306.506469726562 306.461395263672 306.421203613281 306.363464355469 306.338928222656 306.365905761719 306.393188476562 306.431274414062 306.464782714844 306.503936767578 306.536956787109 306.571258544922 306.603057861328 306.621185302734 306.628143310547 306.630798339844 306.638763427734 306.660583496094 306.673889160156 306.689392089844 306.717895507812 306.748260498047 306.779968261719 306.808380126953 306.831878662109 306.853820800781 306.884704589844 306.916870117188 306.947357177734 306.972686767578 307.000457763672 307.029846191406 307.056182861328
306.101196289062 306.11328125 306.094879150391 306.069763183594 306.044952392578 306.003753662109 306.0048828125 306.014862060547 306.039337158203 306.082977294922 306.102722167969 306.095581054688 306.101959228516 306.15380859375 306.217529296875 306.261535644531 306.30322265625 306.363189697266 306.43701171875 306.523986816406 306.510650634766 306.411926269531 306.365783691406 306.336730957031 306.367584228516 306.403869628906 306.446319580078 306.487030029297 306.534271240234 306.573150634766 306.605865478516 306.619476318359 306.625244140625 306.638977050781 306.637939453125 306.643493652344 306.670196533203 306.685607910156 306.699523925781 306.723052978516 306.753845214844 306.786712646484 306.81640625 306.842681884766 306.866119384766 306.893920898438 306.920257568359 306.947509765625 306.970977783203 307.001525878906 307.026611328125 307.046844482422
305.993865966797 306.010955810547 306.08935546875 306.068023681641 306.082305908203 306.098022460938 306.020385742188 305.999206542969 306.016265869141 306.03271484375 306.059844970703 306.081085205078 306.104797363281 306.128173828125 306.187561035156 306.246612548828 306.306671142578 306.338684082031 306.403350830078 306.510803222656 306.553253173828 306.420135498047 306.337738037109 306.353637695312 306.428131103516 306.470275878906 306.519226074219 306.554901123047 306.574493408203 306.605072021484 306.623443603516 306.626129150391 306.624114990234 306.638000488281 306.641540527344 306.647674560547 306.669494628906 306.686859130859 306.706115722656 306.728759765625 306.758544921875 306.792877197266 306.824035644531 306.853088378906 306.879669189453 306.906860351562 306.930938720703 306.957611083984 306.982208251953 307.015075683594 307.040618896484 307.058746337891
305.921997070312 306.013458251953 306.152099609375 306.1845703125 306.21337890625 306.211303710938 306.118988037109 306.123352050781 306.111267089844 306.051177978516 306.055603027344 306.067169189453 306.085662841797 306.114868164062 306.187286376953 306.242553710938 306.279296875 306.302917480469 306.355712890625 306.433471679688 306.457427978516 306.372833251953 306.34326171875 306.412750244141 306.471649169922 306.499938964844 306.541839599609 306.580200195312 306.601745605469 306.632965087891 306.629669189453 306.623321533203 306.621673583984 306.632385253906 306.646331787109 306.654510498047 306.668090820312 306.687133789062 306.708770751953 306.733184814453 306.762634277344 306.796875 306.829956054688 306.860595703125 306.889556884766 306.918884277344 306.944976806641 306.972351074219 306.998565673828 307.03173828125 307.053802490234 307.069305419922
305.934143066406 306.043395996094 306.173583984375 306.258605957031 306.294525146484 306.263580322266 306.202026367188 306.241912841797 306.194305419922 306.086273193359 306.097564697266 306.110015869141 306.112518310547 306.151306152344 306.172180175781 306.202819824219 306.220825195312 306.257171630859 306.314758300781 306.357696533203 306.353088378906 306.311401367188 306.359832763672 306.421783447266 306.4501953125 306.488250732422 306.541809082031 306.583435058594 306.621887207031 306.652282714844 306.640716552734 306.634613037109 306.630432128906 306.637603759766 306.651458740234 306.665069580078 306.682434082031 306.703155517578 306.723876953125 306.746307373047 306.773132324219 306.805603027344 306.836181640625 306.866485595703 306.896759033203 306.929077148438 306.957214355469 306.985626220703 307.013244628906 307.043792724609 307.062957763672 307.079620361328
