R_scripts/int_process_data/Bio_04.asc
NCOLS 281 
NROWS 576 
XLLCORNER 81175.2677831308 
YLLCORNER 88.2293212990044 
CELLSIZE 1000 
NODATA_value -3.4e+38 
[rows 414 to 436 of 576, columns 156 to 207 of 281]
596.405029296875 597.622436523438 598.839782714844 600.057189941406 601.663940429688 603.3203125 604.976745605469 606.633117675781 608.28955078125 609.945922851562 611.602355957031 613.258728027344 614.915161132812 616.571533203125 617.453186035156 618.202392578125 618.95166015625 619.700866699219 620.450073242188 621.199279785156 621.948486328125 622.697692871094 623.446899414062 624.196166992188 624.783874511719 625.33642578125 625.888977050781 626.441528320312 626.994079589844 627.546691894531 628.099243164062 628.651794433594 629.204345703125 629.756896972656 629.817260742188 629.745361328125 629.673461914062 -3.4e+38 -3.4e+38 -3.4e+38 -3.4e+38 -3.4e+38 -3.4e+38 -3.4e+38 -3.4e+38 -3.4e+38 -3.4e+38 -3.4e+38 -3.4e+38 -3.4e+38 -3.4e+38 -3.4e+38
596.870239257812 598.089904785156 599.3095703125 600.529235839844 602.1005859375 603.716735839844 605.332946777344 606.949157714844 608.565307617188 610.181518554688 611.797729492188 613.413940429688 615.030090332031 616.646301269531 617.506042480469 618.236389160156 618.966796875 619.697204589844 620.427551269531 621.157958984375 621.888366699219 622.618713378906 623.34912109375 624.079528808594 624.678466796875 625.248779296875 625.819030761719 626.389343261719 626.959655761719 627.529968261719 628.100280761719 628.670593261719 629.240844726562 629.811157226562 629.883850097656 629.822692871094 629.761535644531 -3.4e+38 -3.4e+38 -3.4e+38 -3.4e+38 -3.4e+38 -3.4e+38 -3.4e+38 -3.4e+38 -3.4e+38 -3.4e+38 -3.4e+38 -3.4e+38 -3.4e+38 -3.4e+38 -3.4e+38
597.33544921875 598.557373046875 599.779296875 601.001220703125 602.537170410156 604.113159179688 605.689147949219 607.26513671875 608.841125488281 610.417114257812 611.993103027344 613.569091796875 615.145080566406 616.721069335938 617.558837890625 618.270385742188 618.98193359375 619.693542480469 620.405090332031 621.116638183594 621.828186035156 622.539733886719 623.251342773438 623.962890625 624.573059082031 625.161071777344 625.749145507812 626.337158203125 626.925231933594 627.513244628906 628.101318359375 628.689331054688 629.277404785156 629.865417480469 629.950378417969 629.900024414062 629.849670410156 629.79931640625 -3.4e+38 -3.4e+38 -3.4e+38 -3.4e+38 -3.4e+38 -3.4e+38 -3.4e+38 -3.4e+38 -3.4e+38 -3.4e+38 -3.4e+38 -3.4e+38 -3.4e+38 -3.4e+38
597.800598144531 599.024841308594 600.249084472656 601.473266601562 602.973815917969 604.509582519531 606.04541015625 607.581176757812 609.116943359375 610.652709960938 612.1884765625 613.724304199219 615.260070800781 616.795837402344 617.611633300781 618.304382324219 618.997131347656 619.689880371094 620.382568359375 621.075317382812 621.76806640625 622.460815429688 623.153503417969 623.846252441406 624.467590332031 625.073425292969 625.67919921875 626.284973144531 626.890747070312 627.49658203125 628.102355957031 628.708129882812 629.31396484375 629.919738769531 630.016906738281 629.977355957031 629.937805175781 629.898254394531 -3.4e+38 -3.4e+38 -3.4e+38 -3.4e+38 -3.4e+38 -3.4e+38 -3.4e+38 -3.4e+38 -3.4e+38 -3.4e+38 -3.4e+38 -3.4e+38 -3.4e+38 -3.4e+38
598.265808105469 599.492309570312 600.718811035156 601.9453125 603.410461425781 604.906005859375 606.401611328125 607.897155761719 609.392761230469 610.888305664062 612.383911132812 613.879455566406 615.375 616.87060546875 617.664489746094 618.33837890625 619.012268066406 619.686218261719 620.360107421875 621.033996582031 621.707885742188 622.3818359375 623.055725097656 623.729614257812 624.362182617188 624.985717773438 625.609252929688 626.232788085938 626.856323242188 627.479858398438 628.103393554688 628.726928710938 629.350463867188 629.973999023438 630.08349609375 630.0546875 630.025939941406 629.997131347656 629.968383789062 -3.4e+38 -3.4e+38 -3.4e+38 -3.4e+38 -3.4e+38 -3.4e+38 -3.4e+38 -3.4e+38 -3.4e+38 -3.4e+38 -3.4e+38 -3.4e+38 -3.4e+38
598.731018066406 599.959777832031 601.188537597656 602.417358398438 603.847106933594 605.302429199219 606.7578125 608.213195800781 609.668518066406 611.123901367188 612.579284667969 614.034606933594 615.489990234375 616.945373535156 617.71728515625 618.372375488281 619.027465820312 619.682556152344 620.337585449219 620.99267578125 621.647766113281 622.302856445312 622.957946777344 623.612976074219 624.256774902344 624.898010253906 625.539306640625 626.180603027344 626.821899414062 627.463134765625 628.104431152344 628.745727539062 629.387023925781 630.0283203125 630.150024414062 630.132019042969 630.114074707031 630.096069335938 630.078063964844 630.060119628906 -3.4e+38 -3.4e+38 -3.4e+38 -3.4e+38 -3.4e+38 -3.4e+38 -3.4e+38 -3.4e+38 -3.4e+38 -3.4e+38 -3.4e+38 -3.4e+38
599.196166992188 600.42724609375 601.658325195312 602.889343261719 604.28369140625 605.698852539062 607.114013671875 608.529174804688 609.9443359375 611.359497070312 612.774658203125 614.189819335938 615.60498046875 617.020141601562 617.770080566406 618.406372070312 619.042602539062 619.678833007812 620.315124511719 620.951354980469 621.587646484375 622.223876953125 622.860107421875 623.496398925781 624.151306152344 624.810363769531 625.469360351562 626.12841796875 626.787414550781 627.446472167969 628.10546875 628.764526367188 629.423522949219 630.082580566406 630.216552734375 630.209350585938 630.2021484375 630.195007324219 630.187805175781 630.180603027344 630.173400878906 -3.4e+38 -3.4e+38 -3.4e+38 -3.4e+38 -3.4e+38 -3.4e+38 -3.4e+38 -3.4e+38 -3.4e+38 -3.4e+38 -3.4e+38
599.661376953125 600.894714355469 602.128051757812 603.361389160156 604.720336914062 606.095275878906 607.47021484375 608.84521484375 610.220153808594 611.595092773438 612.970031738281 614.344970703125 615.719970703125 617.094909667969 617.822937011719 618.440368652344 619.057800292969 619.675170898438 620.292602539062 620.910034179688 621.527465820312 622.144897460938 622.762329101562 623.379760742188 624.0458984375 624.72265625 625.399475097656 626.076232910156 626.752990722656 627.429748535156 628.106567382812 628.783325195312 629.460083007812 630.136840820312 630.283081054688 630.286682128906 630.290283203125 630.293884277344 630.297485351562 630.301086425781 630.3046875 630.308288574219 -3.4e+38 -3.4e+38 -3.4e+38 -3.4e+38 -3.4e+38 -3.4e+38 -3.4e+38 -3.4e+38 -3.4e+38 -3.4e+38
600.126525878906 601.362182617188 602.597778320312 603.833435058594 605.156982421875 606.49169921875 607.826477050781 609.161193847656 610.495971679688 611.830688476562 613.165405273438 614.500183105469 615.834899902344 617.169677734375 617.875732421875 618.474365234375 619.072937011719 619.671508789062 620.270141601562 620.868713378906 621.467346191406 622.06591796875 622.66455078125 623.263122558594 623.940490722656 624.635009765625 625.329528808594 626.024047851562 626.718566894531 627.4130859375 628.107604980469 628.802124023438 629.496643066406 630.191162109375 630.349670410156 630.364013671875 630.37841796875 630.392822265625 630.407165527344 630.421569824219 630.435974121094 630.450378417969 -3.4e+38 -3.4e+38 -3.4e+38 -3.4e+38 -3.4e+38 -3.4e+38 -3.4e+38 -3.4e+38 -3.4e+38 -3.4e+38
600.591735839844 601.829650878906 603.067565917969 604.305480957031 605.593627929688 606.888122558594 608.182678222656 609.477233886719 610.771728515625 612.066284179688 613.36083984375 614.655334472656 615.949890136719 617.244445800781 617.928588867188 618.50830078125 619.088073730469 619.667846679688 620.247619628906 620.827392578125 621.407165527344 621.986938476562 622.566711425781 623.146484375 623.835021972656 624.547302246094 625.259582519531 625.971862792969 626.68408203125 627.396362304688 628.108642578125 628.820922851562 629.533142089844 630.245422363281 630.416198730469 630.441345214844 630.466552734375 630.49169921875 630.516906738281 630.542053222656 630.567260742188 630.592407226562 630.617614746094 630.642761230469 -3.4e+38 -3.4e+38 -3.4e+38 -3.4e+38 -3.4e+38 -3.4e+38 -3.4e+38 -3.4e+38
600.608276367188 601.849609375 603.090881347656 604.332214355469 605.591491699219 606.853149414062 608.11474609375 609.376342773438 610.638000488281 611.899597167969 613.161193847656 614.422790527344 615.684448242188 616.946044921875 617.633911132812 618.2236328125 618.813354492188 619.403076171875 619.992858886719 620.582580566406 621.172302246094 621.762023925781 622.351806640625 622.941528320312 623.613952636719 624.304382324219 624.994812011719 625.685241699219 626.375732421875 627.066162109375 627.756591796875 628.447021484375 629.137512207031 629.827941894531 630.013061523438 630.062316894531 630.111572265625 630.160827636719 630.210083007812 630.259338378906 630.30859375 630.35791015625 630.407165527344 630.456420898438 -3.4e+38 -3.4e+38 -3.4e+38 -3.4e+38 -3.4e+38 -3.4e+38 -3.4e+38 -3.4e+38
600.513427734375 601.758361816406 603.003356933594 604.248352050781 605.48046875 606.710998535156 607.941467285156 609.171997070312 610.402526855469 611.632995605469 612.863525390625 614.093994140625 615.324523925781 616.555053710938 617.2529296875 617.859802246094 618.466674804688 619.073486328125 619.680358886719 620.287231445312 620.89404296875 621.500915527344 622.107788085938 622.714599609375 623.364135742188 624.022888183594 624.681701660156 625.340515136719 625.999328613281 626.658081054688 627.31689453125 627.975708007812 628.634521484375 629.293273925781 629.493286132812 629.569946289062 629.646606445312 629.723266601562 629.799865722656 629.876525878906 629.953186035156 630.029846191406 630.106506347656 630.18310546875 630.322631835938 -3.4e+38 -3.4e+38 -3.4e+38 -3.4e+38 -3.4e+38 -3.4e+38 -3.4e+38
600.418579101562 601.667175292969 602.915832519531 604.164489746094 605.369445800781 606.56884765625 607.768249511719 608.967651367188 610.167053222656 611.366455078125 612.565795898438 613.765197753906 614.964599609375 616.164001464844 616.872009277344 617.495971679688 618.119934082031 618.743896484375 619.367858886719 619.991821289062 620.615783691406 621.23974609375 621.86376953125 622.487731933594 623.114318847656 623.741455078125 624.368591308594 624.995727539062 625.622924804688 626.250061035156 626.877197265625 627.504333496094 628.131530761719 628.758666992188 628.973571777344 629.077575683594 629.181640625 629.28564453125 629.389709472656 629.493713378906 629.597778320312 629.701782226562 629.805847167969 629.909851074219 630.073059082031 -3.4e+38 -3.4e+38 -3.4e+38 -3.4e+38 -3.4e+38 -3.4e+38 -3.4e+38
600.323669433594 601.575988769531 602.828308105469 604.080688476562 605.258422851562 606.426696777344 607.595031738281 608.763305664062 609.931579589844 611.099853515625 612.268127441406 613.436401367188 614.604675292969 615.773010253906 616.491027832031 617.132141113281 617.773193359375 618.414306640625 619.055358886719 619.696472167969 620.337524414062 620.978637695312 621.619750976562 622.260803222656 622.864501953125 623.4599609375 624.055480957031 624.651000976562 625.246520996094 625.841979980469 626.4375 627.033020019531 627.628540039062 628.224060058594 628.453796386719 628.585205078125 628.716613769531 628.848083496094 628.9794921875 629.110900878906 629.242309570312 629.373718261719 629.505187988281 629.636596679688 629.823425292969 630.028259277344 -3.4e+38 -3.4e+38 -3.4e+38 -3.4e+38 -3.4e+38 -3.4e+38
600.228820800781 601.484802246094 602.740844726562 603.996826171875 605.147399902344 606.284606933594 607.421752929688 608.558959960938 609.696105957031 610.833251953125 611.970458984375 613.107604980469 614.244812011719 615.381958007812 616.110107421875 616.768310546875 617.426513671875 618.084716796875 618.742919921875 619.401123046875 620.059326171875 620.717529296875 621.375732421875 622.033935546875 622.614624023438 623.178527832031 623.742370605469 624.306213378906 624.8701171875 625.433959960938 625.997802734375 626.561706542969 627.125549316406 627.689392089844 627.934020996094 628.092834472656 628.251647949219 628.410461425781 628.569274902344 628.728088378906 628.886901855469 629.045715332031 629.204528808594 629.363342285156 629.573852539062 629.801147460938 -3.4e+38 -3.4e+38 -3.4e+38 -3.4e+38 -3.4e+38 -3.4e+38
600.133972167969 601.393615722656 602.6533203125 603.912963867188 605.036376953125 606.142456054688 607.24853515625 608.354553222656 609.460632324219 610.566711425781 611.672729492188 612.77880859375 613.884887695312 614.990905761719 615.729125976562 616.404479980469 617.079772949219 617.755126953125 618.430419921875 619.105712890625 619.781066894531 620.456359863281 621.131713867188 621.807006835938 622.364807128906 622.897033691406 623.429260253906 623.961486816406 624.493713378906 625.02587890625 625.55810546875 626.09033203125 626.62255859375 627.15478515625 627.414306640625 627.600463867188 627.786682128906 627.972900390625 628.159057617188 628.345275878906 628.531433105469 628.717651367188 628.903869628906 629.090026855469 629.324279785156 629.574035644531 629.823791503906 -3.4e+38 -3.4e+38 -3.4e+38 -3.4e+38 -3.4e+38
600.039123535156 601.302429199219 602.565795898438 603.8291015625 604.925354003906 606.000305175781 607.075256347656 608.150207519531 609.225158691406 610.300109863281 611.375061035156 612.450012207031 613.524963378906 614.599914550781 615.348205566406 616.040649414062 616.733093261719 617.425476074219 618.117919921875 618.810363769531 619.502807617188 620.195251464844 620.887634277344 621.580078125 622.114990234375 622.615600585938 623.116149902344 623.61669921875 624.117309570312 624.617858886719 625.118408203125 625.619018554688 626.119567871094 626.6201171875 626.89453125 627.108093261719 627.321716308594 627.535278320312 627.748840332031 627.962463378906 628.176025390625 628.389587402344 628.603210449219 628.816772460938 629.074645996094 629.346923828125 629.619140625 629.891418457031 630.163635253906 -3.4e+38 -3.4e+38 -3.4e+38
599.944213867188 601.211242675781 602.478271484375 603.745300292969 604.814331054688 605.858215332031 606.902038574219 607.945861816406 608.989685058594 610.033569335938 611.077392578125 612.121215820312 613.1650390625 614.208862304688 614.967224121094 615.676818847656 616.386352539062 617.095886230469 617.805419921875 618.515014648438 619.224548339844 619.93408203125 620.643615722656 621.353210449219 621.865173339844 622.334106445312 622.803039550781 623.27197265625 623.740905761719 624.209777832031 624.6787109375 625.147644042969 625.616577148438 626.085510253906 626.374755859375 626.61572265625 626.856689453125 627.09765625 627.338684082031 627.579650878906 627.820617675781 628.061584472656 628.302551269531 628.543518066406 628.825073242188 629.119812011719 629.414489746094 629.709228515625 630.003967285156 -3.4e+38 -3.4e+38 -3.4e+38
599.849365234375 601.120056152344 602.390747070312 603.661437988281 604.703308105469 605.716064453125 606.728759765625 607.741516113281 608.754211425781 609.766967773438 610.779663085938 611.792419433594 612.805114746094 613.81787109375 614.586303710938 615.31298828125 616.039611816406 616.766296386719 617.492980957031 618.219604492188 618.9462890625 619.672973632812 620.399597167969 621.126281738281 621.615356445312 622.052612304688 622.489929199219 622.927185058594 623.364501953125 623.8017578125 624.239013671875 624.676330566406 625.113586425781 625.550842285156 625.855041503906 626.123352050781 626.391723632812 626.660095214844 626.928466796875 627.19677734375 627.465148925781 627.733520507812 628.001892089844 628.270202636719 628.575439453125 628.892639160156 629.209838867188 629.527038574219 629.84423828125 630.161437988281 -3.4e+38 -3.4e+38
599.754516601562 601.028869628906 602.30322265625 603.577575683594 604.59228515625 605.573913574219 606.555541992188 607.537170410156 608.518737792969 609.500366210938 610.481994628906 611.463623046875 612.445251464844 613.426818847656 614.205322265625 614.949157714844 615.692932128906 616.436706542969 617.180480957031 617.924255371094 618.668029785156 619.411804199219 620.155578613281 620.8994140625 621.365539550781 621.771179199219 622.176818847656 622.582458496094 622.988098144531 623.393676757812 623.79931640625 624.204956054688 624.610595703125 625.016235351562 625.335266113281 625.631042480469 625.9267578125 626.222473144531 626.518249511719 626.81396484375 627.109741210938 627.405456542969 627.701232910156 627.996948242188 628.325866699219 628.66552734375 629.005187988281 629.344848632812 629.6845703125 -3.4e+38 -3.4e+38 -3.4e+38
599.103698730469 600.392761230469 601.681823730469 602.970886230469 603.972290039062 604.93701171875 605.901794433594 606.866516113281 607.831298828125 608.796020507812 609.760803222656 610.725524902344 611.690307617188 612.655029296875 613.442626953125 614.199890136719 614.957214355469 615.714477539062 616.471740722656 617.22900390625 617.986328125 618.743591308594 619.500854492188 620.258117675781 620.726257324219 621.13134765625 621.536376953125 621.941467285156 622.346557617188 622.751647949219 623.15673828125 623.561767578125 623.966857910156 624.371948242188 624.713623046875 625.038269042969 625.362915039062 625.687561035156 626.01220703125 626.336853027344 626.661499023438 626.986145019531 627.310791015625 627.635437011719 627.960876464844 628.28662109375 628.612365722656 628.938049316406 629.263793945312 629.589477539062 -3.4e+38 -3.4e+38
598.285034179688 599.592102050781 600.899169921875 602.206298828125 603.198608398438 604.150817871094 605.102966308594 606.05517578125 607.007385253906 607.959594726562 608.911743164062 609.863952636719 610.816162109375 611.768371582031 612.564697265625 613.334350585938 614.104064941406 614.873718261719 615.643432617188 616.4130859375 617.182800292969 617.952453613281 618.72216796875 619.491821289062 619.969421386719 620.38330078125 620.797241210938 621.211120605469 621.625061035156 622.038940429688 622.452819824219 622.866760253906 623.280639648438 623.694580078125 624.061279296875 624.415283203125 624.769287109375 625.123291015625 625.477294921875 625.831298828125 626.185302734375 626.539306640625 626.893310546875 627.247314453125 627.561096191406 627.861877441406 628.162658691406 628.463439941406 628.764221191406 629.065002441406 -3.4e+38 -3.4e+38
597.466369628906 598.79150390625 600.116577148438 601.441711425781 602.424926757812 603.364562988281 604.30419921875 605.243835449219 606.183471679688 607.123107910156 608.062744140625 609.002380371094 609.942016601562 610.881652832031 611.686706542969 612.468811035156 613.250915527344 614.033020019531 614.815063476562 615.59716796875 616.379272460938 617.161376953125 617.943420410156 618.725524902344 619.212585449219 619.635314941406 620.058044433594 620.480773925781 620.903503417969 621.326232910156 621.748962402344 622.171691894531 622.594421386719 623.017150878906 623.408874511719 623.792236328125 624.175598144531 624.558959960938 624.942321777344 625.32568359375 625.709045410156 626.092407226562 626.475769042969 626.859130859375 627.161315917969 627.437133789062 627.713012695312 627.988830566406 628.264709472656 628.54052734375 628.816345214844 -3.4e+38
