R_scripts/int_process_data/Bio_06.asc
NCOLS 281 
NROWS 576 
XLLCORNER 81175.2677831308 
YLLCORNER 88.2293212990044 
CELLSIZE 1000 
NODATA_value -3.4e+38 
[rows 138 to 160 of 576, columns 156 to 207 of 281]
0.646646976470947 0.648997783660889 0.651348531246185 0.653699338436127 0.649145543575287 0.643711566925049 0.638277649879456 0.632843673229218 0.627409696578979 0.621975779533386 0.616541802883148 0.611107885837555 0.605673909187317 0.600239932537079 0.606546103954315 0.614859521389008 0.6231729388237 0.631486356258392 0.639799773693085 0.648113131523132 0.656426548957825 0.664739966392517 0.673053383827209 0.681366801261902 0.706457912921906 0.735206007957458 0.763954043388367 0.79270213842392 0.821450233459473 0.850198268890381 0.878946363925934 0.907694399356842 0.936442494392395 0.965190589427948 1.00197196006775 1.04091334342957 1.07985472679138 1.1187961101532 1.15773749351501 1.19667887687683 1.23562026023865 1.27456164360046 1.31350314617157 1.35244452953339 1.36856973171234 1.37729680538177 1.3860239982605 1.39475119113922 1.40347826480865 1.41220545768738 1.42093253135681 1.42965972423553
0.627213597297668 0.625967383384705 0.624721229076385 0.623475015163422 0.618831992149353 0.613756000995636 0.608679950237274 0.603603959083557 0.598527908325195 0.593451857566833 0.588375866413116 0.583299815654755 0.578223824501038 0.573147773742676 0.579596877098083 0.588016450405121 0.596436023712158 0.604855597019196 0.613275170326233 0.62169474363327 0.630114376544952 0.63853394985199 0.646953523159027 0.655373096466064 0.680483222007751 0.709231197834015 0.737979233264923 0.766727268695831 0.79547530412674 0.824223339557648 0.852971374988556 0.881719410419464 0.910467386245728 0.939215421676636 0.976122200489044 1.01522266864777 1.05432319641113 1.09342360496521 1.13252413272858 1.17162454128265 1.21072506904602 1.2498254776001 1.28892600536346 1.32802653312683 1.34380221366882 1.35201478004456 1.36022746562958 1.3684401512146 1.37665283679962 1.38486552238464 1.39307808876038 1.4012907743454
0.60778021812439 0.602937042713165 0.598093867301941 0.593250751495361 0.588518500328064 0.583800375461578 0.579082310199738 0.574364185333252 0.569646120071411 0.564927995204926 0.56020987033844 0.555491805076599 0.550773680210114 0.546055614948273 0.552647590637207 0.561173379421234 0.569699108600616 0.578224897384644 0.586750626564026 0.595276415348053 0.603802144527435 0.612327873706818 0.620853662490845 0.629379391670227 0.654508471488953 0.683256447315216 0.712004423141479 0.740752398967743 0.769500374794006 0.798248410224915 0.826996386051178 0.855744361877441 0.884492337703705 0.913240313529968 0.950272440910339 0.989531993865967 1.02879154682159 1.06805109977722 1.10731065273285 1.14657020568848 1.1858297586441 1.22508943080902 1.26434898376465 1.30360853672028 1.31903457641602 1.32673275470734 1.33443093299866 1.34212911128998 1.3498272895813 1.35752546787262 1.36522364616394 1.37292182445526
0.588346779346466 0.579906702041626 0.571466565132141 0.563026428222656 0.558205008506775 0.553844809532166 0.549484610557556 0.545124471187592 0.540764272212982 0.536404132843018 0.532043933868408 0.527683734893799 0.523323595523834 0.518963396549225 0.525698363780975 0.534330308437347 0.542962253093719 0.551594138145447 0.560226082801819 0.568858027458191 0.577489912509918 0.58612185716629 0.594753801822662 0.60338568687439 0.628533720970154 0.657281696796417 0.686029613018036 0.714777588844299 0.743525505065918 0.772273421287537 0.8010213971138 0.829769313335419 0.858517289161682 0.887265205383301 0.924422681331635 0.963841319084167 1.00326001644135 1.04267859458923 1.08209729194641 1.1215158700943 1.16093456745148 1.20035326480865 1.23977184295654 1.27919054031372 1.2942670583725 1.30145072937012 1.30863451957703 1.31581819057465 1.32300186157227 1.33018553256989 1.33736932277679 1.34455299377441
0.568913400173187 0.556876301765442 0.544839262962341 0.532802164554596 0.527891457080841 0.523889243602753 0.51988697052002 0.515884697437286 0.511882483959198 0.507880210876465 0.503877997398376 0.499875724315643 0.495873481035233 0.491871237754822 0.498749107122421 0.507487237453461 0.516225337982178 0.524963438510895 0.533701539039612 0.542439639568329 0.551177740097046 0.559915840625763 0.56865394115448 0.577392041683197 0.602559030056 0.631306886672974 0.660054802894592 0.688802719116211 0.717550575733185 0.746298491954803 0.775046408176422 0.803794264793396 0.832542181015015 0.861290097236633 0.89857292175293 0.938150644302368 0.977728366851807 1.01730608940125 1.05688381195068 1.09646153450012 1.13603937625885 1.17561709880829 1.21519482135773 1.25477254390717 1.26949954032898 1.2761687040329 1.28283798694611 1.28950715065002 1.29617643356323 1.30284559726715 1.30951488018036 1.31618404388428
0.602406024932861 0.588075399398804 0.573744714260101 0.559414088726044 0.554133296012878 0.550006151199341 0.545879006385803 0.541751801967621 0.537624657154083 0.533497512340546 0.529370367527008 0.525243163108826 0.521116018295288 0.51698887348175 0.523137331008911 0.531042635440826 0.538947939872742 0.546853244304657 0.554758548736572 0.562663912773132 0.570569217205048 0.578474521636963 0.586379826068878 0.594285130500793 0.618317723274231 0.645865499973297 0.673413217067719 0.700960993766785 0.728508710861206 0.756056487560272 0.783604264259338 0.81115198135376 0.838699758052826 0.866247475147247 0.90146017074585 0.938733756542206 0.976007342338562 1.01328098773956 1.05055451393127 1.08782815933228 1.12510180473328 1.16237533092499 1.19964897632599 1.2369225025177 1.2504073381424 1.25617861747742 1.26194989681244 1.26772105693817 1.27349233627319 1.27926361560822 1.28503489494324 1.29080617427826
0.656110107898712 0.639983594417572 0.623857140541077 0.607730627059937 0.60197252035141 0.597536087036133 0.593099594116211 0.588663160800934 0.584226727485657 0.579790234565735 0.575353801250458 0.570917367935181 0.566480875015259 0.562044441699982 0.567130327224731 0.573844254016876 0.580558240413666 0.587272167205811 0.5939861536026 0.600700080394745 0.60741400718689 0.614127993583679 0.620841920375824 0.627555906772614 0.650013625621796 0.675902962684631 0.701792240142822 0.727681577205658 0.753570914268494 0.779460191726685 0.80534952878952 0.831238806247711 0.857128143310547 0.883017480373383 0.915321469306946 0.949350297451019 0.983379125595093 1.01740789413452 1.05143678188324 1.08546555042267 1.1194943189621 1.15352320671082 1.18755197525024 1.22158074378967 1.23348236083984 1.23820924758911 1.24293613433838 1.24766302108765 1.25238990783691 1.25711667537689 1.26184356212616 1.26657044887543
0.709814131259918 0.691891849040985 0.673969566822052 0.656047224998474 0.649811744689941 0.64506596326828 0.640320241451263 0.635574519634247 0.630828738212585 0.626083016395569 0.621337234973907 0.616591513156891 0.611845731735229 0.607100009918213 0.611123323440552 0.616645932197571 0.622168481349945 0.627691090106964 0.633213698863983 0.638736248016357 0.644258856773376 0.649781465530396 0.65530401468277 0.660826623439789 0.68170952796936 0.705940425395966 0.730171263217926 0.754402160644531 0.778633058071136 0.802863895893097 0.827094793319702 0.851325690746307 0.875556528568268 0.899787425994873 0.929182827472687 0.959966838359833 0.990750849246979 1.02153491973877 1.05231893062592 1.08310294151306 1.11388695240021 1.14467096328735 1.1754549741745 1.20623898506165 1.21655738353729 1.22023987770081 1.22392237186432 1.22760486602783 1.23128736019135 1.23496985435486 1.23865234851837 1.2423347234726
0.763518214225769 0.743800103664398 0.724081933498383 0.704363822937012 0.697650969028473 0.692595899105072 0.687540888786316 0.682485818862915 0.677430808544159 0.672375738620758 0.667320728302002 0.662265658378601 0.657210648059845 0.652155578136444 0.655116319656372 0.659447550773621 0.663778781890869 0.668110013008118 0.672441244125366 0.676772475242615 0.681103706359863 0.685434937477112 0.68976616859436 0.694097399711609 0.713405430316925 0.7359778881073 0.75855028629303 0.781122744083405 0.803695201873779 0.826267600059509 0.848840057849884 0.871412515640259 0.893984973430634 0.916557371616364 0.943044126033783 0.970583379268646 0.99812263250351 1.02566182613373 1.05320107936859 1.08074033260345 1.10827958583832 1.13581883907318 1.16335797309875 1.19089722633362 1.19963252544403 1.20227062702179 1.20490860939026 1.20754671096802 1.21018481254578 1.21282291412354 1.21546101570129 1.21809911727905
0.817222237586975 0.795708298683167 0.774194359779358 0.752680420875549 0.745490193367004 0.740125834941864 0.734761476516724 0.729397177696228 0.724032819271088 0.718668520450592 0.713304162025452 0.707939803600311 0.702575504779816 0.697211146354675 0.699109315872192 0.70224916934967 0.705389082431793 0.708528935909271 0.711668789386749 0.714808642864227 0.71794855594635 0.721088409423828 0.724228262901306 0.727368116378784 0.74510133266449 0.766015350818634 0.786929309368134 0.807843327522278 0.828757345676422 0.849671363830566 0.870585322380066 0.89149934053421 0.912413358688354 0.933327376842499 0.956905484199524 0.98119992017746 1.0054943561554 1.02978885173798 1.05408322811127 1.07837772369385 1.10267210006714 1.12696659564972 1.1512610912323 1.17555546760559 1.18270754814148 1.18430125713348 1.18589496612549 1.18748867511749 1.18908226490021 1.19067597389221 1.19226968288422 1.19386339187622
0.870926320552826 0.84761655330658 0.824306786060333 0.800996959209442 0.793329417705536 0.787655770778656 0.781982123851776 0.776308536529541 0.770634889602661 0.764961242675781 0.759287595748901 0.753614008426666 0.747940361499786 0.742266714572906 0.743102312088013 0.745050847530365 0.746999323368073 0.748947858810425 0.750896334648132 0.752844870090485 0.754793345928192 0.756741881370544 0.758690357208252 0.760638892650604 0.776797235012054 0.796052813529968 0.815308332443237 0.834563910961151 0.853819489479065 0.873075067996979 0.892330646514893 0.911586165428162 0.930841743946075 0.950097322463989 0.97076678276062 0.991816461086273 1.01286613941193 1.03391575813293 1.05496537685394 1.07601511478424 1.09706473350525 1.11811447143555 1.13916409015656 1.16021370887756 1.16578269004822 1.16633188724518 1.16688120365143 1.16743052005768 1.16797983646393 1.16852915287018 1.16907835006714 1.16962766647339
0.924630403518677 0.899524748325348 0.874419152736664 0.84931355714798 0.841168642044067 0.835185706615448 0.829202771186829 0.823219835758209 0.81723690032959 0.811254024505615 0.805271089076996 0.799288153648376 0.793305218219757 0.787322282791138 0.787095308303833 0.787852466106415 0.788609623908997 0.789366781711578 0.79012393951416 0.790881037712097 0.791638195514679 0.792395353317261 0.793152511119843 0.79390960931778 0.808493137359619 0.826090276241302 0.843687355518341 0.861284494400024 0.878881633281708 0.896478772163391 0.914075911045074 0.931673049926758 0.949270129203796 0.96686726808548 0.984628140926361 1.00243294239044 1.02023792266846 1.03804278373718 1.05584764480591 1.07365250587463 1.09145736694336 1.10926222801208 1.12706708908081 1.14487195014954 1.14885771274567 1.14836263656616 1.14786744117737 1.14737236499786 1.14687728881836 1.14638221263885 1.14588713645935 1.14539194107056
0.978334426879883 0.951433002948761 0.924531579017639 0.897630155086517 0.889007866382599 0.88271564245224 0.876423418521881 0.870131194591522 0.863838970661163 0.857546746730804 0.851254522800446 0.844962298870087 0.838670074939728 0.832377851009369 0.831088304519653 0.830654144287109 0.830219924449921 0.829785704612732 0.829351484775543 0.828917264938354 0.828483045101166 0.828048825263977 0.827614605426788 0.8271803855896 0.840189039707184 0.856127738952637 0.872066378593445 0.888005077838898 0.903943777084351 0.919882476329803 0.935821175575256 0.951759874820709 0.967698574066162 0.98363721370697 0.998489439487457 1.01304948329926 1.0276095867157 1.04216969013214 1.05672979354858 1.07128989696503 1.08585000038147 1.10040998458862 1.11497008800507 1.12953019142151 1.13193273544312 1.13039326667786 1.1288537979126 1.12731432914734 1.12577474117279 1.12423527240753 1.12269580364227 1.12115633487701
1.03203845024109 1.00334119796753 0.974644005298615 0.945946753025055 0.93684709072113 0.930245578289032 0.923644006252289 0.91704249382019 0.910440981388092 0.903839468955994 0.897237956523895 0.890636444091797 0.884034931659698 0.8774334192276 0.875081360340118 0.873455762863159 0.8718301653862 0.870204627513885 0.868579030036926 0.866953432559967 0.865327894687653 0.863702297210693 0.862076699733734 0.86045116186142 0.871884942054749 0.886165201663971 0.900445461273193 0.914725661277771 0.929005920886993 0.943286180496216 0.957566440105438 0.971846699714661 0.986126959323883 1.00040721893311 1.0123507976532 1.02366602420807 1.03498136997223 1.04629671573639 1.05761194229126 1.06892728805542 1.08024251461029 1.09155786037445 1.10287308692932 1.11418843269348 1.11500787734985 1.11242389678955 1.10984003543854 1.10725617408752 1.10467231273651 1.10208833217621 1.0995044708252 1.09692060947418
1.08574259281158 1.05524945259094 1.02475643157959 0.994263291358948 0.984686255455017 0.977775454521179 0.970864653587341 0.963953852653503 0.957043051719666 0.950132250785828 0.94322144985199 0.936310648918152 0.929399847984314 0.922488987445831 0.919074356555939 0.916257381439209 0.913440465927124 0.910623490810394 0.907806575298309 0.904989659786224 0.902172684669495 0.89935576915741 0.896538853645325 0.893721878528595 0.903580844402313 0.916202664375305 0.928824484348297 0.941446244716644 0.954068064689636 0.966689884662628 0.97931170463562 0.991933524608612 1.0045553445816 1.01717710494995 1.02621209621429 1.03428256511688 1.04235315322876 1.05042362213135 1.05849409103394 1.06656467914581 1.0746351480484 1.08270561695099 1.09077620506287 1.09884667396545 1.0980829000473 1.09445464611053 1.09082627296448 1.08719801902771 1.08356976509094 1.07994151115417 1.07631325721741 1.07268488407135
1.16079139709473 1.13142228126526 1.1020530462265 1.07268393039703 1.06207764148712 1.05386316776276 1.04564869403839 1.03743410110474 1.02921962738037 1.02100515365601 1.01279067993164 1.00457620620728 0.996361672878265 0.9881471991539 0.983398377895355 0.979242086410522 0.975085854530334 0.970929563045502 0.966773271560669 0.962617039680481 0.958460748195648 0.954304456710815 0.950148224830627 0.945991933345795 0.952810347080231 0.962020814418793 0.971231341362 0.980441808700562 0.989652276039124 0.99886280298233 1.00807332992554 1.0172837972641 1.02649426460266 1.03570473194122 1.04188251495361 1.04724490642548 1.05260729789734 1.0579696893692 1.06333208084106 1.06869447231293 1.07405686378479 1.07941925525665 1.08478164672852 1.09014403820038 1.08692681789398 1.08092772960663 1.07492864131927 1.06892955303192 1.06293058395386 1.0569314956665 1.05093240737915 1.0449333190918
1.24539852142334 1.21846067905426 1.19152283668518 1.1645849943161 1.15270245075226 1.1427389383316 1.13277554512024 1.12281203269958 1.11284863948822 1.10288512706757 1.09292161464691 1.08295822143555 1.07299470901489 1.06303119659424 1.05682671070099 1.05126488208771 1.04570293426514 1.04014110565186 1.03457915782928 1.029017329216 1.02345550060272 1.01789355278015 1.01233172416687 1.00676989555359 1.00989139080048 1.01490557193756 1.01991987228394 1.02493405342102 1.02994823455811 1.03496253490448 1.03997671604156 1.04499089717865 1.05000519752502 1.05501937866211 1.05836319923401 1.06125771999359 1.06415235996246 1.06704688072205 1.06994152069092 1.0728360414505 1.07573068141937 1.07862520217896 1.08151984214783 1.08441436290741 1.07835412025452 1.06939029693604 1.06042647361755 1.05146265029907 1.0424987077713 1.03353488445282 1.02457106113434 1.01560723781586
1.33000564575195 1.30549919605255 1.28099274635315 1.25648617744446 1.2433272600174 1.23161482810974 1.21990239620209 1.20818996429443 1.19647753238678 1.18476510047913 1.17305266857147 1.16134011745453 1.14962768554688 1.13791525363922 1.13025498390198 1.1232875585556 1.11632001399994 1.10935258865356 1.10238516330719 1.09541761875153 1.08845019340515 1.08148276805878 1.07451522350311 1.06754779815674 1.06697249412537 1.06779038906097 1.06860840320587 1.06942629814148 1.07024431228638 1.07106220722198 1.07188022136688 1.07269811630249 1.07351613044739 1.074334025383 1.07484376430511 1.07527053356171 1.0756973028183 1.07612407207489 1.07655084133148 1.07697761058807 1.07740437984467 1.07783126831055 1.07825803756714 1.07868480682373 1.06978142261505 1.05785286426544 1.04592418670654 1.03399562835693 1.02206695079803 1.01013839244843 0.998209714889526 0.986281096935272
1.41461288928986 1.39253771305084 1.37046253681183 1.34838736057281 1.33395206928253 1.32049071788788 1.30702924728394 1.29356777667999 1.28010642528534 1.2666449546814 1.25318360328674 1.2397221326828 1.22626078128815 1.2127993106842 1.20368325710297 1.1953102350235 1.18693721294403 1.17856407165527 1.17019104957581 1.16181802749634 1.15344488620758 1.14507186412811 1.13669872283936 1.12832570075989 1.12405359745026 1.12067520618439 1.11729693412781 1.11391854286194 1.11054027080536 1.10716199874878 1.10378360748291 1.10040533542633 1.09702694416046 1.09364867210388 1.09132432937622 1.08928322792053 1.08724224567413 1.08520126342773 1.08316028118134 1.08111917972565 1.07907819747925 1.07703721523285 1.07499611377716 1.07295513153076 1.06120872497559 1.04631531238556 1.03142189979553 1.01652860641479 1.00163519382477 0.986741781234741 0.971848428249359 0.956955015659332
1.49922001361847 1.47957611083984 1.45993232727051 1.44028854370117 1.42457687854767 1.40936648845673 1.39415609836578 1.37894570827484 1.3637353181839 1.34852492809296 1.33331453800201 1.31810414791107 1.30289375782013 1.28768336772919 1.27711164951324 1.26733291149139 1.25755429267883 1.24777567386627 1.23799693584442 1.22821831703186 1.21843957901001 1.20866096019745 1.19888234138489 1.18910360336304 1.18113458156586 1.1735600233078 1.16598546504974 1.15841090679169 1.15083622932434 1.14326167106628 1.13568711280823 1.12811255455017 1.12053787708282 1.11296331882477 1.10780489444733 1.10329604148865 1.09878718852997 1.09427845478058 1.0897696018219 1.08526074886322 1.08075201511383 1.07624316215515 1.07173430919647 1.06722557544708 1.05263602733612 1.03477787971497 1.01691973209381 0.999061584472656 0.981203436851501 0.963345289230347 0.945487082004547 0.927628934383392
1.58382713794708 1.56661462783813 1.54940211772919 1.53218972682953 1.51520168781281 1.49824237823486 1.48128294944763 1.46432363986969 1.44736421108246 1.43040490150452 1.41344547271729 1.39648616313934 1.37952673435211 1.36256742477417 1.35053992271423 1.33935570716858 1.32817137241364 1.31698715686798 1.30580282211304 1.29461860656738 1.28343439102173 1.27225005626678 1.26106584072113 1.24988150596619 1.23821568489075 1.22644484043121 1.21467399597168 1.20290315151215 1.19113230705261 1.17936134338379 1.16759049892426 1.15581965446472 1.14404881000519 1.13227796554565 1.12428545951843 1.11730885505676 1.11033225059509 1.10335564613342 1.09637892246246 1.08940231800079 1.08242571353912 1.07544910907745 1.06847250461578 1.06149590015411 1.04406332969666 1.02324032783508 1.0024174451828 0.981594562530518 0.96077162027359 0.939948737621307 0.91912579536438 0.898302853107452
1.6684342622757 1.65365314483643 1.63887202739716 1.6240907907486 1.60582649707794 1.58711814880371 1.56840980052948 1.54970145225525 1.53099310398102 1.51228487491608 1.49357652664185 1.47486817836761 1.45615983009338 1.43745148181915 1.42396819591522 1.41137838363647 1.39878857135773 1.38619863986969 1.37360882759094 1.36101889610291 1.34842908382416 1.33583915233612 1.32324934005737 1.31065952777863 1.29529678821564 1.27932965755463 1.26336252689362 1.2473953962326 1.23142826557159 1.21546113491058 1.19949400424957 1.18352687358856 1.16755974292755 1.15159261226654 1.14076602458954 1.13132154941559 1.12187719345093 1.11243271827698 1.10298836231232 1.09354388713837 1.08409953117371 1.07465505599976 1.0652107000351 1.05576622486115 1.03549063205719 1.01170289516449 0.987915217876434 0.964127540588379 0.940339863300323 0.916552186012268 0.892764508724213 0.868976771831512
1.75304138660431 1.74069154262543 1.72834181785583 1.71599197387695 1.69645130634308 1.67599403858185 1.65553665161133 1.6350793838501 1.61462211608887 1.59416472911835 1.57370746135712 1.5532500743866 1.53279280662537 1.51233553886414 1.4973965883255 1.48340106010437 1.46940565109253 1.4554101228714 1.44141471385956 1.42741930484772 1.41342377662659 1.39942836761475 1.38543283939362 1.37143743038177 1.35237777233124 1.33221447467804 1.31205105781555 1.29188764095306 1.27172422409058 1.25156080722809 1.23139750957489 1.2112340927124 1.19107067584991 1.17090725898743 1.15724658966064 1.1453343629837 1.13342213630676 1.12150990962982 1.10959768295288 1.09768545627594 1.085773229599 1.07386112213135 1.06194889545441 1.05003666877747 1.02691793441772 1.0001654624939 0.973412990570068 0.94666051864624 0.919908046722412 0.893155634403229 0.866403162479401 0.839650690555573
