R_scripts/int_process_data/Bio_10.asc
NCOLS 281 
NROWS 576 
XLLCORNER 81175.2677831308 
YLLCORNER 88.2293212990044 
CELLSIZE 1000 
NODATA_value -3.4e+38 
[rows 414 to 436 of 576, columns 52 to 103 of 281]
-3.4e+38 -3.4e+38 -3.4e+38 -3.4e+38 -3.4e+38 -3.4e+38 21.7737770080566 -3.4e+38 21.951099395752 21.8849067687988 21.9239234924316 21.9587955474854 -3.4e+38 22.0720691680908 -3.4e+38 -3.4e+38 -3.4e+38 -3.4e+38 -3.4e+38 -3.4e+38 22.2888698577881 22.3469715118408 22.4050750732422 22.4631786346436 22.5212821960449 22.5793838500977 22.637487411499 22.6963176727295 22.7592544555664 22.8221893310547 22.8851261138916 22.9480628967285 23.0109977722168 23.0739345550537 23.136869430542 23.1998062133789 23.2627429962158 23.3255939483643 23.3878078460693 23.4500217437744 23.5122356414795 23.5744495391846 23.6366634368896 23.6988792419434 23.7610931396484 23.8233070373535 23.8855209350586 23.9456005096436 23.9825992584229 24.0195960998535 24.0565948486328 24.0935916900635
-3.4e+38 -3.4e+38 -3.4e+38 -3.4e+38 -3.4e+38 -3.4e+38 -3.4e+38 21.7600631713867 -3.4e+38 21.8373203277588 21.8766441345215 21.9146862030029 21.9817123413086 22.0088310241699 22.0302181243896 22.0475158691406 22.0617942810059 22.0824394226074 22.1408214569092 22.1992034912109 22.2575855255127 22.3159675598145 22.3743495941162 22.432731628418 22.4911155700684 22.5494976043701 22.6078796386719 22.6670207977295 22.7304496765137 22.7938785552979 22.8573055267334 22.9207344055176 22.9841632843018 23.0475921630859 23.1110210418701 23.1744499206543 23.2378768920898 23.301362991333 23.3652763366699 23.4291877746582 23.4931011199951 23.5570125579834 23.6209259033203 23.6848373413086 23.7487506866455 23.8126621246338 23.8765754699707 23.9383544921875 23.9770660400391 24.0157775878906 24.0544891357422 24.0932006835938
-3.4e+38 -3.4e+38 -3.4e+38 -3.4e+38 -3.4e+38 -3.4e+38 -3.4e+38 21.7252941131592 -3.4e+38 21.7841377258301 21.8228664398193 21.8586025238037 21.9172687530518 21.9521903991699 21.9808559417725 22.0048084259033 22.0251235961914 22.0503196716309 22.108980178833 22.1676406860352 22.2263031005859 22.2849636077881 22.3436260223389 22.402286529541 22.4609470367432 22.5196094512939 22.5782699584961 22.6377239227295 22.7016448974609 22.7655658721924 22.8294868469238 22.8934078216553 22.9573287963867 23.0212497711182 23.0851707458496 23.1490917205811 23.2130126953125 23.2771339416504 23.3427429199219 23.408353805542 23.4739646911621 23.5395755767822 23.6051864624023 23.6707973480225 23.7364082336426 23.8020191192627 23.8676300048828 23.9311084747314 23.9715328216553 24.0119590759277 24.0523834228516 24.092809677124
-3.4e+38 -3.4e+38 -3.4e+38 -3.4e+38 -3.4e+38 -3.4e+38 -3.4e+38 -3.4e+38 -3.4e+38 21.6943969726562 21.7741603851318 21.8095531463623 21.86159324646 21.9011631011963 21.93483543396 21.9638385772705 21.9890804290771 22.0181980133057 22.0771389007568 22.136079788208 22.1950206756592 22.2539596557617 22.3129005432129 22.3718414306641 22.4307804107666 22.4897212982178 22.5486621856689 22.6084251403809 22.6728401184082 22.7372531890869 22.8016662597656 22.866081237793 22.9304943084717 22.9949073791504 23.0593223571777 23.1237354278564 23.1881484985352 23.2529029846191 23.3202114105225 23.3875217437744 23.4548301696777 23.5221385955811 23.5894470214844 23.6567573547363 23.7240657806396 23.791374206543 23.8586826324463 23.9238624572754 23.9660015106201 24.0081405639648 24.0502796173096 24.0924167633057
-3.4e+38 -3.4e+38 -3.4e+38 -3.4e+38 -3.4e+38 -3.4e+38 -3.4e+38 -3.4e+38 21.6631298065186 21.6640491485596 21.7173843383789 21.7657699584961 21.813009262085 21.8549537658691 21.8918285369873 21.9244995117188 21.9536457061768 21.9860782623291 22.0452976226807 22.1045169830322 22.1637363433838 22.2229557037354 22.2821750640869 22.3413944244385 22.40061378479 22.4598331451416 22.5190525054932 22.5791282653809 22.6440353393555 22.7089405059814 22.7738475799561 22.838752746582 22.9036598205566 22.9685668945312 23.0334720611572 23.0983791351318 23.1632843017578 23.2286739349365 23.297679901123 23.3666877746582 23.4356937408447 23.5047016143799 23.573709487915 23.6427154541016 23.7117233276367 23.7807312011719 23.8497371673584 23.9166164398193 23.9604682922363 24.004322052002 24.0481739044189 24.0920257568359
-3.4e+38 -3.4e+38 -3.4e+38 -3.4e+38 -3.4e+38 -3.4e+38 -3.4e+38 -3.4e+38 -3.4e+38 21.6105480194092 21.6699848175049 21.7228755950928 21.7702445983887 21.8129138946533 21.8515491485596 21.8866958618164 21.9188079833984 21.9539585113525 22.0134563446045 22.0729560852051 22.132453918457 22.191951751709 22.2514514923096 22.3109493255615 22.3704471588135 22.4299468994141 22.489444732666 22.5498313903809 22.6152305603027 22.680627822876 22.7460269927979 22.8114261627197 22.8768253326416 22.9422245025635 23.0076236724854 23.0730209350586 23.1384201049805 23.2044429779053 23.2751483917236 23.345853805542 23.4165592193604 23.4872646331787 23.5579700469971 23.6286754608154 23.6993808746338 23.7700862884521 23.8407917022705 23.9093704223633 23.9549350738525 24.0005016326904 24.0460681915283 24.0916347503662
-3.4e+38 -3.4e+38 -3.4e+38 -3.4e+38 -3.4e+38 -3.4e+38 -3.4e+38 -3.4e+38 -3.4e+38 21.5843391418457 21.6376647949219 21.6868343353271 21.7323131561279 21.7745018005371 21.8137454986572 21.850341796875 21.8845500946045 21.921838760376 21.9816150665283 22.0413932800293 22.1011714935303 22.1609477996826 22.2207260131836 22.2805023193359 22.3402805328369 22.4000587463379 22.4598350524902 22.5205345153809 22.58642578125 22.6523170471191 22.7182083129883 22.7840995788574 22.8499908447266 22.9158821105957 22.9817733764648 23.047664642334 23.1135559082031 23.1802139282227 23.2526168823242 23.3250198364258 23.397424697876 23.4698276519775 23.5422306060791 23.6146354675293 23.6870384216309 23.7594413757324 23.8318462371826 23.9021224975586 23.9494037628174 23.9966831207275 24.0439643859863 24.0912437438965
-3.4e+38 -3.4e+38 -3.4e+38 -3.4e+38 -3.4e+38 -3.4e+38 -3.4e+38 -3.4e+38 -3.4e+38 21.5630397796631 21.6104888916016 21.6555633544922 21.6984367370605 21.7392673492432 21.7781963348389 21.8153533935547 21.8508586883545 21.8897171020508 21.9497737884521 22.0098304748535 22.0698871612549 22.1299438476562 22.1900005340576 22.250057220459 22.3101139068604 22.3701705932617 22.4302272796631 22.4912357330322 22.5576210021973 22.6240043640137 22.6903877258301 22.7567710876465 22.8231563568115 22.8895397186279 22.9559230804443 23.0223083496094 23.0886917114258 23.1559829711914 23.2300853729248 23.3041858673096 23.378288269043 23.4523906707764 23.5264930725098 23.6005935668945 23.6746959686279 23.7487983703613 23.8228988647461 23.8948764801025 23.9438705444336 23.9928646087646 24.0418586730957 24.0908527374268
-3.4e+38 -3.4e+38 -3.4e+38 -3.4e+38 -3.4e+38 -3.4e+38 -3.4e+38 -3.4e+38 -3.4e+38 21.545389175415 21.5873184204102 21.6281757354736 21.6679992675781 21.7068309783936 21.7447052001953 21.7816562652588 21.8177185058594 21.8575973510742 21.917932510376 21.9782695770264 22.0386047363281 22.0989398956299 22.1592750549316 22.219612121582 22.2799472808838 22.3402824401855 22.4006195068359 22.4619388580322 22.5288162231445 22.5956916809082 22.6625690460205 22.7294445037842 22.7963218688965 22.8631973266602 22.9300746917725 22.9969501495361 23.0638275146484 23.1317539215088 23.2075538635254 23.283353805542 23.3591537475586 23.4349536895752 23.5107536315918 23.5865535736084 23.662353515625 23.7381534576416 23.8139533996582 23.8876304626465 23.9383373260498 23.9890460968018 24.0397529602051 24.090461730957
-3.4e+38 -3.4e+38 -3.4e+38 -3.4e+38 -3.4e+38 -3.4e+38 -3.4e+38 -3.4e+38 -3.4e+38 -3.4e+38 21.5673294067383 21.6039905548096 21.6405048370361 21.6768741607666 21.713098526001 21.7491779327393 21.7851161956787 21.8254776000977 21.8860912322998 21.9467067718506 22.0073223114014 22.0679359436035 22.1285514831543 22.1891651153564 22.2497806549072 22.3103942871094 22.3710098266602 22.4326419830322 22.5000095367432 22.5673789978027 22.6347484588623 22.7021179199219 22.7694873809814 22.8368549346924 22.904224395752 22.9715938568115 23.0389633178711 23.1075229644775 23.1850204467773 23.2625198364258 23.3400173187256 23.417516708374 23.4950141906738 23.5725135803223 23.6500110626221 23.7275104522705 23.8050079345703 23.8803844451904 23.9328060150146 23.9852275848389 24.0376491546631 24.0900707244873
-3.4e+38 -3.4e+38 -3.4e+38 -3.4e+38 -3.4e+38 -3.4e+38 -3.4e+38 -3.4e+38 -3.4e+38 -3.4e+38 21.5853252410889 21.620023727417 21.6547222137451 21.6894187927246 21.7241172790527 21.7588157653809 21.7935123443604 21.832878112793 21.8930110931396 21.9531440734863 22.013277053833 22.0734100341797 22.133544921875 22.1936779022217 22.2538108825684 22.313943862915 22.3740768432617 22.4353466033936 22.5030212402344 22.5706958770752 22.638370513916 22.7060451507568 22.7737197875977 22.8413944244385 22.9090690612793 22.9767436981201 23.0444164276123 23.1130485534668 23.1888542175293 23.2646598815918 23.3404655456543 23.4162712097168 23.4920768737793 23.5678825378418 23.6436882019043 23.7194938659668 23.7952995300293 23.8692760467529 23.9234828948975 23.9776878356934 24.0318927764893 24.0860996246338
-3.4e+38 -3.4e+38 -3.4e+38 -3.4e+38 -3.4e+38 -3.4e+38 -3.4e+38 -3.4e+38 -3.4e+38 -3.4e+38 21.6123504638672 21.6456279754639 21.6789035797119 21.7121810913086 21.7454566955566 21.7787342071533 21.8120098114014 21.8500919342041 21.909553527832 21.9690170288086 22.0284805297852 22.0879440307617 22.1474056243896 22.2068691253662 22.2663326263428 22.3257942199707 22.3852577209473 22.4459953308105 22.5139293670654 22.5818634033203 22.6497974395752 22.7177314758301 22.785665512085 22.8535976409912 22.9215316772461 22.989465713501 23.0573997497559 23.1259613037109 23.1992321014404 23.2725028991699 23.3457736968994 23.4190444946289 23.4923152923584 23.5655860900879 23.638858795166 23.7121295928955 23.785400390625 23.8572101593018 23.9132175445557 23.9692249298096 24.0252323150635 24.0812397003174
-3.4e+38 -3.4e+38 -3.4e+38 -3.4e+38 -3.4e+38 -3.4e+38 -3.4e+38 -3.4e+38 -3.4e+38 -3.4e+38 21.6393775939941 21.6712322235107 21.7030868530273 21.7349414825439 21.7667980194092 21.7986526489258 21.8305072784424 21.8673057556152 21.926097869873 21.9848899841309 22.0436820983887 22.1024761199951 22.1612682342529 22.2200603485107 22.2788524627686 22.337646484375 22.3964385986328 22.4566459655762 22.5248394012451 22.5930309295654 22.6612243652344 22.7294178009033 22.7976112365723 22.8658027648926 22.9339962005615 23.0021896362305 23.0703811645508 23.1388740539551 23.2096099853516 23.280345916748 23.3510837554932 23.4218196868896 23.4925556182861 23.5632915496826 23.6340293884277 23.7047653198242 23.7755012512207 23.8451442718506 23.9029521942139 23.9607620239258 24.0185699462891 24.076379776001
-3.4e+38 -3.4e+38 -3.4e+38 -3.4e+38 -3.4e+38 -3.4e+38 -3.4e+38 -3.4e+38 -3.4e+38 -3.4e+38 21.6664028167725 21.6968364715576 21.7272701263428 21.7577037811279 21.7881374359131 21.8185710906982 21.8490047454834 21.8845195770264 21.9426403045654 22.0007629394531 22.0588855743408 22.1170082092285 22.1751289367676 22.2332515716553 22.291374206543 22.3494968414307 22.4076194763184 22.4672966003418 22.5357475280762 22.6042003631592 22.6726512908936 22.7411041259766 22.8095569610596 22.8780078887939 22.946460723877 23.0149116516113 23.0833644866943 23.1517868041992 23.2199878692627 23.2881908416748 23.3563919067383 23.4245948791504 23.4927959442139 23.5609970092773 23.6291999816895 23.6974010467529 23.7656021118164 23.8330764770508 23.8926868438721 23.952299118042 24.0119094848633 24.0715198516846
-3.4e+38 -3.4e+38 -3.4e+38 -3.4e+38 -3.4e+38 -3.4e+38 -3.4e+38 -3.4e+38 -3.4e+38 -3.4e+38 21.6934280395508 21.7224407196045 21.7514533996582 21.7804641723633 21.809476852417 21.8384895324707 21.8675022125244 21.9017314910889 21.9591846466064 22.0166358947754 22.0740871429443 22.1315402984619 22.1889915466309 22.2464427947998 22.3038959503174 22.3613471984863 22.4188003540039 22.4779453277588 22.5466575622559 22.6153678894043 22.6840801239014 22.7527904510498 22.8215026855469 22.8902130126953 22.9589252471924 23.0276355743408 23.0963459014893 23.1646995544434 23.2303676605225 23.2960338592529 23.361701965332 23.4273681640625 23.4930362701416 23.5587024688721 23.6243705749512 23.6900367736816 23.7557029724121 23.8210105895996 23.8824234008789 23.9438343048096 24.0052471160889 24.0666599273682
-3.4e+38 -3.4e+38 -3.4e+38 -3.4e+38 -3.4e+38 -3.4e+38 -3.4e+38 -3.4e+38 -3.4e+38 -3.4e+38 21.7204532623291 21.7480449676514 21.775634765625 21.8032264709473 21.8308162689209 21.8584079742432 21.8859996795654 21.9189453125 21.9757270812988 22.0325088500977 22.0892906188965 22.1460723876953 22.2028541564941 22.259635925293 22.3164176940918 22.373197555542 22.4299793243408 22.4885959625244 22.5575656890869 22.626537322998 22.6955070495605 22.764476776123 22.8334484100342 22.9024181365967 22.9713878631592 23.0403594970703 23.1093292236328 23.1776123046875 23.2407455444336 23.3038787841797 23.3670101165771 23.4301433563232 23.4932746887207 23.5564079284668 23.6195411682129 23.6826725006104 23.7458057403564 23.8089447021484 23.8721580505371 23.9353713989258 23.9985866546631 24.0618000030518
-3.4e+38 -3.4e+38 -3.4e+38 -3.4e+38 -3.4e+38 -3.4e+38 -3.4e+38 -3.4e+38 -3.4e+38 -3.4e+38 21.7474784851074 21.7736492156982 21.7998180389404 21.8259868621826 21.8521575927734 21.8783264160156 21.9044971466064 21.9361591339111 21.9922714233398 22.0483818054199 22.1044921875 22.1606044769287 22.2167148590088 22.2728271484375 22.3289375305176 22.3850498199463 22.4411602020264 22.49924659729 22.5684757232666 22.6377048492432 22.7069339752197 22.7761650085449 22.8453941345215 22.914623260498 22.9838523864746 23.0530815124512 23.1223106384277 23.1905269622803 23.2511234283447 23.3117218017578 23.3723201751709 23.4329166412354 23.4935150146484 23.5541133880615 23.614709854126 23.6753082275391 23.7359066009521 23.7968788146973 23.8618927001953 23.926908493042 23.9919242858887 24.0569400787354
-3.4e+38 -3.4e+38 -3.4e+38 -3.4e+38 -3.4e+38 -3.4e+38 -3.4e+38 -3.4e+38 -3.4e+38 -3.4e+38 -3.4e+38 21.7992534637451 21.8240013122559 21.8487491607666 21.8734970092773 21.8982448577881 21.9229927062988 21.9533729553223 22.0088138580322 22.0642547607422 22.1196956634521 22.1751365661621 22.2305774688721 22.286018371582 22.341459274292 22.396900177002 22.4523410797119 22.5098972320557 22.5793857574463 22.6488742828369 22.7183628082275 22.7878513336182 22.8573398590088 22.9268283843994 22.99631690979 23.0658054351807 23.1352939605713 23.2034397125244 23.2615013122559 23.3195648193359 23.377628326416 23.4356918334961 23.4937553405762 23.5518188476562 23.6098804473877 23.6679439544678 23.7260074615479 23.7848110198975 23.8516292572021 23.9184455871582 23.9852638244629 24.0520801544189
-3.4e+38 -3.4e+38 -3.4e+38 -3.4e+38 -3.4e+38 -3.4e+38 -3.4e+38 -3.4e+38 -3.4e+38 -3.4e+38 -3.4e+38 21.824857711792 21.8481826782227 21.871509552002 21.8948364257812 21.9181632995605 21.9414901733398 21.9705867767334 22.0253562927246 22.0801277160645 22.1348972320557 22.1896686553955 22.2444400787354 22.2992095947266 22.3539810180664 22.4087505340576 22.4635219573975 22.5205459594727 22.5902938842773 22.660041809082 22.7297897338867 22.7995376586914 22.8692855834961 22.9390335083008 23.0087814331055 23.0785293579102 23.1482753753662 23.2163524627686 23.2718811035156 23.3274097442627 23.3829383850098 23.4384670257568 23.4939956665039 23.549524307251 23.6050510406494 23.6605796813965 23.7161083221436 23.7727451324463 23.8413639068604 23.9099826812744 23.9786014556885 24.0472202301025
-3.4e+38 -3.4e+38 -3.4e+38 -3.4e+38 -3.4e+38 -3.4e+38 -3.4e+38 -3.4e+38 -3.4e+38 -3.4e+38 -3.4e+38 21.8504600524902 21.8723659515381 21.8942718505859 21.9161777496338 21.938081741333 21.9599876403809 21.9878005981445 22.0419006347656 22.0960006713867 22.1501007080078 22.2042007446289 22.25830078125 22.3124008178711 22.3665008544922 22.4206027984619 22.474702835083 22.5311965942383 22.601203918457 22.6712112426758 22.7412166595459 22.8112239837646 22.8812313079834 22.9512386322021 23.0212440490723 23.091251373291 23.1612586975098 23.2292652130127 23.2822589874268 23.3352527618408 23.3882465362549 23.4412403106689 23.494234085083 23.5472278594971 23.6002216339111 23.6532173156738 23.7062110900879 23.7606792449951 23.8310985565186 23.9015197753906 23.9719390869141 24.0423603057861
-3.4e+38 -3.4e+38 -3.4e+38 -3.4e+38 -3.4e+38 -3.4e+38 -3.4e+38 -3.4e+38 -3.4e+38 -3.4e+38 -3.4e+38 21.8614330291748 21.8832607269287 21.9047470092773 21.9258975982666 21.946720123291 21.9672241210938 21.9937133789062 22.0481071472168 22.1025009155273 22.1568946838379 22.2112865447998 22.2656803131104 22.3200740814209 22.3744678497314 22.4288597106934 22.4832534790039 22.5400123596191 22.6101264953613 22.6802406311035 22.7503547668457 22.8204689025879 22.8905830383301 22.9606971740723 23.0308113098145 23.1009254455566 23.1710395812988 23.2391891479492 23.2925891876221 23.3459892272949 23.3993892669678 23.4527893066406 23.5061893463135 23.5595893859863 23.6129894256592 23.666389465332 23.7197895050049 23.7745494842529 23.8440132141113 23.9134750366211 23.9829387664795 24.0524024963379
-3.4e+38 -3.4e+38 -3.4e+38 -3.4e+38 -3.4e+38 -3.4e+38 -3.4e+38 -3.4e+38 -3.4e+38 -3.4e+38 -3.4e+38 21.8687324523926 21.8907814025879 21.9120006561279 21.9324340820312 21.952127456665 21.971118927002 21.9962177276611 22.0511951446533 22.1061706542969 22.1611480712891 22.2161254882812 22.2711029052734 22.3260803222656 22.3810577392578 22.43603515625 22.4910106658936 22.5482769012451 22.6184520721436 22.688627243042 22.7588024139404 22.8289775848389 22.8991527557373 22.9693279266357 23.0395030975342 23.1096782684326 23.1798553466797 23.2482089996338 23.3029041290283 23.3575973510742 23.4122924804688 23.4669857025146 23.5216789245605 23.5763740539551 23.631067276001 23.6857624053955 23.7404556274414 23.7962474822998 23.8639221191406 23.9315948486328 23.9992694854736 24.0669422149658
-3.4e+38 -3.4e+38 -3.4e+38 -3.4e+38 -3.4e+38 -3.4e+38 -3.4e+38 -3.4e+38 -3.4e+38 -3.4e+38 -3.4e+38 21.8770370483398 21.8991317749023 21.9198684692383 21.9393692016602 21.9577388763428 21.975076675415 21.9987201690674 22.0542812347412 22.109842300415 22.1654033660889 22.2209644317627 22.2765254974365 22.3320865631104 22.3876476287842 22.443208694458 22.4987697601318 22.5565395355225 22.6267757415771 22.6970119476318 22.7672500610352 22.8374862670898 22.9077224731445 22.9779586791992 23.0481967926025 23.1184329986572 23.1886692047119 23.257230758667 23.3132190704346 23.3692054748535 23.4251937866211 23.4811820983887 23.5371704101562 23.5931587219238 23.6491451263428 23.7051334381104 23.7611217498779 23.8179473876953 23.8838310241699 23.9497146606445 24.0155982971191 24.0814838409424
