R_scripts/int_process_data/Bio_09.asc
NCOLS 281 
NROWS 576 
XLLCORNER 81175.2677831308 
YLLCORNER 88.2293212990044 
CELLSIZE 1000 
NODATA_value -3.4e+38 
[rows 483 to 505 of 576, columns 104 to 155 of 281]
23.3231372833252 23.3546180725098 23.3860969543457 23.4175758361816 23.4490547180176 23.4792499542236 23.4858779907227 23.4925060272217 23.4991340637207 23.5057621002197 23.5123901367188 23.5190181732178 23.5256462097168 23.5322742462158 23.5389022827148 23.5457229614258 23.5626106262207 23.5794982910156 23.5963859558105 23.6132755279541 23.630163192749 23.6470508575439 23.6639385223389 23.6808261871338 23.6977157592773 23.7146034240723 23.7460231781006 23.7776546478271 23.8092861175537 23.8409156799316 23.8725471496582 23.9041767120361 23.9358081817627 23.9674396514893 23.9990692138672 24.0307006835938 24.0598239898682 24.0888233184814 24.1178207397461 24.1468200683594 24.1758193969727 24.2048187255859 24.2338180541992 24.2628154754639 24.2918148040771 24.3208141326904 24.348539352417 24.3761539459229 24.4037685394287 24.4313831329346 24.4589977264404 24.4866123199463
23.3100986480713 23.3405857086182 23.371072769165 23.4015617370605 23.4320487976074 23.4613304138184 23.4684715270996 23.4756145477295 23.4827575683594 23.4898986816406 23.4970417022705 23.5041828155518 23.5113258361816 23.5184669494629 23.5256099700928 23.5329456329346 23.5504550933838 23.5679626464844 23.585470199585 23.6029796600342 23.6204872131348 23.6379947662354 23.6555042266846 23.6730117797852 23.6905193328857 23.708028793335 23.7393856048584 23.7709426879883 23.8024997711182 23.834056854248 23.8656139373779 23.8971729278564 23.9287300109863 23.9602870941162 23.9918441772461 24.023401260376 24.052547454834 24.0815715789795 24.1105976104736 24.1396236419678 24.1686496734619 24.1976757049561 24.2267017364502 24.2557277679443 24.2847537994385 24.3137798309326 24.3421058654785 24.3703708648682 24.3986358642578 24.4269027709961 24.4551677703857 24.4834327697754
23.2829895019531 23.3123111724854 23.3416347503662 23.3709583282471 23.4002799987793 23.428524017334 23.4369792938232 23.4454326629639 23.4538879394531 23.4623413085938 23.4707946777344 23.4792499542236 23.4877033233643 23.4961566925049 23.5046119689941 23.5132465362549 23.531400680542 23.5495529174805 23.5677051544189 23.5858573913574 23.6040096282959 23.6221618652344 23.6403141021729 23.6584663391113 23.6766185760498 23.6947708129883 23.7257118225098 23.7568378448486 23.7879638671875 23.8190898895264 23.8502159118652 23.8813419342041 23.912467956543 23.9435939788818 23.9747180938721 24.0058441162109 24.0353202819824 24.0647163391113 24.0941104888916 24.1235065460205 24.1529006958008 24.1822948455811 24.21169090271 24.2410850524902 24.2704792022705 24.2998752593994 24.3289546966553 24.3580093383789 24.3870620727539 24.4161167144775 24.4451694488525 24.4742221832275
23.255880355835 23.2840385437012 23.3121948242188 23.340353012085 23.3685111999512 23.3957195281982 23.4054851531982 23.4152507781982 23.4250183105469 23.4347839355469 23.4445495605469 23.4543151855469 23.4640808105469 23.4738483428955 23.4836139678955 23.4935493469238 23.5123443603516 23.5311412811279 23.5499382019043 23.5687351226807 23.587532043457 23.6063289642334 23.6251239776611 23.6439208984375 23.6627178192139 23.6815147399902 23.7120399475098 23.7427349090576 23.7734279632568 23.8041229248047 23.8348159790039 23.8655109405518 23.8962059020996 23.9268989562988 23.9575939178467 23.9882888793945 24.0180950164795 24.0478591918945 24.0776233673096 24.1073875427246 24.1371517181396 24.1669158935547 24.1966781616211 24.2264423370361 24.2562065124512 24.2859706878662 24.3158054351807 24.3456478118896 24.37548828125 24.405330657959 24.4351711273193 24.4650135040283
23.2287712097168 23.2557640075684 23.2827568054199 23.3097496032715 23.336742401123 23.3629131317139 23.3739910125732 23.3850688934326 23.3961486816406 23.4072265625 23.4183044433594 23.4293823242188 23.4404602050781 23.4515380859375 23.4626159667969 23.4738502502441 23.4932899475098 23.512731552124 23.5321731567383 23.5516128540039 23.5710544586182 23.5904941558838 23.609935760498 23.6293754577637 23.6488170623779 23.6682586669922 23.6983661651611 23.728630065918 23.7588920593262 23.7891540527344 23.8194179534912 23.8496799468994 23.8799438476562 23.9102058410645 23.9404678344727 23.9707317352295 24.0008697509766 24.0310039520264 24.0611362457275 24.0912685394287 24.1214008331299 24.1515350341797 24.1816673278809 24.211799621582 24.2419338226318 24.272066116333 24.3026561737061 24.3332862854004 24.3639144897461 24.3945446014404 24.4251747131348 24.4558029174805
23.20166015625 23.2274894714355 23.2533187866211 23.279146194458 23.3049755096436 23.3301086425781 23.3424987792969 23.3548889160156 23.3672790527344 23.3796672821045 23.3920574188232 23.404447555542 23.4168376922607 23.4292278289795 23.4416179656982 23.4541511535645 23.474235534668 23.4943218231201 23.5144062042236 23.5344905853271 23.5545768737793 23.5746612548828 23.5947456359863 23.6148319244385 23.634916305542 23.6550006866455 23.6846942901611 23.7145252227783 23.7443561553955 23.7741870880127 23.8040180206299 23.8338489532471 23.8636817932129 23.8935127258301 23.9233436584473 23.9531745910645 23.9836444854736 24.0141468048096 24.0446491241455 24.0751514434814 24.1056518554688 24.1361541748047 24.1666564941406 24.1971588134766 24.2276592254639 24.2581615447998 24.2895069122314 24.3209228515625 24.3523406982422 24.3837585449219 24.4151763916016 24.4465942382812
23.1745510101318 23.1992149353027 23.2238788604736 23.2485427856445 23.2732067108154 23.2973041534424 23.3110046386719 23.32470703125 23.3384094238281 23.3521099090576 23.3658123016357 23.3795127868652 23.3932151794434 23.4069175720215 23.420618057251 23.4344520568848 23.4551811218262 23.4759101867676 23.496639251709 23.5173683166504 23.5380992889404 23.5588283538818 23.5795574188232 23.6002864837646 23.6210155487061 23.6417446136475 23.6710205078125 23.7004203796387 23.7298202514648 23.759220123291 23.7886199951172 23.8180198669434 23.8474197387695 23.8768177032471 23.9062175750732 23.9356174468994 23.9664192199707 23.9972896575928 24.0281620025635 24.0590324401855 24.0899028778076 24.1207733154297 24.1516456604004 24.1825160980225 24.2133865356445 24.2442569732666 24.2763557434082 24.3085613250732 24.3407669067383 24.3729724884033 24.4051780700684 24.4373836517334
23.1474418640137 23.1709403991699 23.1944408416748 23.2179393768311 23.2414379119873 23.264497756958 23.2795124053955 23.2945251464844 23.3095397949219 23.3245525360107 23.3395652770996 23.3545799255371 23.369592666626 23.3846073150635 23.3996200561523 23.4147529602051 23.4361267089844 23.4575004577637 23.478874206543 23.5002479553223 23.5216217041016 23.5429935455322 23.5643672943115 23.5857410430908 23.6071147918701 23.6284885406494 23.6573486328125 23.686315536499 23.7152843475342 23.7442531585693 23.7732200622559 23.802188873291 23.8311576843262 23.8601245880127 23.8890933990479 23.9180603027344 23.9491939544678 23.9804344177246 24.0116729736328 24.0429134368896 24.0741539001465 24.1053943634033 24.1366329193115 24.1678733825684 24.1991138458252 24.230354309082 24.2632064819336 24.296199798584 24.3291931152344 24.3621864318848 24.3951797485352 24.4281730651855
23.1203327178955 23.1426677703857 23.1650009155273 23.1873359680176 23.2096691131592 23.2316932678223 23.2480182647705 23.2643432617188 23.280668258667 23.2969951629639 23.3133201599121 23.3296451568604 23.3459720611572 23.3622970581055 23.3786220550537 23.395055770874 23.4170722961426 23.4390907287598 23.4611072540283 23.4831256866455 23.5051422119141 23.5271606445312 23.5491790771484 23.571195602417 23.5932140350342 23.6152305603027 23.6436748504639 23.672212600708 23.7007484436035 23.729284286499 23.7578220367432 23.7863578796387 23.8148956298828 23.8434314727783 23.8719673156738 23.900505065918 23.9319686889648 23.9635772705078 23.9951858520508 24.0267944335938 24.0584049224854 24.0900135040283 24.1216220855713 24.1532306671143 24.1848392486572 24.2164497375488 24.250057220459 24.2838382720947 24.3176193237305 24.3514003753662 24.385181427002 24.4189643859863
23.0932235717773 23.1143932342529 23.1355628967285 23.1567306518555 23.1779003143311 23.1988868713379 23.2165241241455 23.2341613769531 23.2517986297607 23.269437789917 23.2870750427246 23.3047122955322 23.3223495483398 23.3399868011475 23.3576240539551 23.3753566741943 23.3980178833008 23.4206790924072 23.4433422088623 23.4660034179688 23.4886646270752 23.5113277435303 23.5339889526367 23.5566501617432 23.5793132781982 23.6019744873047 23.6300029754639 23.6581077575684 23.6862125396729 23.7143173217773 23.7424221038818 23.7705268859863 23.7986316680908 23.8267383575439 23.8548431396484 23.8829479217529 23.9147434234619 23.946720123291 23.9786987304688 24.0106773376465 24.0426540374756 24.0746326446533 24.1066112518311 24.1385898590088 24.1705665588379 24.2025451660156 24.2369060516357 24.2714767456055 24.3060455322266 24.3406143188477 24.3751850128174 24.4097537994385
23.0661144256592 23.0861186981201 23.1061229705811 23.126127243042 23.1461315155029 23.1660823822021 23.1850318908691 23.2039813995361 23.2229290008545 23.2418785095215 23.2608280181885 23.2797775268555 23.2987270355225 23.3176765441895 23.3366260528564 23.3556575775146 23.378963470459 23.4022693634033 23.4255752563477 23.448881149292 23.4721870422363 23.4954929351807 23.518798828125 23.542106628418 23.5654125213623 23.5887184143066 23.6163291931152 23.6440029144287 23.6716766357422 23.6993503570557 23.7270240783691 23.7546977996826 23.7823696136475 23.8100433349609 23.8377170562744 23.8653907775879 23.897518157959 23.9298648834229 23.9622116088867 23.9945583343506 24.0269050598145 24.0592517852783 24.0916004180908 24.1239471435547 24.1562938690186 24.1886405944824 24.2237567901611 24.2591152191162 24.2944717407227 24.3298282623291 24.3651866912842 24.4005432128906
23.054988861084 23.0734539031982 23.0919170379639 23.1103820800781 23.1288452148438 23.1473503112793 23.166618347168 23.185884475708 23.205150604248 23.2244186401367 23.2436847686768 23.2629528045654 23.2822189331055 23.3014869689941 23.3207530975342 23.3400993347168 23.3635921478271 23.3870849609375 23.4105796813965 23.4340724945068 23.4575653076172 23.4810581207275 23.5045509338379 23.5280456542969 23.5515384674072 23.5750312805176 23.6029682159424 23.6309680938721 23.6589679718018 23.6869678497314 23.7149677276611 23.7429676055908 23.7709674835205 23.7989692687988 23.8269691467285 23.8549690246582 23.8870601654053 23.9193534851074 23.9516468048096 23.9839401245117 24.0162334442139 24.048526763916 24.0808200836182 24.1131134033203 24.1454067230225 24.1777000427246 24.2137908935547 24.2502136230469 24.2866363525391 24.3230590820312 24.3594818115234 24.3959045410156
23.0559005737305 23.0725421905518 23.0891819000244 23.1058235168457 23.1224632263184 23.139217376709 23.158052444458 23.1768894195557 23.1957244873047 23.2145595550537 23.2333965301514 23.2522315979004 23.2710666656494 23.2899036407471 23.3087387084961 23.3276596069336 23.3509960174561 23.3743305206299 23.3976669311523 23.4210033416748 23.4443397521973 23.4676761627197 23.4910125732422 23.5143489837646 23.5376853942871 23.5610218048096 23.5898399353027 23.6187381744385 23.6476345062256 23.6765327453613 23.7054309844971 23.7343273162842 23.7632255554199 23.7921237945557 23.8210220336914 23.8499183654785 23.8816967010498 23.9136180877686 23.9455394744873 23.9774608612061 24.0093822479248 24.0413036346436 24.0732250213623 24.1051464080811 24.1370677947998 24.1689891815186 24.2062225341797 24.2439193725586 24.2816143035889 24.3193111419678 24.3570079803467 24.3947048187256
23.056812286377 23.0716285705566 23.086446762085 23.1012630462646 23.116081237793 23.1310844421387 23.1494884490967 23.1678924560547 23.1862964630127 23.2047023773193 23.2231063842773 23.2415103912354 23.259916305542 23.2783203125 23.296724319458 23.3152179718018 23.3383979797363 23.3615779876709 23.3847560882568 23.4079360961914 23.4311141967773 23.4542942047119 23.4774723052979 23.5006523132324 23.523832321167 23.5470104217529 23.5767116546631 23.6065063476562 23.636302947998 23.6660976409912 23.6958923339844 23.7256889343262 23.7554836273193 23.7852783203125 23.8150730133057 23.8448696136475 23.876335144043 23.9078845977783 23.9394340515137 23.970983505249 24.0025329589844 24.0340824127197 24.0656299591064 24.0971794128418 24.1287288665771 24.1602783203125 24.1986541748047 24.2376232147217 24.2765941619873 24.3155651092529 24.3545341491699 24.3935050964355
23.0577239990234 23.0707168579102 23.0837116241455 23.0967044830322 23.1096992492676 23.1229496002197 23.1409244537354 23.1588973999023 23.1768703460693 23.1948432922363 23.2128162384033 23.2307910919189 23.2487640380859 23.2667369842529 23.2847099304199 23.3027782440186 23.3257999420166 23.3488235473633 23.3718452453613 23.3948669433594 23.4178886413574 23.4409122467041 23.4639339447021 23.4869556427002 23.5099773406982 23.5330009460449 23.5635833740234 23.5942764282227 23.6249694824219 23.6556625366211 23.6863555908203 23.7170486450195 23.7477397918701 23.7784328460693 23.8091259002686 23.8398189544678 23.8709735870361 23.9021511077881 23.9333267211914 23.9645042419434 23.9956817626953 24.0268592834473 24.0580368041992 24.0892143249512 24.1203899383545 24.1515674591064 24.1910858154297 24.2313289642334 24.2715740203857 24.3118171691895 24.3520603179932 24.3923053741455
23.0586357116699 23.0698051452637 23.0809764862061 23.0921459197998 23.1033172607422 23.1148166656494 23.1323585510254 23.1499004364014 23.167444229126 23.184986114502 23.2025279998779 23.2200698852539 23.2376117706299 23.2551536560059 23.2726955413818 23.2903385162354 23.3132038116455 23.3360691070557 23.3589344024658 23.381799697876 23.4046649932861 23.4275302886963 23.4503936767578 23.473258972168 23.4961242675781 23.5189895629883 23.5504570007324 23.5820465087891 23.6136379241943 23.645227432251 23.6768169403076 23.7084083557129 23.7399978637695 23.7715892791748 23.8031787872314 23.8347682952881 23.8656120300293 23.8964157104492 23.9272212982178 23.9580268859863 23.9888324737549 24.0196361541748 24.0504417419434 24.0812473297119 24.1120529174805 24.1428565979004 24.1835174560547 24.2250347137451 24.2665519714355 24.308069229126 24.349588394165 24.3911056518555
23.0595455169678 23.0688934326172 23.0782413482666 23.0875873565674 23.0969352722168 23.1066837310791 23.1237945556641 23.140905380249 23.158016204834 23.1751270294189 23.1922378540039 23.2093486785889 23.2264595031738 23.2435722351074 23.2606830596924 23.2778987884521 23.3006057739258 23.323314666748 23.3460235595703 23.3687305450439 23.3914394378662 23.4141464233398 23.4368553161621 23.4595642089844 23.482271194458 23.5049800872803 23.5373287200928 23.5698165893555 23.6023044586182 23.6347923278809 23.6672801971436 23.6997680664062 23.7322559356689 23.7647438049316 23.7972316741943 23.829719543457 23.8602485656738 23.890682220459 23.9211158752441 23.9515476226807 23.9819812774658 24.012414932251 24.0428485870361 24.0732803344727 24.1037139892578 24.134147644043 24.1759490966797 24.2187404632568 24.261531829834 24.3043231964111 24.3471145629883 24.3899059295654
23.0604572296143 23.0679817199707 23.0755043029785 23.083028793335 23.0905532836914 23.0985507965088 23.1152305603027 23.1319103240967 23.1485900878906 23.1652698516846 23.1819496154785 23.1986293792725 23.2153091430664 23.2319889068604 23.2486686706543 23.2654571533203 23.2880096435547 23.3105602264404 23.3331108093262 23.3556632995605 23.3782138824463 23.400764465332 23.4233169555664 23.4458675384521 23.4684181213379 23.4909687042236 23.5242004394531 23.5575866699219 23.590970993042 23.6243572235107 23.6577415466309 23.6911277770996 23.7245121002197 23.7578983306885 23.7912845611572 23.8246688842773 23.854887008667 23.8849487304688 23.9150085449219 23.9450702667236 23.9751319885254 24.0051918029785 24.0352535247803 24.065315246582 24.0953750610352 24.1254367828369 24.1683807373047 24.2124462127686 24.2565097808838 24.3005752563477 24.3446407318115 24.3887062072754
23.0613689422607 23.0670700073242 23.0727691650391 23.0784702301025 23.084171295166 23.0904159545898 23.1066646575928 23.1229133605957 23.1391620635986 23.1554107666016 23.1716594696045 23.1879081726074 23.2041568756104 23.2204055786133 23.2366542816162 23.2530174255371 23.275411605835 23.2978057861328 23.3201999664307 23.3425941467285 23.3649883270264 23.3873825073242 23.4097766876221 23.4321708679199 23.4545650482178 23.4769592285156 23.5110740661621 23.5453567504883 23.5796394348145 23.6139221191406 23.6482048034668 23.682487487793 23.7167701721191 23.7510528564453 23.7853355407715 23.8196182250977 23.8495254516602 23.8792133331299 23.9089031219482 23.938591003418 23.9682807922363 23.9979705810547 24.0276584625244 24.0573482513428 24.0870380401611 24.1167259216309 24.1608123779297 24.2061500549316 24.2514896392822 24.2968292236328 24.3421669006348 24.3875064849854
23.0622806549072 23.0661563873291 23.0700340270996 23.0739116668701 23.0777893066406 23.0822830200195 23.0981006622314 23.1139183044434 23.1297359466553 23.1455535888672 23.1613693237305 23.1771869659424 23.1930046081543 23.2088222503662 23.2246398925781 23.2405776977539 23.2628154754639 23.2850513458252 23.3072891235352 23.3295269012451 23.3517627716064 23.3740005493164 23.3962383270264 23.4184741973877 23.4407119750977 23.4629497528076 23.4979457855225 23.5331249237061 23.5683059692383 23.6034870147705 23.6386661529541 23.6738471984863 23.7090282440186 23.7442073822021 23.7793884277344 23.8145694732666 23.8441619873047 23.8734798431396 23.902795791626 23.9321136474609 23.9614315032959 23.9907474517822 24.0200653076172 24.0493812561035 24.0786991119385 24.1080150604248 24.1532421112061 24.1998558044434 24.2464694976807 24.2930812835693 24.3396949768066 24.3863067626953
23.0631904602051 23.0652446746826 23.0672988891602 23.0693531036377 23.0714073181152 23.0741500854492 23.0895366668701 23.1049213409424 23.1203079223633 23.1356945037842 23.1510810852051 23.166467666626 23.1818523406982 23.1972389221191 23.21262550354 23.2281379699707 23.2502174377441 23.2722969055176 23.2943782806396 23.3164577484131 23.3385372161865 23.3606185913086 23.382698059082 23.4047775268555 23.4268589019775 23.448938369751 23.4848175048828 23.5208950042725 23.5569744110107 23.5930519104004 23.62912940979 23.6652069091797 23.7012844085693 23.7373638153076 23.7734413146973 23.8095188140869 23.8388004302979 23.8677463531494 23.8966903686523 23.9256362915039 23.9545803070068 23.9835262298584 24.0124702453613 24.0414161682129 24.0703601837158 24.0993061065674 24.1456737518311 24.1935615539551 24.2414474487305 24.2893352508545 24.3372211456299 24.3851070404053
23.0618057250977 23.0628604888916 23.0639152526855 23.0649700164795 23.0660247802734 23.0677814483643 23.0824012756348 23.0970211029053 23.1116409301758 23.1262607574463 23.1408805847168 23.1555004119873 23.1701202392578 23.1847400665283 23.1993598937988 23.2141189575195 23.2361888885498 23.2582607269287 23.280330657959 23.3024024963379 23.3244724273682 23.3465442657471 23.3686141967773 23.3906841278076 23.4127559661865 23.4348258972168 23.4712791442871 23.5079383850098 23.5445976257324 23.5812568664551 23.6179161071777 23.654577255249 23.6912364959717 23.7278957366943 23.764554977417 23.8012142181396 23.8314228057861 23.8613128662109 23.8912029266357 23.9210929870605 23.9509830474854 23.9808731079102 24.010763168335 24.0406513214111 24.0705413818359 24.1004314422607 24.1466026306152 24.1941909790039 24.2417793273926 24.2893676757812 24.3369560241699 24.3845443725586
23.058443069458 23.0592079162598 23.0599727630615 23.0607395172119 23.0615043640137 23.062931060791 23.0764961242676 23.0900611877441 23.1036262512207 23.1171913146973 23.1307563781738 23.1443195343018 23.1578845977783 23.1714496612549 23.1850147247314 23.1987400054932 23.2209300994873 23.2431182861328 23.2653064727783 23.2874946594238 23.309684753418 23.3318729400635 23.354061126709 23.3762493133545 23.3984394073486 23.4206275939941 23.4573860168457 23.4943561553955 23.5313243865967 23.5682945251465 23.6052627563477 23.6422328948975 23.6792011260986 23.7161712646484 23.7531394958496 23.7901096343994 23.8223133087158 23.8542804718018 23.8862476348877 23.9182167053223 23.9501838684082 23.9821510314941 24.0141201019287 24.0460872650146 24.0780544281006 24.1100215911865 24.1548404693604 24.200777053833 24.2467136383057 24.292652130127 24.3385887145996 24.3845252990723
