R_scripts/int_process_data/Bio_04_2001.2020.asc
NCOLS 281 
NROWS 577 
XLLCORNER 81175.2677831308 
YLLCORNER -911.770678700996 
CELLSIZE 1000 
NODATA_value -3.4e+38 
[rows 184 to 206 of 577, columns 52 to 103 of 281]
-3.4e+38 -3.4e+38 -3.4e+38 -3.4e+38 -3.4e+38 -3.4e+38 -3.4e+38 -3.4e+38 -3.4e+38 -3.4e+38 -3.4e+38 350.566375732422 358.384735107422 365.317321777344 370.691467285156 374.328308105469 377.865936279297 381.51708984375 385.369995117188 387.395294189453 389.869995117188 393.371154785156 395.448852539062 397.675018310547 400.894104003906 404.963195800781 409.08056640625 413.615966796875 417.202117919922 420.136657714844 421.907531738281 422.944244384766 423.235107421875 429.159545898438 435.549591064453 437.255859375 435.420806884766 436.651092529297 439.056304931641 434.270812988281 437.951538085938 442.677154541016 445.052551269531 448.291046142578 451.957916259766 456.366973876953 464.23193359375 478.517578125 494.869476318359 507.814697265625 520.458374023438 536.318725585938
-3.4e+38 -3.4e+38 -3.4e+38 -3.4e+38 -3.4e+38 -3.4e+38 -3.4e+38 -3.4e+38 -3.4e+38 -3.4e+38 345.114532470703 350.784942626953 358.600921630859 365.162689208984 370.361358642578 374.179809570312 378.265075683594 382.266021728516 385.928894042969 388.478942871094 391.437683105469 393.776184082031 396.212799072266 399.413269042969 402.283569335938 406.321472167969 408.829833984375 412.213806152344 417.316436767578 420.709838867188 421.865631103516 422.044586181641 423.59716796875 432.738311767578 436.975219726562 436.064636230469 434.556945800781 436.004180908203 439.673736572266 435.982299804688 436.980316162109 441.564117431641 443.117248535156 445.789459228516 450.619659423828 457.166168212891 466.900695800781 481.210815429688 494.303039550781 506.788543701172 512.532470703125 517.01904296875
-3.4e+38 -3.4e+38 -3.4e+38 -3.4e+38 -3.4e+38 -3.4e+38 -3.4e+38 -3.4e+38 -3.4e+38 -3.4e+38 345.33349609375 351.045776367188 358.426300048828 364.543640136719 369.878631591797 374.065002441406 378.582641601562 382.714569091797 386.382965087891 389.560333251953 392.950347900391 394.718109130859 397.405822753906 400.480621337891 402.834686279297 407.046844482422 409.796997070312 412.771850585938 417.429992675781 421.473999023438 423.107086181641 423.719848632812 425.533538818359 433.640502929688 437.449462890625 435.8837890625 435.765075683594 437.127777099609 437.6083984375 435.396545410156 437.421051025391 440.937255859375 444.168121337891 448.293395996094 455.197204589844 461.319732666016 469.416961669922 480.756011962891 499.544281005859 513.217102050781 510.087158203125 502.567626953125
-3.4e+38 -3.4e+38 -3.4e+38 -3.4e+38 -3.4e+38 -3.4e+38 -3.4e+38 -3.4e+38 -3.4e+38 340.370513916016 344.990051269531 351.360931396484 358.139678955078 363.987670898438 369.6494140625 374.002014160156 378.097503662109 382.745056152344 387.016906738281 390.369018554688 393.6142578125 396.285400390625 399.174346923828 401.877624511719 403.151428222656 407.217041015625 411.169036865234 414.889007568359 418.798248291016 422.377899169922 424.828765869141 425.674407958984 428.235900878906 433.97900390625 438.491577148438 437.714599609375 439.277313232422 440.309967041016 437.578308105469 434.524749755859 437.77880859375 442.295349121094 447.544036865234 453.090362548828 458.681793212891 463.787963867188 469.87890625 482.976989746094 505.360809326172 514.589050292969 516.446533203125 506.355773925781
-3.4e+38 -3.4e+38 -3.4e+38 -3.4e+38 -3.4e+38 -3.4e+38 -3.4e+38 -3.4e+38 -3.4e+38 340.873748779297 345.248443603516 351.835052490234 358.088897705078 363.447601318359 369.397735595703 374.834259033203 378.738494873047 383.425750732422 388.076812744141 391.190368652344 393.9638671875 397.2490234375 400.541290283203 403.115875244141 404.570983886719 408.153350830078 412.318054199219 416.150634765625 419.850524902344 423.029876708984 424.954040527344 425.596710205078 430.390441894531 435.026184082031 439.331970214844 440.036041259766 440.266326904297 439.421234130859 437.250030517578 434.755859375 436.63427734375 440.729339599609 447.304779052734 453.112182617188 455.272399902344 461.610565185547 473.670135498047 491.305786132812 505.731689453125 506.193939208984 514.016479492188 516.347839355469
-3.4e+38 -3.4e+38 -3.4e+38 -3.4e+38 -3.4e+38 -3.4e+38 -3.4e+38 -3.4e+38 -3.4e+38 340.380676269531 346.026306152344 352.671691894531 358.412322998047 363.412506103516 368.958709716797 374.750823974609 379.105651855469 383.986419677734 389.017822265625 392.105072021484 394.901733398438 398.071899414062 401.5576171875 403.72802734375 405.658874511719 409.078186035156 413.577270507812 417.30322265625 420.622894287109 422.742095947266 424.906524658203 426.982452392578 432.478149414062 436.197387695312 439.509948730469 441.054718017578 440.075592041016 438.498016357422 436.660278320312 435.765899658203 438.235504150391 440.201232910156 443.297607421875 448.589965820312 452.231262207031 461.628753662109 477.200012207031 496.832305908203 502.205993652344 498.384216308594 513.346496582031 523.480773925781
-3.4e+38 -3.4e+38 -3.4e+38 -3.4e+38 -3.4e+38 -3.4e+38 -3.4e+38 -3.4e+38 -3.4e+38 339.369140625 346.946044921875 353.203643798828 358.726593017578 363.472381591797 368.965270996094 375.003814697266 379.651733398438 384.091796875 389.036041259766 392.654449462891 395.963623046875 399.050354003906 402.377777099609 404.814147949219 406.140686035156 409.486389160156 414.389495849609 418.038696289062 420.984130859375 423.225830078125 426.974822998047 429.915863037109 433.850158691406 437.531921386719 440.012145996094 441.764343261719 442.163055419922 440.698944091797 437.884185791016 437.345703125 442.377593994141 443.128448486328 442.611297607422 449.197448730469 452.730010986328 462.786987304688 477.059143066406 490.112548828125 497.327423095703 498.602478027344 516.845153808594 518.700256347656
-3.4e+38 -3.4e+38 -3.4e+38 -3.4e+38 -3.4e+38 -3.4e+38 -3.4e+38 -3.4e+38 -3.4e+38 339.808990478516 347.254028320312 353.569580078125 359.030944824219 363.759643554688 369.179351806641 374.792022705078 380.087951660156 384.548034667969 388.653289794922 392.319000244141 395.965789794922 399.350494384766 403.083557128906 406.433166503906 407.294219970703 410.231811523438 414.890899658203 418.241241455078 421.012359619141 423.657409667969 426.947998046875 431.29296875 434.23681640625 437.622161865234 441.124328613281 444.546905517578 446.151123046875 443.802001953125 438.497894287109 438.468902587891 445.939727783203 448.404510498047 446.076599121094 452.928771972656 457.014709472656 463.449859619141 474.723114013672 478.7705078125 486.510559082031 492.693908691406 506.0126953125 505.504791259766
-3.4e+38 -3.4e+38 -3.4e+38 -3.4e+38 -3.4e+38 -3.4e+38 -3.4e+38 -3.4e+38 334.417358398438 340.344848632812 347.722259521484 353.679382324219 359.052032470703 364.260498046875 369.351013183594 374.345367431641 380.525054931641 385.678649902344 389.369232177734 392.468994140625 395.976379394531 399.372619628906 403.053161621094 406.879425048828 408.772644042969 411.378326416016 415.313049316406 418.41455078125 421.115600585938 423.981597900391 427.416748046875 432.494659423828 435.287689208984 438.154174804688 440.9697265625 445.486206054688 447.623870849609 444.013763427734 438.022613525391 438.769195556641 444.746002197266 450.166625976562 451.810516357422 454.099029541016 458.740753173828 463.147979736328 471.785888671875 475.251129150391 480.795440673828 489.636962890625 502.16455078125 493.708343505859
-3.4e+38 -3.4e+38 -3.4e+38 -3.4e+38 -3.4e+38 -3.4e+38 -3.4e+38 -3.4e+38 334.299957275391 340.977416992188 348.186187744141 353.878295898438 359.302154541016 364.911926269531 369.876708984375 374.085845947266 380.203033447266 386.153533935547 390.756896972656 393.939544677734 396.970306396484 400.186065673828 403.961303710938 407.371307373047 410.091461181641 412.5283203125 415.550476074219 418.998931884766 422.511199951172 426.406280517578 430.538024902344 433.866394042969 435.658233642578 438.315277099609 440.435455322266 442.765625 444.813995361328 442.661499023438 438.458587646484 439.367797851562 443.041961669922 446.637939453125 453.422088623047 457.259399414062 456.738586425781 461.109558105469 474.749603271484 483.666961669922 483.714782714844 490.151519775391 499.995697021484 491.920074462891
-3.4e+38 -3.4e+38 -3.4e+38 -3.4e+38 -3.4e+38 -3.4e+38 -3.4e+38 -3.4e+38 334.753326416016 341.328094482422 348.477874755859 354.258270263672 360.101806640625 365.644012451172 370.388610839844 374.031341552734 380.53662109375 386.477203369141 390.990020751953 394.289123535156 397.274597167969 400.471130371094 404.709289550781 408.335113525391 410.602233886719 412.334899902344 416.025817871094 420.316345214844 424.770751953125 429.579711914062 432.615692138672 434.033905029297 435.634185791016 437.887878417969 440.310852050781 442.588043212891 442.261291503906 439.575714111328 439.283813476562 440.3115234375 442.774597167969 446.110534667969 451.368011474609 459.909576416016 462.459136962891 468.00048828125 481.158111572266 491.263275146484 492.523956298828 491.136505126953 495.886932373047 496.608703613281
-3.4e+38 -3.4e+38 -3.4e+38 -3.4e+38 -3.4e+38 -3.4e+38 -3.4e+38 328.982086181641 334.306976318359 341.721221923828 348.35498046875 354.538269042969 360.393646240234 365.442321777344 370.573211669922 375.167907714844 382.112335205078 386.683807373047 389.565338134766 393.358764648438 396.799438476562 400.403350830078 404.608856201172 407.980895996094 410.314300537109 412.122192382812 416.336059570312 421.266326904297 426.0703125 430.0302734375 431.906860351562 433.072357177734 434.949005126953 437.504272460938 441.762268066406 446.584533691406 444.705017089844 440.562286376953 440.646118164062 440.833984375 443.587036132812 447.781219482422 451.921234130859 458.317077636719 464.128326416016 471.965362548828 482.391998291016 495.256469726562 497.810455322266 490.773132324219 498.836944580078 501.911651611328
-3.4e+38 -3.4e+38 -3.4e+38 -3.4e+38 -3.4e+38 -3.4e+38 -3.4e+38 329.392791748047 334.387817382812 341.659332275391 348.009460449219 354.715606689453 360.598602294922 365.654388427734 371.026702880859 375.103790283203 381.127014160156 383.951019287109 387.440338134766 391.866546630859 396.183898925781 400.373809814453 403.63818359375 406.262237548828 409.200256347656 412.42529296875 416.475463867188 421.039825439453 425.214416503906 428.610107421875 431.495422363281 433.381896972656 435.804107666016 439.574798583984 445.247375488281 447.995758056641 444.218231201172 440.224945068359 440.177093505859 440.833404541016 443.576141357422 448.417053222656 453.961639404297 457.058197021484 462.812255859375 472.373077392578 489.776702880859 507.952667236328 502.999755859375 495.219970703125 499.585327148438 498.406005859375
-3.4e+38 -3.4e+38 -3.4e+38 -3.4e+38 -3.4e+38 -3.4e+38 -3.4e+38 328.756195068359 334.821685791016 341.906768798828 348.359375 355.069915771484 361.116638183594 366.824523925781 371.974884033203 374.828369140625 378.237731933594 381.515716552734 385.563629150391 390.105590820312 394.353973388672 398.257934570312 401.549621582031 404.166076660156 407.374603271484 411.347229003906 415.153076171875 419.025665283203 422.70654296875 427.109497070312 431.090576171875 434.166717529297 437.798919677734 442.512878417969 447.114898681641 448.011169433594 443.967529296875 441.189605712891 440.868041992188 441.773345947266 444.3017578125 448.409423828125 452.078765869141 456.261108398438 464.977905273438 473.444183349609 499.600921630859 528.671264648438 517.835266113281 498.862365722656 492.476898193359 487.955352783203
-3.4e+38 -3.4e+38 -3.4e+38 -3.4e+38 -3.4e+38 -3.4e+38 -3.4e+38 327.931182861328 335.470703125 342.242431640625 348.930755615234 355.396240234375 361.623199462891 367.865081787109 373.131134033203 376.068511962891 378.244415283203 381.364074707031 385.345397949219 389.726440429688 393.552520751953 397.043426513672 400.600158691406 404.163879394531 407.832122802734 411.447509765625 414.446228027344 417.258270263672 420.653686523438 424.976287841797 429.468383789062 433.776794433594 439.201843261719 444.40380859375 447.618499755859 449.019439697266 446.260894775391 443.760284423828 445.046051025391 444.366851806641 445.738800048828 449.01513671875 451.962432861328 456.394104003906 464.375335693359 472.767669677734 493.67822265625 526.802917480469 531.754638671875 501.146606445312 488.71875 484.125427246094
-3.4e+38 -3.4e+38 -3.4e+38 -3.4e+38 -3.4e+38 -3.4e+38 -3.4e+38 328.255462646484 335.601837158203 342.278869628906 349.375885009766 356.018493652344 362.45947265625 368.930206298828 373.969024658203 377.462005615234 380.031585693359 382.538330078125 385.583435058594 389.871276855469 393.796234130859 397.740905761719 401.769561767578 405.870727539062 409.194549560547 412.387054443359 415.293395996094 417.775268554688 420.73974609375 424.784698486328 429.031097412109 433.617401123047 440.112182617188 445.656799316406 449.259094238281 449.552886962891 448.130493164062 448.774749755859 449.65478515625 446.922790527344 446.155792236328 449.998596191406 453.971649169922 458.731872558594 465.197296142578 471.32421875 484.102752685547 510.450347900391 532.031799316406 507.054809570312 488.271453857422 487.634948730469
-3.4e+38 -3.4e+38 -3.4e+38 -3.4e+38 -3.4e+38 -3.4e+38 322.995635986328 328.557769775391 335.784088134766 342.463195800781 349.658020019531 356.524597167969 362.98583984375 369.635162353516 375.129821777344 378.587799072266 381.302642822266 383.59033203125 386.365386962891 390.053253173828 393.971618652344 397.483093261719 402.525543212891 407.244232177734 410.234832763672 413.090881347656 416.092376708984 418.958099365234 422.453033447266 426.252227783203 429.851379394531 435.027282714844 441.724884033203 446.586547851562 449.533569335938 450.119567871094 450.893157958984 451.622497558594 449.834320068359 449.580932617188 449.283050537109 449.693786621094 455.463470458984 458.200805664062 461.300445556641 471.233612060547 488.243621826172 498.149566650391 510.448608398438 511.965454101562 492.500091552734 491.400329589844
-3.4e+38 -3.4e+38 -3.4e+38 -3.4e+38 -3.4e+38 -3.4e+38 323.066986083984 329.084869384766 336.342102050781 343.124664306641 350.064331054688 356.744323730469 363.278198242188 369.911987304688 376.214874267578 379.667602539062 382.289855957031 385.158569335938 388.415161132812 392.040405273438 395.176300048828 397.858184814453 402.523101806641 407.8408203125 411.693634033203 414.564544677734 417.3203125 420.610595703125 424.639465332031 427.874725341797 431.161346435547 435.665252685547 440.148223876953 445.718688964844 446.018280029297 448.220520019531 450.882965087891 449.712646484375 449.095916748047 452.822509765625 453.300567626953 450.693145751953 453.3203125 455.886199951172 461.117858886719 475.366027832031 488.356414794922 483.730743408203 485.139617919922 505.622436523438 502.184692382812 484.553955078125
-3.4e+38 -3.4e+38 -3.4e+38 -3.4e+38 -3.4e+38 -3.4e+38 323.469909667969 329.739593505859 337.271881103516 344.015991210938 350.850006103516 357.521423339844 363.922637939453 370.563018798828 376.774749755859 380.315948486328 383.211456298828 386.920135498047 390.768341064453 393.85498046875 396.035736083984 399.079254150391 402.695404052734 407.837707519531 413.487976074219 417.121429443359 419.320648193359 422.417663574219 426.435668945312 429.930694580078 433.114135742188 435.792053222656 438.295471191406 444.420196533203 442.5048828125 444.015991210938 449.4990234375 449.081878662109 450.738708496094 455.358795166016 455.350799560547 455.057434082031 454.414520263672 454.267822265625 460.163543701172 473.911834716797 480.772979736328 475.592834472656 475.193267822266 491.314697265625 511.764404296875 491.316009521484
-3.4e+38 -3.4e+38 -3.4e+38 -3.4e+38 -3.4e+38 -3.4e+38 323.023986816406 330.682189941406 338.019348144531 344.811065673828 351.693420410156 358.507537841797 364.708709716797 371.282897949219 377.80810546875 381.819122314453 385.093597412109 388.483612060547 392.498779296875 395.0537109375 397.061187744141 400.562622070312 403.698822021484 408.00537109375 414.901916503906 420.154083251953 421.479095458984 424.690856933594 427.768524169922 429.940521240234 431.915069580078 434.068115234375 438.604034423828 445.152404785156 441.753265380859 440.816375732422 444.464599609375 447.156036376953 453.332946777344 458.51416015625 458.809204101562 458.647979736328 453.790985107422 452.400024414062 460.091491699219 466.266876220703 470.367126464844 478.137268066406 478.032928466797 480.953338623047 504.068267822266 511.912567138672
-3.4e+38 -3.4e+38 -3.4e+38 -3.4e+38 -3.4e+38 -3.4e+38 323.518524169922 331.310577392578 338.492309570312 345.454986572266 352.330688476562 358.721252441406 365.199584960938 372.172576904297 378.585083007812 382.734985351562 386.136199951172 389.334411621094 392.970855712891 395.496795654297 397.608123779297 401.034240722656 405.351287841797 410.017944335938 415.606292724609 420.782562255859 423.479339599609 425.219512939453 426.419647216797 428.901062011719 431.195465087891 432.472320556641 438.066162109375 445.774047851562 443.263732910156 440.045684814453 441.129241943359 448.331848144531 456.015350341797 461.136810302734 459.906860351562 454.894744873047 448.290313720703 448.373168945312 456.21142578125 463.268218994141 472.561462402344 482.495178222656 487.765716552734 487.218322753906 494.429473876953 511.132690429688
-3.4e+38 -3.4e+38 -3.4e+38 -3.4e+38 -3.4e+38 317.076507568359 324.389831542969 331.879058837891 339.20263671875 346.240844726562 353.037261962891 358.712585449219 365.077117919922 372.310668945312 378.451477050781 382.373840332031 385.613861083984 389.371337890625 392.948669433594 395.433410644531 398.289428710938 401.725036621094 406.258422851562 411.886047363281 416.376708984375 421.021240234375 423.391662597656 424.755981445312 427.066345214844 430.199981689453 432.995635986328 432.975311279297 436.564483642578 444.633270263672 442.172454833984 439.283081054688 439.363525390625 446.127532958984 453.083343505859 459.290344238281 455.809936523438 447.378173828125 443.967407226562 447.302581787109 454.666748046875 465.595062255859 475.609588623047 481.930267333984 488.33544921875 493.909790039062 498.272888183594 500.419372558594
-3.4e+38 -3.4e+38 -3.4e+38 -3.4e+38 -3.4e+38 317.520629882812 325.178070068359 332.631744384766 339.994110107422 346.991851806641 353.533416748047 358.925567626953 365.126281738281 372.123870849609 377.705657958984 380.952514648438 384.426605224609 388.729156494141 392.699310302734 395.623260498047 399.232269287109 402.600372314453 406.585723876953 412.574401855469 418.182556152344 420.572723388672 422.731964111328 426.440582275391 428.455505371094 430.480529785156 432.486633300781 432.925811767578 435.543212890625 442.674346923828 441.784149169922 440.290863037109 439.229339599609 442.30517578125 446.303253173828 451.345062255859 450.346618652344 443.072174072266 442.300354003906 449.275115966797 458.419982910156 466.848724365234 477.161376953125 483.731719970703 488.395172119141 492.345458984375 499.680725097656 496.467559814453
