R_scripts/int_process_data/Bio_01.asc
NCOLS 281 
NROWS 576 
XLLCORNER 81175.2677831308 
YLLCORNER 88.2293212990044 
CELLSIZE 1000 
NODATA_value -3.4e+38 
[rows 207 to 229 of 576, columns 52 to 103 of 281]
-3.4e+38 -3.4e+38 -3.4e+38 -3.4e+38 -3.4e+38 15.7887954711914 15.7887964248657 15.78879737854 15.7887992858887 15.7888040542603 15.7888174057007 15.7888669967651 15.7892255783081 15.7892255783081 15.7892255783081 15.7892255783081 15.7892255783081 15.7897663116455 15.7927112579346 15.7956571578979 15.7986030578613 15.8015489578247 15.8044948577881 15.8074407577515 15.8103866577148 15.8133325576782 15.8162775039673 15.8156061172485 15.7945175170898 15.7734298706055 15.7523412704468 15.7312536239624 15.7101650238037 15.6890773773193 15.6679887771606 15.6469011306763 15.6258125305176 15.6056871414185 15.5927858352661 15.5798835754395 15.5669822692871 15.5540809631348 15.5411796569824 15.5282773971558 15.5153760910034 15.5024747848511 15.4895725250244 15.4768028259277 15.4654569625854 15.4541120529175 15.4427661895752 15.4314203262329
-3.4e+38 -3.4e+38 -3.4e+38 -3.4e+38 15.7879295349121 15.7879304885864 15.7879314422607 15.7879323959351 15.7879343032837 15.7879390716553 15.7879524230957 15.7880020141602 15.7883605957031 15.7883605957031 15.7883605957031 15.7883605957031 15.7883605957031 15.7889757156372 15.792329788208 15.7956838607788 15.7990379333496 15.8023920059204 15.8057460784912 15.809100151062 15.8124542236328 15.8158082962036 15.8191614151001 15.8189544677734 15.7986526489258 15.7783498764038 15.7580480575562 15.7377452850342 15.7174425125122 15.6971406936646 15.6768379211426 15.6565361022949 15.6362333297729 15.6166906356812 15.6028461456299 15.5890026092529 15.575159072876 15.561315536499 15.5474720001221 15.5336275100708 15.5197839736938 15.5059404373169 15.4920969009399 15.4783020019531 15.4650382995605 15.451774597168 15.4385099411011 15.4252462387085
-3.4e+38 -3.4e+38 -3.4e+38 -3.4e+38 15.7870645523071 15.7870655059814 15.7870664596558 15.7870674133301 15.7870693206787 15.7870740890503 15.7870874404907 15.7871370315552 15.7874956130981 15.7874956130981 15.7874956130981 15.7874956130981 15.7874956130981 15.7881860733032 15.7919483184814 15.7957105636597 15.7994728088379 15.8032350540161 15.8069972991943 15.8107595443726 15.8145217895508 15.818284034729 15.8220453262329 15.8223037719727 15.8027868270874 15.7832708358765 15.7637538909912 15.744236946106 15.724720954895 15.7052040100098 15.6856870651245 15.6661701202393 15.6466541290283 15.6276931762695 15.612907409668 15.5981216430664 15.5833358764648 15.5685501098633 15.5537643432617 15.5389776229858 15.5241918563843 15.5094060897827 15.4946203231812 15.4798011779785 15.4646186828613 15.4494371414185 15.4342546463013 15.4190731048584
-3.4e+38 -3.4e+38 -3.4e+38 -3.4e+38 15.7862005233765 15.7862005233765 15.7862014770508 15.7862024307251 15.786205291748 15.7862100601196 15.7862224578857 15.7862730026245 15.7866306304932 15.7866306304932 15.7866306304932 15.7866306304932 15.7866306304932 15.7873964309692 15.7915668487549 15.7957372665405 15.7999076843262 15.8040781021118 15.8082485198975 15.8124189376831 15.8165893554688 15.8207597732544 15.82493019104 15.8256530761719 15.8069219589233 15.7881908416748 15.7694597244263 15.7507295608521 15.7319984436035 15.713267326355 15.6945362091064 15.6758050918579 15.6570749282837 15.6386966705322 15.6229686737061 15.6072406768799 15.5915126800537 15.5757846832275 15.5600566864014 15.5443277359009 15.5285997390747 15.5128717422485 15.4971437454224 15.4812994003296 15.4642000198364 15.4470996856689 15.4299993515015 15.412899017334
-3.4e+38 -3.4e+38 -3.4e+38 15.7853355407715 15.7853355407715 15.7853364944458 15.7853374481201 15.7853384017944 15.7853403091431 15.7853450775146 15.7853584289551 15.7854080200195 15.7857666015625 15.7857666015625 15.7857666015625 15.7857666015625 15.7857666015625 15.7866058349609 15.791184425354 15.7957630157471 15.8003416061401 15.8049201965332 15.8094987869263 15.8140783309937 15.8186569213867 15.8232355117798 15.8278141021729 15.8290014266968 15.8110570907593 15.7931118011475 15.7751665115356 15.7572212219238 15.739275932312 15.7213306427002 15.7033853530884 15.6854400634766 15.6674947738647 15.6497001647949 15.6330299377441 15.6163597106934 15.5996894836426 15.5830192565918 15.566349029541 15.5496788024902 15.5330085754395 15.5163383483887 15.4996681213379 15.482798576355 15.4637804031372 15.4447622299194 15.4257440567017 15.4067249298096
-3.4e+38 -3.4e+38 -3.4e+38 15.7846832275391 15.7846832275391 15.7846832275391 15.7846841812134 15.7846841812134 15.7846851348877 15.7846879959106 15.7846946716309 15.7847194671631 15.7849016189575 15.7849016189575 15.7849016189575 15.7849016189575 15.7849016189575 15.785816192627 15.7908029556274 15.7957897186279 15.8007764816284 15.8057632446289 15.8107500076294 15.8157367706299 15.8207235336304 15.8257112503052 15.8306980133057 15.832350730896 15.8151912689209 15.7980318069458 15.7808723449707 15.7637128829956 15.7465534210205 15.7293939590454 15.7122344970703 15.6950750350952 15.6779155731201 15.6607027053833 15.6430902481079 15.6254777908325 15.6078653335571 15.5902538299561 15.5726413726807 15.5550289154053 15.5374164581299 15.5198040008545 15.5021915435791 15.4842977523804 15.463360786438 15.4424247741699 15.4214878082275 15.4005517959595
-3.4e+38 -3.4e+38 -3.4e+38 15.784462928772 15.784462928772 15.784462928772 15.784462928772 15.784462928772 15.784462928772 15.784462928772 15.784462928772 15.784462928772 15.784462928772 15.784462928772 15.784462928772 15.784462928772 15.784462928772 15.7854156494141 15.7906093597412 15.7958030700684 15.8009967803955 15.8061904907227 15.8113842010498 15.8165788650513 15.8217725753784 15.8269662857056 15.8321599960327 15.8340482711792 15.8172874450684 15.8005266189575 15.7837657928467 15.7670040130615 15.7502431869507 15.7334823608398 15.7167205810547 15.6999597549438 15.683198928833 15.6662817001343 15.6481914520264 15.6301012039185 15.6120109558105 15.5939207077026 15.575831413269 15.5577411651611 15.5396509170532 15.5215606689453 15.5034704208374 15.4850578308105 15.4631481170654 15.4412393569946 15.4193305969238 15.397421836853
-3.4e+38 -3.4e+38 15.784462928772 15.784462928772 15.784462928772 15.784462928772 15.784462928772 15.784462928772 15.784462928772 15.784462928772 15.784462928772 15.784462928772 15.784462928772 15.784462928772 15.784462928772 15.784462928772 15.784462928772 15.7854156494141 15.7906093597412 15.7958030700684 15.8009967803955 15.8061904907227 15.8113842010498 15.8165788650513 15.8217725753784 15.8269662857056 15.8321599960327 15.8340482711792 15.8172874450684 15.8005266189575 15.7837657928467 15.7670040130615 15.7502431869507 15.7334823608398 15.7167205810547 15.6999597549438 15.683198928833 15.6662817001343 15.6481914520264 15.6301012039185 15.6120109558105 15.5939207077026 15.575831413269 15.5577411651611 15.5396509170532 15.5215606689453 15.5034704208374 15.4850578308105 15.4631481170654 15.4412393569946 15.4193305969238 15.397421836853
-3.4e+38 -3.4e+38 15.784462928772 15.784462928772 15.784462928772 15.784462928772 15.784462928772 15.784462928772 15.784462928772 15.784462928772 15.784462928772 15.784462928772 15.784462928772 15.784462928772 15.784462928772 15.784462928772 15.784462928772 15.7854156494141 15.7906093597412 15.7958030700684 15.8009967803955 15.8061904907227 15.8113842010498 15.8165788650513 15.8217725753784 15.8269662857056 15.8321599960327 15.8340482711792 15.8172874450684 15.8005266189575 15.7837657928467 15.7670040130615 15.7502431869507 15.7334823608398 15.7167205810547 15.6999597549438 15.683198928833 15.6662817001343 15.6481914520264 15.6301012039185 15.6120109558105 15.5939207077026 15.575831413269 15.5577411651611 15.5396509170532 15.5215606689453 15.5034704208374 15.4850578308105 15.4631481170654 15.4412393569946 15.4193305969238 15.397421836853
-3.4e+38 15.784462928772 15.784462928772 15.784462928772 15.784462928772 15.784462928772 15.784462928772 15.784462928772 15.784462928772 15.784462928772 15.784462928772 15.784462928772 15.784462928772 15.784462928772 15.784462928772 15.784462928772 15.784462928772 15.7854156494141 15.7906093597412 15.7958030700684 15.8009967803955 15.8061904907227 15.8113842010498 15.8165788650513 15.8217725753784 15.8269662857056 15.8321599960327 15.8340482711792 15.8172874450684 15.8005266189575 15.7837657928467 15.7670040130615 15.7502431869507 15.7334823608398 15.7167205810547 15.6999597549438 15.683198928833 15.6662817001343 15.6481914520264 15.6301012039185 15.6120109558105 15.5939207077026 15.575831413269 15.5577411651611 15.5396509170532 15.5215606689453 15.5034704208374 15.4850578308105 15.4631481170654 15.4412393569946 15.4193305969238 15.397421836853
-3.4e+38 15.784462928772 15.784462928772 15.784462928772 15.784462928772 15.784462928772 15.784462928772 15.784462928772 15.784462928772 15.784462928772 15.784462928772 15.784462928772 15.784462928772 15.784462928772 15.784462928772 15.784462928772 15.784462928772 15.7854156494141 15.7906093597412 15.7958030700684 15.8009967803955 15.8061904907227 15.8113842010498 15.8165788650513 15.8217725753784 15.8269662857056 15.8321599960327 15.8340482711792 15.8172874450684 15.8005266189575 15.7837657928467 15.7670040130615 15.7502431869507 15.7334823608398 15.7167205810547 15.6999597549438 15.683198928833 15.6662817001343 15.6481914520264 15.6301012039185 15.6120109558105 15.5939207077026 15.575831413269 15.5577411651611 15.5396509170532 15.5215606689453 15.5034704208374 15.4850578308105 15.4631481170654 15.4412393569946 15.4193305969238 15.397421836853
-3.4e+38 15.784462928772 15.784462928772 15.784462928772 15.784462928772 15.784462928772 15.784462928772 15.784462928772 15.784462928772 15.784462928772 15.784462928772 15.784462928772 15.784462928772 15.784462928772 15.784462928772 15.784462928772 15.784462928772 15.7854156494141 15.7906093597412 15.7958030700684 15.8009967803955 15.8061904907227 15.8113842010498 15.8165788650513 15.8217725753784 15.8269662857056 15.8321599960327 15.8340482711792 15.8172874450684 15.8005266189575 15.7837657928467 15.7670040130615 15.7502431869507 15.7334823608398 15.7167205810547 15.6999597549438 15.683198928833 15.6662817001343 15.6481914520264 15.6301012039185 15.6120109558105 15.5939207077026 15.575831413269 15.5577411651611 15.5396509170532 15.5215606689453 15.5034704208374 15.4850578308105 15.4631481170654 15.4412393569946 15.4193305969238 15.397421836853
-3.4e+38 -3.4e+38 15.784462928772 15.784462928772 15.784462928772 15.784462928772 15.784462928772 15.784462928772 15.784462928772 15.784462928772 15.784462928772 15.784462928772 15.784462928772 15.784462928772 15.784462928772 15.784462928772 15.784462928772 15.7854156494141 15.7906093597412 15.7958030700684 15.8009967803955 15.8061904907227 15.8113842010498 15.8165788650513 15.8217725753784 15.8269662857056 15.8321599960327 15.8340482711792 15.8172874450684 15.8005266189575 15.7837657928467 15.7670040130615 15.7502431869507 15.7334823608398 15.7167205810547 15.6999597549438 15.683198928833 15.6662817001343 15.6481914520264 15.6301012039185 15.6120109558105 15.5939207077026 15.575831413269 15.5577411651611 15.5396509170532 15.5215606689453 15.5034704208374 15.4850578308105 15.4631481170654 15.4412393569946 15.4193305969238 15.397421836853
-3.4e+38 -3.4e+38 -3.4e+38 15.784462928772 15.784462928772 15.784462928772 15.784462928772 15.784462928772 15.784462928772 15.784462928772 15.784462928772 15.784462928772 15.784462928772 15.784462928772 15.784462928772 15.784462928772 15.784462928772 15.7854156494141 15.7906093597412 15.7958030700684 15.8009967803955 15.8061904907227 15.8113842010498 15.8165788650513 15.8217725753784 15.8269662857056 15.8321599960327 15.8340482711792 15.8172874450684 15.8005266189575 15.7837657928467 15.7670040130615 15.7502431869507 15.7334823608398 15.7167205810547 15.6999597549438 15.683198928833 15.6662817001343 15.6481914520264 15.6301012039185 15.6120109558105 15.5939207077026 15.575831413269 15.5577411651611 15.5396509170532 15.5215606689453 15.5034704208374 15.4850578308105 15.4631481170654 15.4412393569946 15.4193305969238 15.397421836853
-3.4e+38 -3.4e+38 -3.4e+38 -3.4e+38 15.784462928772 15.784462928772 15.784462928772 15.784462928772 15.784462928772 15.784462928772 15.784462928772 15.784462928772 15.784462928772 15.784462928772 15.784462928772 15.784462928772 15.784462928772 15.7854156494141 15.7906093597412 15.7958030700684 15.8009967803955 15.8061904907227 15.8113842010498 15.8165788650513 15.8217725753784 15.8269662857056 15.8321599960327 15.8340482711792 15.8172874450684 15.8005266189575 15.7837657928467 15.7670040130615 15.7502431869507 15.7334823608398 15.7167205810547 15.6999597549438 15.683198928833 15.6662817001343 15.6481914520264 15.6301012039185 15.6120109558105 15.5939207077026 15.575831413269 15.5577411651611 15.5396509170532 15.5215606689453 15.5034704208374 15.4850578308105 15.4631481170654 15.4412393569946 15.4193305969238 15.397421836853
-3.4e+38 -3.4e+38 -3.4e+38 -3.4e+38 15.7850360870361 15.7850351333618 15.7850341796875 15.7850322723389 15.7850294113159 15.7850227355957 15.785005569458 15.7849397659302 15.784462928772 15.784462928772 15.784462928772 15.784462928772 15.784462928772 15.7854156494141 15.7906093597412 15.7958030700684 15.8009967803955 15.8061904907227 15.8113842010498 15.8165788650513 15.8217725753784 15.8269662857056 15.8321599960327 15.8340482711792 15.8172874450684 15.8005266189575 15.7837657928467 15.7670040130615 15.7502431869507 15.7334823608398 15.7167205810547 15.6999597549438 15.683198928833 15.6662817001343 15.6481914520264 15.6301012039185 15.6120109558105 15.5939207077026 15.575831413269 15.5577411651611 15.5396509170532 15.5215606689453 15.5034704208374 15.4850578308105 15.4631481170654 15.4412393569946 15.4193305969238 15.397421836853
-3.4e+38 -3.4e+38 -3.4e+38 -3.4e+38 -3.4e+38 15.7849178314209 15.7851438522339 15.7850036621094 15.784008026123 15.7837409973145 15.7840766906738 15.7848329544067 15.7856130599976 15.7856130599976 15.7856130599976 15.7856130599976 15.7856130599976 15.7865219116211 15.7914752960205 15.7964286804199 15.8013820648193 15.8063354492188 15.8112888336182 15.8162422180176 15.821195602417 15.8261489868164 15.8311023712158 15.8326835632324 15.8152389526367 15.797794342041 15.7803497314453 15.7629041671753 15.7454595565796 15.7280149459839 15.7105703353882 15.6931247711182 15.6756801605225 15.6580057144165 15.6386070251465 15.6192083358765 15.5998096466064 15.5804109573364 15.5610122680664 15.5416135787964 15.5222148895264 15.5028162002563 15.4834175109863 15.4637002944946 15.4405393600464 15.4173784255981 15.3942184448242 15.371057510376
-3.4e+38 -3.4e+38 -3.4e+38 -3.4e+38 -3.4e+38 15.7868061065674 15.7871007919312 15.7870111465454 15.7860145568848 15.785795211792 15.7862215042114 15.787109375 15.7881145477295 15.7881145477295 15.7881145477295 15.7881145477295 15.7881145477295 15.7889270782471 15.7933578491211 15.7977886199951 15.8022193908691 15.8066492080688 15.8110799789429 15.8155107498169 15.8199415206909 15.8243722915649 15.828803062439 15.8297166824341 15.8107862472534 15.7918548583984 15.7729244232178 15.7539930343628 15.7350616455078 15.7161312103271 15.6971998214722 15.6782693862915 15.6593379974365 15.6400175094604 15.6177740097046 15.595531463623 15.5732879638672 15.5510444641113 15.5288009643555 15.5065574645996 15.4843149185181 15.4620714187622 15.4398279190063 15.4172763824463 15.3913955688477 15.365514755249 15.3396339416504 15.3137531280518
-3.4e+38 -3.4e+38 -3.4e+38 -3.4e+38 -3.4e+38 15.7886199951172 15.7889890670776 15.7889547348022 15.787956237793 15.787787437439 15.7883157730103 15.7893514633179 15.7906150817871 15.7906150817871 15.7906150817871 15.7906150817871 15.7906150817871 15.791332244873 15.7952394485474 15.799147605896 15.8030557632446 15.8069639205933 15.8108720779419 15.8147802352905 15.8186874389648 15.8225955963135 15.8265037536621 15.8267498016357 15.8063325881958 15.7859163284302 15.7654991149902 15.7450819015503 15.7246646881104 15.7042474746704 15.6838302612305 15.6634130477905 15.6429958343506 15.6220293045044 15.596941947937 15.5718536376953 15.5467662811279 15.5216779708862 15.4965906143188 15.4715023040771 15.4464149475098 15.4213266372681 15.3962392807007 15.3708534240723 15.3422527313232 15.3136510848999 15.2850494384766 15.2564487457275
-3.4e+38 -3.4e+38 -3.4e+38 -3.4e+38 15.7899198532104 15.7903442382812 15.7907962799072 15.7908210754395 15.7898178100586 15.7897052764893 15.7903480529785 15.7915525436401 15.7931156158447 15.7931156158447 15.7931156158447 15.7931156158447 15.7931156158447 15.7937364578247 15.7971220016479 15.8005075454712 15.8038930892944 15.8072776794434 15.8106632232666 15.8140487670898 15.8174343109131 15.820818901062 15.8242044448853 15.8237838745117 15.8018798828125 15.7799768447876 15.7580738067627 15.7361698150635 15.7142667770386 15.6923637390137 15.6704597473145 15.6485567092896 15.6266536712646 15.6040410995483 15.5761089324951 15.5481767654419 15.5202445983887 15.4923114776611 15.4643793106079 15.4364471435547 15.4085149765015 15.3805818557739 15.3526496887207 15.3244304656982 15.2931089401245 15.2617874145508 15.2304658889771 15.1991443634033
-3.4e+38 -3.4e+38 -3.4e+38 -3.4e+38 15.7914562225342 15.7919626235962 15.7925033569336 15.7925930023193 15.7915811538696 15.7915296554565 15.7923021316528 15.7937030792236 15.7956161499023 15.7956161499023 15.7956161499023 15.7956161499023 15.7956161499023 15.7961416244507 15.7990045547485 15.8018665313721 15.8047294616699 15.8075923919678 15.8104553222656 15.8133172988892 15.816180229187 15.8190431594849 15.8219060897827 15.8208169937134 15.7974271774292 15.774037361145 15.7506484985352 15.727258682251 15.7038688659668 15.6804800033569 15.6570901870728 15.6337003707886 15.6103115081787 15.5860528945923 15.5552759170532 15.5244989395142 15.4937219619751 15.462944984436 15.432168006897 15.4013910293579 15.3706140518188 15.3398380279541 15.309061050415 15.2780075073242 15.2439651489258 15.2099237442017 15.1758813858032 15.1418390274048
-3.4e+38 -3.4e+38 -3.4e+38 -3.4e+38 15.792854309082 15.7934503555298 15.7940902709961 15.7942495346069 15.7932214736938 15.7932367324829 15.7941570281982 15.7957859039307 15.79811668396 15.79811668396 15.79811668396 15.79811668396 15.79811668396 15.7985458374023 15.8008861541748 15.8032264709473 15.8055658340454 15.8079061508179 15.8102464675903 15.8125867843628 15.8149261474609 15.8172664642334 15.8196067810059 15.817850112915 15.7929744720459 15.7680988311768 15.7432231903076 15.7183475494385 15.6934719085693 15.6685962677002 15.6437206268311 15.6188449859619 15.5939693450928 15.5680646896362 15.5344438552856 15.5008220672607 15.4672002792358 15.4335794448853 15.3999576568604 15.3663358688354 15.3327140808105 15.29909324646 15.2654714584351 15.2315845489502 15.1948223114014 15.1580591201782 15.1212968826294 15.0845346450806
-3.4e+38 -3.4e+38 -3.4e+38 15.7934408187866 15.7940835952759 15.7947759628296 15.7955236434937 15.7957592010498 15.7947063446045 15.7947931289673 15.7958841323853 15.7977828979492 15.8006172180176 15.8006172180176 15.8006172180176 15.8006172180176 15.8006172180176 15.8009510040283 15.8027687072754 15.8045854568481 15.8064031600952 15.8082208633423 15.810037612915 15.8118553161621 15.8136730194092 15.8154897689819 15.817307472229 15.8148832321167 15.7885208129883 15.7621593475342 15.7357978820801 15.7094354629517 15.6830739974976 15.6567125320435 15.630350112915 15.6039886474609 15.5776271820068 15.5500774383545 15.5136108398438 15.4771451950073 15.4406785964966 15.4042129516602 15.3677463531494 15.331280708313 15.2948141098022 15.2583484649658 15.2218828201294 15.1851606369019 15.1456785202026 15.1061954498291 15.0667133331299 15.0272302627563
