R_scripts/int_process_data/Bio_13.asc
NCOLS 281 
NROWS 576 
XLLCORNER 81175.2677831308 
YLLCORNER 88.2293212990044 
CELLSIZE 1000 
NODATA_value -3.4e+38 
[rows 253 to 275 of 576, columns 156 to 207 of 281]
6.04550552368164 6.02008628845215 5.99466705322266 5.96924734115601 5.92172241210938 5.87137985229492 5.82103681564331 5.77069425582886 5.72035121917725 5.67000818252563 5.61966562271118 5.56932258605957 5.51898002624512 5.46863698959351 5.4267749786377 5.38636302947998 5.34595060348511 5.30553865432739 5.26512670516968 5.2247142791748 5.18430233001709 5.14389038085938 5.1034779548645 5.06306600570679 5.04014015197754 5.02102565765381 5.00191068649292 4.98279619216919 4.96368169784546 4.94456672668457 4.92545223236084 4.90633773803711 4.88722324371338 4.86810827255249 4.85586309432983 4.84546518325806 4.83506727218628 4.82466888427734 4.81427097320557 4.80387306213379 4.79347467422485 4.78307676315308 4.7726788520813 4.76228046417236 4.75692844390869 4.75321292877197 4.7494969367981 4.74578094482422 4.74206495285034 4.73834896087646 4.73463344573975 4.73091745376587
5.99144601821899 5.9654712677002 5.93949604034424 5.91352128982544 5.8650369644165 5.81368350982666 5.76233005523682 5.71097612380981 5.65962266921997 5.60826921463013 5.55691576004028 5.50556182861328 5.45420837402344 5.40285491943359 5.36157751083374 5.32202339172363 5.28246879577637 5.2429141998291 5.20335960388184 5.16380500793457 5.12425088882446 5.0846962928772 5.04514169692993 5.00558710098267 4.98381757736206 4.96592426300049 4.94803094863892 4.93013763427734 4.91224431991577 4.8943510055542 4.87645769119263 4.85856437683105 4.84067106246948 4.82277774810791 4.81146097183228 4.80191278457642 4.79236459732056 4.7828164100647 4.77326822280884 4.76372003555298 4.75417184829712 4.74462366104126 4.7350754737854 4.72552728652954 4.72067403793335 4.71734285354614 4.71401166915894 4.71068096160889 4.70734977722168 4.70401859283447 4.70068740844727 4.69735670089722
5.93738651275635 5.91085577011108 5.88432550430298 5.85779476165771 5.80835151672363 5.7559871673584 5.70362281799316 5.65125846862793 5.5988941192627 5.54652976989746 5.49416542053223 5.44180107116699 5.38943719863892 5.33707284927368 5.29638004302979 5.25768327713013 5.21898651123047 5.18028974533081 5.14159297943115 5.10289573669434 5.06419897079468 5.02550220489502 4.98680543899536 4.9481086730957 4.92749500274658 4.91082286834717 4.89415121078491 4.8774790763855 4.86080694198608 4.84413528442383 4.82746315002441 4.810791015625 4.79411935806274 4.77744722366333 4.76705932617188 4.75836086273193 4.74966239929199 4.74096393585205 4.73226594924927 4.72356748580933 4.71486902236938 4.70617055892944 4.69747257232666 4.68877410888672 4.68441963195801 4.68147325515747 4.67852687835693 4.6755805015564 4.67263460159302 4.66968822479248 4.66674184799194 4.66379547119141
5.88332653045654 5.85624074935913 5.82915449142456 5.80206871032715 5.75166606903076 5.69829082489014 5.64491558074951 5.59154081344604 5.53816556930542 5.48479080200195 5.43141555786133 5.3780403137207 5.32466554641724 5.27129030227661 5.23118305206299 5.19334363937378 5.15550422668457 5.11766529083252 5.07982587814331 5.04198694229126 5.00414752960205 4.96630811691284 4.92846918106079 4.89062976837158 4.8711724281311 4.85572195053101 4.84027099609375 4.82482051849365 4.80937004089355 4.7939190864563 4.7784686088562 4.76301765441895 4.74756717681885 4.73211669921875 4.72265720367432 4.71480846405029 4.70696020126343 4.6991114616394 4.69126319885254 4.68341493606567 4.67556619644165 4.66771793365479 4.65986919403076 4.6520209312439 4.64816474914551 4.64560317993164 4.64304208755493 4.64048051834106 4.6379189491272 4.63535785675049 4.63279628753662 4.63023471832275
5.8292670249939 5.80162572860718 5.7739839553833 5.74634265899658 5.69498062133789 5.64059448242188 5.58620882034302 5.53182315826416 5.47743701934814 5.42305135726929 5.36866569519043 5.31427955627441 5.25989389419556 5.2055082321167 5.16598558425903 5.12900400161743 5.09202241897583 5.05504083633423 5.01805925369263 4.98107767105103 4.94409608840942 4.90711402893066 4.87013244628906 4.83315086364746 4.81484985351562 4.80062055587769 4.78639125823975 4.77216196060181 4.75793266296387 4.74370336532593 4.72947406768799 4.71524477005005 4.70101499557495 4.68678569793701 4.67825508117676 4.67125654220581 4.66425800323486 4.65725898742676 4.65026044845581 4.64326190948486 4.63626337051392 4.62926483154297 4.62226629257202 4.61526775360107 4.61191034317017 4.60973358154297 4.60755681991577 4.60538053512573 4.60320377349854 4.60102701187134 4.5988507270813 4.5966739654541
5.77520751953125 5.74701023101807 5.71881341934204 5.69061613082886 5.63829469680786 5.58289813995361 5.52750158309937 5.47210502624512 5.41670846939087 5.36131191253662 5.30591583251953 5.25051927566528 5.19512271881104 5.13972616195679 5.10078811645508 5.06466388702393 5.02854013442993 4.99241590499878 4.95629215240479 4.92016839981079 4.88404417037964 4.84792041778564 4.81179618835449 4.7756724357605 4.7585277557373 4.74551963806152 4.73251152038574 4.71950340270996 4.70649528503418 4.6934871673584 4.68047952651978 4.66747140884399 4.65446329116821 4.64145517349243 4.6338529586792 4.62770414352417 4.62155532836914 4.61540699005127 4.60925817489624 4.60310935974121 4.59696054458618 4.59081172943115 4.58466291427612 4.57851409912109 4.57565546035767 4.5738639831543 4.57207202911377 4.57028007507324 4.56848859786987 4.56669664382935 4.56490468978882 4.56311321258545
5.7211480140686 5.69239521026611 5.66364240646362 5.63489007949829 5.58160924911499 5.52520227432251 5.46879482269287 5.41238737106323 5.35598039627075 5.29957294464111 5.24316549301147 5.18675851821899 5.13035106658936 5.07394361495972 5.03559064865112 5.00032424926758 4.96505784988403 4.92979145050049 4.89452505111694 4.85925912857056 4.82399272918701 4.78872632980347 4.75345993041992 4.71819353103638 4.70220518112183 4.6904182434082 4.67863178253174 4.66684484481812 4.65505838394165 4.64327144622803 4.63148498535156 4.61969804763794 4.60791110992432 4.59612464904785 4.58945083618164 4.58415222167969 4.57885313034058 4.57355451583862 4.56825542449951 4.5629563331604 4.55765771865845 4.55235862731934 4.54706001281738 4.54176092147827 4.53940105438232 4.53799390792847 4.53658723831177 4.53518009185791 4.53377294540405 4.53236627578735 4.5309591293335 4.52955198287964
5.6670880317688 5.63778018951416 5.60847187042236 5.57916355133057 5.52492380142212 5.46750593185425 5.41008758544922 5.35266971588135 5.29525184631348 5.23783349990845 5.18041563034058 5.12299776077271 5.06557941436768 5.0081615447998 4.97039318084717 4.93598461151123 4.90157556533813 4.8671669960022 4.83275842666626 4.79834985733032 4.76394081115723 4.72953224182129 4.69512367248535 4.66071462631226 4.64588260650635 4.63531732559204 4.62475156784058 4.61418628692627 4.60362100601196 4.59305572509766 4.58248996734619 4.57192468643188 4.56135940551758 4.55079412460327 4.54504871368408 4.54059982299805 4.53615093231201 4.53170204162598 4.52725267410278 4.52280378341675 4.51835489273071 4.51390600204468 4.50945663452148 4.50500774383545 4.50314664840698 4.50212430953979 4.50110197067261 4.50008010864258 4.49905776977539 4.4980354309082 4.49701356887817 4.49599123001099
5.61302852630615 5.58316469192505 5.5533013343811 5.5234375 5.46823835372925 5.40980958938599 5.35138082504272 5.29295206069946 5.2345232963562 5.17609453201294 5.11766576766968 5.05923700332642 5.00080823898315 4.94237947463989 4.90519571304321 4.87164449691772 4.83809375762939 4.80454254150391 4.77099132537842 4.73744058609009 4.7038893699646 4.67033815383911 4.63678693771362 4.60323619842529 4.58956003189087 4.58021593093872 4.57087182998657 4.56152772903442 4.55218362808228 4.54283952713013 4.53349542617798 4.52415132522583 4.51480722427368 4.50546360015869 4.50064706802368 4.49704790115356 4.49344873428345 4.48984956741333 4.48625040054321 4.4826512336731 4.47905206680298 4.47545289993286 4.47185373306274 4.46825456619263 4.46689176559448 4.46625471115112 4.46561717987061 4.46497964859009 4.46434259414673 4.46370506286621 4.46306753158569 4.46243047714233
5.55896902084351 5.5285496711731 5.49813032150269 5.46771144866943 5.41155290603638 5.35211324691772 5.29267358779907 5.23323440551758 5.17379474639893 5.11435508728027 5.05491542816162 4.99547624588013 4.93603658676147 4.87659692764282 4.83999824523926 4.80730485916138 4.7746114730835 4.74191808700562 4.70922470092773 4.67653131484985 4.64383792877197 4.61114406585693 4.57845067977905 4.54575729370117 4.53323745727539 4.5251145362854 4.51699209213257 4.50886917114258 4.50074672698975 4.49262380599976 4.48450088500977 4.47637844085693 4.46825551986694 4.46013259887695 4.45624494552612 4.45349550247192 4.45074605941772 4.44799709320068 4.44524765014648 4.44249820709229 4.43974924087524 4.43699979782104 4.43425035476685 4.4315013885498 4.43063735961914 4.43038463592529 4.4301323890686 4.42987966537476 4.42962694168091 4.42937469482422 4.42912197113037 4.42886972427368
5.51132106781006 5.48061275482178 5.44990396499634 5.41919565200806 5.36270189285278 5.30292177200317 5.24314117431641 5.1833610534668 5.12358045578003 5.06380033493042 5.00401973724365 4.94423961639404 4.88445901870728 4.82467842102051 4.78870916366577 4.75681066513062 4.72491216659546 4.6930136680603 4.66111516952515 4.62921667098999 4.59731817245483 4.56541919708252 4.53352069854736 4.50162220001221 4.49003267288208 4.48287010192871 4.47570705413818 4.46854400634766 4.46138095855713 4.45421838760376 4.44705533981323 4.43989229202271 4.43272972106934 4.42556667327881 4.42244386672974 4.42040777206421 4.41837215423584 4.41633605957031 4.41429996490479 4.41226387023926 4.41022777557373 4.4081916809082 4.40615558624268 4.40411949157715 4.4036717414856 4.40373945236206 4.40380716323853 4.40387487411499 4.40394258499146 4.40401029586792 4.40407800674438 4.40414571762085
5.47679376602173 5.44634056091309 5.41588735580444 5.3854341506958 5.32988309860229 5.2711329460144 5.21238231658936 5.15363216400146 5.09488153457642 5.03613138198853 4.97738075256348 4.91863012313843 4.85987997055054 4.80112934112549 4.76587963104248 4.73464775085449 4.7034158706665 4.67218399047852 4.64095211029053 4.60972023010254 4.57848787307739 4.5472559928894 4.51602411270142 4.48479223251343 4.47367095947266 4.46693277359009 4.46019458770752 4.45345640182495 4.44671821594238 4.43998003005981 4.43324184417725 4.42650365829468 4.41976547241211 4.41302728652954 4.4103364944458 4.40873432159424 4.40713167190552 4.4055290222168 4.40392637252808 4.40232419967651 4.40072154998779 4.39911890029907 4.39751625061035 4.39591407775879 4.39571475982666 4.39597034454346 4.39622592926025 4.39648151397705 4.39673709869385 4.39699268341064 4.3972487449646 4.3975043296814
5.4422664642334 5.41206884384155 5.38187122344971 5.3516731262207 5.29706430435181 5.23934412002563 5.1816234588623 5.12390327453613 5.0661826133728 5.00846242904663 4.9507417678833 4.89302110671997 4.8353009223938 4.77758026123047 4.74305009841919 4.71248483657837 4.68191957473755 4.65135431289673 4.62078905105591 4.59022331237793 4.55965805053711 4.52909278869629 4.49852752685547 4.46796226501465 4.45730876922607 4.45099544525146 4.44468212127686 4.43836879730225 4.43205499649048 4.42574167251587 4.41942834854126 4.41311502456665 4.40680170059204 4.40048837661743 4.39822912216187 4.39706039428711 4.3958911895752 4.39472246170044 4.39355325698853 4.39238452911377 4.39121532440186 4.3900465965271 4.38887739181519 4.38770866394043 4.38775730133057 4.3882007598877 4.38864469528198 4.38908815383911 4.3895320892334 4.38997554779053 4.39041948318481 4.39086294174194
5.40773916244507 5.37779712677002 5.34785461425781 5.31791210174561 5.26424551010132 5.20755529403687 5.15086460113525 5.0941743850708 5.03748369216919 4.98079347610474 4.92410278320312 4.86741209030151 4.81072187423706 4.75403118133545 4.7202205657959 4.69032192230225 4.66042327880859 4.63052463531494 4.60062599182129 4.57072687149048 4.54082822799683 4.51092958450317 4.48103094100952 4.45113229751587 4.44094657897949 4.43505811691284 4.42916965484619 4.42328071594238 4.41739225387573 4.41150379180908 4.40561485290527 4.39972639083862 4.39383792877197 4.38794898986816 4.38612174987793 4.38538646697998 4.38465070724487 4.38391542434692 4.38318014144897 4.38244485855103 4.38170909881592 4.38097381591797 4.38023853302002 4.37950325012207 4.37979984283447 4.38043165206909 4.38106346130371 4.38169479370117 4.38232660293579 4.38295841217041 4.38359022140503 4.38422155380249
5.3732123374939 5.34352493286133 5.31383800506592 5.28415107727051 5.23142719268799 5.1757664680481 5.1201057434082 5.06444549560547 5.00878477096558 4.95312452316284 4.89746379852295 4.84180307388306 4.78614282608032 4.73048210144043 4.69739103317261 4.66815900802612 4.63892698287964 4.60969495773315 4.58046293258667 4.55123043060303 4.52199840545654 4.49276638031006 4.46353435516357 4.43430185317993 4.42458486557007 4.41912078857422 4.41365718841553 4.40819311141968 4.40272903442383 4.39726543426514 4.39180135726929 4.3863377571106 4.38087368011475 4.37541007995605 4.37401437759399 4.37371253967285 4.37341070175171 4.37310886383057 4.37280702590942 4.37250518798828 4.37220287322998 4.37190103530884 4.3715991973877 4.37129735946655 4.37184286117554 4.37266254425049 4.37348222732544 4.37430191040039 4.37512159347534 4.37594127655029 4.37676095962524 4.3775806427002
5.33868503570557 5.30925321578979 5.27982139587402 5.25038957595825 5.1986083984375 5.14397764205933 5.08934688568115 5.03471660614014 4.98008584976196 4.92545509338379 4.87082481384277 4.8161940574646 4.76156377792358 4.70693302154541 4.67456197738647 4.64599609375 4.61743068695068 4.58886528015137 4.56029987335205 4.53173398971558 4.50316858291626 4.47460317611694 4.44603776931763 4.41747188568115 4.40822267532349 4.4031834602356 4.39814424514771 4.39310550689697 4.38806629180908 4.38302707672119 4.3779878616333 4.37294912338257 4.36790990829468 4.36287069320679 4.3619065284729 4.36203861236572 4.36217021942139 4.36230182647705 4.36243343353271 4.36256504058838 4.3626971244812 4.36282873153687 4.36296033859253 4.36309194564819 4.36388540267944 4.36489295959473 4.36590051651001 4.36690855026245 4.36791610717773 4.36892366409302 4.36993169784546 4.37093925476074
5.30415773391724 5.27498149871826 5.24580478668213 5.21662855148315 5.16578960418701 5.11218881607056 5.0585880279541 5.0049877166748 4.95138692855835 4.89778614044189 4.8441858291626 4.79058504104614 4.73698472976685 4.68338394165039 4.65173244476318 4.62383317947388 4.59593439102173 4.56803560256958 4.54013681411743 4.51223754882812 4.48433876037598 4.45643997192383 4.42854070663452 4.40064191818237 4.3918604850769 4.38724613189697 4.38263177871704 4.37801742553711 4.37340307235718 4.36878871917725 4.36417436599731 4.35956001281738 4.35494613647461 4.35033178329468 4.34979915618896 4.35036468505859 4.35092973709106 4.35149526596069 4.35206031799316 4.35262537002563 4.35319089889526 4.35375595092773 4.35432147979736 4.35488653182983 4.35592794418335 4.35712385177612 4.35831928253174 4.35951519012451 4.36071062088013 4.3619065284729 4.36310195922852 4.36429786682129
5.26963043212891 5.24070930480957 5.21178865432739 5.18286752700806 5.13297080993652 5.08039999008179 5.02782917022705 4.97525882720947 4.92268800735474 4.8701171875 4.81754684448242 4.76497602462769 4.71240520477295 4.65983486175537 4.62890291213989 4.60167026519775 4.57443809509277 4.54720592498779 4.51997327804565 4.49274110794067 4.46550893783569 4.43827676773071 4.41104412078857 4.38381195068359 4.37549877166748 4.37130928039551 4.36711931228638 4.3629298210144 4.35874032974243 4.35455083847046 4.35036134719849 4.34617137908936 4.34198188781738 4.33779239654541 4.33769178390503 4.33869075775146 4.33968925476074 4.34068822860718 4.34168720245361 4.34268569946289 4.34368467330933 4.34468364715576 4.3456826210022 4.34668111801147 4.34797048568726 4.34935426712036 4.35073804855347 4.35212182998657 4.35350561141968 4.35488939285278 4.35627269744873 4.35765647888184
5.23510313034058 5.20643758773804 5.1777720451355 5.14910650253296 5.10015201568604 5.04861116409302 4.9970703125 4.94552993774414 4.89398908615112 4.84244823455811 4.79090785980225 4.73936700820923 4.68782615661621 4.63628578186035 4.6060733795166 4.57950782775879 4.55294179916382 4.52637624740601 4.49981021881104 4.47324466705322 4.44667911529541 4.42011308670044 4.39354753494263 4.36698198318481 4.3591365814209 4.35537195205688 4.35160684585571 4.3478422164917 4.34407711029053 4.34031248092651 4.3365478515625 4.33278274536133 4.32901811599731 4.32525300979614 4.32558441162109 4.32701683044434 4.32844924926758 4.32988166809082 4.3313136100769 4.33274602890015 4.33417844772339 4.33561086654663 4.33704328536987 4.33847570419312 4.34001350402832 4.34158515930176 4.3431568145752 4.34472846984863 4.34630012512207 4.34787178039551 4.34944343566895 4.35101556777954
5.20057582855225 5.1721658706665 5.1437554359436 5.1153450012207 5.06733322143555 5.01682233810425 4.96631145477295 4.91580104827881 4.86529016494751 4.81477928161621 4.76426887512207 4.71375799179077 4.66324710845947 4.61273670196533 4.58324384689331 4.55734491348267 4.53144550323486 4.50554656982422 4.47964715957642 4.45374822616577 4.42784929275513 4.40194988250732 4.37605094909668 4.35015153884888 4.34277439117432 4.33943462371826 4.33609437942505 4.33275461196899 4.32941436767578 4.32607412338257 4.32273435592651 4.3193941116333 4.31605434417725 4.31271409988403 4.31347703933716 4.31534290313721 4.31720876693726 4.3190746307373 4.32094049453735 4.3228063583374 4.32467269897461 4.32653856277466 4.32840442657471 4.33027029037476 4.33205604553223 4.333815574646 4.33557558059692 4.33733510971069 4.33909511566162 4.34085464477539 4.34261417388916 4.34437417984009
5.17221546173096 5.14432096481323 5.11642694473267 5.0885329246521 5.04160833358765 4.99225807189941 4.94290828704834 4.89355802536011 4.84420776367188 4.7948579788208 4.74550771713257 4.69615745544434 4.64680767059326 4.59745740890503 4.56877326965332 4.5436224937439 4.51847171783447 4.49332046508789 4.46816968917847 4.44301891326904 4.41786813735962 4.3927173614502 4.36756658554077 4.34241533279419 4.33533191680908 4.33218669891357 4.32904100418091 4.3258957862854 4.32275056838989 4.31960487365723 4.31645965576172 4.31331396102905 4.31016874313354 4.30702304840088 4.30802392959595 4.31013965606689 4.31225490570068 4.31437063217163 4.31648635864258 4.31860160827637 4.32071733474731 4.32283306121826 4.32494831085205 4.327064037323 4.3289999961853 4.33087730407715 4.33275461196899 4.334632396698 4.33650970458984 4.33838701248169 4.34026479721069 4.34214210510254
5.15856981277466 5.13181304931641 5.10505676269531 5.07830047607422 5.03281116485596 4.98493337631226 4.93705558776855 4.88917779922485 4.84130001068115 4.79342222213745 4.74554443359375 4.69766712188721 4.64978933334351 4.6019115447998 4.57424783706665 4.55004024505615 4.5258321762085 4.501624584198 4.4774169921875 4.453209400177 4.42900133132935 4.40479373931885 4.38058614730835 4.35637855529785 4.34917259216309 4.34567260742188 4.34217262268066 4.33867311477661 4.3351731300354 4.33167314529419 4.32817316055298 4.32467317581177 4.32117319107056 4.3176736831665 4.31844997406006 4.3203763961792 4.32230234146118 4.32422876358032 4.32615518569946 4.3280816078186 4.33000755310059 4.33193397521973 4.33386039733887 4.33578681945801 4.33763837814331 4.3394660949707 4.34129333496094 4.34312105178833 4.34494876861572 4.34677648544312 4.34860372543335 4.35043144226074
5.1449236869812 5.11930561065674 5.09368705749512 5.0680685043335 5.02401351928711 4.97760820388794 4.93120288848877 4.8847975730896 4.83839225769043 4.79198694229126 4.74558162689209 4.69917631149292 4.65277099609375 4.60636568069458 4.57972240447998 4.55645751953125 4.53319311141968 4.50992870330811 4.48666429519653 4.4633994102478 4.44013500213623 4.41687059402466 4.39360570907593 4.37034130096436 4.36301326751709 4.35915899276733 4.35530471801758 4.35144996643066 4.34759569168091 4.34374141693115 4.3398871421814 4.33603239059448 4.33217811584473 4.32832384109497 4.32887601852417 4.3306131362915 4.33234977722168 4.33408689498901 4.33582401275635 4.33756113052368 4.33929824829102 4.34103488922119 4.34277200698853 4.34450912475586 4.34627676010132 4.3480544090271 4.34983253479004 4.35161018371582 4.3533878326416 4.35516548156738 4.35694313049316 4.35872077941895
