R_scripts/int_process_data/Bio_06_2001.2020.asc
NCOLS 281 
NROWS 577 
XLLCORNER 81175.2677831308 
YLLCORNER -911.770678700996 
CELLSIZE 1000 
NODATA_value -3.4e+38 
[rows 368 to 390 of 577, columns 156 to 207 of 281]
284.771911621094 284.727966308594 284.717559814453 284.707702636719 284.678192138672 284.62646484375 284.567779541016 284.547607421875 284.503204345703 284.428527832031 284.343383789062 284.245483398438 284.168151855469 284.085876464844 284.033935546875 284.041442871094 284.1083984375 284.16748046875 284.200592041016 284.218505859375 284.252258300781 284.292114257812 284.395111083984 284.471496582031 284.513427734375 284.552551269531 284.577117919922 284.586883544922 284.644592285156 284.646453857422 284.605926513672 284.561492919922 284.540069580078 284.577239990234 284.627349853516 284.594116210938 284.537322998047 284.433227539062 284.320922851562 284.369720458984 284.493804931641 284.563323974609 284.615081787109 284.730163574219 284.782348632812 284.759094238281 284.799499511719 284.891632080078 284.914703369141 284.896636962891 284.927978515625 284.952331542969
284.786254882812 284.758148193359 284.750122070312 284.721862792969 284.687164306641 284.627716064453 284.602935791016 284.603271484375 284.561859130859 284.489562988281 284.403289794922 284.328216552734 284.254058837891 284.142822265625 284.075561523438 284.053894042969 284.089904785156 284.135833740234 284.168395996094 284.197937011719 284.224365234375 284.25146484375 284.365020751953 284.476470947266 284.522644042969 284.560424804688 284.605926513672 284.591125488281 284.63671875 284.670318603516 284.604248046875 284.594757080078 284.576904296875 284.596282958984 284.66064453125 284.655029296875 284.601867675781 284.529937744141 284.429870605469 284.424896240234 284.541748046875 284.628143310547 284.666717529297 284.721313476562 284.800415039062 284.828399658203 284.811889648438 284.880157470703 284.921447753906 284.935577392578 284.956481933594 284.961151123047
284.808776855469 284.822967529297 284.796691894531 284.754791259766 284.718475341797 284.683532714844 284.657318115234 284.600067138672 284.575286865234 284.523132324219 284.437255859375 284.388305664062 284.327514648438 284.243377685547 284.126281738281 284.058654785156 284.088958740234 284.138549804688 284.165740966797 284.177917480469 284.195037841797 284.254821777344 284.364593505859 284.424926757812 284.469604492188 284.556884765625 284.638671875 284.621673583984 284.630767822266 284.693969726562 284.636566162109 284.6220703125 284.607879638672 284.613800048828 284.679962158203 284.706726074219 284.664184570312 284.612579345703 284.558166503906 284.524871826172 284.596130371094 284.668731689453 284.667449951172 284.693328857422 284.798492431641 284.876953125 284.875640869141 284.892852783203 284.923461914062 284.960723876953 284.96484375 284.950317382812
284.850616455078 284.868408203125 284.845733642578 284.793395996094 284.774230957031 284.770202636719 284.713226318359 284.644622802734 284.598693847656 284.594940185547 284.568328857422 284.479034423828 284.40283203125 284.337829589844 284.230712890625 284.148345947266 284.135650634766 284.161224365234 284.168975830078 284.143768310547 284.143890380859 284.248504638672 284.323394775391 284.336273193359 284.391296386719 284.514495849609 284.621978759766 284.662506103516 284.638885498047 284.690551757812 284.680053710938 284.650970458984 284.644897460938 284.624206542969 284.691436767578 284.73876953125 284.720458984375 284.677307128906 284.660797119141 284.649322509766 284.704833984375 284.717224121094 284.657104492188 284.735504150391 284.8291015625 284.888153076172 284.905059814453 284.902923583984 284.946228027344 284.948455810547 -3.4e+38 -3.4e+38
284.818634033203 284.814697265625 284.827667236328 284.830993652344 284.815643310547 284.812072753906 284.789245605469 284.730926513672 284.668090820312 284.661193847656 284.661773681641 284.624938964844 284.548370361328 284.460144042969 284.377563476562 284.290618896484 284.246704101562 284.223297119141 284.194976806641 284.133605957031 284.086944580078 284.164123535156 284.260833740234 284.29345703125 284.341735839844 284.451751708984 284.556488037109 284.657836914062 284.682800292969 284.706420898438 284.723022460938 284.686828613281 284.682098388672 284.640350341797 284.690795898438 284.759948730469 284.770202636719 284.7431640625 284.737121582031 284.752136230469 284.792266845703 284.744476318359 284.726715087891 284.801940917969 284.855346679688 284.894927978516 284.912353515625 284.911895751953 284.936279296875 -3.4e+38 -3.4e+38 -3.4e+38
284.764068603516 284.754364013672 284.765808105469 284.783843994141 284.776794433594 284.777221679688 284.808166503906 284.793884277344 284.722320556641 284.639190673828 284.599884033203 284.588012695312 284.625549316406 284.598114013672 284.508697509766 284.415985107422 284.369842529297 284.327209472656 284.272827148438 284.196502685547 284.115386962891 284.119567871094 284.192535400391 284.274780273438 284.330871582031 284.405975341797 284.503997802734 284.599151611328 284.673797607422 284.740234375 284.777191162109 284.752532958984 284.716583251953 284.685211181641 284.695526123047 284.762145996094 284.805206298828 284.80810546875 284.810333251953 284.820709228516 284.813079833984 284.783325195312 284.830780029297 284.870971679688 284.878173828125 284.906951904297 284.923492431641 284.921691894531 -3.4e+38 -3.4e+38 -3.4e+38 -3.4e+38
284.635894775391 284.633148193359 284.665924072266 284.692749023438 284.700103759766 284.714935302734 284.749267578125 284.770263671875 284.755645751953 284.686553955078 284.578247070312 284.464874267578 284.524169921875 284.606658935547 284.5927734375 284.534698486328 284.490753173828 284.461029052734 284.406127929688 284.329895019531 284.235412597656 284.181365966797 284.170928955078 284.225952148438 284.318359375 284.372100830078 284.450958251953 284.549987792969 284.647186279297 284.729614257812 284.795745849609 284.823364257812 284.758666992188 284.728546142578 284.693756103516 284.735260009766 284.801635742188 284.846313476562 284.869720458984 284.882934570312 284.847686767578 284.831848144531 284.867584228516 284.899078369141 284.917327880859 284.93505859375 284.921325683594 284.899383544922 -3.4e+38 -3.4e+38 -3.4e+38 -3.4e+38
284.477386474609 284.388031005859 284.399963378906 284.469329833984 284.483978271484 284.601440429688 284.708862304688 284.699401855469 284.666290283203 284.692565917969 284.668090820312 284.487670898438 284.384582519531 284.439361572266 284.57080078125 284.628356933594 284.602355957031 284.559997558594 284.522552490234 284.456207275391 284.36083984375 284.283508300781 284.244598388672 284.233795166016 284.276733398438 284.336883544922 284.413787841797 284.488464355469 284.596435546875 284.687805175781 284.770935058594 284.850433349609 284.829559326172 284.768341064453 284.722961425781 284.739105224609 284.795471191406 284.822570800781 284.876586914062 284.9248046875 284.891265869141 284.868530273438 284.875762939453 284.902893066406 284.934295654297 284.924652099609 -3.4e+38 -3.4e+38 -3.4e+38 -3.4e+38 -3.4e+38 -3.4e+38
284.376647949219 284.248168945312 284.116638183594 284.197418212891 284.280944824219 284.451629638672 284.616638183594 284.619506835938 284.536224365234 284.477874755859 284.633209228516 284.622009277344 284.419219970703 284.319488525391 284.429290771484 284.635467529297 284.698394775391 284.667572021484 284.613891601562 284.543853759766 284.464660644531 284.376922607422 284.345550537109 284.318908691406 284.280609130859 284.299530029297 284.377960205078 284.44287109375 284.554412841797 284.666625976562 284.755859375 284.851654052734 284.889221191406 284.827026367188 284.776702880859 284.775421142578 284.807922363281 284.830261230469 284.881378173828 284.952575683594 284.941192626953 284.903533935547 284.894317626953 284.916778564453 -3.4e+38 -3.4e+38 -3.4e+38 -3.4e+38 -3.4e+38 -3.4e+38 -3.4e+38 -3.4e+38
284.428558349609 284.291015625 284.116180419922 284.137786865234 284.236206054688 284.318878173828 284.436187744141 284.464141845703 284.450958251953 284.253265380859 284.277496337891 284.523956298828 284.488708496094 284.206665039062 284.186340332031 284.477447509766 284.693969726562 284.743835449219 284.695373535156 284.622650146484 284.553833007812 284.479919433594 284.420227050781 284.38720703125 284.367889404297 284.343536376953 284.362670898438 284.43359375 284.538787841797 284.649475097656 284.7333984375 284.804107666016 284.884704589844 284.891662597656 284.826751708984 284.828674316406 284.848968505859 284.889404296875 284.920288085938 284.937164306641 284.947052001953 284.939880371094 284.936798095703 284.930877685547 -3.4e+38 -3.4e+38 -3.4e+38 -3.4e+38 -3.4e+38 -3.4e+38 -3.4e+38 -3.4e+38
284.552673339844 284.423461914062 284.314147949219 284.255157470703 284.245666503906 284.218505859375 284.215301513672 284.196105957031 284.251586914062 284.165893554688 283.903747558594 284.089324951172 284.267700195312 284.090179443359 283.932708740234 284.184143066406 284.555816650391 284.760009765625 284.760131835938 284.7021484375 284.623962402344 284.554870605469 284.484161376953 284.420867919922 284.406890869141 284.422698974609 284.405426025391 284.442138671875 284.504943847656 284.597564697266 284.696014404297 284.774719238281 284.861511230469 284.927032470703 284.910339355469 284.915557861328 284.917541503906 284.937347412109 284.951873779297 284.925689697266 284.938629150391 284.971069335938 284.965179443359 284.9345703125 -3.4e+38 -3.4e+38 -3.4e+38 -3.4e+38 -3.4e+38 -3.4e+38 -3.4e+38 -3.4e+38
284.640319824219 284.538726806641 284.467102050781 284.395629882812 284.352600097656 284.324401855469 284.217132568359 284.096984863281 283.995025634766 283.977691650391 283.925476074219 283.929840087891 284.151153564453 284.164581298828 283.993591308594 284.061767578125 284.376831054688 284.667816162109 284.794067382812 284.759735107422 284.694427490234 284.624664306641 284.553436279297 284.480987548828 284.413146972656 284.405151367188 284.440185546875 284.484527587891 284.523193359375 284.563110351562 284.649871826172 284.743682861328 284.820678710938 284.875732421875 284.896636962891 284.932098388672 284.958953857422 284.981628417969 284.987884521484 284.980804443359 284.972076416016 -3.4e+38 -3.4e+38 -3.4e+38 -3.4e+38 -3.4e+38 -3.4e+38 -3.4e+38 -3.4e+38 -3.4e+38 -3.4e+38 -3.4e+38
284.690093994141 284.589874267578 284.540313720703 284.524108886719 284.459777832031 284.441864013672 284.408111572266 284.261566162109 284.103851318359 283.980194091797 284.181030273438 284.251983642578 284.261047363281 284.286865234375 284.255981445312 284.194488525391 284.382476806641 284.58056640625 284.777770996094 284.808135986328 284.758331298828 284.689178466797 284.604339599609 284.532135009766 284.455718994141 284.397796630859 284.450164794922 284.538787841797 284.598754882812 284.600921630859 284.610076904297 284.68310546875 284.764678955078 284.81591796875 284.844421386719 284.863983154297 284.928894042969 284.99072265625 285.016998291016 -3.4e+38 -3.4e+38 -3.4e+38 -3.4e+38 -3.4e+38 -3.4e+38 -3.4e+38 -3.4e+38 -3.4e+38 -3.4e+38 -3.4e+38 -3.4e+38 -3.4e+38
284.703338623047 284.619476318359 284.596649169922 284.622131347656 284.556579589844 284.525024414062 284.506500244141 284.441528320312 284.369445800781 284.279388427734 284.411254882812 284.513763427734 284.495086669922 284.473297119141 284.492126464844 284.419158935547 284.479095458984 284.607666015625 284.7607421875 284.825012207031 284.786193847656 284.727233886719 284.647674560547 284.571624755859 284.514373779297 284.454986572266 284.455993652344 284.565673828125 284.628845214844 284.669219970703 284.672271728516 284.685607910156 284.760467529297 284.8330078125 284.880706787109 284.889465332031 284.921264648438 284.977996826172 285.019012451172 -3.4e+38 -3.4e+38 -3.4e+38 -3.4e+38 -3.4e+38 -3.4e+38 -3.4e+38 -3.4e+38 -3.4e+38 -3.4e+38 -3.4e+38 -3.4e+38 -3.4e+38
284.735870361328 284.6826171875 284.690795898438 284.703765869141 284.639678955078 284.585876464844 284.555969238281 284.519561767578 284.524444580078 284.488525390625 284.510101318359 284.58544921875 284.647521972656 284.6259765625 284.608734130859 284.617370605469 284.616729736328 284.654479980469 284.765319824219 284.824462890625 284.795806884766 284.762969970703 284.694305419922 284.638366699219 284.582641601562 284.539001464844 284.482391357422 284.556396484375 284.643920898438 284.67724609375 284.728546142578 284.716156005859 284.758544921875 284.852447509766 284.9189453125 284.936462402344 284.944305419922 284.958801269531 285.010955810547 -3.4e+38 -3.4e+38 -3.4e+38 -3.4e+38 -3.4e+38 -3.4e+38 -3.4e+38 -3.4e+38 -3.4e+38 -3.4e+38 -3.4e+38 -3.4e+38 -3.4e+38
284.781036376953 284.757415771484 284.776062011719 284.758392333984 284.671295166016 284.624359130859 284.616485595703 284.577697753906 284.608642578125 284.609252929688 284.579895019531 284.614074707031 284.690887451172 284.721527099609 284.688262939453 284.727600097656 284.760101318359 284.723114013672 284.747650146484 284.839111328125 284.821746826172 284.795776367188 284.767578125 284.719360351562 284.675140380859 284.606994628906 284.5537109375 284.530822753906 284.651519775391 284.686004638672 284.739196777344 284.760711669922 284.767242431641 284.875183105469 284.907836914062 284.902557373047 284.94775390625 284.955841064453 -3.4e+38 -3.4e+38 -3.4e+38 -3.4e+38 -3.4e+38 -3.4e+38 -3.4e+38 -3.4e+38 -3.4e+38 -3.4e+38 -3.4e+38 -3.4e+38 -3.4e+38 -3.4e+38
284.823944091797 284.800811767578 284.804138183594 284.752838134766 284.688995361328 284.679901123047 284.632659912109 284.607025146484 284.672210693359 284.710968017578 284.684326171875 284.673583984375 284.730133056641 284.775665283203 284.779144287109 284.791595458984 284.822326660156 284.778228759766 284.755889892578 284.8359375 284.839080810547 284.805511474609 284.815124511719 284.808715820312 284.762176513672 284.665130615234 284.596069335938 284.577514648438 284.633666992188 284.702667236328 284.72607421875 284.773651123047 284.806304931641 284.859130859375 284.862579345703 284.882110595703 284.933258056641 284.972106933594 -3.4e+38 -3.4e+38 -3.4e+38 -3.4e+38 -3.4e+38 -3.4e+38 -3.4e+38 -3.4e+38 -3.4e+38 -3.4e+38 -3.4e+38 -3.4e+38 -3.4e+38 -3.4e+38
284.858276367188 284.851745605469 284.817291259766 284.764831542969 284.738433837891 284.744873046875 284.651977539062 284.655914306641 284.743499755859 284.781402587891 284.749694824219 284.715911865234 284.733978271484 284.785949707031 284.824127197266 284.819122314453 284.83056640625 284.815277099609 284.790588378906 284.845581054688 284.854248046875 284.785827636719 284.809143066406 284.870513916016 284.813201904297 284.7060546875 284.621429443359 284.646057128906 284.637573242188 284.699035644531 284.735321044922 284.7353515625 284.789611816406 284.810089111328 284.837646484375 284.869567871094 284.890350341797 284.955261230469 -3.4e+38 -3.4e+38 -3.4e+38 -3.4e+38 -3.4e+38 -3.4e+38 -3.4e+38 -3.4e+38 -3.4e+38 -3.4e+38 -3.4e+38 -3.4e+38 -3.4e+38 -3.4e+38
284.867004394531 284.882110595703 284.846130371094 284.802093505859 284.814056396484 284.781127929688 284.699737548828 284.720458984375 284.795776367188 284.816802978516 284.781219482422 284.756042480469 284.751678466797 284.759704589844 284.810516357422 284.833618164062 284.843109130859 284.857757568359 284.836303710938 284.864959716797 284.848297119141 284.776580810547 284.783325195312 284.883850097656 284.864685058594 284.779846191406 284.719543457031 284.715362548828 284.68896484375 284.705139160156 284.777618408203 284.762969970703 284.764709472656 284.8115234375 284.847717285156 284.878326416016 284.873718261719 284.930908203125 -3.4e+38 -3.4e+38 -3.4e+38 -3.4e+38 -3.4e+38 -3.4e+38 -3.4e+38 -3.4e+38 -3.4e+38 -3.4e+38 -3.4e+38 -3.4e+38 -3.4e+38 -3.4e+38
284.877532958984 284.875152587891 284.849548339844 284.825866699219 284.85400390625 284.817535400391 284.771820068359 284.799468994141 284.843231201172 284.835266113281 284.800201416016 284.782409667969 284.773162841797 284.712921142578 284.749145507812 284.806579589844 284.846374511719 284.905853271484 284.907867431641 284.892333984375 284.880828857422 284.827423095703 284.797485351562 284.888946533203 284.928619384766 284.867034912109 284.815124511719 284.824279785156 284.779449462891 284.769927978516 284.831237792969 284.817169189453 284.786560058594 284.806518554688 284.850738525391 284.896881103516 284.904937744141 284.953247070312 -3.4e+38 -3.4e+38 -3.4e+38 -3.4e+38 -3.4e+38 -3.4e+38 -3.4e+38 -3.4e+38 -3.4e+38 -3.4e+38 -3.4e+38 -3.4e+38 -3.4e+38 -3.4e+38
284.920288085938 284.866149902344 284.824890136719 284.835968017578 284.875854492188 284.850494384766 284.836151123047 284.861236572266 284.863494873047 284.827087402344 284.786743164062 284.798309326172 284.792602539062 284.708343505859 284.70947265625 284.776458740234 284.823211669922 284.896148681641 284.931365966797 284.926483154297 284.926513671875 284.880584716797 284.817352294922 284.885894775391 284.960998535156 284.937713623047 284.865417480469 284.902587890625 284.897521972656 284.874389648438 284.886993408203 284.847747802734 284.809326171875 284.798370361328 284.839813232422 284.887298583984 284.913482666016 284.970458984375 -3.4e+38 -3.4e+38 -3.4e+38 -3.4e+38 -3.4e+38 -3.4e+38 -3.4e+38 -3.4e+38 -3.4e+38 -3.4e+38 -3.4e+38 -3.4e+38 -3.4e+38 -3.4e+38
284.952880859375 284.870361328125 284.800170898438 284.820037841797 284.891448974609 284.884246826172 284.883056640625 284.893218994141 284.872253417969 284.820007324219 284.795227050781 284.823516845703 284.816772460938 284.749298095703 284.704772949219 284.751770019531 284.8056640625 284.871124267578 284.869781494141 284.901062011719 284.921508789062 284.93310546875 284.892608642578 284.925903320312 284.993713378906 285.014739990234 284.9658203125 284.964263916016 284.982391357422 284.958038330078 284.916351318359 284.866424560547 284.842529296875 284.804626464844 284.801239013672 284.839050292969 284.865081787109 284.939666748047 -3.4e+38 -3.4e+38 -3.4e+38 -3.4e+38 -3.4e+38 -3.4e+38 -3.4e+38 -3.4e+38 -3.4e+38 -3.4e+38 -3.4e+38 -3.4e+38 -3.4e+38 -3.4e+38
284.963653564453 284.899871826172 284.829650878906 284.804931640625 284.881469726562 284.91162109375 284.912689208984 284.906158447266 284.877075195312 284.821807861328 284.813812255859 284.8466796875 284.833099365234 284.768402099609 284.705322265625 284.73193359375 284.782653808594 284.820343017578 284.819122314453 284.849212646484 284.875885009766 284.924285888672 284.959411621094 284.981719970703 285.029388427734 285.058959960938 285.069702148438 285.039398193359 285.023071289062 284.981964111328 284.923278808594 284.920776367188 284.891448974609 284.834106445312 284.787078857422 284.791564941406 284.833312988281 284.915557861328 -3.4e+38 -3.4e+38 -3.4e+38 -3.4e+38 -3.4e+38 -3.4e+38 -3.4e+38 -3.4e+38 -3.4e+38 -3.4e+38 -3.4e+38 -3.4e+38 -3.4e+38 -3.4e+38
