R_scripts/int_process_data/Bio_17_2001.2020.asc
NCOLS 281 
NROWS 577 
XLLCORNER 81175.2677831308 
YLLCORNER -911.770678700996 
CELLSIZE 1000 
NODATA_value -3.4e+38 
[rows 63 to 83 of 577, columns 96 to 143 of 281]
1.2183387632092e-08 1.22610037678328e-08 1.23387264849839e-08 1.24115029365157e-08 1.24915091603839e-08 1.25717614096743e-08 1.26561285895832e-08 1.27281660766698e-08 1.27991732767896e-08 1.28625989859188e-08 1.29254864589257e-08 1.29937669512969e-08 1.30723822877599e-08 1.31037305450832e-08 1.3059943348992e-08 1.30149500066068e-08 1.2978087937654e-08 1.29252182290429e-08 1.28640138541414e-08 1.28048309733231e-08 1.27564128149515e-08 1.27141177586054e-08 1.26671704236969e-08 1.26202461814273e-08 1.25735581946174e-08 1.2536912841199e-08 1.24898571485232e-08 1.24325278960669e-08 1.23956773734335e-08 1.23527224005215e-08 1.22805268176762e-08 1.22069669927782e-08 1.2187364006877e-08 1.21400605124222e-08 1.20423298000105e-08 1.19455449976158e-08 1.17883898198556e-08 1.1508968889018e-08 1.1400008936846e-08 1.13317106809063e-08 1.10977431688752e-08 1.10082076787421e-08 1.09910915924161e-08 1.08925597430698e-08 1.0752732926278e-08 1.06122337584225e-08 1.04026494085474e-08 1.02019788172925e-08
1.20716174834001e-08 1.21462448987586e-08 1.22171579519659e-08 1.22896537391171e-08 1.23754757552774e-08 1.24664625289483e-08 1.25499983738564e-08 1.26148247403535e-08 1.2684225225712e-08 1.27440715758098e-08 1.28050015035797e-08 1.28682176026018e-08 1.29467112586212e-08 1.29767192547092e-08 1.29312054397701e-08 1.28888721917519e-08 1.28376802521757e-08 1.27786936587881e-08 1.27231176705322e-08 1.26728254556951e-08 1.26283925538928e-08 1.25878019119341e-08 1.25508261561436e-08 1.25128334360625e-08 1.24590364691812e-08 1.24196173345581e-08 1.24049588379194e-08 1.23743282287592e-08 1.23320917921887e-08 1.22669723268132e-08 1.21650698403641e-08 1.20578658169279e-08 1.20185976726361e-08 1.19993632807791e-08 1.19251204466764e-08 1.18115854874645e-08 1.16003295858036e-08 1.13299272186396e-08 1.13151523706279e-08 1.12316742573171e-08 1.09647633195209e-08 1.09027684658258e-08 1.09094209221894e-08 1.08235216345065e-08 1.06970023949771e-08 1.04980371062879e-08 1.02589030603895e-08 1.00789803170187e-08
1.19519540930924e-08 1.20266392400481e-08 1.21059766655662e-08 1.21883676484913e-08 1.22815491110373e-08 1.23688401743038e-08 1.2440379393297e-08 1.25008581264296e-08 1.25760086788773e-08 1.26454819948663e-08 1.27052475207279e-08 1.27545023431708e-08 1.28267387822234e-08 1.2855340791873e-08 1.28051098613469e-08 1.27573267505454e-08 1.2703448959428e-08 1.26614159157157e-08 1.26267396538537e-08 1.25720278632002e-08 1.25293659891668e-08 1.25124755001593e-08 1.24959740332997e-08 1.24614034646697e-08 1.23984378319619e-08 1.23271037821837e-08 1.2333615906357e-08 1.23291226117317e-08 1.228735335701e-08 1.22349463893556e-08 1.21164189792466e-08 1.19559393496615e-08 1.19080496574497e-08 1.18974963214669e-08 1.17972165369906e-08 1.16680576311978e-08 1.13871267970467e-08 1.11821965020908e-08 1.12281677289161e-08 1.11163318550211e-08 1.08366888795786e-08 1.07694804185599e-08 1.0793419491506e-08 1.07093240941936e-08 1.05968434027659e-08 1.04159303404572e-08 1.018046003054e-08 9.93344961841558e-09
1.18262875048458e-08 1.19116343455516e-08 1.2011863503858e-08 1.21021210830463e-08 1.21763328309044e-08 1.22468302166112e-08 1.231539314972e-08 1.23819239306044e-08 1.24573640292169e-08 1.25204389078704e-08 1.25784165305731e-08 1.26293109303788e-08 1.26930386201707e-08 1.27208181766036e-08 1.26732118133077e-08 1.26210419892914e-08 1.25774466397388e-08 1.25502674919176e-08 1.25338477374726e-08 1.24932473255512e-08 1.24662085099203e-08 1.2468683863176e-08 1.24740946461088e-08 1.24468257922672e-08 1.23817924801983e-08 1.22779999500722e-08 1.22362591170599e-08 1.22443646333181e-08 1.22151675441273e-08 1.21546790410321e-08 1.20492229527258e-08 1.18701439788538e-08 1.1769327734612e-08 1.16956249129885e-08 1.16260974181159e-08 1.14909939341601e-08 1.11925837487092e-08 1.10774518446988e-08 1.10967874888956e-08 1.09429887373835e-08 1.06863629056875e-08 1.06431805591001e-08 1.06311937031478e-08 1.05048876264391e-08 1.04218438323755e-08 1.03080095570363e-08 1.0074492351464e-08 9.81729098015194e-09
1.17151932599313e-08 1.18081322497687e-08 1.19224727868072e-08 1.20139898029947e-08 1.20685914595242e-08 1.21239116523952e-08 1.21939001118676e-08 1.22632375365583e-08 1.23308767641106e-08 1.23809069663139e-08 1.24392087741398e-08 1.24991936800711e-08 1.25646852922046e-08 1.25942420936553e-08 1.25524390881537e-08 1.25029897546369e-08 1.24534729195602e-08 1.24324479600091e-08 1.2427239681756e-08 1.24138477275437e-08 1.24094006181963e-08 1.24221575248384e-08 1.24093899600553e-08 1.23760681702834e-08 1.23365433424283e-08 1.22536238933435e-08 1.21597203417423e-08 1.21315029133484e-08 1.21059997582051e-08 1.20446923546069e-08 1.19409202525844e-08 1.17745404537573e-08 1.1620760353992e-08 1.15019984647802e-08 1.14689964192394e-08 1.13103943988335e-08 1.10473843406567e-08 1.10140856435237e-08 1.09509032952815e-08 1.07810640415096e-08 1.05621191792693e-08 1.05337036870878e-08 1.04706598946791e-08 1.03117665517516e-08 1.02509183363964e-08 1.0150496443373e-08 9.92491067108858e-09 9.72710445523717e-09
1.16059588606277e-08 1.17078693406825e-08 1.18263674409036e-08 1.190201892598e-08 1.19605205739504e-08 1.19950662735846e-08 1.20529399794123e-08 1.21277592413094e-08 1.21889147663978e-08 1.22422276760403e-08 1.23042838140464e-08 1.23709247290549e-08 1.24468755302587e-08 1.24888499541953e-08 1.24607186791081e-08 1.24093544329185e-08 1.23413892438862e-08 1.23238930171965e-08 1.23373613547528e-08 1.23356276304776e-08 1.23198127255364e-08 1.23025234444185e-08 1.22739907126856e-08 1.22560139814709e-08 1.22343370989597e-08 1.21605587821705e-08 1.20645369250383e-08 1.2001466487277e-08 1.19641958562511e-08 1.1923930287594e-08 1.18361285217361e-08 1.1670356236948e-08 1.14922187322009e-08 1.13658638056791e-08 1.12878995039978e-08 1.11265165969598e-08 1.09367856993003e-08 1.09217515031901e-08 1.08022764067073e-08 1.06845163827529e-08 1.04960644620178e-08 1.0418427009995e-08 1.03098436454729e-08 1.01622950055003e-08 1.01237480620853e-08 1.00101669175956e-08 9.78306591292721e-09 9.63476409765462e-09
1.15096394637249e-08 1.16151719353752e-08 1.17027934010139e-08 1.17476179894993e-08 1.18155103479012e-08 1.18548548755371e-08 1.19070557857981e-08 1.19841061518855e-08 1.20457954722042e-08 1.21069492209358e-08 1.21873116043503e-08 1.22782646272412e-08 1.23635937043787e-08 1.24148629154774e-08 1.2407567417938e-08 1.23459908962786e-08 1.22439498539961e-08 1.22068550822974e-08 1.22210010999879e-08 1.22331442753421e-08 1.22107106648173e-08 1.21642553807533e-08 1.21352199400349e-08 1.21216263693213e-08 1.20843974826812e-08 1.2027093987399e-08 1.19673000398279e-08 1.18619780664631e-08 1.18175451646607e-08 1.18192051701271e-08 1.17585461367753e-08 1.16039586828265e-08 1.13864624395887e-08 1.12413376385234e-08 1.11178737327577e-08 1.0948530082544e-08 1.08433759749005e-08 1.0772011727056e-08 1.0682430051645e-08 1.06109618869255e-08 1.04334239026116e-08 1.03164552456292e-08 1.01816395314813e-08 1.00182573348206e-08 9.92228166296627e-09 9.82413261851889e-09 9.70127267407861e-09 9.61410151489872e-09
1.14322089572738e-08 1.15221983065794e-08 1.15494609431721e-08 1.15850271598106e-08 1.16565397334512e-08 1.17226450768726e-08 1.17761542739458e-08 1.18441345620113e-08 1.19120597830147e-08 1.19843512891293e-08 1.20906005207644e-08 1.22180257022819e-08 1.23012560138136e-08 1.23312347000137e-08 1.23213199643146e-08 1.22458390094948e-08 1.21379279960365e-08 1.20842127415699e-08 1.20918457469088e-08 1.20956462623667e-08 1.20578160789364e-08 1.20097807254638e-08 1.19739400616936e-08 1.19451692981443e-08 1.19159668798829e-08 1.1892589135698e-08 1.18602514476152e-08 1.17359935103423e-08 1.16613065870297e-08 1.16881020417736e-08 1.16386660309331e-08 1.14943823348312e-08 1.12933493667811e-08 1.11448388295798e-08 1.09949809257159e-08 1.08170423729348e-08 1.07444693142611e-08 1.0650957449343e-08 1.05848876330583e-08 1.05081499057746e-08 1.03630153347467e-08 1.02049506622848e-08 1.0058902155663e-08 9.92271775857034e-09 9.87015624787091e-09 9.81749348483163e-09 9.76022462850779e-09 9.71160485363498e-09
1.13256124478767e-08 1.13984777172504e-08 1.14160334518942e-08 1.1454577730774e-08 1.15154259461292e-08 1.15906928499498e-08 1.16528484639389e-08 1.17180034564512e-08 1.17895266882329e-08 1.18694210016201e-08 1.19943219800689e-08 1.21270549158226e-08 1.22104282240798e-08 1.2212500344333e-08 1.21950005649296e-08 1.21491590121536e-08 1.20602559050553e-08 1.19833050149509e-08 1.19691758726503e-08 1.1943490640931e-08 1.18931806625255e-08 1.18821565919802e-08 1.18734515552887e-08 1.1844536018657e-08 1.18123848480423e-08 1.17804619392814e-08 1.17587903858407e-08 1.1643971120634e-08 1.15267173583788e-08 1.1565135515923e-08 1.15295906155666e-08 1.13570592930046e-08 1.11927871415674e-08 1.10594511326667e-08 1.08880513494114e-08 1.07311217689698e-08 1.06325757087689e-08 1.05641655423483e-08 1.04986268567586e-08 1.0417303464294e-08 1.03113722005332e-08 1.01286801168499e-08 9.9730304015111e-09 9.91492932200799e-09 9.94832660694556e-09 9.93653692660246e-09 9.86537873615134e-09 9.81730519100665e-09
1.11989786333311e-08 1.12984057665244e-08 1.13552669489536e-08 1.13578035865203e-08 1.1401922073162e-08 1.14704423737066e-08 1.15395559774356e-08 1.16101697145155e-08 1.16948157824481e-08 1.17844090041785e-08 1.19161329692474e-08 1.20256542501807e-08 1.21018599585909e-08 1.21025802712893e-08 1.21089662741269e-08 1.21056134005926e-08 1.20304681772154e-08 1.1918946718481e-08 1.18650671510068e-08 1.18146932237551e-08 1.17824239254105e-08 1.17990746062446e-08 1.18018466110925e-08 1.17647109831864e-08 1.17240874786262e-08 1.16883045464533e-08 1.16415597162245e-08 1.15637401876256e-08 1.14650795524085e-08 1.14641185433584e-08 1.14397105122066e-08 1.12902664994863e-08 1.11502806987573e-08 1.09749844767748e-08 1.08220978844997e-08 1.06664979071525e-08 1.05410604689382e-08 1.04835731207231e-08 1.04023039071421e-08 1.0326174582076e-08 1.02107167165855e-08 1.00481658549256e-08 9.90584325677446e-09 9.8593941899594e-09 9.91171322795026e-09 9.9741574999257e-09 9.89850423849248e-09 9.79262981815054e-09
1.11388001045043e-08 1.12500604387833e-08 1.12917017958125e-08 1.12773816951517e-08 1.13265432588605e-08 1.13925420208716e-08 1.14669989059735e-08 1.15479297235765e-08 1.16503553471148e-08 1.1752393724862e-08 1.1852118397826e-08 1.19332073111877e-08 1.20024141736508e-08 1.20449596963113e-08 1.20590204488735e-08 1.20625456290213e-08 1.20033467609915e-08 1.18718599395606e-08 1.17860992077112e-08 1.1757127715839e-08 1.17301155455607e-08 1.17184839609763e-08 1.16935492400216e-08 1.16499299096517e-08 1.16295995056248e-08 1.15867999639363e-08 1.15088409913255e-08 1.15143672374529e-08 1.14817595431305e-08 1.13524958322841e-08 1.13025127035371e-08 1.12855351730445e-08 1.11457865159537e-08 1.09304671980226e-08 1.07491144873961e-08 1.05754462964569e-08 1.04585131666113e-08 1.03749036028944e-08 1.02696020576332e-08 1.01864037205246e-08 1.00694608207164e-08 9.93144322336548e-09 9.82766046320194e-09 9.79724301686247e-09 9.82998749066155e-09 9.82789671866158e-09 9.7200683057963e-09 9.65702096067389e-09
1.10913367379339e-08 1.11752758158445e-08 1.12159064258321e-08 1.12172680033495e-08 1.12649987116242e-08 1.13319167382997e-08 1.14142268969886e-08 1.14932028338899e-08 1.16070086875197e-08 1.17149667744343e-08 1.17685008405033e-08 1.18319283259893e-08 1.19189733638336e-08 1.19968630585277e-08 1.20127721103813e-08 1.20275327475383e-08 1.19768568396239e-08 1.18458816089628e-08 1.17452056969114e-08 1.17173142299976e-08 1.16792238102903e-08 1.16463185761972e-08 1.15918616927502e-08 1.15575948811397e-08 1.1541558819772e-08 1.1482926609574e-08 1.14724283406531e-08 1.15076348450316e-08 1.14730154265885e-08 1.12874012359043e-08 1.11710365402473e-08 1.11253610768358e-08 1.10058211433284e-08 1.08277697918879e-08 1.06475770422776e-08 1.05255191229503e-08 1.04230393205285e-08 1.03339248269663e-08 1.01819903619571e-08 1.00650892065346e-08 1.00104333711215e-08 9.89030191078655e-09 9.77381908739972e-09 9.75394254254525e-09 9.73419478356163e-09 9.61181623182483e-09 9.5369063757289e-09 9.58228785208348e-09
1.10261870744921e-08 1.10782671924881e-08 1.11360591859011e-08 1.11707940675387e-08 1.12080202896436e-08 1.12682370101425e-08 1.13499671883233e-08 1.14409814955252e-08 1.15533378419741e-08 1.16398775062976e-08 1.16910090497413e-08 1.17605445382196e-08 1.18647500713109e-08 1.19557386213387e-08 1.19909229212567e-08 1.19945298138191e-08 1.19410623611316e-08 1.18149445782478e-08 1.16964145036036e-08 1.1659057719271e-08 1.16307461439646e-08 1.15835261382813e-08 1.15325686778078e-08 1.15117257948327e-08 1.14738085699173e-08 1.14803677675468e-08 1.15253211419031e-08 1.15472609252265e-08 1.14872156231627e-08 1.13133458157222e-08 1.11701954352839e-08 1.10268381092737e-08 1.09301234729742e-08 1.08367732565284e-08 1.0717404741456e-08 1.0605027078725e-08 1.04732000849594e-08 1.03377812976646e-08 1.01352002346289e-08 9.99345939334262e-09 9.98914995165023e-09 9.9293524513655e-09 9.77457403905646e-09 9.67540181306958e-09 9.61874757621217e-09 9.49567358077275e-09 9.39201338923112e-09 9.37258004540809e-09
1.0949094964019e-08 1.10170068623461e-08 1.1060255822315e-08 1.11007913972117e-08 1.1153564294375e-08 1.12063780477456e-08 1.12902149851379e-08 1.13827445247239e-08 1.14716334209675e-08 1.15481011420115e-08 1.16363532143282e-08 1.17369589602845e-08 1.18272875937464e-08 1.19232197448582e-08 1.19710108492654e-08 1.19177938628923e-08 1.18533538540078e-08 1.17443805791595e-08 1.16399521132848e-08 1.16017480067399e-08 1.15778373555031e-08 1.15401403988358e-08 1.15042313453273e-08 1.14704441500635e-08 1.14539240314571e-08 1.14940377216044e-08 1.15285221369277e-08 1.15654730237225e-08 1.15196892025438e-08 1.13655023170622e-08 1.12186198109043e-08 1.10375211193059e-08 1.08876214710563e-08 1.08011501964711e-08 1.07864135401314e-08 1.06954889389499e-08 1.0511005399394e-08 1.02670387747139e-08 1.00558752436086e-08 9.9165573530513e-09 9.9206012293962e-09 9.95326931985119e-09 9.8781267610093e-09 9.71823688189488e-09 9.62996704600982e-09 9.5485379603133e-09 9.43439015799186e-09 9.27040222364894e-09
1.08567101975154e-08 1.0949753104228e-08 1.09897193567576e-08 1.10172129197394e-08 1.10780478124184e-08 1.11404245828339e-08 1.12382645411913e-08 1.13333165074891e-08 1.14080975777142e-08 1.1496038787584e-08 1.16099050373464e-08 1.17313438963151e-08 1.18223244527371e-08 1.18884919686479e-08 1.19112772978269e-08 1.18243539404261e-08 1.17595737592069e-08 1.16767733260303e-08 1.16096705582436e-08 1.15758593821624e-08 1.15403366862665e-08 1.15125455835141e-08 1.14794289629572e-08 1.14371525583579e-08 1.14330607203783e-08 1.14732925382555e-08 1.15146843171487e-08 1.15248965926185e-08 1.14659197691935e-08 1.13202736073958e-08 1.11732063601266e-08 1.097195223565e-08 1.07301509899571e-08 1.05771125191723e-08 1.05570805430943e-08 1.05500284064419e-08 1.04267092737587e-08 1.01816279851619e-08 9.97365035004805e-09 9.84427472872085e-09 9.84008075022302e-09 9.90468151940149e-09 9.97966331794942e-09 9.86217330023464e-09 9.67654667505258e-09 9.71733182808521e-09 9.64394164526539e-09 9.35317689965132e-09
1.07716822128623e-08 1.08434354828546e-08 1.08981179636203e-08 1.09471773868108e-08 1.10186642032772e-08 1.10979971879033e-08 1.11792992640858e-08 1.126123549966e-08 1.13404476920209e-08 1.14395817263357e-08 1.15691438651311e-08 1.17334213456388e-08 1.18555583128455e-08 1.18921787972681e-08 1.18865308706972e-08 1.17647145359001e-08 1.16798553051467e-08 1.16265326255416e-08 1.16087912616081e-08 1.15584795068457e-08 1.15071063788719e-08 1.14904681325356e-08 1.14703961884288e-08 1.14581508725564e-08 1.14621903080092e-08 1.14837721554295e-08 1.14949028073852e-08 1.14676703688588e-08 1.14077396418111e-08 1.13067768481301e-08 1.1144538625274e-08 1.09019566707502e-08 1.06455555481944e-08 1.04462953842699e-08 1.03390673800163e-08 1.03260884287693e-08 1.02355723896608e-08 1.007882222126e-08 9.94272220111725e-09 9.77998748652453e-09 9.79706005210801e-09 9.87278525599322e-09 1.00023287430417e-08 9.99175409077679e-09 9.82419567918669e-09 9.86982939821246e-09 9.78631486958648e-09 9.49038891917553e-09
1.06999573645794e-08 1.07537312388217e-08 1.08128004328023e-08 1.09003401860264e-08 1.09898525835206e-08 1.10660156593667e-08 1.1116936704525e-08 1.11879314701469e-08 1.12866844759196e-08 1.14069189649513e-08 1.1573818348154e-08 1.17804841437419e-08 1.19000258536062e-08 1.18730527631783e-08 1.18178649088918e-08 1.17374767683032e-08 1.16370291181056e-08 1.16150813411764e-08 1.15951959145377e-08 1.15171046033424e-08 1.14827312103216e-08 1.14931495431847e-08 1.15009894940954e-08 1.15262777100611e-08 1.1530802090931e-08 1.14988312205355e-08 1.144608763326e-08 1.14080727087185e-08 1.13858611427986e-08 1.13223670439311e-08 1.11067395280884e-08 1.08827888922747e-08 1.0664374272551e-08 1.04117390264946e-08 1.0235077674281e-08 1.01551549391843e-08 1.00866648367059e-08 9.94704230095067e-09 9.85019621424499e-09 9.73539560078507e-09 9.76481384640238e-09 9.84445680529689e-09 9.97237492583736e-09 9.99717908456432e-09 9.87882220471192e-09 9.81949455081121e-09 9.73512115365338e-09 9.55726697782211e-09
1.06659019394328e-08 1.07004014537893e-08 1.07534319226943e-08 1.08525455289055e-08 1.09276960813531e-08 1.10016813437142e-08 1.10812443665509e-08 1.11698970073348e-08 1.12718545608459e-08 1.13944613744366e-08 1.15815259604801e-08 1.18050076380882e-08 1.18965388651304e-08 1.182081099671e-08 1.1710075575877e-08 1.16887477474847e-08 1.16110792092172e-08 1.15841665149219e-08 1.15221379104469e-08 1.15079163975906e-08 1.14765281722384e-08 1.15004361589399e-08 1.15484377616326e-08 1.15384830579046e-08 1.14779394877473e-08 1.14287921348932e-08 1.13959579550738e-08 1.13803135803892e-08 1.13813651836381e-08 1.12988374212364e-08 1.10490265825547e-08 1.091141577092e-08 1.07296189710837e-08 1.04098107911454e-08 1.01965191845466e-08 1.00616688314403e-08 1.00031476435447e-08 9.8444843388279e-09 9.71970237628739e-09 9.71702185381673e-09 9.82637171631495e-09 9.92994664272828e-09 9.94230120454631e-09 9.81222125773229e-09 9.70864721949738e-09 9.63706447976165e-09 9.54509893347222e-09 9.46073175356332e-09
1.06401962796099e-08 1.06511048869606e-08 1.06863273785507e-08 1.07754072331545e-08 1.08742916893334e-08 1.09795230684995e-08 1.107350566798e-08 1.11526592405653e-08 1.12575548882887e-08 1.13625393538541e-08 1.1548925371585e-08 1.17544249889079e-08 1.18472325283392e-08 1.17904459528972e-08 1.16426788210333e-08 1.16150458140396e-08 1.15625056196222e-08 1.1512613085074e-08 1.15146097101615e-08 1.15330154315529e-08 1.14659437500109e-08 1.14751026458748e-08 1.14879989965289e-08 1.14505551707111e-08 1.14210321200403e-08 1.14173976939469e-08 1.13869704776448e-08 1.13817044677944e-08 1.13896803100033e-08 1.12404316965353e-08 1.09765174727272e-08 1.08862323600079e-08 1.07011883798691e-08 1.03814850049844e-08 1.01535126972863e-08 9.98069804580837e-09 9.89358461822576e-09 9.75074598841275e-09 9.68140145829466e-09 9.73002034498904e-09 9.90398696387729e-09 9.99438043436385e-09 9.80631398306286e-09 9.6075405409124e-09 9.57135259938013e-09 9.47848910470839e-09 9.36799526840559e-09 9.37451805071987e-09
1.05417861107071e-08 1.05659010429804e-08 1.06243973618803e-08 1.07217985600983e-08 1.086342393819e-08 1.09901980849259e-08 1.10492583971222e-08 1.11125322277417e-08 1.12472360314086e-08 1.13565654658032e-08 1.15146114865183e-08 1.16642846492709e-08 1.17565761570404e-08 1.1745160399812e-08 1.1607796501778e-08 1.15065024175465e-08 1.14785168037201e-08 1.14911280491015e-08 1.15415978996225e-08 1.15277964951588e-08 1.14632996428554e-08 1.14483080793093e-08 1.14139098172927e-08 1.13880203045369e-08 1.14290941155559e-08 1.1438655356244e-08 1.13573213056384e-08 1.13457918615723e-08 1.13441336324627e-08 1.11161044813457e-08 1.08459232706082e-08 1.07871294119377e-08 1.0597721811223e-08 1.03505533033399e-08 1.01388737405728e-08 9.9484234183933e-09 9.79664172007233e-09 9.6728687282166e-09 9.64543200865364e-09 9.65847490874694e-09 9.71746594302658e-09 9.69374092107955e-09 9.5398906552191e-09 9.47345490942553e-09 9.41091471418076e-09 9.30614874050661e-09 9.32522947749703e-09 9.43960642985076e-09
1.04398942823991e-08 1.04963175928674e-08 1.05835722408187e-08 1.06728981208448e-08 1.08046540603368e-08 1.09270636983183e-08 1.09741815634834e-08 1.10654818641365e-08 1.12112710226597e-08 1.13601377194072e-08 1.15120570853833e-08 1.15800977695812e-08 1.16270237882077e-08 1.16331904109757e-08 1.15417213564228e-08 1.145270278613e-08 1.14126610384346e-08 1.14177707288832e-08 1.14489786540162e-08 1.14620961610967e-08 1.14339862022916e-08 1.14079536928102e-08 1.14023288588783e-08 1.14132525652622e-08 1.14453175825702e-08 1.14054605759861e-08 1.1278395994907e-08 1.12677609465095e-08 1.12359623827274e-08 1.09632853906305e-08 1.06797939380954e-08 1.06318820414231e-08 1.04708810511056e-08 1.02382049504968e-08 1.00810249037409e-08 9.91320181498168e-09 9.7305008495141e-09 9.61313961767019e-09 9.52977874391081e-09 9.50168210778202e-09 9.47022638086992e-09 9.39594269055988e-09 9.33488308874075e-09 9.30021659684144e-09 9.2455314515405e-09 9.21370890694106e-09 9.33259247659635e-09 9.43379330209382e-09
