R_scripts/int_process_data/Bio_09_2001.2020.asc
NCOLS 281 
NROWS 577 
XLLCORNER 81175.2677831308 
YLLCORNER -911.770678700996 
CELLSIZE 1000 
NODATA_value -3.4e+38 
[rows 437 to 459 of 577, columns 52 to 103 of 281]
-3.4e+38 -3.4e+38 -3.4e+38 -3.4e+38 -3.4e+38 -3.4e+38 -3.4e+38 -3.4e+38 -3.4e+38 -3.4e+38 293.248748779297 293.740600585938 293.740386962891 293.771911621094 293.880981445312 293.929565429688 293.992065429688 294.108367919922 294.255279541016 294.391723632812 294.525573730469 294.662017822266 294.788360595703 294.883972167969 294.948120117188 294.911315917969 294.843597412109 294.819396972656 294.828186035156 294.851379394531 294.882873535156 294.911041259766 294.911834716797 294.888946533203 294.944580078125 295.056243896484 295.175445556641 295.287780761719 295.413146972656 295.521911621094 295.601043701172 295.658905029297 295.682098388672 295.676605224609 295.651184082031 295.616821289062 295.620391845703 295.606262207031 295.542114257812 295.430267333984 295.339752197266 295.668060302734
-3.4e+38 -3.4e+38 -3.4e+38 -3.4e+38 -3.4e+38 -3.4e+38 -3.4e+38 -3.4e+38 -3.4e+38 -3.4e+38 293.278503417969 293.740509033203 293.762634277344 293.804016113281 293.909332275391 293.985260009766 294.041778564453 294.174835205078 294.354034423828 294.542724609375 294.741607666016 294.883514404297 295.008728027344 295.103942871094 295.095611572266 294.980590820312 294.872894287109 294.825225830078 294.8095703125 294.833312988281 294.883514404297 294.906341552734 294.899597167969 294.923248291016 295.019104003906 295.105224609375 295.186859130859 295.296752929688 295.415313720703 295.495330810547 295.561950683594 295.621490478516 295.660919189453 295.646179199219 295.622924804688 295.572479248047 295.545562744141 295.538543701172 295.538970947266 295.565582275391 295.371307373047 295.47607421875
-3.4e+38 -3.4e+38 -3.4e+38 -3.4e+38 -3.4e+38 -3.4e+38 -3.4e+38 -3.4e+38 -3.4e+38 -3.4e+38 293.313720703125 293.664093017578 293.723266601562 293.800476074219 293.912078857422 294.019958496094 294.087280273438 294.215698242188 294.457092285156 294.779388427734 295.091583251953 295.285186767578 295.441070556641 295.424560546875 295.312316894531 295.063751220703 294.934600830078 294.898864746094 294.866180419922 294.867919921875 294.900238037109 294.899780273438 294.908111572266 294.976654052734 295.072052001953 295.148651123047 295.208801269531 295.289031982422 295.3837890625 295.441467285156 295.504760742188 295.581756591797 295.631317138672 295.627532958984 295.594299316406 295.607055664062 295.653076171875 295.643768310547 295.614959716797 295.637847900391 295.547088623047 295.395111083984
-3.4e+38 -3.4e+38 -3.4e+38 -3.4e+38 -3.4e+38 -3.4e+38 -3.4e+38 -3.4e+38 -3.4e+38 -3.4e+38 293.319244384766 293.565490722656 293.635833740234 293.733703613281 293.851898193359 293.966674804688 294.078735351562 294.241180419922 294.534271240234 294.937713623047 295.413146972656 295.842712402344 296.016632080078 295.923950195312 295.740631103516 295.277954101562 295.006317138672 294.905670166016 294.917144775391 294.917449951172 294.934387207031 294.944580078125 294.968963623047 295.052642822266 295.122589111328 295.179962158203 295.246704101562 295.287048339844 295.325347900391 295.368133544922 295.452545166016 295.54150390625 295.598724365234 295.608947753906 295.606994628906 295.643524169922 295.668548583984 295.641906738281 295.615325927734 295.642211914062 295.53515625 295.444793701172
-3.4e+38 -3.4e+38 -3.4e+38 -3.4e+38 -3.4e+38 -3.4e+38 -3.4e+38 -3.4e+38 -3.4e+38 293.101104736328 293.325378417969 293.529449462891 293.623229980469 293.735137939453 293.862823486328 294.018432617188 294.155975341797 294.363983154297 294.68115234375 294.999938964844 295.466430664062 296.093780517578 296.372406005859 296.239227294922 296.019866943359 295.485870361328 295.078247070312 294.898345947266 294.863464355469 294.903289794922 294.970245361328 295.012939453125 295.018463134766 295.054992675781 295.124359130859 295.18017578125 295.2314453125 295.259460449219 295.290863037109 295.316802978516 295.400695800781 295.49951171875 295.567047119141 295.570831298828 295.583679199219 295.622314453125 295.629730224609 295.602264404297 295.557769775391 295.514862060547 295.368347167969 295.533905029297
-3.4e+38 -3.4e+38 -3.4e+38 -3.4e+38 -3.4e+38 -3.4e+38 -3.4e+38 -3.4e+38 -3.4e+38 293.150207519531 293.368255615234 293.505706787109 293.622131347656 293.748901367188 293.890747070312 294.029571533203 294.156372070312 294.472839355469 294.863708496094 295.238403320312 295.595794677734 296.079223632812 296.294738769531 295.942596435547 295.606658935547 295.302886962891 295.325988769531 295.331878662109 295.030609130859 294.961029052734 294.969665527344 294.974487304688 295.026153564453 295.007965087891 295.050476074219 295.130737304688 295.178558349609 295.231262207031 295.276245117188 295.273223876953 295.320983886719 295.420196533203 295.504943847656 295.524780273438 295.5126953125 295.548034667969 295.587341308594 295.575012207031 295.505310058594 295.396942138672 295.443145751953 295.69921875
-3.4e+38 -3.4e+38 -3.4e+38 -3.4e+38 -3.4e+38 -3.4e+38 -3.4e+38 -3.4e+38 -3.4e+38 293.192352294922 293.3525390625 293.451049804688 293.578887939453 293.712127685547 293.807281494141 293.881896972656 294.063323974609 294.43359375 294.855285644531 295.339874267578 295.808837890625 296.143676757812 296.052978515625 295.568572998047 295.273864746094 295.387176513672 295.635223388672 295.56494140625 295.1962890625 295.162017822266 295.106781005859 294.950378417969 294.979858398438 294.980407714844 294.990234375 295.072052001953 295.127349853516 295.198760986328 295.257965087891 295.259704589844 295.255187988281 295.339813232422 295.443084716797 295.506378173828 295.473846435547 295.448486328125 295.517425537109 295.524780273438 295.457000732422 295.377655029297 295.600952148438 295.745849609375
-3.4e+38 -3.4e+38 -3.4e+38 -3.4e+38 -3.4e+38 -3.4e+38 -3.4e+38 -3.4e+38 -3.4e+38 293.174163818359 293.304473876953 293.353515625 293.433776855469 293.515625 293.652282714844 293.7890625 294.129730224609 294.437866210938 294.792510986328 295.269622802734 295.835815429688 296.158203125 295.903839111328 295.424896240234 295.445129394531 295.814605712891 295.822814941406 295.515533447266 295.233001708984 295.215209960938 295.130004882812 294.950653076172 294.880828857422 294.922210693359 294.970123291016 294.999694824219 295.093719482422 295.17724609375 295.232696533203 295.268737792969 295.236755371094 295.277221679688 295.371429443359 295.431304931641 295.437591552734 295.369049072266 295.404479980469 295.414703369141 295.379638671875 295.426879882812 295.685607910156 295.772216796875
-3.4e+38 -3.4e+38 -3.4e+38 -3.4e+38 -3.4e+38 -3.4e+38 -3.4e+38 -3.4e+38 -3.4e+38 293.188262939453 293.258178710938 293.286804199219 293.383209228516 293.5 293.770599365234 293.963989257812 294.227081298828 294.544036865234 294.944488525391 295.322143554688 295.82861328125 296.168762207031 295.960754394531 295.491546630859 295.569519042969 296.036987304688 295.918701171875 295.539642333984 295.270141601562 295.203918457031 295.104614257812 295.028533935547 294.956207275391 294.878875732422 294.849304199219 294.897186279297 295.024261474609 295.147430419922 295.193664550781 295.254516601562 295.26904296875 295.241790771484 295.22998046875 295.239166259766 295.284332275391 295.274597167969 295.337677001953 295.282684326172 295.336242675781 295.460113525391 295.6298828125 295.709320068359
-3.4e+38 -3.4e+38 -3.4e+38 -3.4e+38 -3.4e+38 -3.4e+38 -3.4e+38 -3.4e+38 -3.4e+38 293.245513916016 293.399749755859 293.488983154297 293.548645019531 293.652923583984 293.897308349609 294.238922119141 294.564971923828 294.875610351562 295.154052734375 295.516662597656 295.890441894531 296.138610839844 295.937255859375 295.542572021484 295.754364013672 296.084869384766 295.917785644531 295.596313476562 295.345764160156 295.360473632812 295.25634765625 295.141326904297 295.037017822266 294.999816894531 294.986358642578 294.934326171875 294.956359863281 295.019927978516 295.098876953125 295.17822265625 295.202270507812 295.153015136719 295.158416748047 295.289672851562 295.322143554688 295.346435546875 295.316284179688 295.231506347656 295.437896728516 295.566864013672 295.590270996094 295.672973632812
-3.4e+38 -3.4e+38 -3.4e+38 -3.4e+38 -3.4e+38 -3.4e+38 -3.4e+38 -3.4e+38 293.160614013672 293.318176269531 293.506195068359 293.600738525391 293.661743164062 293.769714355469 294.012268066406 294.403747558594 294.83203125 295.11181640625 295.368591308594 295.638549804688 295.930999755859 296.150268554688 296.002807617188 295.634307861328 295.756134033203 296.106201171875 295.926513671875 295.613494873047 295.453704833984 295.613433837891 295.474487304688 295.223022460938 295.115753173828 295.205413818359 295.392395019531 295.311706542969 295.303955078125 295.168548583984 295.071563720703 295.039825439453 295.055236816406 295.175567626953 295.303161621094 295.380279541016 295.367218017578 295.411712646484 295.381561279297 295.234558105469 295.424621582031 295.603942871094 295.62841796875 295.665313720703
-3.4e+38 -3.4e+38 -3.4e+38 -3.4e+38 -3.4e+38 -3.4e+38 -3.4e+38 -3.4e+38 293.158386230469 293.298797607422 293.507049560547 293.617858886719 293.692718505859 293.768768310547 294.016479492188 294.356353759766 294.74267578125 295.129211425781 295.517456054688 295.695678710938 295.815185546875 296.083679199219 296.149383544922 295.844848632812 295.752471923828 296.119079589844 296.051574707031 295.796569824219 295.587921142578 295.720123291016 295.651000976562 295.360076904297 295.2568359375 295.322967529297 295.530242919922 295.676818847656 295.672424316406 295.48095703125 295.303985595703 295.235565185547 295.222320556641 295.295104980469 295.349243164062 295.275268554688 295.172485351562 295.212127685547 295.239135742188 295.258056640625 295.464691162109 295.585601806641 295.649780273438 295.692932128906
-3.4e+38 -3.4e+38 -3.4e+38 -3.4e+38 -3.4e+38 -3.4e+38 -3.4e+38 293.159423828125 293.177856445312 293.202178955078 293.324554443359 293.496368408203 293.601928710938 293.669342041016 293.924926757812 294.296173095703 294.732360839844 295.011535644531 295.247100830078 295.487823486328 295.682189941406 295.965026855469 296.232421875 296.076751708984 295.82958984375 296.092254638672 296.184753417969 295.931701660156 295.657928466797 295.744812011719 295.796142578125 295.550720214844 295.441802978516 295.520477294922 295.537536621094 295.738708496094 295.83349609375 295.622406005859 295.442291259766 295.388641357422 295.409942626953 295.403930664062 295.342926025391 295.210754394531 295.220489501953 295.235229492188 295.23876953125 295.396881103516 295.531280517578 295.640228271484 295.707183837891 295.755004882812
-3.4e+38 -3.4e+38 -3.4e+38 -3.4e+38 -3.4e+38 -3.4e+38 -3.4e+38 293.191101074219 293.272735595703 293.250823974609 293.309356689453 293.412445068359 293.5390625 293.701354980469 293.957153320312 294.273681640625 294.725006103516 295.085113525391 295.330871582031 295.543731689453 295.807373046875 296.050933837891 296.302429199219 296.233673095703 296.031097412109 296.181060791016 296.263580322266 295.967651367188 295.760467529297 295.868225097656 295.920166015625 295.700256347656 295.674102783203 295.755523681641 295.674102783203 295.735748291016 295.895111083984 295.706329345703 295.565307617188 295.588806152344 295.575439453125 295.515838623047 295.407012939453 295.288452148438 295.382354736328 295.481719970703 295.513366699219 295.561492919922 295.588317871094 295.654022216797 295.734771728516 295.801849365234
-3.4e+38 -3.4e+38 -3.4e+38 -3.4e+38 -3.4e+38 -3.4e+38 -3.4e+38 293.219696044922 293.335784912109 293.285583496094 293.390594482422 293.477142333984 293.532104492188 293.693389892578 293.930389404297 294.164611816406 294.547698974609 294.971313476562 295.309356689453 295.490997314453 295.743316650391 296.040313720703 296.255523681641 296.246826171875 296.214324951172 296.246307373047 296.261657714844 296.084228515625 296.007781982422 296.062438964844 296.071319580078 295.918395996094 295.88916015625 295.892395019531 295.781829833984 295.743927001953 295.777801513672 295.773834228516 295.737243652344 295.702728271484 295.604095458984 295.493041992188 295.367919921875 295.288452148438 295.437591552734 295.575592041016 295.626647949219 295.676330566406 295.694549560547 295.734344482422 295.752624511719 295.799407958984
-3.4e+38 -3.4e+38 -3.4e+38 -3.4e+38 -3.4e+38 -3.4e+38 -3.4e+38 293.27783203125 293.36669921875 293.309143066406 293.336853027344 293.4169921875 293.540802001953 293.811004638672 294.043365478516 294.223449707031 294.585296630859 295.025543212891 295.402008056641 295.601806640625 295.814392089844 296.034973144531 296.14404296875 296.06103515625 295.992309570312 296.033416748047 296.111968994141 296.123291015625 296.153839111328 296.172058105469 296.06005859375 295.883331298828 295.871368408203 295.892852783203 295.801177978516 295.674377441406 295.60107421875 295.640563964844 295.723510742188 295.679077148438 295.576171875 295.459808349609 295.300720214844 295.291107177734 295.469451904297 295.588684082031 295.659057617188 295.702056884766 295.730163574219 295.779693603516 295.779083251953 295.776885986328
-3.4e+38 -3.4e+38 -3.4e+38 -3.4e+38 -3.4e+38 -3.4e+38 293.213317871094 293.373443603516 293.426696777344 293.412750244141 293.412689208984 293.410339355469 293.550415039062 293.877380371094 294.080474853516 294.222045898438 294.516632080078 294.994384765625 295.476745605469 295.696655273438 295.945434570312 296.034545898438 295.996215820312 295.918914794922 295.694000244141 295.725799560547 295.871307373047 295.944885253906 296.045104980469 296.072235107422 295.955505371094 295.738525390625 295.647491455078 295.704559326172 295.692993164062 295.617553710938 295.528533935547 295.481323242188 295.518646240234 295.594909667969 295.543273925781 295.410888671875 295.251861572266 295.304870605469 295.467041015625 295.568054199219 295.636566162109 295.660583496094 295.677215576172 295.739715576172 295.755340576172 295.743286132812
-3.4e+38 -3.4e+38 -3.4e+38 -3.4e+38 -3.4e+38 -3.4e+38 293.269683837891 293.466186523438 293.509338378906 293.499542236328 293.555938720703 293.509948730469 293.607116699219 293.865447998047 294.04345703125 294.183837890625 294.396514892578 294.737274169922 295.183563232422 295.4765625 295.823760986328 295.891174316406 295.76025390625 295.752105712891 295.645568847656 295.523223876953 295.667633056641 295.731170654297 295.859802246094 295.964141845703 295.867523193359 295.677154541016 295.498596191406 295.500305175781 295.558227539062 295.573669433594 295.537475585938 295.460723876953 295.414093017578 295.469573974609 295.499298095703 295.371704101562 295.229370117188 295.271667480469 295.365264892578 295.515197753906 295.582244873047 295.604949951172 295.623474121094 295.69482421875 295.715148925781 295.692260742188
-3.4e+38 -3.4e+38 -3.4e+38 -3.4e+38 -3.4e+38 -3.4e+38 293.299499511719 293.512603759766 293.552673339844 293.554901123047 293.621307373047 293.607788085938 293.696990966797 293.925598144531 294.120178222656 294.305389404297 294.489776611328 294.776458740234 295.270599365234 295.59912109375 295.862030029297 295.786987304688 295.597991943359 295.520538330078 295.5 295.383544921875 295.497375488281 295.535400390625 295.71044921875 295.880828857422 295.806549072266 295.636260986328 295.474273681641 295.385955810547 295.396789550781 295.437591552734 295.441680908203 295.417694091797 295.415710449219 295.373870849609 295.383850097656 295.309661865234 295.234527587891 295.326995849609 295.324890136719 295.390289306641 295.487548828125 295.529571533203 295.561065673828 295.594482421875 295.637176513672 295.663452148438
-3.4e+38 -3.4e+38 -3.4e+38 -3.4e+38 -3.4e+38 -3.4e+38 293.322052001953 293.492126464844 293.568817138672 293.641540527344 293.705200195312 293.697296142578 293.797943115234 293.963134765625 294.163726806641 294.392303466797 294.711120605469 294.978118896484 295.420684814453 295.824310302734 295.942901611328 295.786560058594 295.636688232422 295.50439453125 295.347381591797 295.224945068359 295.29345703125 295.385772705078 295.603912353516 295.794403076172 295.846618652344 295.704528808594 295.595947265625 295.515106201172 295.416961669922 295.315795898438 295.283142089844 295.295501708984 295.32421875 295.288757324219 295.279266357422 295.272094726562 295.271240234375 295.387908935547 295.378112792969 295.351409912109 295.398681640625 295.495880126953 295.526397705078 295.544006347656 295.622467041016 295.693542480469
-3.4e+38 -3.4e+38 -3.4e+38 -3.4e+38 -3.4e+38 293.113067626953 293.347290039062 293.453674316406 293.578125 293.699676513672 293.771820068359 293.792083740234 293.892547607422 294.007904052734 294.142242431641 294.365631103516 294.767486572266 295.262878417969 295.601104736328 295.860046386719 295.869110107422 295.716430664062 295.599639892578 295.492370605469 295.321319580078 295.193572998047 295.160827636719 295.266021728516 295.470428466797 295.691497802734 295.807006835938 295.760040283203 295.641571044922 295.583618164062 295.522583007812 295.410095214844 295.360809326172 295.334228515625 295.347198486328 295.303924560547 295.245666503906 295.242553710938 295.319641113281 295.401702880859 295.377349853516 295.328491210938 295.42578125 295.554779052734 295.574920654297 295.589416503906 295.661651611328 295.701080322266
-3.4e+38 -3.4e+38 -3.4e+38 -3.4e+38 293.014099121094 293.162261962891 293.305114746094 293.396331787109 293.553558349609 293.693450927734 293.816070556641 293.882720947266 293.956909179688 294.076110839844 294.203338623047 294.385131835938 294.794982910156 295.439483642578 295.809906005859 295.811553955078 295.708862304688 295.615020751953 295.579254150391 295.541809082031 295.431182861328 295.315734863281 295.179412841797 295.150177001953 295.279266357422 295.494445800781 295.640411376953 295.703399658203 295.611694335938 295.517639160156 295.45166015625 295.4140625 295.428405761719 295.393402099609 295.375213623047 295.295471191406 295.21533203125 295.283508300781 295.356628417969 295.393096923828 295.375701904297 295.299560546875 295.453338623047 295.571868896484 295.608734130859 295.615905761719 295.681549072266 295.718353271484
-3.4e+38 -3.4e+38 -3.4e+38 -3.4e+38 293.046630859375 293.226013183594 293.259429931641 293.366271972656 293.535125732422 293.686462402344 293.85107421875 293.998199462891 294.059295654297 294.136627197266 294.318084716797 294.535949707031 294.884094238281 295.422241210938 295.749389648438 295.639312744141 295.565551757812 295.515319824219 295.455108642578 295.431701660156 295.449676513672 295.403381347656 295.257934570312 295.181213378906 295.127807617188 295.239532470703 295.433471679688 295.592102050781 295.583038330078 295.507110595703 295.431243896484 295.349151611328 295.316711425781 295.267486572266 295.249359130859 295.194915771484 295.216979980469 295.331512451172 295.356353759766 295.38525390625 295.343353271484 295.308410644531 295.442779541016 295.52880859375 295.594818115234 295.631958007812 295.690063476562 295.751708984375
