R_scripts/int_process_data/Bio_16_2001.2020.asc
NCOLS 281 
NROWS 577 
XLLCORNER 81175.2677831308 
YLLCORNER -911.770678700996 
CELLSIZE 1000 
NODATA_value -3.4e+38 
[rows 168 to 188 of 577, columns 144 to 191 of 281]
6.76568348012552e-08 6.76050220249635e-08 6.74790214816312e-08 6.74568170211387e-08 6.75097879820896e-08 6.72186999395308e-08 6.68454873675728e-08 6.68696387151613e-08 6.678337882704e-08 6.57326424402527e-08 6.47836770895083e-08 6.40606003798894e-08 6.33306811437251e-08 6.2762921970716e-08 6.19679667579476e-08 6.09040000654204e-08 6.03114642672153e-08 5.90161199909289e-08 5.75501708510728e-08 5.66245752509076e-08 5.62496147438196e-08 5.56416601682486e-08 5.50053265158112e-08 5.45582174993342e-08 5.31475876641707e-08 5.28878167926905e-08 5.41780131868563e-08 5.52642482887222e-08 5.45499112547532e-08 5.41630207351318e-08 5.47035092779424e-08 5.45003047136561e-08 5.35212265617702e-08 5.33320836382245e-08 5.33756079335035e-08 5.21373095807576e-08 5.08271362775758e-08 5.05258164196221e-08 5.06041502035259e-08 5.01505503791577e-08 4.94740461931542e-08 4.90223470706042e-08 4.92235834315125e-08 4.90685465592833e-08 4.79639261641296e-08 4.74968544494914e-08 4.67901699607864e-08 4.40843379578837e-08
6.79594904795522e-08 6.74252547128162e-08 6.72092426157178e-08 6.72937687795638e-08 6.70687256842939e-08 6.67884165750365e-08 6.6680314603218e-08 6.71283046926874e-08 6.68741932940975e-08 6.59731185237433e-08 6.50809468538682e-08 6.44058033572037e-08 6.37172306028333e-08 6.28824565751529e-08 6.17660518287266e-08 6.05588326152429e-08 5.97300910953891e-08 5.87139084018418e-08 5.78383598792698e-08 5.72097782480796e-08 5.72910607843369e-08 5.70086129414449e-08 5.6515688129366e-08 5.57055059857703e-08 5.44525029511078e-08 5.52772512207866e-08 5.62217756794325e-08 5.62083215527309e-08 5.55846000338533e-08 5.55020065462486e-08 5.53420278492922e-08 5.4077286648635e-08 5.31352881694147e-08 5.38015036966044e-08 5.35494031339567e-08 5.23185619272226e-08 5.11863227359299e-08 5.03637700433046e-08 4.96785901304975e-08 4.91058145257739e-08 4.94921756910571e-08 4.98004162352572e-08 4.94629190939122e-08 4.92534120155597e-08 4.88855356195472e-08 4.84058340077809e-08 4.74206487410811e-08 4.54139907901663e-08
6.83738647921928e-08 6.78750353699797e-08 6.74538469525032e-08 6.72364350862154e-08 6.72169022664093e-08 6.71405615548792e-08 6.70769182420372e-08 6.68497293077053e-08 6.62449153310263e-08 6.58161880551233e-08 6.53436558195608e-08 6.45610356286852e-08 6.39336974472826e-08 6.30257730449557e-08 6.19048350358753e-08 6.11181292242691e-08 6.0233965371026e-08 5.95242610756941e-08 5.87635931026398e-08 5.82602126542042e-08 5.87597988044308e-08 5.87126969264773e-08 5.79259378241659e-08 5.68999425354377e-08 5.6656702440705e-08 5.73816016924411e-08 5.76426266718499e-08 5.69644598158447e-08 5.59100179486904e-08 5.58824062579788e-08 5.56824772957043e-08 5.41589990632474e-08 5.32095896232931e-08 5.41059641534503e-08 5.33509911804231e-08 5.25232728421088e-08 5.13629743181809e-08 4.92746039526537e-08 4.78024588801418e-08 4.85773306024839e-08 4.99308114854102e-08 5.03399526508019e-08 4.90286637955251e-08 4.76921648839834e-08 4.83917013127666e-08 4.90238321049219e-08 4.74395491778523e-08 4.42720171633937e-08
6.82766909676502e-08 6.79131630931806e-08 6.74722713256415e-08 6.72622064712414e-08 6.72406343937837e-08 6.71347493153007e-08 6.72401583301507e-08 6.69050237434021e-08 6.62662671402359e-08 6.56363638995572e-08 6.47991527102931e-08 6.39254977841119e-08 6.37545056747513e-08 6.27739211722655e-08 6.13962001239088e-08 6.08067196594675e-08 6.03799250598058e-08 6.00522227500733e-08 5.95553579785246e-08 5.89332778133667e-08 5.95113398560443e-08 5.97850160488633e-08 5.92325157811047e-08 5.86351873721469e-08 5.88772692822204e-08 5.88834900838719e-08 5.82143933058887e-08 5.69048310694598e-08 5.59519328646729e-08 5.61832393941586e-08 5.58052306587342e-08 5.45927392181511e-08 5.3745175421227e-08 5.41019353761385e-08 5.27987928933271e-08 5.18937603999348e-08 5.05337531819805e-08 4.78727990582684e-08 4.6910670903344e-08 4.90708842448839e-08 5.05560642238834e-08 5.049261275758e-08 4.79912465323196e-08 4.58768667499498e-08 4.80277577707966e-08 4.93313301319631e-08 4.76309836017208e-08 4.33253291021174e-08
6.80730636304361e-08 6.78474947335417e-08 6.7731143360561e-08 6.77486013955786e-08 6.77218210398678e-08 6.76524436471482e-08 6.78255176467246e-08 6.78143621257732e-08 6.72798563527977e-08 6.61545129787555e-08 6.47092477379374e-08 6.38129904473317e-08 6.34578611879988e-08 6.26734930619932e-08 6.13824440165445e-08 6.04306293894297e-08 6.07613017677977e-08 6.11283823559461e-08 6.05666627961909e-08 6.01165837110784e-08 6.05387029395388e-08 6.06442114303718e-08 6.04358447731101e-08 6.03014669309232e-08 5.96691549503703e-08 5.90876254591421e-08 5.81912686925534e-08 5.73472647147355e-08 5.67888243097059e-08 5.6503001388819e-08 5.54236265770669e-08 5.43526788021609e-08 5.38334248290084e-08 5.35506679000264e-08 5.24587520089881e-08 5.06545738687691e-08 4.88263438569447e-08 4.63761296032317e-08 4.6999975467088e-08 4.95080065832099e-08 5.06343695860778e-08 4.99778494145176e-08 4.65582594699754e-08 4.56373356882978e-08 4.87738489596268e-08 4.96910423919417e-08 4.80015316384197e-08 4.37533884678487e-08
6.83417553659638e-08 6.8304842670841e-08 6.84101166825712e-08 6.85713459347426e-08 6.85069139194638e-08 6.84138186102246e-08 6.8671717201596e-08 6.85604177874666e-08 6.77335378895805e-08 6.66121877657133e-08 6.54012239920121e-08 6.48184013130049e-08 6.43063629013341e-08 6.3820110085544e-08 6.24995735165612e-08 6.17964346361077e-08 6.24260252379827e-08 6.2616621221423e-08 6.18519777617621e-08 6.14275208477011e-08 6.1450428745502e-08 6.13548891692517e-08 6.12973565239372e-08 6.09528925110681e-08 6.02585359388286e-08 5.97306524241503e-08 5.87757220671392e-08 5.80372265801543e-08 5.7410062481722e-08 5.66884530428524e-08 5.55634507293234e-08 5.46706253601315e-08 5.41860210034883e-08 5.32464099478602e-08 5.18341032318403e-08 4.94862781863503e-08 4.68833327715856e-08 4.54211850353659e-08 4.7539309377953e-08 4.89856368801611e-08 4.96334138233578e-08 4.92449885314272e-08 4.66578278235374e-08 4.73157975022787e-08 4.98464167719703e-08 4.97451608794108e-08 4.71723211603603e-08 4.31792912536366e-08
6.89562824618406e-08 6.89494257244405e-08 6.90876760245374e-08 6.9152484627466e-08 6.91411301545486e-08 6.923661288738e-08 6.94131045975155e-08 6.89755808025438e-08 6.80784850715099e-08 6.73404443318759e-08 6.66517507852404e-08 6.60942305330536e-08 6.57704433137951e-08 6.50617124620112e-08 6.46285585048645e-08 6.43473825334695e-08 6.42496758018751e-08 6.3916836268163e-08 6.32083114737725e-08 6.26906242473524e-08 6.25175999857674e-08 6.22923010951126e-08 6.18809394836717e-08 6.10785448884599e-08 6.06889969390068e-08 5.9937072194316e-08 5.90402180478122e-08 5.82589478881346e-08 5.736194808037e-08 5.62076039045678e-08 5.5595045012069e-08 5.54475079184158e-08 5.43505294103852e-08 5.27098755753741e-08 5.14265678930315e-08 4.8668614027747e-08 4.55813307098651e-08 4.53267041677918e-08 4.6810349374482e-08 4.75914951891809e-08 4.75774157848718e-08 4.69613787856815e-08 4.5639545476206e-08 4.80223043552996e-08 5.04390804678678e-08 4.92430523024723e-08 4.51116797250961e-08 4.17863326163115e-08
6.93935149342906e-08 6.94860418093413e-08 6.95844875053808e-08 6.95600377298433e-08 6.97120512427318e-08 6.98861626347025e-08 6.97960800266628e-08 6.92157513526581e-08 6.86796539639545e-08 6.82120742112602e-08 6.75718325737762e-08 6.70804283231519e-08 6.67748381033562e-08 6.61825154679718e-08 6.62120598349247e-08 6.5972436402717e-08 6.54856151527383e-08 6.49480114134349e-08 6.43596820282255e-08 6.39696935422762e-08 6.35579127106212e-08 6.29285352715669e-08 6.22231652869232e-08 6.14248207853052e-08 6.07319137202467e-08 5.98108869098724e-08 5.91618345424649e-08 5.83653729790967e-08 5.70795215537601e-08 5.58042358989042e-08 5.54967769517134e-08 5.54729986390612e-08 5.38595408272613e-08 5.19169844892531e-08 5.07422441842209e-08 4.82217998865053e-08 4.60895925868954e-08 4.59097435623335e-08 4.6205613557504e-08 4.6385018492856e-08 4.55601139037753e-08 4.44270398247681e-08 4.56808812998588e-08 4.91055160978249e-08 5.06317441306692e-08 4.84488076324396e-08 4.36667484393638e-08 4.07601383756173e-08
6.9530365465198e-08 6.98165010248886e-08 7.00043401025141e-08 7.00753233218165e-08 7.01470312947094e-08 7.01083706644567e-08 6.98920459285546e-08 6.95335629075089e-08 6.92302464244676e-08 6.87410093291874e-08 6.84746055412688e-08 6.81448142358931e-08 6.76284983569531e-08 6.73470879064553e-08 6.7223453470433e-08 6.6688521371816e-08 6.59973764527422e-08 6.52498712838678e-08 6.48522089363723e-08 6.46803997028655e-08 6.38410639908216e-08 6.2934894629052e-08 6.23602005589419e-08 6.16180315660131e-08 6.09461565659331e-08 6.03847638558364e-08 5.95684994664225e-08 5.84263055714018e-08 5.72161802381288e-08 5.6239588985818e-08 5.58622943458431e-08 5.51649677049681e-08 5.33445039252456e-08 5.08944353327934e-08 4.92024447851236e-08 4.73922696642148e-08 4.62626594810445e-08 4.60860078987935e-08 4.63658942351231e-08 4.57140849619009e-08 4.37982983214624e-08 4.46450094671036e-08 4.88154441313782e-08 5.07580395492369e-08 5.00107368850422e-08 4.68844056911166e-08 4.29447339911349e-08 4.11524645471673e-08
6.98007482924368e-08 7.01607021369455e-08 7.04737885826034e-08 7.06426348529021e-08 7.04300333609353e-08 7.02377249695019e-08 7.01110351997158e-08 7.00717777135651e-08 6.97501576496506e-08 6.91294914645368e-08 6.93733426260223e-08 6.91207588943143e-08 6.8615207737821e-08 6.82181990896424e-08 6.75947831041412e-08 6.66457182774138e-08 6.57748344679021e-08 6.52461693562145e-08 6.49638920435791e-08 6.47151523480716e-08 6.42010036244756e-08 6.34064605264939e-08 6.24829397111171e-08 6.17367277300218e-08 6.08051138328847e-08 6.04037211360264e-08 5.99126295242058e-08 5.8894826793221e-08 5.76693643949966e-08 5.64490996168843e-08 5.57355015473604e-08 5.44890959019995e-08 5.29228678658455e-08 5.02384942535627e-08 4.7551488080444e-08 4.55253008624368e-08 4.43159997587372e-08 4.46609575988077e-08 4.50522037453993e-08 4.42996039851096e-08 4.34512870128856e-08 4.57191227098974e-08 5.051993312577e-08 4.9795563228372e-08 4.73276671186795e-08 4.48646986228596e-08 4.27294502003406e-08 4.23197903387518e-08
7.01504134781317e-08 7.05755809349284e-08 7.09033258772251e-08 7.10112075807956e-08 7.08321721276661e-08 7.07091487583966e-08 7.06853029441845e-08 7.08386593828436e-08 7.04241784887927e-08 7.00335434089538e-08 7.03505946830774e-08 6.99612385801629e-08 6.95244821713459e-08 6.83183003502563e-08 6.74200961725546e-08 6.68329036557225e-08 6.59879049180745e-08 6.55255618653428e-08 6.53305676223681e-08 6.45809876687053e-08 6.39126014334579e-08 6.33719778875275e-08 6.26470324505135e-08 6.18252329331881e-08 6.09352710512212e-08 6.04916863267135e-08 5.9933455531791e-08 5.87498547588439e-08 5.75473251274161e-08 5.62097781653392e-08 5.53248575840826e-08 5.39196314264245e-08 5.17618232720451e-08 4.83002224882512e-08 4.54270470129359e-08 4.34489884071354e-08 4.29907984766942e-08 4.39121059514491e-08 4.41229381920039e-08 4.35327365266858e-08 4.44169359070656e-08 4.82459618922348e-08 5.09193078812586e-08 4.82423061498594e-08 4.5727677644436e-08 4.44938237365022e-08 4.30785931371247e-08 4.21105887937756e-08
7.0569292631717e-08 7.10311596208157e-08 7.11093974814503e-08 7.11121472818377e-08 7.10291914174377e-08 7.11562719857284e-08 7.16414874091242e-08 7.19064203735797e-08 7.14183912009503e-08 7.11592633706459e-08 7.07644289832388e-08 6.9753006926021e-08 6.92790251832776e-08 6.84459351418809e-08 6.76207108085691e-08 6.69895356963934e-08 6.63175683257577e-08 6.58702603573147e-08 6.52373444154364e-08 6.4334535920807e-08 6.35782768654281e-08 6.3131643912584e-08 6.27535996500228e-08 6.20417779373383e-08 6.11076842460534e-08 6.04764380796041e-08 5.97646447886291e-08 5.8188032170392e-08 5.68705864623098e-08 5.57387309640944e-08 5.46531424561181e-08 5.34317017297781e-08 5.0194049805441e-08 4.66027891832255e-08 4.44173267055703e-08 4.3500303803512e-08 4.38031335647793e-08 4.45329888520973e-08 4.45304344509623e-08 4.40924452504987e-08 4.5152262373449e-08 4.9725382922361e-08 5.05058928013113e-08 4.81844679711685e-08 4.61797000639308e-08 4.47750991838802e-08 4.31228635022762e-08 4.21025347918658e-08
7.10903336198498e-08 7.15969505904468e-08 7.13761707515914e-08 7.13293673015869e-08 7.13431091980965e-08 7.20419066624345e-08 7.27415567780554e-08 7.26465572142843e-08 7.20018249467103e-08 7.1498540421544e-08 7.07202900684933e-08 6.96210662454178e-08 6.90886139409486e-08 6.85249403886701e-08 6.79295411032399e-08 6.71666811058458e-08 6.66207640165339e-08 6.60433983057374e-08 6.51461533607289e-08 6.4349279682574e-08 6.34646752928347e-08 6.29861247603003e-08 6.27587155577203e-08 6.19467641627125e-08 6.08568981874669e-08 6.00957861252027e-08 5.93520717018237e-08 5.76456073986265e-08 5.59856019322069e-08 5.40123643588686e-08 5.30542223486918e-08 5.21782652640468e-08 4.86790021625438e-08 4.59676918751484e-08 4.46277255150562e-08 4.45935803838893e-08 4.55806556942662e-08 4.63842084741373e-08 4.63639011627492e-08 4.56720137265165e-08 4.58603537367708e-08 4.89979363749171e-08 4.92583751565689e-08 4.84439084402766e-08 4.66207978888633e-08 4.47999255470677e-08 4.30306066334651e-08 4.31769606734633e-08
7.16397323685669e-08 7.22493354032849e-08 7.22546928955126e-08 7.21190431818286e-08 7.22715256529227e-08 7.30126075154658e-08 7.29774995988919e-08 7.24570057286655e-08 7.18077473038647e-08 7.13093157855837e-08 7.04738098988855e-08 6.95729198696426e-08 6.9083775144918e-08 6.84038496956418e-08 6.79394815961132e-08 6.74273579193141e-08 6.68254358515696e-08 6.60954384557044e-08 6.5155354889157e-08 6.43317434878554e-08 6.35325037023904e-08 6.28953884529437e-08 6.21626909946826e-08 6.08757702025287e-08 5.9501498839154e-08 5.89484798751982e-08 5.77624490460948e-08 5.61385107289425e-08 5.47595071509477e-08 5.15185583083166e-08 5.04941617407439e-08 5.02807502300584e-08 4.77598405268509e-08 4.60623219566969e-08 4.54959270257405e-08 4.60233309240721e-08 4.69744350084511e-08 4.78947903559401e-08 4.87231375245756e-08 4.8786201745088e-08 4.88126374875719e-08 4.8867718760448e-08 4.90542824138629e-08 4.88287277278232e-08 4.64237182029592e-08 4.42615046836181e-08 4.34320845954517e-08 4.45580461416739e-08
7.2273557805147e-08 7.28682323369867e-08 7.30058715703308e-08 7.29313285319222e-08 7.31869107539751e-08 7.31105913587271e-08 7.26817646068412e-08 7.24958226783201e-08 7.20285697752843e-08 7.15077632662542e-08 7.06121880966748e-08 6.97939199767461e-08 6.91358152948851e-08 6.85057557348046e-08 6.82473952906548e-08 6.78827447586627e-08 6.71064697144175e-08 6.62363532910604e-08 6.52968878966931e-08 6.43933830701826e-08 6.37065511455148e-08 6.25406144649787e-08 6.10600778827575e-08 5.91605697763953e-08 5.74324019453343e-08 5.73204275156058e-08 5.59330679550385e-08 5.48277228062943e-08 5.34418127529079e-08 5.01200254632295e-08 4.89351279497896e-08 4.91651803713467e-08 4.82769131338046e-08 4.71927847911502e-08 4.76333852361677e-08 4.85071112166224e-08 4.87881450794703e-08 4.940321574054e-08 5.04866548567406e-08 4.95568777125754e-08 4.9002185420477e-08 4.87514881797324e-08 4.98700991613532e-08 4.89339484488482e-08 4.63662672700593e-08 4.51010784274786e-08 4.51199113626899e-08 4.57087452332416e-08
7.28159932350536e-08 7.28762472590461e-08 7.28031679386731e-08 7.27434112945957e-08 7.29233704532817e-08 7.30224769540655e-08 7.2759114289056e-08 7.25380857602431e-08 7.21863955277513e-08 7.17180625997571e-08 7.09161014356141e-08 7.00711879630944e-08 6.9340948982699e-08 6.8613637438375e-08 6.8433955391356e-08 6.80966110166992e-08 6.72514843813588e-08 6.63535928424608e-08 6.54469118899215e-08 6.44160564888807e-08 6.3346575984724e-08 6.14538748777704e-08 5.94826907729384e-08 5.81550878564485e-08 5.62148940730367e-08 5.55700374604839e-08 5.44036637961653e-08 5.385068391206e-08 5.19224805373142e-08 4.96536287641902e-08 4.97480563410591e-08 5.01607715364116e-08 4.96078733647209e-08 4.85962452501099e-08 4.93463261364013e-08 5.04451875826817e-08 5.05233295200469e-08 5.10282518462191e-08 5.07696533702529e-08 4.85303388586544e-08 4.82740460938658e-08 4.93553038438677e-08 5.0358622161184e-08 4.82341171448297e-08 4.59897115945296e-08 4.53888446827477e-08 4.54905020319529e-08 4.58834037431188e-08
7.24164550547357e-08 7.23701774063557e-08 7.24272055663278e-08 7.24032531707053e-08 7.24446067579265e-08 7.27675200096201e-08 7.28789331105872e-08 7.26858289112897e-08 7.24647080119212e-08 7.19124102488422e-08 7.11476673131983e-08 7.02652300788031e-08 6.94428479164344e-08 6.87920618247517e-08 6.86133105887166e-08 6.82030716347981e-08 6.7307780682313e-08 6.63459616134787e-08 6.55004228633516e-08 6.43300879232811e-08 6.28484357889647e-08 6.09445081067861e-08 5.89854636245946e-08 5.74550291787546e-08 5.54219212745011e-08 5.36633422143495e-08 5.24459018436119e-08 5.2058673816191e-08 5.02041608285708e-08 4.95519394405619e-08 5.07388087100935e-08 5.12226847604325e-08 5.02920443068433e-08 4.98089463008e-08 5.07131296956231e-08 5.18642266911229e-08 5.1935998612862e-08 5.17472962258125e-08 5.02749131214841e-08 4.83812208074141e-08 4.85791247228917e-08 5.0155623654291e-08 4.97842620461597e-08 4.8025718513145e-08 4.69549661374913e-08 4.55547954913982e-08 4.52539588025047e-08 4.62859404137816e-08
7.18847061875749e-08 7.19381816338682e-08 7.21501578482275e-08 7.22696213983909e-08 7.23182793649357e-08 7.23973556659985e-08 7.26337319179038e-08 7.26395938954738e-08 7.26340587675622e-08 7.22799384789141e-08 7.15649335347734e-08 7.07208656081093e-08 6.98405173693573e-08 6.92141099989385e-08 6.88228141143554e-08 6.82339162949575e-08 6.73598918865537e-08 6.638419591809e-08 6.54244658448988e-08 6.39476240849035e-08 6.22906455305383e-08 6.01352567741742e-08 5.86492454601739e-08 5.66872166984922e-08 5.37768656272419e-08 5.13554034853314e-08 5.08706925472779e-08 5.13199154283939e-08 5.0838494303207e-08 5.106737432925e-08 5.17679517031411e-08 5.19450082947515e-08 5.12477242864406e-08 5.1549900348391e-08 5.21304208689344e-08 5.23014307418634e-08 5.1998934935682e-08 5.12653528517149e-08 4.93122342959396e-08 4.84491096131023e-08 4.92151777109484e-08 5.04806969559013e-08 4.8919627460009e-08 4.91367337929205e-08 4.93191549821859e-08 4.72225032410734e-08 4.68445229273584e-08 4.78458410668736e-08
7.18251200737541e-08 7.18687047651656e-08 7.19788033620716e-08 7.20900530382096e-08 7.21908222089951e-08 7.22091542115777e-08 7.23181372563886e-08 7.24551583175526e-08 7.25344975194275e-08 7.23972632954428e-08 7.19326180842472e-08 7.11593415303469e-08 7.03868110463191e-08 6.9822569059852e-08 6.92113957256879e-08 6.83872940498986e-08 6.74614071272117e-08 6.63622756746918e-08 6.5156029904756e-08 6.39432045090871e-08 6.24741005594842e-08 6.00266290007312e-08 5.77985339589304e-08 5.56022179409865e-08 5.25807948292822e-08 5.06651396392499e-08 5.19394092179937e-08 5.31578052687109e-08 5.30300461321076e-08 5.33976454164531e-08 5.31656532132274e-08 5.28781249897747e-08 5.24384624611685e-08 5.13196241058722e-08 5.0727155809227e-08 5.11665767533032e-08 5.15175990756234e-08 5.09326945064004e-08 4.88751830118872e-08 4.84086157825914e-08 5.00041927864459e-08 4.98027041828664e-08 4.83238125070784e-08 5.01123125218328e-08 5.14387963335139e-08 4.9732527429569e-08 4.94748597645867e-08 4.93766876275004e-08
7.17357551138775e-08 7.18010326750118e-08 7.18668786703347e-08 7.19556538797406e-08 7.20269710541288e-08 7.20721260449864e-08 7.21177286777674e-08 7.22389970064796e-08 7.2297581255043e-08 7.2219691560349e-08 7.19967516715769e-08 7.14223702402705e-08 7.08830683038286e-08 7.03275659930114e-08 6.95052548849162e-08 6.85230148178562e-08 6.75911522307615e-08 6.64231976088558e-08 6.48432276761923e-08 6.34187742321046e-08 6.22389606519391e-08 6.03672276611178e-08 5.74717518020407e-08 5.45549596608907e-08 5.25757180014352e-08 5.21154248644962e-08 5.30467687553937e-08 5.445177109209e-08 5.47051719479441e-08 5.4659061277107e-08 5.41674971543671e-08 5.32357020688323e-08 5.1501388043107e-08 5.02551422698616e-08 5.0030980247584e-08 5.09932718273376e-08 5.13797928647364e-08 5.12461504342809e-08 4.98039440799403e-08 4.96789063220149e-08 5.00664043556753e-08 4.83622244473736e-08 4.86332680793566e-08 5.06260242616463e-08 5.26840508996429e-08 5.20348208965515e-08 5.17400486899078e-08 5.01339059155725e-08
7.1575534832391e-08 7.16902661679342e-08 7.17841999176017e-08 7.18281256695263e-08 7.19104491508915e-08 7.19829813533579e-08 7.20683885901963e-08 7.21761495015016e-08 7.21410486903551e-08 7.20203345849768e-08 7.19045587516121e-08 7.17850525688846e-08 7.13215158043567e-08 7.05960871982825e-08 6.96934208122002e-08 6.85477061779238e-08 6.73299851428055e-08 6.62936443518447e-08 6.50638440902185e-08 6.30215737373874e-08 6.11110237969115e-08 6.00349139290302e-08 5.71623317568992e-08 5.45745031388378e-08 5.41254614461195e-08 5.49032215246825e-08 5.52006049758802e-08 5.55274013436247e-08 5.55031540727668e-08 5.45022018627606e-08 5.34524851047991e-08 5.2426024410579e-08 5.10296480626948e-08 5.09288469174862e-08 5.10464950309597e-08 5.18524245762819e-08 5.184572060557e-08 5.16736236022552e-08 5.17650242670697e-08 5.22806367087014e-08 4.96956324980147e-08 4.85886815226877e-08 5.03192296719135e-08 5.18127727389128e-08 5.3274153088978e-08 5.37033955083643e-08 5.30015284994079e-08 5.11230453525968e-08
