R_scripts/int_process_data/Bio_05.asc
NCOLS 281 
NROWS 576 
XLLCORNER 81175.2677831308 
YLLCORNER 88.2293212990044 
CELLSIZE 1000 
NODATA_value -3.4e+38 
[rows 46 to 68 of 576, columns 52 to 103 of 281]
-3.4e+38 -3.4e+38 -3.4e+38 -3.4e+38 -3.4e+38 23.4220352172852 23.4220352172852 23.4656887054443 23.6673946380615 23.8691005706787 24.0708065032959 24.2725124359131 24.4742202758789 24.6759262084961 24.8776321411133 25.0793380737305 25.2810440063477 25.4665832519531 25.5801696777344 25.6937561035156 25.8073425292969 25.9209289550781 26.0345153808594 26.1481018066406 26.2616882324219 26.3752746582031 26.4888610839844 26.5906562805176 26.6259059906006 26.661153793335 26.696403503418 26.731653213501 26.766902923584 26.802152633667 26.83740234375 26.872652053833 26.907901763916 26.9417896270752 26.9654655456543 26.9891414642334 27.0128173828125 27.0364933013916 27.0601692199707 27.0838451385498 27.1075210571289 27.131196975708 27.1548728942871 27.1760635375977 27.1703929901123 27.164722442627 27.1590518951416 27.1533813476562
-3.4e+38 -3.4e+38 -3.4e+38 -3.4e+38 -3.4e+38 -3.4e+38 23.4570770263672 23.5008544921875 23.7031269073486 23.9053993225098 24.1076717376709 24.309944152832 24.5122165679932 24.7144889831543 24.9167613983154 25.1190338134766 25.3213062286377 25.5073146820068 25.6209411621094 25.7345676422119 25.8481941223145 25.961820602417 26.0754470825195 26.1890735626221 26.3027000427246 26.4163265228271 26.5299530029297 26.6319694519043 26.6684627532959 26.7049541473389 26.7414474487305 26.7779407501221 26.814432144165 26.8509254455566 26.8874168395996 26.9239101409912 26.9604034423828 26.9954509735107 27.0196647644043 27.0438804626465 27.06809425354 27.0923080444336 27.1165218353271 27.1407356262207 27.1649494171143 27.1891632080078 27.2133769989014 27.235050201416 27.2292404174805 27.2234306335449 27.2176208496094 27.2118110656738
-3.4e+38 -3.4e+38 -3.4e+38 -3.4e+38 -3.4e+38 -3.4e+38 23.4921188354492 23.536018371582 23.7388572692871 23.9416961669922 24.1445350646973 24.3473739624023 24.5502128601074 24.7530517578125 24.9558906555176 25.1587295532227 25.3615684509277 25.5480461120605 25.6617126464844 25.7753791809082 25.889045715332 26.0027122497559 26.1163806915283 26.2300472259521 26.343713760376 26.4573802947998 26.5710468292236 26.673282623291 26.7110195159912 26.7487545013428 26.7864894866943 26.8242263793945 26.8619613647461 26.8996963500977 26.9374332427979 26.9751682281494 27.0129051208496 27.0491123199463 27.0738658905029 27.0986175537109 27.1233692169189 27.1481227874756 27.1728744506836 27.1976261138916 27.2223796844482 27.2471313476562 27.2718830108643 27.2940368652344 27.2880878448486 27.2821388244629 27.2761898040771 27.27024269104
-3.4e+38 -3.4e+38 -3.4e+38 -3.4e+38 -3.4e+38 -3.4e+38 23.5271625518799 23.5711841583252 23.7745895385742 23.9779949188232 24.1814002990723 24.3848056793213 24.5882091522217 24.7916145324707 24.9950199127197 25.1984252929688 25.4018306732178 25.5887794494629 25.702486038208 25.8161926269531 25.9298992156982 26.0436058044434 26.1573123931885 26.2710189819336 26.3847255706787 26.4984321594238 26.6121387481689 26.7145977020264 26.7535762786865 26.7925548553467 26.8315334320068 26.870512008667 26.9094905853271 26.9484691619873 26.9874477386475 27.0264263153076 27.0654048919678 27.1027755737305 27.1280651092529 27.153356552124 27.1786460876465 27.2039356231689 27.22922706604 27.2545166015625 27.2798080444336 27.3050975799561 27.3303890228271 27.3530235290527 27.3469352722168 27.3408470153809 27.3347606658936 27.3286724090576
-3.4e+38 -3.4e+38 -3.4e+38 -3.4e+38 -3.4e+38 -3.4e+38 -3.4e+38 23.6063480377197 23.8103199005127 24.0142917633057 24.2182636260986 24.4222354888916 24.6262073516846 24.8301792144775 25.0341491699219 25.2381210327148 25.4420928955078 25.6295108795166 25.743257522583 25.8570041656494 25.9707508087158 26.0844974517822 26.1982440948486 26.311990737915 26.4257373809814 26.5394840240479 26.6532325744629 26.7559108734131 26.7961330413818 26.8363552093506 26.8765754699707 26.9167976379395 26.9570198059082 26.997241973877 27.0374641418457 27.0776844024658 27.1179065704346 27.156436920166 27.1822643280029 27.2080936431885 27.233922958374 27.2597503662109 27.2855796813965 27.311408996582 27.3372364044189 27.3630657196045 27.38889503479 27.4120101928711 27.405782699585 27.3995571136475 27.3933296203613 27.3871021270752
-3.4e+38 -3.4e+38 -3.4e+38 -3.4e+38 -3.4e+38 -3.4e+38 -3.4e+38 23.6415138244629 -3.4e+38 24.0505905151367 24.255126953125 24.4596652984619 24.6642036437988 24.8687419891357 25.0732803344727 25.2778167724609 25.4823551177979 25.6702423095703 25.784029006958 25.8978157043457 26.0116024017334 26.1253910064697 26.2391777038574 26.3529644012451 26.4667510986328 26.5805377960205 26.6943244934082 26.7972240447998 26.8386898040771 26.8801536560059 26.9216194152832 26.9630832672119 27.0045490264893 27.046012878418 27.0874786376953 27.128942489624 27.1704082489014 27.2100982666016 27.2364654541016 27.2628307342529 27.2891979217529 27.3155651092529 27.3419322967529 27.3682994842529 27.3946666717529 27.4210338592529 27.4473991394043 27.4709968566895 27.4646301269531 27.4582653045654 27.4518985748291 27.4455318450928
-3.4e+38 -3.4e+38 -3.4e+38 -3.4e+38 -3.4e+38 -3.4e+38 -3.4e+38 -3.4e+38 23.8815784454346 24.0870037078857 24.2923469543457 24.4976062774658 24.7027854919434 24.9078807830811 25.1128940582275 25.3178253173828 25.5226726531982 25.7107543945312 25.8245429992676 25.9383316040039 26.0521202087402 26.1659088134766 26.2796974182129 26.3934860229492 26.5072746276855 26.6210632324219 26.7348518371582 26.8379402160645 26.8806400299072 26.9233417510986 26.96604347229 27.0087432861328 27.0514450073242 27.094144821167 27.1368465423584 27.1795463562012 27.2222480773926 27.263090133667 27.2899856567383 27.3168830871582 27.3437786102295 27.3706741333008 27.3975696563721 27.4244651794434 27.4513626098633 27.4782581329346 27.5051536560059 27.529224395752 27.5227470397949 27.5162696838379 27.5097923278809 27.5033168792725
-3.4e+38 -3.4e+38 -3.4e+38 -3.4e+38 -3.4e+38 -3.4e+38 -3.4e+38 -3.4e+38 -3.4e+38 24.1326427459717 24.350793838501 24.564245223999 24.7731494903564 24.9776477813721 25.1778793334961 25.3739757537842 25.5660648345947 25.7405586242676 25.8524913787842 25.9644222259521 26.0763530731201 26.1882858276367 26.3002166748047 26.4121494293213 26.5240802764893 26.6360111236572 26.7479438781738 26.849588394165 26.8931884765625 26.9367866516113 26.9803867340088 27.0239849090576 27.0675849914551 27.1111831665039 27.1547832489014 27.1983814239502 27.2419815063477 27.2836246490479 27.3106021881104 27.3375778198242 27.3645534515381 27.3915309906006 27.4185066223145 27.4454822540283 27.4724597930908 27.4994354248047 27.5264110565186 27.5506610870361 27.5454216003418 27.5401840209961 27.5349445343018 27.5297050476074
-3.4e+38 -3.4e+38 -3.4e+38 -3.4e+38 -3.4e+38 -3.4e+38 -3.4e+38 -3.4e+38 -3.4e+38 24.1866893768311 24.4184131622314 24.6396045684814 24.8509693145752 25.0531444549561 25.2467193603516 25.4322299957275 25.6101722717285 25.7703628540039 25.8804378509521 25.9905128479004 26.1005878448486 26.2106628417969 26.3207359313965 26.4308109283447 26.540885925293 26.6509609222412 26.7610359191895 26.8612384796143 26.9057369232178 26.9502334594727 26.9947299957275 27.0392284393311 27.0837249755859 27.1282215118408 27.1727199554443 27.2172164916992 27.2617130279541 27.3041591644287 27.3312168121338 27.3582725524902 27.3853302001953 27.4123859405518 27.4394435882568 27.4664993286133 27.4935550689697 27.5206127166748 27.5476684570312 27.5720977783203 27.5680961608887 27.5640964508057 27.5600967407227 27.556095123291
-3.4e+38 -3.4e+38 -3.4e+38 -3.4e+38 -3.4e+38 -3.4e+38 -3.4e+38 -3.4e+38 -3.4e+38 24.2517013549805 24.4975433349609 24.725513458252 24.9374923706055 25.1351070404053 25.3197689056396 25.4927101135254 25.6550121307373 25.8001689910889 25.9083862304688 26.0166034698486 26.1248207092285 26.233039855957 26.3412570953369 26.4494743347168 26.5576915740967 26.6659088134766 26.7741279602051 26.8728885650635 26.9182834625244 26.9636783599854 27.0090751647949 27.0544700622559 27.0998649597168 27.1452598571777 27.1906547546387 27.2360515594482 27.2814464569092 27.3246955871582 27.3518314361572 27.3789691925049 27.4061050415039 27.4332427978516 27.4603786468506 27.4875164031982 27.5146522521973 27.5417900085449 27.5689277648926 27.5935325622559 27.5907707214355 27.5880088806152 27.5852470397949 27.5824851989746
-3.4e+38 -3.4e+38 -3.4e+38 -3.4e+38 -3.4e+38 -3.4e+38 -3.4e+38 -3.4e+38 -3.4e+38 24.3313941955566 24.5914001464844 24.8243560791016 25.0342693328857 25.224401473999 25.3974227905273 25.5555419921875 25.7006034851074 25.8299732208252 25.9363346099854 26.0426940917969 26.149055480957 26.2554149627686 26.3617763519287 26.4681377410889 26.5744972229004 26.6808586120605 26.7872180938721 26.8845386505127 26.9308319091797 26.9771251678467 27.0234184265137 27.0697116851807 27.1160049438477 27.1622982025146 27.2085914611816 27.2548847198486 27.3011779785156 27.3452301025391 27.3724460601807 27.3996639251709 27.4268817901611 27.4540977478027 27.481315612793 27.5085334777832 27.5357494354248 27.562967300415 27.5901851654053 27.61496925354 27.6134452819824 27.6119232177734 27.6103992462158 27.6088752746582
-3.4e+38 -3.4e+38 -3.4e+38 -3.4e+38 -3.4e+38 -3.4e+38 -3.4e+38 -3.4e+38 -3.4e+38 -3.4e+38 24.8080787658691 25.057731628418 25.1432361602783 25.3220596313477 25.4801330566406 25.6208667755127 25.7469673156738 25.8597774505615 25.9642810821533 26.0687847137451 26.1732883453369 26.2777919769287 26.3822956085205 26.4867992401123 26.5913028717041 26.6958065032959 26.8003101348877 26.8961868286133 26.9433784484863 26.9905700683594 27.0377616882324 27.0849533081055 27.1321449279785 27.1793365478516 27.2265281677246 27.2737197875977 27.3209114074707 27.3657646179199 27.3930625915527 27.4203586578369 27.4476566314697 27.4749546051025 27.5022525787354 27.5295505523682 27.5568466186523 27.5841445922852 27.611442565918 27.6364059448242 27.6361198425293 27.635835647583 27.6355495452881 27.6352653503418
-3.4e+38 -3.4e+38 -3.4e+38 -3.4e+38 -3.4e+38 -3.4e+38 -3.4e+38 -3.4e+38 -3.4e+38 -3.4e+38 25.0771903991699 25.2119178771973 25.2668495178223 25.429313659668 25.5684089660645 25.6888370513916 25.7941226959229 25.8895835876465 25.9922294616699 26.0948753356934 26.1975231170654 26.3001689910889 26.4028167724609 26.5054626464844 26.6081085205078 26.7107563018799 26.8134021759033 26.9078369140625 26.9559268951416 27.0040168762207 27.0521068572998 27.1001949310303 27.1482849121094 27.1963748931885 27.2444648742676 27.2925548553467 27.3406448364258 27.3862991333008 27.4136772155762 27.4410552978516 27.468433380127 27.4958114624023 27.5231876373291 27.5505657196045 27.5779438018799 27.6053218841553 27.6326999664307 27.6578426361084 27.6587944030762 27.6597480773926 27.660701751709 27.6616554260254
-3.4e+38 -3.4e+38 -3.4e+38 -3.4e+38 -3.4e+38 -3.4e+38 -3.4e+38 -3.4e+38 -3.4e+38 -3.4e+38 25.2527027130127 25.3695087432861 25.4082775115967 25.5476512908936 25.6628322601318 25.7596168518066 25.8420867919922 25.9193878173828 26.0201778411865 26.1209659576416 26.2217559814453 26.322546005249 26.4233360290527 26.5241260528564 26.6249141693115 26.7257041931152 26.8264942169189 26.9194869995117 26.9684734344482 27.0174617767334 27.0664501190186 27.1154384613037 27.1644248962402 27.2134132385254 27.2624015808105 27.3113899230957 27.3603763580322 27.4068336486816 27.4342918395996 27.4617500305176 27.4892082214355 27.5166664123535 27.5441246032715 27.5715827941895 27.5990409851074 27.6264991760254 27.6539573669434 27.6792774200439 27.681468963623 27.6836605072021 27.6858520507812 27.6880435943604
-3.4e+38 -3.4e+38 -3.4e+38 -3.4e+38 -3.4e+38 -3.4e+38 -3.4e+38 -3.4e+38 -3.4e+38 -3.4e+38 -3.4e+38 25.5451793670654 25.5716686248779 25.678882598877 25.7640686035156 25.8333835601807 25.8908843994141 25.9491920471191 26.0481243133545 26.1470584869385 26.2459907531738 26.3449230194092 26.4438552856445 26.5427875518799 26.6417198181152 26.7406539916992 26.8395862579346 26.9311351776123 26.9810218811035 27.0309085845947 27.0807933807373 27.1306800842285 27.1805648803711 27.2304515838623 27.2803382873535 27.3302230834961 27.3801097869873 27.4273681640625 27.454906463623 27.4824447631836 27.5099849700928 27.5375232696533 27.5650615692139 27.5925998687744 27.620138168335 27.6476764678955 27.6752166748047 27.7007141113281 27.7041435241699 27.7075748443604 27.7110042572021 27.7144336700439
-3.4e+38 -3.4e+38 -3.4e+38 -3.4e+38 -3.4e+38 -3.4e+38 -3.4e+38 -3.4e+38 -3.4e+38 -3.4e+38 -3.4e+38 25.7479705810547 25.7625675201416 25.8252372741699 25.8728847503662 25.9103317260742 25.9405364990234 25.9789962768555 26.0760726928711 26.1731491088867 26.2702236175537 26.3673000335693 26.4643745422363 26.561450958252 26.6585273742676 26.7556018829346 26.8526782989502 26.9427852630615 26.9935703277588 27.0443534851074 27.0951385498047 27.1459217071533 27.1967067718506 27.2474899291992 27.2982749938965 27.3490581512451 27.3998432159424 27.4479026794434 27.4755210876465 27.5031414031982 27.5307598114014 27.5583782196045 27.5859985351562 27.6136169433594 27.6412353515625 27.6688537597656 27.6964740753174 27.7221508026123 27.7268180847168 27.7314872741699 27.7361545562744 27.7408237457275
-3.4e+38 -3.4e+38 -3.4e+38 -3.4e+38 -3.4e+38 -3.4e+38 -3.4e+38 -3.4e+38 -3.4e+38 -3.4e+38 -3.4e+38 25.8994007110596 25.9885635375977 25.9894905090332 25.9901599884033 25.9906692504883 25.9910659790039 26.0088024139404 26.1040210723877 26.199239730835 26.2944583892822 26.3896770477295 26.4848957061768 26.580114364624 26.6753330230713 26.7705516815186 26.8657703399658 26.9544353485107 27.0061168670654 27.0577983856201 27.1094818115234 27.1611633300781 27.2128467559814 27.2645282745361 27.3162097930908 27.3678932189941 27.4195747375488 27.4684371948242 27.4961376190186 27.5238361358643 27.55153465271 27.5792350769043 27.60693359375 27.6346340179443 27.66233253479 27.6900310516357 27.7177314758301 27.7435855865479 27.7494926452637 27.7553997039795 27.7613067626953 27.7672138214111
-3.4e+38 -3.4e+38 -3.4e+38 -3.4e+38 -3.4e+38 -3.4e+38 -3.4e+38 -3.4e+38 -3.4e+38 -3.4e+38 -3.4e+38 25.947395324707 26.0266971588135 26.0266971588135 26.0266971588135 26.0266971588135 26.0266971588135 26.0437793731689 26.1368770599365 26.2299728393555 26.323070526123 26.4161682128906 26.5092658996582 26.6023635864258 26.6954593658447 26.7885570526123 26.8816547393799 26.9684982299805 27.0200481414795 27.0715961456299 27.1231460571289 27.1746959686279 27.226245880127 27.277795791626 27.329345703125 27.3808937072754 27.4324436187744 27.4811973571777 27.5089645385742 27.5367317199707 27.5644989013672 27.5922660827637 27.6200351715088 27.6478023529053 27.6755695343018 27.7033367156982 27.7311038970947 27.7571849822998 27.7650203704834 27.772855758667 27.7806930541992 27.7885284423828
-3.4e+38 -3.4e+38 -3.4e+38 -3.4e+38 -3.4e+38 -3.4e+38 -3.4e+38 -3.4e+38 -3.4e+38 -3.4e+38 -3.4e+38 25.9913578033447 26.0621318817139 26.0621318817139 26.0621318817139 26.0621318817139 26.0621318817139 26.0788230895996 26.1697959899902 26.2607688903809 26.3517398834229 26.4427127838135 26.5336856842041 26.6246585845947 26.7156314849854 26.8066024780273 26.897575378418 26.9825916290283 27.0339965820312 27.0853996276855 27.1368026733398 27.1882057189941 27.2396106719971 27.2910137176514 27.3424167633057 27.39381980896 27.4452247619629 27.4938564300537 27.521692276001 27.5495281219482 27.5773620605469 27.6051979064941 27.6330337524414 27.6608695983887 27.6887035369873 27.7165393829346 27.7443752288818 27.7706813812256 27.7804565429688 27.7902297973633 27.8000030517578 27.8097763061523
-3.4e+38 -3.4e+38 -3.4e+38 -3.4e+38 -3.4e+38 -3.4e+38 -3.4e+38 -3.4e+38 -3.4e+38 -3.4e+38 -3.4e+38 -3.4e+38 26.0975646972656 26.0975646972656 26.0975646972656 26.0975646972656 26.0975646972656 26.1138668060303 26.2027149200439 26.2915630340576 26.3804111480713 26.4692573547363 26.55810546875 26.6469535827637 26.7358016967773 26.824649810791 26.9134979248047 26.9966869354248 27.047945022583 27.0992012023926 27.1504592895508 27.201717376709 27.2529735565186 27.3042316436768 27.355489730835 27.4067459106445 27.4580039978027 27.5065155029297 27.5344181060791 27.5623226165771 27.5902252197266 27.6181297302246 27.646032333374 27.6739368438721 27.7018394470215 27.7297420501709 27.7576465606689 27.7841796875 27.7958908081055 27.8076019287109 27.819314956665 27.8310260772705
-3.4e+38 -3.4e+38 -3.4e+38 -3.4e+38 -3.4e+38 -3.4e+38 -3.4e+38 -3.4e+38 -3.4e+38 -3.4e+38 -3.4e+38 -3.4e+38 26.132999420166 26.132999420166 26.132999420166 26.132999420166 26.132999420166 26.1489105224609 26.2356338500977 26.3223571777344 26.4090805053711 26.4958038330078 26.5825252532959 26.6692485809326 26.7559719085693 26.8426952362061 26.9294185638428 27.0107803344727 27.0618915557861 27.1130046844482 27.1641159057617 27.2152271270752 27.2663383483887 27.3174495697021 27.3685607910156 27.4196720123291 27.4707832336426 27.5191745758057 27.5471458435059 27.5751171112061 27.6030883789062 27.6310596466064 27.6590309143066 27.6870021820068 27.7149753570557 27.7429466247559 27.7709178924561 27.7976760864258 27.8113269805908 27.8249759674072 27.8386249542236 27.8522758483887
-3.4e+38 -3.4e+38 -3.4e+38 -3.4e+38 -3.4e+38 -3.4e+38 -3.4e+38 -3.4e+38 -3.4e+38 -3.4e+38 -3.4e+38 -3.4e+38 26.1684322357178 26.1684322357178 26.1684322357178 26.1684322357178 26.1684322357178 26.1839542388916 26.2685527801514 26.3531513214111 26.4377498626709 26.5223484039307 26.6069469451904 26.6915454864502 26.7761421203613 26.8607406616211 26.9453392028809 27.0248756408691 27.0758399963379 27.1268062591553 27.177770614624 27.2287368774414 27.2797031402588 27.3306674957275 27.3816337585449 27.4325981140137 27.4835643768311 27.5318336486816 27.5598735809326 27.5879135131836 27.6159515380859 27.6439914703369 27.6720314025879 27.7000694274902 27.7281093597412 27.7561492919922 27.7841892242432 27.8111743927002 27.8267612457275 27.8423500061035 27.8579368591309 27.8735237121582
-3.4e+38 -3.4e+38 -3.4e+38 -3.4e+38 -3.4e+38 -3.4e+38 -3.4e+38 -3.4e+38 -3.4e+38 -3.4e+38 -3.4e+38 -3.4e+38 26.2038669586182 26.2038669586182 26.2038669586182 26.2038669586182 26.2038669586182 26.2189979553223 26.3014717102051 26.3839454650879 26.4664192199707 26.5488929748535 26.6313667297363 26.7138404846191 26.796314239502 26.8787879943848 26.9612617492676 27.038969039917 27.0897884368896 27.1406078338623 27.191427230835 27.2422466278076 27.2930660247803 27.3438854217529 27.3947048187256 27.4455242156982 27.4963436126709 27.5444927215576 27.5725994110107 27.6007080078125 27.6288146972656 27.6569232940674 27.6850299835205 27.7131366729736 27.7412452697754 27.7693519592285 27.7974586486816 27.824670791626 27.8421974182129 27.8597221374512 27.8772468566895 27.8947734832764
