R_scripts/int_process_data/Bio_02_2001.2020.asc
NCOLS 281 
NROWS 577 
XLLCORNER 81175.2677831308 
YLLCORNER -911.770678700996 
CELLSIZE 1000 
NODATA_value -3.4e+38 
[rows 184 to 206 of 577, columns 51 to 101 of 281]
-3.4e+38 -3.4e+38 -3.4e+38 -3.4e+38 -3.4e+38 -3.4e+38 -3.4e+38 -3.4e+38 -3.4e+38 -3.4e+38 -3.4e+38 -3.4e+38 5.51501798629761 5.74464702606201 5.9561882019043 6.16326951980591 6.30820274353027 6.43272876739502 6.55587339401245 6.68448162078857 6.79131650924683 6.90578889846802 7.02829647064209 7.13879871368408 7.24931049346924 7.37086296081543 7.50032949447632 7.63001346588135 7.76448726654053 7.88837575912476 8.00812244415283 8.11463451385498 8.21747589111328 8.31066703796387 8.4591817855835 8.609206199646 8.71437835693359 8.7396993637085 8.76570987701416 8.80403614044189 8.77909469604492 8.82921695709229 8.88899517059326 8.92747688293457 8.97390365600586 9.02394485473633 9.08033084869385 9.16718196868896 9.31006813049316 9.4712438583374 9.60146141052246
-3.4e+38 -3.4e+38 -3.4e+38 -3.4e+38 -3.4e+38 -3.4e+38 -3.4e+38 -3.4e+38 -3.4e+38 -3.4e+38 -3.4e+38 5.33884477615356 5.52377796173096 5.75209856033325 5.96993017196655 6.1834077835083 6.32998418807983 6.46071767807007 6.58757925033569 6.71418142318726 6.82639026641846 6.94579553604126 7.05661535263062 7.17073392868042 7.29083490371704 7.40883445739746 7.5378155708313 7.65194702148438 7.77539157867432 7.91367244720459 8.03782081604004 8.13874816894531 8.23392868041992 8.33894443511963 8.51656818389893 8.64671993255615 8.72856616973877 8.75529956817627 8.77722644805908 8.82424926757812 8.80966281890869 8.83594226837158 8.89427757263184 8.92554950714111 8.96682262420654 9.02679347991943 9.10174942016602 9.20448303222656 9.34656620025635 9.47801303863525 9.60344696044922
-3.4e+38 -3.4e+38 -3.4e+38 -3.4e+38 -3.4e+38 -3.4e+38 -3.4e+38 -3.4e+38 -3.4e+38 -3.4e+38 -3.4e+38 5.34740591049194 5.53129386901855 5.76337575912476 5.98682403564453 6.2019944190979 6.35207509994507 6.487464427948 6.61618280410767 6.74288415908813 6.86142301559448 6.98513174057007 7.090247631073 7.20677757263184 7.32560300827026 7.43862247467041 7.56919574737549 7.68564796447754 7.80516052246094 7.93916702270508 8.06937026977539 8.17481422424316 8.27414608001709 8.38162708282471 8.54939842224121 8.67560482025146 8.75194931030273 8.79113388061523 8.80943584442139 8.82237815856934 8.81991004943848 8.85535526275635 8.90413761138916 8.94996166229248 9.0037841796875 9.08149242401123 9.15233135223389 9.24024963378906 9.3556432723999 9.53494262695312 9.66950798034668
-3.4e+38 -3.4e+38 -3.4e+38 -3.4e+38 -3.4e+38 -3.4e+38 -3.4e+38 -3.4e+38 -3.4e+38 -3.4e+38 5.18228435516357 5.33376359939575 5.5479679107666 5.78205537796021 6.00486278533936 6.22294521331787 6.37454795837402 6.50550508499146 6.63990831375122 6.773108959198 6.8934154510498 7.01561832427979 7.12961578369141 7.24804401397705 7.36317348480225 7.46589183807373 7.594970703125 7.72282791137695 7.84928369522095 7.97608613967896 8.10188484191895 8.21490955352783 8.31655502319336 8.43069076538086 8.57684993743896 8.70922183990479 8.79275512695312 8.8465690612793 8.86188316345215 8.84287929534912 8.82796669006348 8.87387084960938 8.93117237091064 8.9942455291748 9.06004333496094 9.12606811523438 9.18778514862061 9.25792026519775 9.38734436035156 9.5960168838501 9.69196319580078
-3.4e+38 -3.4e+38 -3.4e+38 -3.4e+38 -3.4e+38 -3.4e+38 -3.4e+38 -3.4e+38 -3.4e+38 -3.4e+38 5.19456243515015 5.34136199951172 5.57384443283081 5.80563688278198 6.02281808853149 6.24373722076416 6.40617847442627 6.53498220443726 6.66971111297607 6.80713701248169 6.92533731460571 7.04279851913452 7.1627950668335 7.28511953353882 7.39900398254395 7.50352573394775 7.6279444694519 7.7576732635498 7.88512897491455 8.00988674163818 8.13198661804199 8.24034786224365 8.34034633636475 8.47442150115967 8.61051654815674 8.74091625213623 8.83755111694336 8.87966632843018 8.87892913818359 8.86464595794678 8.84958648681641 8.87937927246094 8.93301391601562 9.00720119476318 9.07495021820068 9.11150074005127 9.1833553314209 9.30351161956787 9.47024250030518 9.6102237701416 9.63175392150879
-3.4e+38 -3.4e+38 -3.4e+38 -3.4e+38 -3.4e+38 -3.4e+38 -3.4e+38 -3.4e+38 -3.4e+38 -3.4e+38 5.18232107162476 5.36921262741089 5.6069803237915 5.8329815864563 6.04632568359375 6.26280784606934 6.42856359481812 6.56180858612061 6.69832372665405 6.83951902389526 6.95794010162354 7.07580947875977 7.19463777542114 7.31880855560303 7.42888259887695 7.53804206848145 7.66086673736572 7.79355192184448 7.91992473602295 8.04115295410156 8.15367889404297 8.26427936553955 8.37726974487305 8.51738739013672 8.64526653289795 8.76690578460693 8.87100982666016 8.90263366699219 8.89580917358398 8.88487434387207 8.88246822357178 8.91074562072754 8.94363212585449 8.98842430114746 9.05154800415039 9.10052013397217 9.19769763946533 9.34653377532959 9.52865600585938 9.59176445007324 9.5775842666626
-3.4e+38 -3.4e+38 -3.4e+38 -3.4e+38 -3.4e+38 -3.4e+38 -3.4e+38 -3.4e+38 -3.4e+38 -3.4e+38 5.15756845474243 5.4102201461792 5.63634967803955 5.85978364944458 6.07047653198242 6.28606224060059 6.45392799377441 6.59000682830811 6.72197961807251 6.86213731765747 6.98602914810181 7.10942506790161 7.2275071144104 7.35009098052979 7.46272134780884 7.56636762619019 7.68846893310547 7.82479095458984 7.95040559768677 8.0682430267334 8.18192481994629 8.30668449401855 8.42728900909424 8.55345916748047 8.68091011047363 8.79532051086426 8.90120697021484 8.94445991516113 8.93879413604736 8.91999340057373 8.92097282409668 8.96839904785156 8.98421764373779 8.99761199951172 9.0713357925415 9.11934471130371 9.22141933441162 9.35830783843994 9.48467063903809 9.56272792816162 9.59106540679932
-3.4e+38 -3.4e+38 -3.4e+38 -3.4e+38 -3.4e+38 -3.4e+38 -3.4e+38 -3.4e+38 -3.4e+38 -3.4e+38 5.18587017059326 5.43747854232788 5.66419315338135 5.88693284988403 6.09742546081543 6.31191349029541 6.47511005401611 6.61743402481079 6.74944019317627 6.88132095336914 7.00574016571045 7.13288450241089 7.25430297851562 7.38070392608643 7.50186204910278 7.60130167007446 7.71962785720825 7.85356330871582 7.97646808624268 8.0927906036377 8.21021461486816 8.33090591430664 8.46377849578857 8.58127498626709 8.70609855651855 8.82931709289551 8.94925212860107 9.00249481201172 8.9896764755249 8.95043659210205 8.95584106445312 9.02334403991699 9.04914474487305 9.04184818267822 9.11711120605469 9.16943645477295 9.2410192489624 9.35236167907715 9.40403747558594 9.48606586456299 9.55467128753662
-3.4e+38 -3.4e+38 -3.4e+38 -3.4e+38 -3.4e+38 -3.4e+38 -3.4e+38 -3.4e+38 -3.4e+38 5.02419900894165 5.21646356582642 5.46592092514038 5.6886830329895 5.91047191619873 6.12586879730225 6.33667945861816 6.49333620071411 6.64411926269531 6.78271913528442 6.91050958633423 7.02944231033325 7.15535831451416 7.27746915817261 7.40374803543091 7.52932739257812 7.63836479187012 7.75363731384277 7.88092231750488 8.00161552429199 8.11736297607422 8.23679065704346 8.35872554779053 8.49783420562744 8.61406135559082 8.73449802398682 8.85196113586426 8.98094177246094 9.03832244873047 9.01529884338379 8.97104072570801 8.9830265045166 9.03788661956787 9.08797073364258 9.10768699645996 9.14094257354736 9.19795227050781 9.25257778167725 9.34156036376953 9.38816356658936 9.45214080810547 9.54203319549561
-3.4e+38 -3.4e+38 -3.4e+38 -3.4e+38 -3.4e+38 -3.4e+38 -3.4e+38 -3.4e+38 -3.4e+38 5.03315877914429 5.24853849411011 5.49494981765747 5.71479415893555 5.9370584487915 6.15642976760864 6.36549615859985 6.51412010192871 6.66414022445679 6.81025981903076 6.94666290283203 7.06633710861206 7.18770027160645 7.30822086334229 7.43592500686646 7.55782175064087 7.67446899414062 7.78828096389771 7.90730714797974 8.03104782104492 8.15394973754883 8.28221893310547 8.41002464294434 8.53395748138428 8.64165019989014 8.7603235244751 8.87206935882568 8.98310470581055 9.03971767425537 9.02909564971924 8.99999904632568 9.01339149475098 9.04917335510254 9.08438205718994 9.14490699768066 9.18356132507324 9.19589614868164 9.25026321411133 9.37875175476074 9.46890735626221 9.4885196685791 9.55847835540771
-3.4e+38 -3.4e+38 -3.4e+38 -3.4e+38 -3.4e+38 -3.4e+38 -3.4e+38 -3.4e+38 -3.4e+38 5.06261587142944 5.27575397491455 5.52128314971924 5.74194240570068 5.96834564208984 6.18684673309326 6.39326429367065 6.5361533164978 6.68962383270264 6.83545017242432 6.97096824645996 7.09175252914429 7.21271133422852 7.33307361602783 7.46528577804565 7.58966588973999 7.70234107971191 7.80995178222656 7.93490505218506 8.06600570678711 8.19695281982422 8.33292961120605 8.45123291015625 8.55883121490479 8.66507625579834 8.78058624267578 8.89499378204346 9.00539779663086 9.04248714447021 9.02794551849365 9.03110122680664 9.04556655883789 9.07138824462891 9.10434246063232 9.15256595611572 9.22645664215088 9.2569522857666 9.31869602203369 9.44267749786377 9.54165458679199 9.5707311630249 9.5787410736084
-3.4e+38 -3.4e+38 -3.4e+38 -3.4e+38 -3.4e+38 -3.4e+38 -3.4e+38 -3.4e+38 4.89034366607666 5.06166458129883 5.30927562713623 5.54407835006714 5.76877546310425 5.99523496627808 6.2087345123291 6.41862630844116 6.57037925720215 6.72774124145508 6.86043214797974 6.98061275482178 7.10608673095703 7.23137331008911 7.35548734664917 7.48736429214478 7.60997104644775 7.72391366958618 7.832350730896 7.96189260482788 8.09843826293945 8.23226261138916 8.3609037399292 8.46938514709473 8.57516574859619 8.68393039703369 8.80198955535889 8.93137359619141 9.06242561340332 9.08696556091309 9.06102657318115 9.06735801696777 9.07519912719727 9.10323810577393 9.14287185668945 9.18181133270264 9.23859596252441 9.29077625274658 9.364426612854 9.46510887145996 9.58487415313721 9.62431049346924 9.58808135986328
-3.4e+38 -3.4e+38 -3.4e+38 -3.4e+38 -3.4e+38 -3.4e+38 -3.4e+38 -3.4e+38 4.92044115066528 5.08389186859131 5.33242511749268 5.56359720230103 5.79355335235596 6.02024030685425 6.23375177383423 6.44565486907959 6.59225797653198 6.74073219299316 6.85711193084717 6.98313140869141 7.11456489562988 7.24793148040771 7.37740564346313 7.50087404251099 7.61699151992798 7.73707008361816 7.85839128494263 7.98643445968628 8.11976051330566 8.24818706512451 8.37206363677979 8.4891881942749 8.6011438369751 8.71452522277832 8.84254550933838 8.98315811157227 9.09733200073242 9.10681629180908 9.08251953125 9.08798789978027 9.099609375 9.12753009796143 9.17201232910156 9.22178268432617 9.2524471282959 9.30350589752197 9.38486576080322 9.53436183929443 9.69420623779297 9.67561435699463 9.63455486297607
-3.4e+38 -3.4e+38 -3.4e+38 -3.4e+38 -3.4e+38 -3.4e+38 -3.4e+38 -3.4e+38 4.91452503204346 5.1166524887085 5.35907316207886 5.59117650985718 5.82102966308594 6.04918384552002 6.26896619796753 6.47820234298706 6.61298322677612 6.73702192306519 6.85782432556152 6.98921966552734 7.12178516387939 7.25466108322144 7.38169717788696 7.50555944442749 7.6218409538269 7.74460744857788 7.87326145172119 7.99949026107788 8.12696743011475 8.25133800506592 8.38376808166504 8.51013088226318 8.632004737854 8.75519847869873 8.89060974121094 9.02235698699951 9.12181758880615 9.12944030761719 9.11514377593994 9.11861896514893 9.13233375549316 9.15847778320312 9.19705104827881 9.23206615447998 9.27091598510742 9.34457683563232 9.41595268249512 9.62507343292236 9.86312103271484 9.79990100860596 9.67434787750244
-3.4e+38 -3.4e+38 -3.4e+38 -3.4e+38 -3.4e+38 -3.4e+38 -3.4e+38 -3.4e+38 4.90151262283325 5.15432405471802 5.38569307327271 5.62006521224976 5.84725427627563 6.07701873779297 6.30184125900269 6.51163244247437 6.64696598052979 6.75953245162964 6.87896060943604 7.00974130630493 7.14079427719116 7.26989078521729 7.39329624176025 7.5196328163147 7.64428234100342 7.77102041244507 7.89687824249268 8.01689910888672 8.13559913635254 8.25771236419678 8.38961410522461 8.52026081085205 8.65227031707764 8.78984928131104 8.92900276184082 9.04961681365967 9.15306758880615 9.17096042633057 9.1591329574585 9.17512321472168 9.17667865753174 9.19385242462158 9.22579383850098 9.25503349304199 9.29569244384766 9.3632869720459 9.43369102478027 9.59892082214355 9.85936260223389 9.91446018218994 9.70298957824707
-3.4e+38 -3.4e+38 -3.4e+38 -3.4e+38 -3.4e+38 -3.4e+38 -3.4e+38 -3.4e+38 4.93109035491943 5.17928028106689 5.41007232666016 5.64847230911255 5.8772406578064 6.10888385772705 6.3356499671936 6.54278945922852 6.683021068573 6.79923677444458 6.91303062438965 7.03532648086548 7.16546869277954 7.29541015625 7.42276334762573 7.55311918258667 7.68231201171875 7.8060302734375 7.92821455001831 8.04787158966064 8.16435623168945 8.28295421600342 8.41250991821289 8.54113292694092 8.67533397674561 8.82124328613281 8.96288776397705 9.08643913269043 9.18147468566895 9.20974159240723 9.22220993041992 9.23519802093506 9.22125244140625 9.22217464447021 9.25828456878662 9.29515647888184 9.33799743652344 9.39359092712402 9.44649124145508 9.54900646209717 9.75284194946289 9.92616748809814 9.758225440979
-3.4e+38 -3.4e+38 -3.4e+38 -3.4e+38 -3.4e+38 -3.4e+38 -3.4e+38 4.76722383499146 4.9580192565918 5.20441293716431 5.43509912490845 5.67430591583252 5.90512371063232 6.13680458068848 6.36501216888428 6.57591533660889 6.71553564071655 6.83311557769775 6.94494724273682 7.06482076644897 7.18955421447754 7.31942653656006 7.44302749633789 7.58204698562622 7.71640872955322 7.83722877502441 7.95656299591064 8.07708072662354 8.19731712341309 8.32051849365234 8.4479808807373 8.57126998901367 8.7099609375 8.85714817047119 8.99320507049561 9.1117525100708 9.20911121368408 9.2540979385376 9.26735210418701 9.26022243499756 9.26520442962646 9.26981830596924 9.28006839752197 9.33021259307861 9.35774517059326 9.38789176940918 9.46858406066895 9.60153102874756 9.68160438537598 9.78006649017334 9.80489635467529
-3.4e+38 -3.4e+38 -3.4e+38 -3.4e+38 -3.4e+38 -3.4e+38 -3.4e+38 4.78372049331665 4.98782777786255 5.23423910140991 5.46575832366943 5.7021689414978 5.93092823028564 6.16319417953491 6.39104318618774 6.60895776748657 6.74825572967529 6.86503028869629 6.98202276229858 7.1060938835144 7.23012256622314 7.35310840606689 7.46951341629028 7.60520648956299 7.74448347091675 7.87250375747681 7.99192428588867 8.11036586761475 8.23419570922852 8.36222076416016 8.4852409362793 8.6058931350708 8.73920440673828 8.868971824646 9.01042175292969 9.10908222198486 9.21897125244141 9.27806568145752 9.2771520614624 9.2790584564209 9.31389236450195 9.32445812225342 9.31233024597168 9.33897590637207 9.36518478393555 9.41085338592529 9.52252388000488 9.6249361038208 9.59824085235596 9.61547946929932 9.77289390563965
-3.4e+38 -3.4e+38 -3.4e+38 -3.4e+38 -3.4e+38 -3.4e+38 -3.4e+38 4.80931901931763 5.01887226104736 5.26706552505493 5.49788570404053 5.73295211791992 5.96133327484131 6.19212865829468 6.41978740692139 6.63631916046143 6.77618074417114 6.89542579650879 7.01979303359985 7.14890909194946 7.26817035675049 7.38289165496826 7.50235843658447 7.6291446685791 7.76677703857422 7.90957736968994 8.03510475158691 8.14899826049805 8.27113056182861 8.39916133880615 8.52474880218506 8.64463806152344 8.7636547088623 8.87809371948242 9.02374935150146 9.10624885559082 9.21128368377686 9.29116535186768 9.2960376739502 9.31484603881836 9.35609912872314 9.36314964294434 9.36825466156006 9.37089729309082 9.37733268737793 9.42759323120117 9.53478622436523 9.59189701080322 9.56149578094482 9.56607341766357 9.6892557144165
-3.4e+38 -3.4e+38 -3.4e+38 -3.4e+38 -3.4e+38 -3.4e+38 -3.4e+38 4.80602216720581 5.05857610702515 5.29853439331055 5.5295615196228 5.76480865478516 5.99428129196167 6.22290420532227 6.44965744018555 6.66842555999756 6.81215476989746 6.93470764160156 7.05617475509644 7.18662023544312 7.30126953125 7.41455078125 7.53785133361816 7.6605110168457 7.79106378555298 7.94380331039429 8.08240795135498 8.18913269042969 8.31209182739258 8.43263530731201 8.54831504821777 8.65944671630859 8.77461433410645 8.9045352935791 9.05315399169922 9.12501335144043 9.21234703063965 9.27842712402344 9.30611610412598 9.35790824890137 9.40297508239746 9.41232109069824 9.41867256164551 9.39111042022705 9.38868713378906 9.45147514343262 9.50340747833252 9.54024791717529 9.60301876068115 9.60980224609375 9.63815021514893
-3.4e+38 -3.4e+38 -3.4e+38 -3.4e+38 -3.4e+38 -3.4e+38 -3.4e+38 4.83638286590576 5.08844232559204 5.32656860351562 5.55906009674072 5.79400873184204 6.01923179626465 6.25027942657471 6.48045921325684 6.69759702682495 6.84225368499756 6.96589994430542 7.08563995361328 7.2127799987793 7.32724618911743 7.44153213500977 7.56417751312256 7.69652795791626 7.82982683181763 7.97165489196777 8.10938549041748 8.22714042663574 8.33856773376465 8.44449710845947 8.56276226043701 8.67704772949219 8.78627586364746 8.92418003082275 9.08117866516113 9.16012859344482 9.23119068145752 9.27834606170654 9.3384485244751 9.40066719055176 9.44497108459473 9.44356918334961 9.41553974151611 9.37610149383545 9.38454532623291 9.44802474975586 9.50561809539795 9.57887554168701 9.65655994415283 9.70128726959229 9.70478248596191
-3.4e+38 -3.4e+38 -3.4e+38 -3.4e+38 -3.4e+38 -3.4e+38 4.63185548782349 4.87817239761353 5.11798429489136 5.35727596282959 5.59022045135498 5.82414150238037 6.04245138168335 6.27229976654053 6.50475788116455 6.71903562545776 6.86151552200317 6.98385238647461 7.10842657089233 7.23507356643677 7.34930372238159 7.46985864639282 7.59256982803345 7.72655534744263 7.86743927001953 8.00016689300537 8.13356018066406 8.24890041351318 8.35752391815186 8.47213554382324 8.59549236297607 8.71376132965088 8.81408786773682 8.93713474273682 9.09654426574707 9.17648601531982 9.250563621521 9.29038333892822 9.34699630737305 9.40366744995117 9.45535182952881 9.4383659362793 9.38677883148193 9.37059211730957 9.40198421478271 9.46153545379639 9.54592323303223 9.62387752532959 9.6756477355957 9.72796154022217 9.77425765991211
-3.4e+38 -3.4e+38 -3.4e+38 -3.4e+38 -3.4e+38 -3.4e+38 4.66085147857666 4.90977811813354 5.14908742904663 5.38845586776733 5.62070560455322 5.85194444656372 6.06748533248901 6.29572200775146 6.52593421936035 6.73499822616577 6.87159967422485 6.99605512619019 7.12528944015503 7.25526332855225 7.37320995330811 7.49999856948853 7.62215423583984 7.75160312652588 7.89514446258545 8.03652858734131 8.15218544006348 8.26595401763916 8.39273738861084 8.50526905059814 8.62026786804199 8.73268413543701 8.83698177337646 8.95364093780518 9.10607051849365 9.19785976409912 9.28230381011963 9.3140926361084 9.34431838989258 9.37984848022461 9.42324638366699 9.42400932312012 9.38146495819092 9.38421726226807 9.44082736968994 9.51218700408936 9.57848167419434 9.65737628936768 9.710373878479 9.75043964385986 9.78528022766113
