R_scripts/int_process_data/Bio_09.asc
NCOLS 281 
NROWS 576 
XLLCORNER 81175.2677831308 
YLLCORNER 88.2293212990044 
CELLSIZE 1000 
NODATA_value -3.4e+38 
[rows 46 to 68 of 576, columns 208 to 259 of 281]
18.0514011383057 18.026969909668 17.9903812408447 17.9491138458252 17.9078483581543 17.8665809631348 17.8253154754639 17.7840480804443 17.7427806854248 17.7015151977539 17.6602478027344 17.6189823150635 17.6141414642334 17.6257228851318 17.6373043060303 17.6488857269287 17.6604671478271 17.6720504760742 17.6836318969727 17.6952133178711 17.7067947387695 17.718376159668 17.7524719238281 17.7983589172363 17.8442440032959 17.8901309967041 17.9360179901123 17.9819030761719 18.0277900695801 18.0736751556396 18.1195621490479 18.1654472351074 18.1822910308838 18.181583404541 18.1808757781982 18.1801681518555 18.1794624328613 18.1787548065186 18.1780471801758 18.1773414611816 18.1766338348389 18.1759262084961 18.1526794433594 -3.4e+38 -3.4e+38 -3.4e+38 -3.4e+38 -3.4e+38 -3.4e+38 -3.4e+38 -3.4e+38 -3.4e+38
18.0955505371094 18.0654582977295 18.0255565643311 17.9818840026855 17.9382095336914 17.8945369720459 17.8508625030518 17.8071899414062 17.7635154724121 17.719841003418 17.6761684417725 17.6324939727783 17.6274089813232 17.6397228240967 17.6520366668701 17.6643505096436 17.6766624450684 17.6889762878418 17.7012901306152 17.7136039733887 17.7259159088135 17.7382297515869 17.773811340332 17.8215751647949 17.8693408966064 17.917106628418 17.9648723602295 18.012638092041 18.0604038238525 18.1081676483154 18.155933380127 18.2036991119385 18.2221450805664 18.2228755950928 18.2236061096191 18.2243366241455 18.2250690460205 18.2257995605469 18.2265300750732 18.2272605895996 18.227991104126 18.2287216186523 18.2063121795654 -3.4e+38 -3.4e+38 -3.4e+38 -3.4e+38 -3.4e+38 -3.4e+38 -3.4e+38 -3.4e+38 -3.4e+38
18.1397018432617 18.103946685791 18.060733795166 18.0146541595459 17.9685726165771 17.9224910736084 17.8764114379883 17.8303298950195 17.7842502593994 17.7381687164307 17.6920871734619 17.6460075378418 17.6406784057617 17.6537227630615 17.66676902771 17.6798133850098 17.6928577423096 17.705904006958 17.7189483642578 17.7319927215576 17.7450389862061 17.7580833435059 17.7951488494873 17.8447933197021 17.894437789917 17.9440822601318 17.9937267303467 18.0433712005615 18.0930156707764 18.1426601409912 18.1923046112061 18.2419509887695 18.2620010375977 18.2641696929932 18.2663383483887 18.2685070037842 18.2706737518311 18.2728424072266 18.2750110626221 18.2771797180176 18.2793483734131 18.2815170288086 18.2599468231201 -3.4e+38 -3.4e+38 -3.4e+38 -3.4e+38 -3.4e+38 -3.4e+38 -3.4e+38 -3.4e+38 -3.4e+38
18.1838512420654 18.1424350738525 18.095911026001 18.0474243164062 17.9989356994629 17.9504470825195 17.9019603729248 17.8534717559814 17.8049831390381 17.7564964294434 17.7080078125 17.6595191955566 17.6539478302002 17.667724609375 17.6815013885498 17.695276260376 17.7090530395508 17.7228298187256 17.7366065979004 17.7503833770752 17.76416015625 17.7779369354248 17.8164863586426 17.8680114746094 17.9195346832275 17.9710578918457 18.0225830078125 18.0741062164307 18.1256294250488 18.177152633667 18.2286777496338 18.280200958252 18.3018550872803 18.3054618835449 18.3090686798096 18.3126754760742 18.3162803649902 18.3198871612549 18.3234939575195 18.3271007537842 18.3307056427002 18.3343124389648 -3.4e+38 -3.4e+38 -3.4e+38 -3.4e+38 -3.4e+38 -3.4e+38 -3.4e+38 -3.4e+38 -3.4e+38 -3.4e+38
18.2280025482178 18.1809234619141 18.1310882568359 18.080192565918 18.0292987823486 17.9784030914307 17.9275074005127 17.8766136169434 17.8257179260254 17.7748222351074 17.7239265441895 17.6730327606201 17.66721534729 17.6817245483398 17.696231842041 17.7107410430908 17.725248336792 17.7397575378418 17.754264831543 17.7687740325928 17.7832813262939 17.7977905273438 17.8378257751465 17.891227722168 17.9446315765381 17.9980335235596 18.0514373779297 18.1048393249512 18.1582431793213 18.2116451263428 18.2650489807129 18.318452835083 18.3417110443115 18.3467540740967 18.3517990112305 18.3568439483643 18.3618869781494 18.3669319152832 18.3719749450684 18.3770198822021 18.3820648193359 18.3871078491211 18.3672122955322 -3.4e+38 -3.4e+38 -3.4e+38 -3.4e+38 -3.4e+38 -3.4e+38 -3.4e+38 -3.4e+38 -3.4e+38
18.2721519470215 18.2194118499756 18.1662654876709 18.1129627227783 18.0596599578857 18.0063591003418 17.9530563354492 17.8997535705566 17.8464508056641 17.7931499481201 17.7398471832275 17.686544418335 17.6804847717285 17.6957244873047 17.7109642028809 17.726203918457 17.7414436340332 17.7566833496094 17.7719249725342 17.7871646881104 17.8024044036865 17.8176441192627 17.8591632843018 17.9144458770752 17.9697284698486 18.0250091552734 18.0802917480469 18.1355743408203 18.1908569335938 18.2461395263672 18.301420211792 18.3567028045654 18.3815650939941 18.3880481719971 18.3945293426514 18.4010124206543 18.4074935913086 18.4139747619629 18.4204578399658 18.4269390106201 18.433422088623 18.4399032592773 18.4208450317383 -3.4e+38 -3.4e+38 -3.4e+38 -3.4e+38 -3.4e+38 -3.4e+38 -3.4e+38 -3.4e+38 18.0898475646973
18.3163547515869 18.2579746246338 18.2015552520752 18.1458892822266 18.0902214050293 18.0345554351807 17.978889465332 17.9232234954834 17.8675575256348 17.8118915557861 17.7562236785889 17.7005577087402 17.6942958831787 17.7103061676025 17.7263164520264 17.7423267364502 17.758337020874 17.7743473052979 17.7903575897217 17.8063678741455 17.8223781585693 17.8383884429932 17.8813724517822 17.9384822845459 17.9955921173096 18.0527019500732 18.1098117828369 18.1669216156006 18.2240295410156 18.2811393737793 18.338249206543 18.3953590393066 18.4217357635498 18.4295425415039 18.437349319458 18.4451560974121 18.4529609680176 18.4607677459717 18.4685745239258 18.4763813018799 18.484188079834 18.4919948577881 18.4737415313721 18.4374084472656 18.4010753631592 -3.4e+38 -3.4e+38 -3.4e+38 -3.4e+38 -3.4e+38 -3.4e+38 18.1467437744141
18.36301612854 18.3001461029053 18.2422885894775 18.1863574981689 18.1304264068604 18.0744953155518 18.0185623168945 17.9626312255859 17.9067001342773 17.8507690429688 17.7948379516602 17.7389068603516 17.7343921661377 17.753059387207 17.7717266082764 17.7903957366943 17.8090629577637 17.827730178833 17.8463973999023 17.8650646209717 17.883731842041 17.902400970459 17.9458503723145 18.0022773742676 18.0587043762207 18.1151313781738 18.1715602874756 18.2279872894287 18.2844142913818 18.3408432006836 18.3972702026367 18.4536972045898 18.4772129058838 18.480842590332 18.4844722747803 18.4881000518799 18.4917297363281 18.4953594207764 18.498987197876 18.5026168823242 18.5062465667725 18.5098762512207 18.4908390045166 18.4560775756836 18.4213161468506 18.3865547180176 -3.4e+38 -3.4e+38 -3.4e+38 18.2475109100342 18.2127494812012 18.1779880523682
18.4096775054932 18.3423194885254 18.2830219268799 18.2268257141113 18.1706295013428 18.1144332885742 18.0582370758057 18.0020408630371 17.9458427429199 17.8896465301514 17.8334503173828 17.7772541046143 17.7744884490967 17.7958145141602 17.817138671875 17.8384628295898 17.8597888946533 17.8811130523682 17.902437210083 17.9237613677979 17.9450874328613 17.9664115905762 18.010326385498 18.0660724639893 18.1218166351318 18.177562713623 18.2333087921143 18.2890529632568 18.344799041748 18.4005451202393 18.4562892913818 18.512035369873 18.5326900482178 18.5321426391602 18.5315933227539 18.5310459136963 18.53049659729 18.5299491882324 18.5294017791748 18.5288524627686 18.5283050537109 18.5277557373047 18.5079364776611 18.4747486114502 18.4415588378906 18.4083690643311 18.3751792907715 18.3419914245605 18.308801651001 18.2756118774414 18.2424240112305 18.2092342376709
18.4563388824463 18.3844909667969 18.3237552642822 18.2672939300537 18.2108325958252 18.1543712615967 18.0979099273682 18.0414485931396 17.9849872589111 17.9285259246826 17.8720645904541 17.815601348877 17.8145866394043 17.8385677337646 17.8625507354736 17.886531829834 17.9105129241943 17.9344959259033 17.9584770202637 17.9824600219727 18.006441116333 18.0304222106934 18.0748043060303 18.1298675537109 18.1849308013916 18.2399940490723 18.2950572967529 18.3501205444336 18.4051837921143 18.4602470397949 18.5153102874756 18.5703735351562 18.5881671905518 18.5834426879883 18.5787162780762 18.5739917755127 18.5692653656006 18.5645389556885 18.559814453125 18.5550880432129 18.5503635406494 18.5456371307373 18.5250358581543 18.4934177398682 18.461799621582 18.4301834106445 18.3985652923584 18.3669490814209 18.3353309631348 18.3037128448486 18.2720966339111 18.240478515625
18.5030002593994 18.426664352417 18.3644905090332 18.3077640533447 18.2510356903076 18.1943092346191 18.1375827789307 18.0808563232422 18.0241298675537 17.9674034118652 17.9106769561768 17.8539505004883 17.8546829223633 17.8813228607178 17.9079608917236 17.9346008300781 17.961238861084 17.9878787994385 18.0145168304443 18.0411567687988 18.0677947998047 18.0944347381592 18.1392803192139 18.1936626434326 18.2480430603027 18.3024234771729 18.3568058013916 18.4111862182617 18.4655685424805 18.5199489593506 18.5743312835693 18.6287117004395 18.6436443328857 18.6347427368164 18.6258392333984 18.6169357299805 18.6080322265625 18.5991306304932 18.5902271270752 18.5813236236572 18.5724220275879 18.5635185241699 18.5421333312988 18.5120868682861 18.4820423126221 18.451997756958 18.4219512939453 18.3919067382812 18.3618602752686 18.3318157196045 18.3017692565918 18.2717247009277
18.5496616363525 18.4688358306885 18.4052238464355 18.3482322692871 18.2912406921387 18.2342491149902 18.1772575378418 18.1202659606934 18.0632724761963 18.0062808990479 17.9492893218994 17.892297744751 17.8947811126709 17.9240760803223 17.9533729553223 17.9826679229736 18.0119647979736 18.0412616729736 18.070556640625 18.099853515625 18.129150390625 18.1584453582764 18.2037582397461 18.2574577331543 18.3111553192139 18.3648548126221 18.4185543060303 18.4722537994385 18.5259532928467 18.5796508789062 18.6333503723145 18.6870498657227 18.6991214752197 18.6860408782959 18.6729621887207 18.6598815917969 18.646800994873 18.6337203979492 18.6206398010254 18.6075611114502 18.5944805145264 18.5813999176025 18.5592308044434 18.5307579040527 18.5022850036621 18.4738101959229 18.4453372955322 18.4168643951416 18.3883895874023 18.3599166870117 18.3314418792725 18.3029689788818
18.5963230133057 18.5110092163086 18.4459571838379 18.3887004852295 18.3314437866211 18.2741870880127 18.2169303894043 18.1596736907959 18.1024169921875 18.0451602935791 17.9879035949707 17.9306468963623 17.9348773956299 17.9668312072754 17.9987831115723 18.0307369232178 18.0626907348633 18.0946445465088 18.1265964508057 18.1585502624512 18.1905040740967 18.2224578857422 18.2682342529297 18.3212509155273 18.3742694854736 18.4272861480713 18.4803028106689 18.5333194732666 18.5863361358643 18.6393547058105 18.6923713684082 18.7453880310059 18.7545986175537 18.737340927124 18.7200832366943 18.7028255462646 18.685567855835 18.6683120727539 18.6510543823242 18.6337966918945 18.6165390014648 18.5992813110352 18.5763301849365 18.5494270324707 18.5225257873535 18.4956245422363 18.4687232971191 18.4418201446533 18.4149188995361 18.3880176544189 18.3611164093018 18.3342151641846
18.6429843902588 18.5531806945801 18.4866905212402 18.4291687011719 18.3716468811035 18.3141250610352 18.2566032409668 18.1990814208984 18.1415596008301 18.0840377807617 18.0265159606934 17.968994140625 17.9749736785889 18.0095844268799 18.0441951751709 18.0788059234619 18.1134166717529 18.1480274200439 18.182638168335 18.2172470092773 18.2518577575684 18.2864685058594 18.3327121734619 18.385046005249 18.4373817443848 18.4897174835205 18.5420513153076 18.5943870544434 18.6467208862305 18.6990566253662 18.7513904571533 18.8037261962891 18.8100757598877 18.7886409759521 18.7672061920166 18.7457714080811 18.7243366241455 18.70290184021 18.6814670562744 18.6600322723389 18.6385974884033 18.6171627044678 18.5934276580811 18.5680980682373 18.5427684783936 18.5174388885498 18.4921073913574 18.4667778015137 18.4414482116699 18.4161186218262 18.3907890319824 18.3654594421387
18.6896457672119 18.5953540802002 18.5274257659912 18.4696388244629 18.4118518829346 18.3540649414062 18.2962760925293 18.238489151001 18.1807022094727 18.1229152679443 18.065128326416 18.0073413848877 18.0150718688965 18.052339553833 18.0896072387695 18.1268749237061 18.1641426086426 18.2014102935791 18.2386779785156 18.2759456634521 18.3132133483887 18.3504810333252 18.3971881866455 18.4488410949707 18.5004940032959 18.5521469116211 18.6037998199463 18.6554527282715 18.7071056365967 18.7587585449219 18.8104114532471 18.8620643615723 18.8655529022217 18.8399410247803 18.8143291473389 18.7887172698975 18.7631053924561 18.737491607666 18.7118797302246 18.6862678527832 18.6606559753418 18.6350421905518 18.6105251312256 18.5867671966553 18.563009262085 18.5392513275146 18.5154933929443 18.491735458374 18.4679775238037 18.4442195892334 18.4204616546631 18.3967037200928
18.736307144165 18.6375255584717 18.5681591033936 18.5101070404053 18.452054977417 18.3940029144287 18.3359508514404 18.2778987884521 18.2198467254639 18.1617946624756 18.1037425994873 18.045690536499 18.0551681518555 18.0950927734375 18.1350173950195 18.1749420166016 18.2148685455322 18.2547931671143 18.2947177886963 18.3346424102783 18.3745670318604 18.4144916534424 18.4616661071777 18.5126361846924 18.5636081695557 18.6145782470703 18.665548324585 18.7165203094482 18.7674903869629 18.8184604644775 18.8694324493408 18.9204025268555 18.9210300445557 18.8912410736084 18.8614521026611 18.8316612243652 18.801872253418 18.7720832824707 18.7422924041748 18.7125034332275 18.6827144622803 18.6529235839844 18.6276245117188 18.6054382324219 18.583251953125 18.5610656738281 18.5388793945312 18.5166931152344 18.4945068359375 18.4723224639893 18.4501361846924 18.4279499053955
18.7829704284668 18.6796989440918 18.6088924407959 18.5505752563477 18.4922580718994 18.4339408874512 18.3756237030029 18.3173065185547 18.2589893341064 18.2006721496582 18.14235496521 18.0840377807617 18.0952663421631 18.1378479003906 18.1804294586182 18.2230110168457 18.2655925750732 18.3081760406494 18.350757598877 18.3933391571045 18.435920715332 18.4785022735596 18.5261421203613 18.5764312744141 18.6267204284668 18.6770095825195 18.7272968292236 18.7775859832764 18.8278751373291 18.8781623840332 18.9284515380859 18.9787406921387 18.9765071868896 18.9425411224365 18.9085731506348 18.8746070861816 18.8406410217285 18.8066730499268 18.7727069854736 18.7387390136719 18.7047729492188 18.670804977417 18.6447219848633 18.6241073608398 18.6034927368164 18.5828800201416 18.5622653961182 18.5416507720947 18.5210361480713 18.5004234313965 18.479808807373 18.4591941833496
18.7663478851318 18.6662902832031 18.600700378418 18.5483703613281 18.4960384368896 18.4437065124512 18.3913745880127 18.3390426635742 18.2867126464844 18.2343807220459 18.1820487976074 18.1297168731689 18.1432857513428 18.1865634918213 18.2298431396484 18.273120880127 18.3164005279541 18.3596801757812 18.4029579162598 18.4462375640869 18.4895153045654 18.5327949523926 18.5799541473389 18.6291446685791 18.6783351898193 18.7275257110596 18.7767181396484 18.8259086608887 18.8750991821289 18.9242897033691 18.9734802246094 19.0226726531982 19.0171451568604 18.9785575866699 18.9399700164795 18.9013824462891 18.8627948760986 18.8242073059082 18.7856197357178 18.7470321655273 18.7084445953369 18.6698570251465 18.6424217224121 18.6227226257324 18.6030235290527 18.583324432373 18.5636253356934 18.5439262390137 18.524227142334 18.5045280456543 18.4848289489746 18.4651298522949
18.7489070892334 18.6521644592285 18.5918769836426 18.5456123352051 18.4993476867676 18.4530811309814 18.4068164825439 18.3605518341064 18.3142871856689 18.2680206298828 18.2217559814453 18.1754913330078 18.19140625 18.2353572845459 18.2793083190918 18.3232574462891 18.367208480835 18.4111595153809 18.4551086425781 18.499059677124 18.5430107116699 18.5869617462158 18.6336269378662 18.6817150115967 18.7298030853271 18.7778911590576 18.8259773254395 18.8740653991699 18.9221534729004 18.9702415466309 19.0183296203613 19.0664176940918 19.0575923919678 19.0143775939941 18.9711647033691 18.9279499053955 18.8847370147705 18.8415222167969 18.7983093261719 18.7550945281982 18.7118797302246 18.6686668395996 18.63987159729 18.6210784912109 18.6022853851318 18.5834922790527 18.5647010803223 18.5459079742432 18.5271148681641 18.508321762085 18.4895305633545 18.4707374572754
18.731466293335 18.6380386352539 18.5830535888672 18.542854309082 18.5026569366455 18.4624576568604 18.4222583770752 18.38205909729 18.3418617248535 18.3016624450684 18.2614631652832 18.221263885498 18.2395286560059 18.2841510772705 18.3287734985352 18.3733940124512 18.4180164337158 18.4626388549805 18.5072612762451 18.5518836975098 18.5965042114258 18.6411266326904 18.6872997283936 18.7342853546143 18.7812690734863 18.828254699707 18.8752384185791 18.9222240447998 18.9692077636719 19.0161933898926 19.0631771087646 19.1101627349854 19.0980377197266 19.0501976013184 19.0023574829102 18.954517364502 18.9066772460938 18.8588371276855 18.8109970092773 18.7631568908691 18.7153167724609 18.6674766540527 18.637321472168 18.6194343566895 18.6015472412109 18.5836620330811 18.5657749176025 18.5478897094727 18.5300025939941 18.5121173858643 18.4942302703857 18.4763450622559
18.7140254974365 18.6239147186279 18.5742301940918 18.5400981903076 18.5059661865234 18.4718322753906 18.4377002716064 18.4035682678223 18.3694362640381 18.3353023529053 18.3011703491211 18.2670383453369 18.2876510620117 18.3329429626465 18.3782367706299 18.4235305786133 18.4688243865967 18.5141181945801 18.5594120025635 18.6047058105469 18.6499996185303 18.6952934265137 18.7409725189209 18.7868537902832 18.8327369689941 18.8786182403564 18.9244995117188 18.9703807830811 19.0162620544434 19.0621452331543 19.1080265045166 19.1539077758789 19.138484954834 19.0860176086426 19.0335502624512 18.9810848236084 18.928617477417 18.8761520385742 18.8236846923828 18.7712173461914 18.7187519073486 18.6662845611572 18.6347694396973 18.617790222168 18.6008110046387 18.5838298797607 18.5668506622314 18.5498714447021 18.5328922271729 18.5159111022949 18.4989318847656 18.4819526672363
18.6965847015381 18.6097888946533 18.5654067993164 18.5373401641846 18.5092754364014 18.4812088012695 18.4531421661377 18.4250755310059 18.3970108032227 18.3689441680908 18.340877532959 18.3128128051758 18.3357715606689 18.3817367553711 18.4277019500732 18.4736671447754 18.5196323394775 18.5655975341797 18.6115627288818 18.657527923584 18.7034931182861 18.7494583129883 18.7946453094482 18.8394241333008 18.8842029571533 18.9289817810059 18.9737606048584 19.0185394287109 19.0633182525635 19.1080951690674 19.1528739929199 19.1976528167725 19.1789302825928 19.1218376159668 19.0647449493408 19.0076522827148 18.9505577087402 18.8934650421143 18.8363723754883 18.7792797088623 18.7221870422363 18.6650943756104 18.6322193145752 18.6161460876465 18.6000728607178 18.5839996337891 18.5679264068604 18.5518531799316 18.5357799530029 18.5197067260742 18.5036334991455 18.4875602722168
18.6791439056396 18.5956630706787 18.556583404541 18.5345840454102 18.5125827789307 18.4905834197998 18.4685840606689 18.4465847015381 18.4245853424072 18.4025859832764 18.3805847167969 18.358585357666 18.3838939666748 18.4305305480957 18.4771671295166 18.5238037109375 18.5704402923584 18.6170787811279 18.6637153625488 18.7103519439697 18.7569885253906 18.8036251068115 18.8483180999756 18.8919944763184 18.9356689453125 18.9793453216553 19.023021697998 19.0666961669922 19.110372543335 19.1540470123291 19.1977233886719 19.241397857666 19.2193756103516 19.157657623291 19.0959377288818 19.0342178344727 18.9724998474121 18.9107799530029 18.8490600585938 18.7873420715332 18.725622177124 18.6639022827148 18.6296691894531 18.614501953125 18.5993347167969 18.5841674804688 18.5690021514893 18.5538349151611 18.538667678833 18.5235004425049 18.5083351135254 18.4931678771973
