R_scripts/int_process_data/Bio_02_2001.2020.asc
NCOLS 281 
NROWS 577 
XLLCORNER 81175.2677831308 
YLLCORNER -911.770678700996 
CELLSIZE 1000 
NODATA_value -3.4e+38 
[rows 414 to 436 of 577, columns 51 to 101 of 281]
-3.4e+38 -3.4e+38 -3.4e+38 -3.4e+38 -3.4e+38 -3.4e+38 -3.4e+38 5.27629375457764 -3.4e+38 5.52188873291016 5.65580415725708 5.80576229095459 5.93031740188599 -3.4e+38 6.27182054519653 6.49807739257812 -3.4e+38 -3.4e+38 -3.4e+38 -3.4e+38 7.29778432846069 7.49429082870483 7.62835645675659 7.72628450393677 7.90619945526123 8.13071537017822 8.29553699493408 8.36665821075439 8.43395137786865 8.55785846710205 8.76729011535645 8.81809234619141 8.91251754760742 9.30418968200684 9.61073112487793 9.79255390167236 9.94400787353516 10.0677795410156 9.99332141876221 9.70004653930664 9.53764629364014 9.64637279510498 9.4992208480835 9.31875991821289 9.50601100921631 9.75222110748291 9.85925579071045 9.82039451599121 9.79076862335205 9.69755077362061 9.52439403533936
-3.4e+38 -3.4e+38 -3.4e+38 -3.4e+38 -3.4e+38 -3.4e+38 -3.4e+38 5.17966794967651 5.36129379272461 -3.4e+38 5.56792402267456 5.72739267349243 5.87132167816162 6.04165840148926 6.27196741104126 6.51264429092407 6.68505811691284 6.80011653900146 6.96352434158325 7.13115453720093 7.27347898483276 7.42212104797363 7.56476545333862 7.68590784072876 7.81779527664185 7.95563268661499 8.07285499572754 8.19117546081543 8.30296039581299 8.42613792419434 8.56826019287109 8.67126655578613 8.8908166885376 9.23480033874512 9.43794727325439 9.63039588928223 9.93537616729736 9.96060085296631 9.84634590148926 9.64803409576416 9.43954086303711 9.4404821395874 9.30762004852295 9.35697555541992 9.69915580749512 10.0046529769897 10.0626964569092 9.91542434692383 9.68636417388916 9.5828800201416 9.55068874359131
-3.4e+38 -3.4e+38 -3.4e+38 -3.4e+38 -3.4e+38 -3.4e+38 -3.4e+38 -3.4e+38 5.24016618728638 5.41197061538696 5.50887632369995 5.68638563156128 5.85188674926758 6.03245067596436 6.26820182800293 6.50108909606934 6.65811586380005 6.85831642150879 7.04879951477051 7.2295241355896 7.34712409973145 7.41429090499878 7.54220390319824 7.6950421333313 7.85514736175537 8.02046775817871 8.10670185089111 8.26552963256836 8.40797233581543 8.54079818725586 8.69270133972168 8.70767593383789 8.84836196899414 9.09727191925049 9.37028026580811 9.67470550537109 9.86801147460938 9.7811803817749 9.61880779266357 9.52614974975586 9.32046604156494 9.25349235534668 9.25160503387451 9.49444103240967 9.88319206237793 10.047345161438 10.1126022338867 9.99946975708008 9.78074741363525 9.6971321105957 9.72034645080566
-3.4e+38 -3.4e+38 -3.4e+38 -3.4e+38 -3.4e+38 -3.4e+38 -3.4e+38 -3.4e+38 5.16432952880859 5.32251405715942 5.48150157928467 5.7048659324646 5.86980199813843 6.03621673583984 6.23261165618896 6.46476125717163 6.65672016143799 6.88340711593628 7.1123685836792 7.32438278198242 7.46524477005005 7.53012752532959 7.64771890640259 7.80299377441406 7.97304105758667 8.18588924407959 8.24551773071289 8.44198799133301 8.60985851287842 8.75246810913086 8.91885089874268 8.82498550415039 8.81321430206299 9.08816623687744 9.46954536437988 9.8270788192749 9.9339771270752 9.70620822906494 9.44053554534912 9.29074192047119 9.24939727783203 9.32124900817871 9.40685939788818 9.66273021697998 9.95451068878174 10.0547704696655 10.1422882080078 10.1048755645752 9.9854040145874 9.86517429351807 9.8110466003418
-3.4e+38 -3.4e+38 -3.4e+38 -3.4e+38 -3.4e+38 -3.4e+38 -3.4e+38 -3.4e+38 -3.4e+38 5.23584794998169 5.4117226600647 5.64026165008545 5.82499170303345 6.01899671554565 6.20796012878418 6.43732690811157 6.64547824859619 6.86482715606689 7.12190198898315 7.39488410949707 7.56264400482178 7.69371366500854 7.8040337562561 7.90619945526123 8.04629898071289 8.26226902008057 8.36400508880615 8.55423927307129 8.73283576965332 8.87148666381836 9.00792980194092 8.86591339111328 8.73633861541748 9.03414249420166 9.5427827835083 9.88070011138916 9.95415592193604 9.65574645996094 9.26070976257324 9.18306350708008 9.37816047668457 9.58301448822021 9.71449375152588 9.84114837646484 10.0395441055298 10.2183723449707 10.2566528320312 10.2025203704834 10.1960468292236 10.0693941116333 9.87765884399414
-3.4e+38 -3.4e+38 -3.4e+38 -3.4e+38 -3.4e+38 -3.4e+38 -3.4e+38 -3.4e+38 -3.4e+38 5.13724040985107 5.30663061141968 5.5588321685791 5.76545476913452 5.96164178848267 6.18281030654907 6.39220190048218 6.58164882659912 6.80705595016479 7.05860376358032 7.33719253540039 7.5562162399292 7.77526187896729 7.90862703323364 7.97927045822144 8.10471534729004 8.32629680633545 8.45211410522461 8.59979343414307 8.77223587036133 8.90102195739746 8.92701625823975 8.7923698425293 8.72597217559814 8.91871452331543 9.25796985626221 9.43483734130859 9.54203701019287 9.35850048065186 9.21109771728516 9.459228515625 9.71628189086914 9.87469100952148 10.0548734664917 10.1281299591064 10.1930751800537 10.2144222259521 10.1849956512451 10.1508922576904 10.1729431152344 10.1854581832886 10.0993938446045
-3.4e+38 -3.4e+38 -3.4e+38 -3.4e+38 -3.4e+38 -3.4e+38 -3.4e+38 -3.4e+38 -3.4e+38 -3.4e+38 5.19606971740723 5.49371004104614 5.73766231536865 5.88440227508545 6.0730767250061 6.31013059616089 6.53981733322144 6.76653289794922 7.00712251663208 7.27217626571655 7.51750230789185 7.754714012146 7.92276191711426 8.04498958587646 8.15936088562012 8.37330913543701 8.53276252746582 8.64347839355469 8.73981380462646 8.80325603485107 8.72528743743896 8.71811008453369 8.87944507598877 8.94645500183105 9.10830116271973 9.13809871673584 9.13816356658936 9.17304229736328 9.42210865020752 9.78290176391602 10.007453918457 10.0741567611694 10.1836404800415 10.2229280471802 10.179126739502 10.0667200088501 10.0409736633301 10.0610303878784 10.1286039352417 10.209321975708 10.1368837356567
-3.4e+38 -3.4e+38 -3.4e+38 -3.4e+38 -3.4e+38 -3.4e+38 -3.4e+38 -3.4e+38 -3.4e+38 -3.4e+38 5.10165500640869 5.37594890594482 5.63950204849243 5.82462644577026 6.02977705001831 6.26903486251831 6.47253942489624 6.71582746505737 6.95072650909424 7.21544790267944 7.47229337692261 7.71265029907227 7.91677761077881 8.04966735839844 8.1870756149292 8.38191795349121 8.58992099761963 8.73462867736816 8.72636795043945 8.70466613769531 8.71586990356445 8.78425025939941 8.94008445739746 9.06760692596436 9.35459327697754 9.36299228668213 9.13580226898193 9.20429229736328 9.51461029052734 9.80449867248535 10.0193586349487 10.0652275085449 10.0958204269409 10.0566911697388 9.93553256988525 9.92169189453125 9.9887638092041 10.0556383132935 10.1780319213867 10.2013883590698 10.0040054321289
-3.4e+38 -3.4e+38 -3.4e+38 -3.4e+38 -3.4e+38 -3.4e+38 -3.4e+38 -3.4e+38 -3.4e+38 -3.4e+38 5.00350952148438 5.25774478912354 5.55118417739868 5.76515960693359 5.96706342697144 6.19183111190796 6.39164161682129 6.6360239982605 6.89585018157959 7.18283128738403 7.43851280212402 7.67001914978027 7.87760305404663 8.04092693328857 8.21536731719971 8.4198522567749 8.60762214660645 8.75256252288818 8.77327919006348 8.79562377929688 8.82392120361328 8.8553466796875 9.01535987854004 9.17005348205566 9.42101860046387 9.55257320404053 9.25472831726074 9.33331489562988 9.75930690765381 9.89365100860596 10.045018196106 10.0466232299805 9.97159576416016 9.86287212371826 9.77623081207275 9.94529914855957 10.1035947799683 10.1615076065063 10.201208114624 10.1734409332275 9.92945003509521
-3.4e+38 -3.4e+38 -3.4e+38 -3.4e+38 -3.4e+38 -3.4e+38 -3.4e+38 -3.4e+38 -3.4e+38 -3.4e+38 4.9338493347168 5.13454103469849 5.45365715026855 5.66050624847412 5.8588342666626 6.1168966293335 6.33106803894043 6.57579231262207 6.84617328643799 7.13964700698853 7.38205766677856 7.60376024246216 7.83233880996704 8.04040718078613 8.242995262146 8.44548034667969 8.61406993865967 8.75518321990967 8.87202739715576 8.94215202331543 8.99083805084229 8.99553489685059 9.20888423919678 9.37282276153564 9.49785709381104 9.5829381942749 9.25997734069824 9.45508670806885 10.156418800354 10.2280902862549 10.1564512252808 9.99136924743652 9.8450870513916 9.67384624481201 9.79427242279053 9.9727029800415 10.1062870025635 10.1948728561401 10.1586503982544 10.1293420791626 9.94014739990234
-3.4e+38 -3.4e+38 -3.4e+38 -3.4e+38 -3.4e+38 -3.4e+38 -3.4e+38 -3.4e+38 -3.4e+38 -3.4e+38 4.83109426498413 5.01377964019775 5.27504730224609 5.49036836624146 5.75396871566772 6.03700160980225 6.27765226364136 6.52850389480591 6.77372932434082 7.04843854904175 7.29595232009888 7.54593896865845 7.79573965072632 8.01012420654297 8.22501373291016 8.43169784545898 8.61820602416992 8.79824447631836 8.94676399230957 9.03462886810303 9.12692642211914 9.15593147277832 9.41364192962646 9.59057712554932 9.58249187469482 9.61902523040771 9.3138952255249 9.27519702911377 10.080470085144 10.2634296417236 10.1013784408569 9.88786220550537 9.67747020721436 9.68006324768066 9.89955520629883 10.0612297058105 10.1476984024048 10.2090740203857 10.1821050643921 10.0427522659302 9.87366199493408
-3.4e+38 -3.4e+38 -3.4e+38 -3.4e+38 -3.4e+38 -3.4e+38 -3.4e+38 -3.4e+38 -3.4e+38 -3.4e+38 4.73616361618042 4.89305925369263 5.05208253860474 5.29493808746338 5.57007503509521 5.86939525604248 6.1655478477478 6.43907499313354 6.68607997894287 6.96058368682861 7.23962879180908 7.50637483596802 7.71580791473389 7.93767213821411 8.16017818450928 8.3914680480957 8.59967803955078 8.78453159332275 8.94396686553955 9.08358764648438 9.13990020751953 9.26160049438477 9.57260608673096 9.67068099975586 9.55406951904297 9.56364059448242 9.32030963897705 9.23068618774414 9.96390819549561 10.0535688400269 9.87621784210205 9.68215847015381 9.53402328491211 9.69892024993896 9.95284461975098 10.043848991394 10.0695896148682 10.1712656021118 10.2173147201538 10.0775279998779 9.85213279724121
-3.4e+38 -3.4e+38 -3.4e+38 -3.4e+38 -3.4e+38 -3.4e+38 -3.4e+38 -3.4e+38 -3.4e+38 -3.4e+38 -3.4e+38 4.83159780502319 5.03146457672119 5.26516580581665 5.4457802772522 5.71374464035034 6.05139064788818 6.36392545700073 6.61208438873291 6.8837890625 7.15822267532349 7.38594818115234 7.57442474365234 7.81714773178101 8.05905437469482 8.32291316986084 8.56365871429443 8.76792144775391 8.94913387298584 9.09767627716064 9.18823528289795 9.35074424743652 9.5538272857666 9.57908058166504 9.5032958984375 9.49223136901855 9.32576179504395 9.16641616821289 9.52218627929688 9.57562351226807 9.42708015441895 9.29381561279297 9.42988681793213 9.69109344482422 9.88069820404053 9.86038398742676 9.91853618621826 10.1208963394165 10.1885786056519 10.121506690979 9.94867038726807
-3.4e+38 -3.4e+38 -3.4e+38 -3.4e+38 -3.4e+38 -3.4e+38 -3.4e+38 -3.4e+38 -3.4e+38 -3.4e+38 -3.4e+38 4.74882888793945 5.0440788269043 5.39205312728882 5.53002119064331 5.71193933486938 5.88658666610718 6.14145088195801 6.41721773147583 6.67244291305542 6.91161966323853 7.17778062820435 7.42524433135986 7.68192911148071 7.92985248565674 8.21048259735107 8.4778995513916 8.73276710510254 8.96319389343262 9.13914012908936 9.25901985168457 9.39558792114258 9.48625564575195 9.47899913787842 9.43261528015137 9.41792774200439 9.31800174713135 9.02993297576904 8.98989772796631 9.10066318511963 9.09221172332764 9.07975292205811 9.47624397277832 9.66106796264648 9.70772171020508 9.6259765625 9.83161163330078 10.0989437103271 10.1578826904297 10.0505599975586 9.9094705581665
-3.4e+38 -3.4e+38 -3.4e+38 -3.4e+38 -3.4e+38 -3.4e+38 -3.4e+38 -3.4e+38 -3.4e+38 -3.4e+38 -3.4e+38 4.68926620483398 5.02773237228394 5.36832571029663 5.56440019607544 5.73102426528931 5.86358118057251 6.02895259857178 6.26630640029907 6.52614641189575 6.7617301940918 7.02153921127319 7.33231496810913 7.62869834899902 7.85513067245483 8.12438869476318 8.38979530334473 8.67052268981934 8.94028568267822 9.16102409362793 9.27764701843262 9.37963962554932 9.41661930084229 9.40111351013184 9.38235092163086 9.32644081115723 9.15108585357666 9.14581203460693 9.19913196563721 9.33309745788574 9.29629135131836 9.07443046569824 9.33587265014648 9.3259801864624 9.38174819946289 9.50372409820557 9.81498432159424 10.093469619751 10.0774383544922 9.92768478393555 9.73101711273193
-3.4e+38 -3.4e+38 -3.4e+38 -3.4e+38 -3.4e+38 -3.4e+38 -3.4e+38 -3.4e+38 -3.4e+38 -3.4e+38 -3.4e+38 4.64012765884399 5.04169845581055 5.34552097320557 5.63962411880493 5.81972408294678 6.00119066238403 6.1458101272583 6.27168226242065 6.53319025039673 6.7929744720459 6.99059104919434 7.27441072463989 7.57181644439697 7.8278636932373 8.0878791809082 8.34105396270752 8.61459445953369 8.91387844085693 9.17041110992432 9.30288505554199 9.36274337768555 9.41541290283203 9.43740272521973 9.43596839904785 9.2979907989502 9.2477912902832 9.42671203613281 9.52852535247803 9.68768501281738 9.58116626739502 9.25905227661133 9.14976501464844 9.26535701751709 9.13241577148438 9.35670280456543 9.6107816696167 9.8432092666626 9.83122158050537 9.62331581115723 9.51677322387695
-3.4e+38 -3.4e+38 -3.4e+38 -3.4e+38 -3.4e+38 -3.4e+38 -3.4e+38 -3.4e+38 -3.4e+38 -3.4e+38 -3.4e+38 4.5835599899292 5.04034471511841 5.363938331604 5.6861515045166 5.86631965637207 6.08170413970947 6.20184135437012 6.31089115142822 6.50715303421021 6.79188251495361 7.03272342681885 7.28596687316895 7.52170658111572 7.77197360992432 8.02201175689697 8.2775239944458 8.55521583557129 8.87447643280029 9.19023609161377 9.40184879302979 9.39028835296631 9.35349941253662 9.38432884216309 9.36599445343018 9.20751857757568 9.42432880401611 9.51138973236084 9.61579132080078 9.78287982940674 9.75251579284668 9.55075454711914 9.47780513763428 9.7140588760376 9.39570999145508 9.26093769073486 9.25290870666504 9.41863250732422 9.48872947692871 9.49699211120605 9.62778377532959
-3.4e+38 -3.4e+38 -3.4e+38 -3.4e+38 -3.4e+38 -3.4e+38 -3.4e+38 -3.4e+38 -3.4e+38 -3.4e+38 -3.4e+38 4.53676176071167 5.0841498374939 5.39728450775146 5.68458843231201 5.88357496261597 6.09555530548096 6.24958467483521 6.4221715927124 6.52972984313965 6.74558877944946 7.03715944290161 7.28618335723877 7.49015998840332 7.72297430038452 7.96255159378052 8.20937442779541 8.48901462554932 8.8066234588623 9.16678619384766 9.46398830413818 9.3264627456665 9.20697212219238 9.25995254516602 9.27656936645508 9.16701793670654 9.40393543243408 9.48801136016846 9.62161159515381 9.80865478515625 9.82276439666748 9.68789005279541 9.75263214111328 9.95432758331299 9.88319396972656 9.62961006164551 9.24863910675049 9.36575603485107 9.52996826171875 9.76934242248535 9.93450260162354
-3.4e+38 -3.4e+38 -3.4e+38 -3.4e+38 -3.4e+38 -3.4e+38 -3.4e+38 -3.4e+38 -3.4e+38 -3.4e+38 -3.4e+38 4.50046396255493 5.16183614730835 5.43686199188232 5.68485355377197 5.91211175918579 6.12890577316284 6.29020214080811 6.44097900390625 6.56572341918945 6.74441528320312 7.01768398284912 7.2467737197876 7.46750068664551 7.70829486846924 7.93779325485229 8.18294334411621 8.45720672607422 8.74830532073975 9.04723834991455 9.2238130569458 9.13814830780029 9.07161331176758 9.1179838180542 9.11794185638428 9.23976993560791 9.44426822662354 9.57585906982422 9.68433094024658 9.83357906341553 9.89746475219727 9.80816173553467 9.83784294128418 9.97424697875977 10.0167646408081 9.85118675231934 9.3367862701416 9.3215856552124 9.483078956604 9.66907978057861 9.78894710540771
-3.4e+38 -3.4e+38 -3.4e+38 -3.4e+38 -3.4e+38 -3.4e+38 -3.4e+38 -3.4e+38 -3.4e+38 -3.4e+38 -3.4e+38 4.49559259414673 5.17489290237427 5.4409122467041 5.67917680740356 5.90638113021851 6.12016248703003 6.26446485519409 6.43429565429688 6.61701107025146 6.79105424880981 7.06082677841187 7.26989221572876 7.48392868041992 7.72072076797485 7.95386934280396 8.20348834991455 8.4443302154541 8.6765022277832 8.84697723388672 8.88203430175781 8.91959667205811 8.94299125671387 8.97182178497314 9.03306865692139 9.21303272247314 9.49932289123535 9.68351364135742 9.81244850158691 9.90256404876709 9.93897724151611 9.90254878997803 9.95335388183594 10.0060338973999 9.908278465271 9.77996826171875 9.64640522003174 9.61716079711914 9.58118438720703 9.46704292297363 9.41949367523193
-3.4e+38 -3.4e+38 -3.4e+38 -3.4e+38 -3.4e+38 -3.4e+38 -3.4e+38 -3.4e+38 -3.4e+38 -3.4e+38 -3.4e+38 4.55132436752319 5.14828109741211 5.39193868637085 5.70534515380859 5.92204523086548 6.12115669250488 6.28131341934204 6.46774768829346 6.71017980575562 6.86682939529419 7.11726093292236 7.35463857650757 7.58536815643311 7.80737638473511 8.01814365386963 8.2517786026001 8.44424629211426 8.60538578033447 8.65166091918945 8.66562175750732 8.75733280181885 8.87477779388428 8.99896240234375 9.14358520507812 9.23239803314209 9.47729873657227 9.70369338989258 9.86497688293457 9.95918464660645 9.97366333007812 10.0004358291626 10.0766611099243 10.098837852478 10.0105209350586 10.0861434936523 10.1773777008057 10.1979026794434 10.0730485916138 9.7560338973999 9.44125843048096
-3.4e+38 -3.4e+38 -3.4e+38 -3.4e+38 -3.4e+38 -3.4e+38 -3.4e+38 -3.4e+38 -3.4e+38 -3.4e+38 -3.4e+38 4.61879920959473 5.20097541809082 5.44827604293823 5.70245361328125 5.91415739059448 6.13196706771851 6.30318975448608 6.52273178100586 6.77285671234131 6.96922206878662 7.17508983612061 7.4224328994751 7.6868143081665 7.93389177322388 8.13099384307861 8.33643817901611 8.44084358215332 8.55119037628174 8.62881374359131 8.67859363555908 8.79591846466064 8.95626640319824 9.09619426727295 9.23039531707764 9.27215957641602 9.47999000549316 9.70718765258789 9.86260414123535 9.9562349319458 10.03249168396 10.1295051574707 10.2070655822754 10.2179307937622 10.1728553771973 10.214093208313 10.3082256317139 10.3488855361938 10.1990671157837 9.96005535125732 9.58657836914062
-3.4e+38 -3.4e+38 -3.4e+38 -3.4e+38 -3.4e+38 -3.4e+38 -3.4e+38 -3.4e+38 -3.4e+38 -3.4e+38 -3.4e+38 4.72940158843994 5.42392921447754 5.57819318771362 5.75286626815796 5.95772171020508 6.12594985961914 6.300537109375 6.53820085525513 6.81283187866211 7.05715417861938 7.27470207214355 7.54120445251465 7.83660650253296 8.07811737060547 8.26853466033936 8.43104076385498 8.49630165100098 8.57136058807373 8.66502285003662 8.75084972381592 8.87699794769287 9.01853179931641 9.1435661315918 9.22517204284668 9.30599117279053 9.54848575592041 9.6906042098999 9.82249355316162 9.95803070068359 10.1011171340942 10.2079038619995 10.2792901992798 10.2782888412476 10.242299079895 10.2041320800781 10.2278528213501 10.2625722885132 10.1656703948975 10.0147256851196 9.658371925354
