R_scripts/int_process_data/Bio_18_2001.2020.asc
NCOLS 281 
NROWS 577 
XLLCORNER 81175.2677831308 
YLLCORNER -911.770678700996 
CELLSIZE 1000 
NODATA_value -3.4e+38 
[rows 504 to 524 of 577, columns 48 to 95 of 281]
-3.4e+38 -3.4e+38 -3.4e+38 -3.4e+38 -3.4e+38 -3.4e+38 -3.4e+38 -3.4e+38 -3.4e+38 -3.4e+38 3.96182864292882e-09 3.86489462655959e-09 3.77834341591665e-09 3.71169850410524e-09 3.64353325288391e-09 3.58567264768794e-09 3.53958418131128e-09 3.53018769772007e-09 3.5397651476643e-09 3.5724967428763e-09 3.55105722604776e-09 3.53062956648387e-09 3.56596019379651e-09 3.56026630399242e-09 3.58292262525595e-09 3.59191920651369e-09 3.52936058156672e-09 3.52254803104302e-09 3.56890006436572e-09 3.57751006596629e-09 3.54866180884983e-09 3.52483198184927e-09 3.49855899806073e-09 3.47560646929423e-09 3.45124617773251e-09 3.44045547606697e-09 3.44155393072754e-09 3.41242656354268e-09 3.40732930759202e-09 3.43171890904159e-09 3.41073480569776e-09 3.38146999290245e-09 3.34816419034212e-09 3.30567462292208e-09 3.24751536773249e-09 3.19808557414092e-09 3.19852899721695e-09 3.1332256789085e-09
-3.4e+38 -3.4e+38 -3.4e+38 -3.4e+38 -3.4e+38 -3.4e+38 -3.4e+38 -3.4e+38 -3.4e+38 -3.4e+38 3.96096266896961e-09 3.86097864790713e-09 3.78326658889705e-09 3.70768371560359e-09 3.63125063351788e-09 3.57346219281851e-09 3.53922557927433e-09 3.54499318788726e-09 3.55093399129203e-09 3.55468610102605e-09 3.55350637804008e-09 3.53770257532915e-09 3.52355211674649e-09 3.48683859563437e-09 3.53014839582499e-09 3.60474405880495e-09 3.57325546929133e-09 3.57947804729974e-09 3.58755647411613e-09 3.55414897512674e-09 3.51782092344877e-09 3.51198758963278e-09 3.47672957090595e-09 3.4322240605178e-09 3.4393026204782e-09 3.47233575226369e-09 3.46925155270128e-09 3.43109496370175e-09 3.42945272180373e-09 3.45297301862502e-09 3.43041040018477e-09 3.39269790039509e-09 3.34911853805409e-09 3.3112748099029e-09 3.26991878019101e-09 3.22421001008877e-09 3.2151672435532e-09 3.15717540999572e-09
-3.4e+38 -3.4e+38 -3.4e+38 -3.4e+38 -3.4e+38 -3.4e+38 -3.4e+38 -3.4e+38 -3.4e+38 -3.4e+38 3.97496613402382e-09 3.87074905461304e-09 3.77973385923269e-09 3.70873776134317e-09 3.63316288165549e-09 3.57116158866688e-09 3.53606033343112e-09 3.53995566193532e-09 3.52996543107054e-09 3.53337537006837e-09 3.54302587268762e-09 3.52575191264748e-09 3.50278739347232e-09 3.47189632599054e-09 3.49828743750891e-09 3.57930085570501e-09 3.62128926845173e-09 3.61244456570375e-09 3.58782781262335e-09 3.56335672080377e-09 3.53192852742268e-09 3.50078299682366e-09 3.46419515295793e-09 3.41301475970113e-09 3.42969674882454e-09 3.49495321572135e-09 3.49163187252088e-09 3.45059314454943e-09 3.45017103775547e-09 3.47299211611585e-09 3.43599459995403e-09 3.39111005942527e-09 3.37111982773308e-09 3.3519413911165e-09 3.32042349171502e-09 3.26699534092256e-09 3.20231152706185e-09 3.16728310245651e-09
-3.4e+38 -3.4e+38 -3.4e+38 -3.4e+38 -3.4e+38 -3.4e+38 -3.4e+38 -3.4e+38 -3.4e+38 -3.4e+38 3.98626154307635e-09 3.89954868396103e-09 3.77687037200758e-09 3.70639874347489e-09 3.63773811073997e-09 3.569823325833e-09 3.52250051349756e-09 3.52187390362246e-09 3.51692430733408e-09 3.52362539146611e-09 3.52747142606802e-09 3.50503581714179e-09 3.48052342502569e-09 3.45810247104339e-09 3.46960637997995e-09 3.5514782226187e-09 3.61001428750285e-09 3.6285510152112e-09 3.62221364014204e-09 3.61679797222791e-09 3.59167295904683e-09 3.53115758855438e-09 3.46514927862529e-09 3.44004158492339e-09 3.4888014699419e-09 3.52062001773845e-09 3.49179907210839e-09 3.46049322530462e-09 3.46690498531643e-09 3.49370510299707e-09 3.4556142392006e-09 3.41194783537446e-09 3.40689010336348e-09 3.40312289459632e-09 3.32879457332069e-09 3.24365156956219e-09 3.1873184092035e-09 3.18852766412192e-09
-3.4e+38 -3.4e+38 -3.4e+38 -3.4e+38 -3.4e+38 -3.4e+38 -3.4e+38 -3.4e+38 -3.4e+38 -3.4e+38 -3.4e+38 3.91339405325652e-09 3.80069709038366e-09 3.70241526326254e-09 3.63618002374722e-09 3.56269880263937e-09 3.50590401154705e-09 3.49975448621365e-09 3.50656415015749e-09 3.51981110924271e-09 3.51607587489866e-09 3.48203355038379e-09 3.45425754666451e-09 3.44039285948838e-09 3.47832629365996e-09 3.5454277291791e-09 3.57777962811667e-09 3.61890917233154e-09 3.62784891017043e-09 3.64408636599478e-09 3.61530538839361e-09 3.55195872714376e-09 3.49864470727823e-09 3.4941483040285e-09 3.53863116586695e-09 3.52365248090791e-09 3.48881146194913e-09 3.48775142100521e-09 3.48708595332425e-09 3.50834983287029e-09 3.48461792754051e-09 3.45121686784466e-09 3.44305561839064e-09 3.42566930378041e-09 3.32833782756836e-09 3.25257465405571e-09 3.21385718038414e-09 3.21055559915351e-09
-3.4e+38 -3.4e+38 -3.4e+38 -3.4e+38 -3.4e+38 -3.4e+38 -3.4e+38 -3.4e+38 -3.4e+38 -3.4e+38 -3.4e+38 3.93199695025714e-09 3.83749387822263e-09 3.72058051034685e-09 3.63930330316009e-09 3.55701601506553e-09 3.49146933587008e-09 3.47232975705936e-09 3.48557471774313e-09 3.50768369905552e-09 3.49861228876591e-09 3.45667694467977e-09 3.42020367583018e-09 3.43711104022759e-09 3.50670936732911e-09 3.54777274225171e-09 3.58113139142802e-09 3.61620910993565e-09 3.63342511633391e-09 3.63806673675526e-09 3.64064378644002e-09 3.59565999197287e-09 3.54861606766121e-09 3.54407037050919e-09 3.55865670265132e-09 3.53626505855686e-09 3.5090310657182e-09 3.51340911919351e-09 3.50059181641882e-09 3.51323925507074e-09 3.51419870980862e-09 3.48517437132045e-09 3.47314355053641e-09 3.42715922307946e-09 3.3450571201854e-09 3.27617755147003e-09 3.24797455597547e-09 3.23022253390093e-09
-3.4e+38 -3.4e+38 -3.4e+38 -3.4e+38 -3.4e+38 -3.4e+38 -3.4e+38 -3.4e+38 -3.4e+38 -3.4e+38 -3.4e+38 -3.4e+38 3.85291265558863e-09 3.74350195286866e-09 3.65079078079589e-09 3.56155394065638e-09 3.4844012120061e-09 3.45031070381197e-09 3.45986750360794e-09 3.48943429706594e-09 3.46391937355861e-09 3.41994832453452e-09 3.40309136426242e-09 3.45590844830213e-09 3.5235439010961e-09 3.56479823437894e-09 3.60038376889804e-09 3.60509688768218e-09 3.61218455147139e-09 3.61096841317021e-09 3.64467500624244e-09 3.6269416359147e-09 3.58645713127714e-09 3.5724878610921e-09 3.58012774981376e-09 3.55354856651502e-09 3.537109716234e-09 3.52850704210539e-09 3.51244455742972e-09 3.52468054742872e-09 3.53261198071664e-09 3.49292084145247e-09 3.45867690043633e-09 3.39847683328287e-09 3.35432703835181e-09 3.30928862091184e-09 3.2718210363214e-09 3.25178617366362e-09
-3.4e+38 -3.4e+38 -3.4e+38 -3.4e+38 -3.4e+38 -3.4e+38 -3.4e+38 -3.4e+38 -3.4e+38 -3.4e+38 -3.4e+38 -3.4e+38 3.87030851811687e-09 3.74945896552958e-09 3.65152130754609e-09 3.56557872116525e-09 3.48362649837952e-09 3.43646910927475e-09 3.43780448552877e-09 3.45355588571294e-09 3.42188011259736e-09 3.39298633633689e-09 3.41649175616965e-09 3.48923379078769e-09 3.54874574171049e-09 3.57808360718082e-09 3.58083696028189e-09 3.57683038743062e-09 3.593583208783e-09 3.59383434123117e-09 3.6585821039381e-09 3.65607855101757e-09 3.62029672906772e-09 3.59572305264066e-09 3.59535912153319e-09 3.56873064433216e-09 3.56308182958287e-09 3.55167117938038e-09 3.54373486111115e-09 3.55405394003583e-09 3.54627527343609e-09 3.50152684625016e-09 3.44081962921905e-09 3.4066973686464e-09 3.37840155850699e-09 3.3430058721251e-09 3.29947957844468e-09 3.27477489570072e-09
-3.4e+38 -3.4e+38 -3.4e+38 -3.4e+38 -3.4e+38 -3.4e+38 -3.4e+38 -3.4e+38 -3.4e+38 -3.4e+38 -3.4e+38 -3.4e+38 -3.4e+38 3.76775899368909e-09 3.65182084571813e-09 3.56821772129479e-09 3.4878817611883e-09 3.4356688605186e-09 3.42302342026812e-09 3.4101372836659e-09 3.3759672835032e-09 3.38402617039435e-09 3.45264394852052e-09 3.52269657888371e-09 3.56261731226937e-09 3.5683402899167e-09 3.56889517938441e-09 3.58150975543481e-09 3.57285667718088e-09 3.57070017997785e-09 3.63700780603438e-09 3.67034624915163e-09 3.6514991030856e-09 3.63248631174429e-09 3.60853102954195e-09 3.58934237887354e-09 3.57486551472164e-09 3.56477047880333e-09 3.57801721584394e-09 3.57253138183466e-09 3.54390028434182e-09 3.49996609472214e-09 3.44970008114842e-09 3.44715744837742e-09 3.41326411579246e-09 3.3740512606073e-09 3.33408678443448e-09 3.31054650359874e-09
-3.4e+38 -3.4e+38 -3.4e+38 -3.4e+38 -3.4e+38 -3.4e+38 -3.4e+38 -3.4e+38 -3.4e+38 -3.4e+38 -3.4e+38 -3.4e+38 3.91024412849106e-09 3.7878855607687e-09 3.65976626781617e-09 3.56851659333302e-09 3.48499940017177e-09 3.43167805283429e-09 3.40253536457169e-09 3.36719563343024e-09 3.3485239026021e-09 3.39544992122853e-09 3.46369155579396e-09 3.52074236431577e-09 3.55989238087773e-09 3.5638858530973e-09 3.583700447507e-09 3.56134099988026e-09 3.51949647203753e-09 3.54704488003676e-09 3.60540997057512e-09 3.65958330306171e-09 3.67467167805557e-09 3.66720098732287e-09 3.61939966886382e-09 3.59405349925623e-09 3.57998608535581e-09 3.58338381190038e-09 3.61231400347606e-09 3.58023721780398e-09 3.55459128797975e-09 3.52543327863941e-09 3.45528761158675e-09 3.46270701001572e-09 3.43841621841534e-09 3.40378369934058e-09 3.38568950652984e-09 3.37239036696246e-09
-3.4e+38 -3.4e+38 -3.4e+38 -3.4e+38 -3.4e+38 -3.4e+38 -3.4e+38 -3.4e+38 -3.4e+38 -3.4e+38 -3.4e+38 -3.4e+38 3.91086141249275e-09 3.77814002305854e-09 3.65957730785738e-09 3.55776830218701e-09 3.46837847331471e-09 3.41238637346919e-09 3.36483529927989e-09 3.33307981215114e-09 3.37860583954352e-09 3.40855432767739e-09 3.41790129532171e-09 3.46643180826334e-09 3.53205464875828e-09 3.55924045791767e-09 3.56072327178936e-09 3.54002160918299e-09 3.49859008430542e-09 3.5244858143102e-09 3.59290863727324e-09 3.63939633984955e-09 3.66631947024132e-09 3.67081232077737e-09 3.64082120007936e-09 3.60791729825394e-09 3.62167607015351e-09 3.64348440307083e-09 3.63967012084743e-09 3.59926199955396e-09 3.59725094156715e-09 3.57510510085035e-09 3.50742923593828e-09 3.48155082541268e-09 3.45825368341934e-09 3.43767236898884e-09 3.42072192793808e-09 3.40637873463834e-09
-3.4e+38 -3.4e+38 -3.4e+38 -3.4e+38 -3.4e+38 -3.4e+38 -3.4e+38 -3.4e+38 -3.4e+38 -3.4e+38 -3.4e+38 -3.4e+38 3.92124555048667e-09 3.7713978606746e-09 3.6580769524619e-09 3.55698892562373e-09 3.4605960319567e-09 3.39871131238567e-09 3.33062910584658e-09 3.31026095423681e-09 3.38513173048227e-09 3.38540639965856e-09 3.377238710911e-09 3.41462724762209e-09 3.48583140130643e-09 3.55299034637824e-09 3.55768148274649e-09 3.53627904736697e-09 3.49803253030245e-09 3.50911877333715e-09 3.58349216966758e-09 3.64107899386568e-09 3.65451402473127e-09 3.66425201292486e-09 3.67685393243278e-09 3.6697045402434e-09 3.67010155599701e-09 3.67844599225009e-09 3.6691816251988e-09 3.64128549534826e-09 3.6172211892449e-09 3.57959284436049e-09 3.56380169819204e-09 3.51377971163913e-09 3.46983264343237e-09 3.45842599003277e-09 3.44394357476574e-09 3.42214923065853e-09
-3.4e+38 -3.4e+38 -3.4e+38 -3.4e+38 -3.4e+38 -3.4e+38 -3.4e+38 -3.4e+38 -3.4e+38 -3.4e+38 -3.4e+38 -3.4e+38 3.91798149479428e-09 3.78573128401172e-09 3.66744035140698e-09 3.55845841681912e-09 3.45102790788587e-09 3.37252470394844e-09 3.31178018342371e-09 3.30032245976497e-09 3.33909278005251e-09 3.34430194648405e-09 3.34080030306438e-09 3.36087424557263e-09 3.4208402777125e-09 3.51674644960553e-09 3.52438833672863e-09 3.51543572030266e-09 3.5085123695211e-09 3.53695095434148e-09 3.59471363786668e-09 3.61037999496716e-09 3.59779783742908e-09 3.61817331651082e-09 3.65048280492886e-09 3.64981955769395e-09 3.64171448552497e-09 3.62856411584289e-09 3.64740126990171e-09 3.6429015359829e-09 3.61292507022881e-09 3.55907681104384e-09 3.53152529442013e-09 3.48563933272317e-09 3.43077743991671e-09 3.42098704919636e-09 3.40797901010603e-09 3.41178929552655e-09
-3.4e+38 -3.4e+38 -3.4e+38 -3.4e+38 -3.4e+38 -3.4e+38 -3.4e+38 -3.4e+38 -3.4e+38 -3.4e+38 -3.4e+38 4.01711108821701e-09 3.90383103621161e-09 3.76002651236718e-09 3.64952046361111e-09 3.52711571061093e-09 3.40408989885077e-09 3.32533311997452e-09 3.29449112435043e-09 3.27348281814466e-09 3.27018989665362e-09 3.29192118009303e-09 3.29485105865501e-09 3.30136917803259e-09 3.34809402424696e-09 3.41330297359832e-09 3.46938078266135e-09 3.45938211410157e-09 3.47838513548027e-09 3.5432863310092e-09 3.56015950053745e-09 3.5410185894591e-09 3.51420337274533e-09 3.56159124415001e-09 3.59495100354934e-09 3.5797962372186e-09 3.58545992895642e-09 3.56535512224809e-09 3.59377150260798e-09 3.61254248737453e-09 3.59752561074345e-09 3.55356788439565e-09 3.50395179538054e-09 3.4546856486628e-09 3.39517258751698e-09 3.35271166385098e-09 3.33747096625814e-09 3.36533201306111e-09
-3.4e+38 -3.4e+38 -3.4e+38 -3.4e+38 -3.4e+38 -3.4e+38 -3.4e+38 -3.4e+38 -3.4e+38 -3.4e+38 -3.4e+38 3.99615451840418e-09 3.8824015113903e-09 3.72906594492406e-09 3.61593444075936e-09 3.4797751347071e-09 3.35715166777106e-09 3.2878850753093e-09 3.24621374225842e-09 3.21314108653326e-09 3.22983395584231e-09 3.25658588984368e-09 3.24172910737275e-09 3.24758953063053e-09 3.25715387994308e-09 3.28550786576898e-09 3.37884720202908e-09 3.401692705296e-09 3.41729933239776e-09 3.48702799968237e-09 3.50236639690138e-09 3.47219919483166e-09 3.44492567805332e-09 3.50310780383722e-09 3.53509377326588e-09 3.50554074657339e-09 3.53519791218559e-09 3.51763440598063e-09 3.55491969195043e-09 3.57601281919528e-09 3.53683948794981e-09 3.50186568631727e-09 3.46414785745708e-09 3.41418404659066e-09 3.37487082724408e-09 3.31916405471588e-09 3.28132432336758e-09 3.30075877741365e-09
-3.4e+38 -3.4e+38 -3.4e+38 -3.4e+38 -3.4e+38 -3.4e+38 -3.4e+38 -3.4e+38 -3.4e+38 -3.4e+38 -3.4e+38 3.9767056314588e-09 3.85220655374496e-09 3.70667496696342e-09 3.58531049293731e-09 3.4481888455673e-09 3.33940297636559e-09 3.28453531039941e-09 3.24258397910171e-09 3.21855164742146e-09 3.22271054287171e-09 3.23124993428792e-09 3.20210458149006e-09 3.19157189565544e-09 3.18230841678258e-09 3.1965925462174e-09 3.25211080287602e-09 3.33424909904068e-09 3.37760441837531e-09 3.42151595944529e-09 3.46245410121071e-09 3.44220696391062e-09 3.39591843534492e-09 3.44493056303463e-09 3.48484530121596e-09 3.45781514532462e-09 3.47308204418084e-09 3.48573681030473e-09 3.5092970751549e-09 3.52636764233694e-09 3.49083384421078e-09 3.44733441792755e-09 3.42584560719672e-09 3.39289862871794e-09 3.33749783365533e-09 3.29274807420177e-09 3.24532445361569e-09 3.23627680209881e-09
-3.4e+38 -3.4e+38 -3.4e+38 -3.4e+38 -3.4e+38 -3.4e+38 -3.4e+38 -3.4e+38 -3.4e+38 -3.4e+38 -3.4e+38 3.96418498027629e-09 3.84175713463719e-09 3.68164210229338e-09 3.5518661345435e-09 3.42818773368947e-09 3.3394351728333e-09 3.29557248157641e-09 3.29438587520769e-09 3.25387938815425e-09 3.23221915898841e-09 3.20572324241652e-09 3.16243009557127e-09 3.13828718567777e-09 3.09806313936178e-09 3.09442960144679e-09 3.1172882053454e-09 3.20014392762857e-09 3.31022254052016e-09 3.3644076413708e-09 3.39669337101611e-09 3.39783956526674e-09 3.3546421196462e-09 3.39067263155357e-09 3.42949824094774e-09 3.3948219790858e-09 3.39828210016435e-09 3.4431570927751e-09 3.45839801241254e-09 3.47875150907839e-09 3.46248230087554e-09 3.39934569382194e-09 3.34983485394957e-09 3.35874417167759e-09 3.31128124919644e-09 3.27251847842547e-09 3.22838555888438e-09 3.18364135054594e-09
-3.4e+38 -3.4e+38 -3.4e+38 -3.4e+38 -3.4e+38 -3.4e+38 -3.4e+38 -3.4e+38 -3.4e+38 -3.4e+38 -3.4e+38 3.94761912048125e-09 3.8100673727115e-09 3.64580232670164e-09 3.51531181941311e-09 3.40891181949132e-09 3.35422201125368e-09 3.33770988625304e-09 3.3005627120275e-09 3.20919468776992e-09 3.19341997290223e-09 3.15312198573281e-09 3.07399838916922e-09 3.0427493857843e-09 3.0219784452612e-09 3.00360114557918e-09 2.96633051455331e-09 2.97143554206514e-09 3.14480508301074e-09 3.28344818001369e-09 3.33064908986103e-09 3.33576255506784e-09 3.32235261524261e-09 3.35616090474389e-09 3.35556449293506e-09 3.34002736579464e-09 3.33417937703473e-09 3.37792016580352e-09 3.40986239244501e-09 3.42550587895118e-09 3.40839156898198e-09 3.37664718408348e-09 3.32129523883395e-09 3.30500626866126e-09 3.284354566091e-09 3.25220650410074e-09 3.20655502150657e-09 3.15934745032109e-09
-3.4e+38 -3.4e+38 -3.4e+38 -3.4e+38 -3.4e+38 -3.4e+38 -3.4e+38 -3.4e+38 -3.4e+38 -3.4e+38 -3.4e+38 3.92189880571436e-09 3.79588227517047e-09 3.64215879677943e-09 3.51691298305923e-09 3.42168493538964e-09 3.39303118934708e-09 3.35384275906847e-09 3.27413229861406e-09 3.21633208955063e-09 3.20163140443697e-09 3.12871284435801e-09 3.03535885315398e-09 2.95847013553896e-09 2.92787527556015e-09 2.92111734800926e-09 2.92636626042508e-09 2.84261525429486e-09 2.89290391641828e-09 3.10535930303502e-09 3.23516746725261e-09 3.26447424647824e-09 3.28065929977583e-09 3.3015048472862e-09 3.27709748226823e-09 3.28025118179198e-09 3.29238236673746e-09 3.33280936182234e-09 3.36157857105945e-09 3.37524186377891e-09 3.33982685951639e-09 3.32252336754379e-09 3.32415273085473e-09 3.27293436797049e-09 3.22120263795966e-09 3.20620330285237e-09 3.18716275593545e-09 3.15061621236623e-09
-3.4e+38 -3.4e+38 -3.4e+38 -3.4e+38 -3.4e+38 -3.4e+38 -3.4e+38 -3.4e+38 -3.4e+38 -3.4e+38 -3.4e+38 3.89068510742163e-09 3.75034137078956e-09 3.64325014601263e-09 3.53697737764946e-09 3.45253092781661e-09 3.38107186692582e-09 3.26732663147311e-09 3.19093329537168e-09 3.14561998671081e-09 3.09737102632823e-09 3.03129654710688e-09 2.98528357589589e-09 2.92252821942895e-09 2.86855805775588e-09 2.91934587615117e-09 2.96104718522372e-09 2.8875128954553e-09 2.81076695252125e-09 2.86558932138803e-09 3.02650149386352e-09 3.1562097380089e-09 3.21907700495672e-09 3.24241300475592e-09 3.21555648774563e-09 3.21935678115892e-09 3.24265059248319e-09 3.27810023570407e-09 3.29180949165675e-09 3.30360827582865e-09 3.28346994038498e-09 3.25415050461686e-09 3.27942362154943e-09 3.24983884247843e-09 3.19894932765408e-09 3.14719050820145e-09 3.12242542932495e-09 3.10602543684979e-09
-3.4e+38 -3.4e+38 -3.4e+38 -3.4e+38 -3.4e+38 -3.4e+38 -3.4e+38 -3.4e+38 -3.4e+38 -3.4e+38 -3.4e+38 3.84953491305851e-09 3.66654262506927e-09 3.54488061127256e-09 3.43532891022846e-09 3.38334360527881e-09 3.33633254356869e-09 3.22758642035126e-09 3.11181258538795e-09 3.01440716832246e-09 2.96186630777129e-09 2.90942780978298e-09 2.85950130241019e-09 2.83245404908428e-09 2.84028933705827e-09 2.96168267688302e-09 2.95432300845277e-09 2.89936630260001e-09 2.8328697165847e-09 2.77920042535129e-09 2.78220535498974e-09 2.9495272890756e-09 3.10190872987448e-09 3.16894532836898e-09 3.14939074819165e-09 3.15560977348639e-09 3.18927795284196e-09 3.2315377040959e-09 3.21480309040112e-09 3.22021298515551e-09 3.2261051607918e-09 3.21564042060629e-09 3.22363158389294e-09 3.1802132038905e-09 3.15782422433131e-09 3.1095919172941e-09 3.06183323139919e-09 3.032510464962e-09
