R_scripts/int_process_data/Bio_18.asc
NCOLS 281 
NROWS 576 
XLLCORNER 81175.2677831308 
YLLCORNER 88.2293212990044 
CELLSIZE 1000 
NODATA_value -3.4e+38 
[rows 230 to 252 of 576, columns 52 to 103 of 281]
-3.4e+38 -3.4e+38 -3.4e+38 1.72372162342072 1.73036885261536 1.82332992553711 1.8314266204834 1.84258222579956 1.86008059978485 1.87422728538513 1.8855242729187 1.89431810379028 1.90273439884186 1.90273439884186 1.90273439884186 1.90273439884186 1.90273439884186 1.90615928173065 1.92482590675354 1.94349265098572 1.9621593952179 1.98082602024078 1.99949276447296 2.01815938949585 2.03682613372803 2.05549287796021 2.07415962219238 2.09277892112732 2.11113214492798 2.12948513031006 2.14783835411072 2.1661913394928 2.18454432487488 2.20289754867554 2.22125053405762 2.23960375785828 2.25795674324036 2.27608942985535 2.29256701469421 2.30904483795166 2.32552242279053 2.34200000762939 2.35847783088684 2.37495541572571 2.39143323898315 2.40791082382202 2.42438840866089 2.44087529182434 2.45746088027954 2.47404646873474 2.49063229560852 2.50721788406372
-3.4e+38 -3.4e+38 -3.4e+38 1.71632754802704 1.72262012958527 1.81517601013184 1.82367610931396 1.83559906482697 1.85465276241302 1.8701434135437 1.8825957775116 1.89235997200012 1.90175688266754 1.90175688266754 1.90175688266754 1.90175688266754 1.90175688266754 1.90528786182404 1.92453241348267 1.9437769651413 1.96302151679993 1.98226606845856 2.00151062011719 2.02075529098511 2.03999972343445 2.05924439430237 2.07848882675171 2.09765839576721 2.11640477180481 2.13515090942383 2.15389728546143 2.17264366149902 2.19138979911804 2.21013617515564 2.22888231277466 2.24762868881226 2.26637482643127 2.28486466407776 2.30142998695374 2.31799507141113 2.33456015586853 2.35112547874451 2.3676905632019 2.3842556476593 2.40082097053528 2.41738605499268 2.43395113945007 2.45052146911621 2.46714520454407 2.48376893997192 2.50039267539978 2.51701641082764
-3.4e+38 -3.4e+38 1.70345485210419 1.70841324329376 1.71427154541016 1.72129905223846 1.73307061195374 1.82370829582214 1.84442269802094 1.86134588718414 1.8750833272934 1.88631522655487 1.90077936649323 1.90077936649323 1.90077936649323 1.90077936649323 1.90077936649323 1.90441632270813 1.9242388010025 1.94406127929688 1.96388363838196 1.98370611667633 2.0035285949707 2.02335095405579 2.04317355155945 2.06299591064453 2.08281826972961 2.1025378704071 2.12167739868164 2.14081692695618 2.15995645523071 2.17909574508667 2.19823527336121 2.21737480163574 2.2365140914917 2.25565361976624 2.27479314804077 2.29364013671875 2.31029272079468 2.32694554328918 2.34359812736511 2.36025071144104 2.37690329551697 2.39355611801147 2.4102087020874 2.42686128616333 2.44351410865784 2.4601674079895 2.47682929039001 2.49349117279053 2.51015305519104 2.52681493759155
-3.4e+38 -3.4e+38 1.69341897964478 1.69772005081177 1.70283830165863 1.70903146266937 1.72003901004791 1.7460606098175 1.82562160491943 1.84375762939453 1.85846078395844 1.87074148654938 1.88976192474365 1.89291834831238 1.89525103569031 1.89704501628876 1.89846777915955 1.90312230587006 1.92325735092163 1.94339227676392 1.96352732181549 1.98366224765778 2.00379729270935 2.02393221855164 2.04406714439392 2.06420230865479 2.08433723449707 2.1043484210968 2.12366151809692 2.14297485351562 2.16228795051575 2.18160104751587 2.20091414451599 2.22022724151611 2.23954033851624 2.25885343551636 2.27816653251648 2.29716348648071 2.31378817558289 2.33041262626648 2.34703731536865 2.36366176605225 2.38028645515442 2.39691090583801 2.41353559494019 2.43016004562378 2.44678473472595 2.4634063243866 2.47999596595764 2.49658536911011 2.51317501068115 2.5297646522522
-3.4e+38 -3.4e+38 1.68170094490051 1.68513226509094 1.68924784660339 1.69427490234375 1.70410287380219 1.72963213920593 1.76388239860535 1.82287228107452 1.83838438987732 1.85084784030914 1.86812019348145 1.87719750404358 1.88423025608063 1.88983952999115 1.89441764354706 1.90126156806946 1.92135322093964 1.94144487380981 1.96153652667999 1.98162817955017 2.00171995162964 2.02181148529053 2.04190325737 2.06199479103088 2.08208656311035 2.10204267501831 2.12123513221741 2.14042735099792 2.15961956977844 2.17881202697754 2.19800424575806 2.21719670295715 2.23638892173767 2.25558114051819 2.27477359771729 2.29364252090454 2.31008386611938 2.32652544975281 2.34296703338623 2.35940837860107 2.3758499622345 2.39229154586792 2.40873312950134 2.42517447471619 2.44161605834961 2.45805144309998 2.47442054748535 2.49078989028931 2.50715899467468 2.52352833747864
-3.4e+38 1.68982326984406 1.67131912708282 1.67392516136169 1.67707765102386 1.68096852302551 1.68962860107422 1.71473729610443 1.74939739704132 1.80355370044708 1.82049155235291 1.83366429805756 1.84973466396332 1.86315166950226 1.87399303913116 1.88293540477753 1.89043748378754 1.89940083026886 1.91944909095764 1.93949747085571 1.95954573154449 1.97959411144257 1.99964237213135 2.01969075202942 2.03973913192749 2.05978727340698 2.07983565330505 2.09973692893982 2.11880850791931 2.1378800868988 2.15695142745972 2.17602300643921 2.1950945854187 2.21416592597961 2.23323750495911 2.2523090839386 2.27138066291809 2.29012131690979 2.30637979507446 2.32263827323914 2.33889675140381 2.35515522956848 2.37141346931458 2.38767194747925 2.40393042564392 2.42018890380859 2.43644738197327 2.45269656181335 2.46884536743164 2.48499417304993 2.50114321708679 2.51729202270508
-3.4e+38 1.67596185207367 1.6620020866394 1.66380703449249 1.66601049900055 1.66876125335693 1.67616438865662 1.70070552825928 1.73609125614166 1.76648163795471 1.80365431308746 1.81841433048248 1.8339216709137 1.85052692890167 1.8644585609436 1.87631416320801 1.88652563095093 1.89754009246826 1.91754508018494 1.93755006790161 1.95755505561829 1.97756004333496 1.99756503105164 2.01757001876831 2.03757500648499 2.05757999420166 2.07758498191833 2.09743118286133 2.11638188362122 2.1353325843811 2.15428328514099 2.17323398590088 2.19218468666077 2.21113538742065 2.23008608818054 2.24903678894043 2.26798748970032 2.28660011291504 2.30267548561096 2.31875109672546 2.33482646942139 2.35090184211731 2.36697721481323 2.38305258750916 2.39912796020508 2.415203332901 2.43127870559692 2.44734168052673 2.46327018737793 2.47919869422913 2.49512720108032 2.51105570793152
-3.4e+38 1.66393876075745 1.65360927581787 1.65462720394135 1.65588223934174 1.65746808052063 1.66317570209503 1.68596124649048 1.72255921363831 1.753941655159 1.7809818983078 1.80399882793427 1.8201767206192 1.83911788463593 1.85555696487427 1.86995887756348 1.88268029689789 1.89567923545837 1.91564095020294 1.93560254573822 1.95556426048279 1.97552585601807 1.99548757076263 2.0154492855072 2.03541088104248 2.05537247657776 2.07533407211304 2.09512543678284 2.11395525932312 2.13278532028198 2.15161514282227 2.17044496536255 2.18927502632141 2.20810484886169 2.22693467140198 2.24576473236084 2.26459455490112 2.28307914733887 2.29897141456604 2.31486368179321 2.33075594902039 2.34664845466614 2.36254072189331 2.37843298912048 2.39432525634766 2.41021776199341 2.42611002922058 2.44198679924011 2.45769500732422 2.47340297698975 2.48911118507385 2.50481939315796
1.64385199546814 1.64385199546814 1.64385199546814 1.64385199546814 1.64385199546814 1.64385199546814 1.64385199546814 1.65349793434143 1.6939092874527 1.72856330871582 1.75860869884491 1.78490734100342 1.80811905860901 1.82875716686249 1.84722709655762 1.86385369300842 1.87889969348907 1.89381849765778 1.91373682022095 1.93365514278412 1.95357346534729 1.97349178791046 1.99341011047363 2.01332855224609 2.03324675559998 2.05316519737244 2.07308340072632 2.09281969070435 2.1115288734436 2.13023781776428 2.14894700050354 2.1676561832428 2.18636512756348 2.20507431030273 2.22378349304199 2.24249243736267 2.26120162010193 2.27955794334412 2.29526734352112 2.31097650527954 2.32668566703796 2.34239506721497 2.35810422897339 2.37381362915039 2.38952279090881 2.40523195266724 2.42094135284424 2.43663191795349 2.45211958885193 2.46760749816895 2.48309516906738 2.4985830783844
1.64385199546814 1.64385199546814 1.64385199546814 1.64385199546814 1.64385199546814 1.64385199546814 1.64385199546814 1.65198540687561 1.68717265129089 1.71885859966278 1.74754106998444 1.77362775802612 1.79745578765869 1.81930637359619 1.83941578865051 1.8579843044281 1.87518227100372 1.89195775985718 1.91183269023895 1.93170773983002 1.95158267021179 1.97145771980286 1.99133265018463 2.01120758056641 2.03108263015747 2.05095767974854 2.0708327293396 2.09051394462585 2.10910224914551 2.12769055366516 2.14627885818481 2.16486716270447 2.18345546722412 2.20204377174377 2.22063207626343 2.23922038078308 2.25780868530273 2.27603697776794 2.29156303405762 2.30708932876587 2.32261538505554 2.33814167976379 2.35366797447205 2.36919403076172 2.38472032546997 2.40024638175964 2.4157726764679 2.43127703666687 2.44654440879822 2.46181178092957 2.47707915306091 2.49234676361084
1.64385199546814 1.64385199546814 1.64385199546814 1.64385199546814 1.64385199546814 1.64385199546814 1.64385199546814 1.65086841583252 1.68196511268616 1.71104347705841 1.73829364776611 1.7638828754425 1.78795838356018 1.81065082550049 1.83207595348358 1.8523371219635 1.87152647972107 1.89009690284729 1.90992856025696 1.92976021766663 1.94959187507629 1.96942353248596 1.98925518989563 2.0090868473053 2.02891850471497 2.04875016212463 2.0685818195343 2.08820819854736 2.10667562484741 2.12514328956604 2.14361071586609 2.16207814216614 2.18054556846619 2.19901323318481 2.21748065948486 2.23594808578491 2.25441551208496 2.27251577377319 2.2878589630127 2.30320191383362 2.31854510307312 2.33388829231262 2.34923148155212 2.36457467079163 2.37991762161255 2.39526081085205 2.41060400009155 2.42592215538025 2.44096922874451 2.45601630210876 2.47106337547302 2.48611044883728
1.64385199546814 1.64385199546814 1.64385199546814 1.64385199546814 1.64385199546814 1.64385199546814 1.64385199546814 1.6500096321106 1.67781913280487 1.70461487770081 1.73045146465302 1.75537931919098 1.77944552898407 1.80269420146942 1.82516622543335 1.84689974784851 1.86793076992035 1.88823616504669 1.90802454948425 1.92781281471252 1.94760119915009 1.96738946437836 1.98717784881592 2.00696611404419 2.02675437927246 2.04654288291931 2.06633114814758 2.08590245246887 2.1042492389679 2.12259578704834 2.14094257354736 2.15928912162781 2.17763590812683 2.19598245620728 2.2143292427063 2.23267602920532 2.25102257728577 2.26899456977844 2.28415465354919 2.29931473731995 2.3144748210907 2.32963490486145 2.3447949886322 2.35995507240295 2.37511515617371 2.39027523994446 2.40543532371521 2.42056703567505 2.43539381027222 2.45022058486938 2.46504735946655 2.47987413406372
1.64471590518951 1.6446099281311 1.64385199546814 1.64385199546814 1.64385199546814 1.64385199546814 1.64385199546814 1.64932894706726 1.67444014549255 1.69923400878906 1.72371673583984 1.7478940486908 1.77177166938782 1.79535508155823 1.81864976882935 1.84166097640991 1.86439371109009 1.88637542724609 1.90612041950226 1.92586541175842 1.94561040401459 1.96535539627075 1.98510038852692 2.00484538078308 2.02459025382996 2.04433536529541 2.06408023834229 2.08359670639038 2.1018226146698 2.12004852294922 2.13827443122864 2.15650010108948 2.1747260093689 2.19295191764832 2.21117782592773 2.22940373420715 2.24762964248657 2.26547360420227 2.28045058250427 2.29542756080627 2.31040453910828 2.32538151741028 2.34035849571228 2.35533547401428 2.37031269073486 2.38528966903687 2.40026664733887 2.41521215438843 2.42981863021851 2.44442486763 2.45903134346008 2.47363781929016
1.64787340164185 1.64760446548462 1.64568173885345 1.64568173885345 1.64568173885345 1.64568173885345 1.64568173885345 1.65068566799164 1.67380654811859 1.69692742824554 1.72004842758179 1.74316930770874 1.76629018783569 1.78941106796265 1.81253206729889 1.83565294742584 1.8587738275528 1.88124871253967 1.90084838867188 1.92044806480408 1.94004774093628 1.95964741706848 1.97924721240997 1.99884688854218 2.01844644546509 2.03804612159729 2.05764579772949 2.07699179649353 2.09490609169006 2.1128203868866 2.13073468208313 2.14864897727966 2.1665632724762 2.18447756767273 2.20239186286926 2.22030591964722 2.23822021484375 2.25575971603394 2.27048707008362 2.28521418571472 2.2999415397644 2.31466865539551 2.32939600944519 2.34412312507629 2.35885047912598 2.37357759475708 2.38830494880676 2.40299725532532 2.41731309890747 2.43162894248962 2.44594478607178 2.46026062965393
1.65251529216766 1.65224635601044 1.65032362937927 1.65032362937927 1.65032362937927 1.65032362937927 1.65032362937927 1.65500974655151 1.67666220664978 1.69831466674805 1.71996712684631 1.74161958694458 1.76327204704285 1.78492450714111 1.80657696723938 1.82822942733765 1.8498820066452 1.87110233306885 1.89040005207062 1.9096976518631 1.92899525165558 1.94829297065735 1.96759057044983 1.98688817024231 2.00618577003479 2.02548360824585 2.04478120803833 2.06377959251404 2.08108878135681 2.09839820861816 2.11570763587952 2.13301706314087 2.15032625198364 2.167635679245 2.18494510650635 2.20225429534912 2.21956372261047 2.23652815818787 2.25090312957764 2.26527786254883 2.2796528339386 2.29402780532837 2.30840277671814 2.32277750968933 2.3371524810791 2.35152745246887 2.36590218544006 2.38023853302002 2.39415597915649 2.40807342529297 2.42199087142944 2.43590831756592
1.65715730190277 1.65688836574554 1.65496563911438 1.65496563911438 1.65496563911438 1.65496563911438 1.65496563911438 1.65933394432068 1.67951798439026 1.69970190525055 1.71988594532013 1.74006998538971 1.76025402545929 1.78043794631958 1.80062198638916 1.82080602645874 1.84099006652832 1.86095595359802 1.87995159626007 1.89894723892212 1.91794276237488 1.93693840503693 1.95593404769897 1.97492957115173 1.99392521381378 2.01292085647583 2.03191637992859 2.05056715011597 2.06727147102356 2.08397603034973 2.1006805896759 2.1173849105835 2.13408946990967 2.15079379081726 2.16749835014343 2.1842029094696 2.2009072303772 2.21729636192322 2.23131895065308 2.24534153938293 2.25936412811279 2.27338671684265 2.28740930557251 2.30143189430237 2.31545448303223 2.32947707176208 2.34349966049194 2.35747957229614 2.37099862098694 2.38451766967773 2.39803671836853 2.41155576705933
1.66179931163788 1.66153037548065 1.65960764884949 1.65960764884949 1.65960764884949 1.65960764884949 1.65960764884949 1.66365814208984 1.68237364292145 1.70108914375305 1.71980476379395 1.73852026462555 1.75723588466644 1.77595138549805 1.79466700553894 1.81338250637054 1.83209812641144 1.85080969333649 1.86950314044952 1.88819670677185 1.90689027309418 1.9255838394165 1.94427740573883 1.96297097206116 1.98166453838348 2.00035810470581 2.01905155181885 2.0373547077179 2.05345416069031 2.0695538520813 2.08565330505371 2.1017529964447 2.11785244941711 2.13395214080811 2.15005159378052 2.16615128517151 2.18225073814392 2.19806456565857 2.21173501014709 2.22540521621704 2.23907542228699 2.25274586677551 2.26641607284546 2.28008627891541 2.29375648498535 2.30742692947388 2.32109713554382 2.33472084999084 2.34784150123596 2.36096215248108 2.3740828037262 2.38720345497131
1.6664412021637 1.66617226600647 1.66424953937531 1.66424953937531 1.66424953937531 1.66424953937531 1.66424953937531 1.66798222064972 1.68522930145264 1.70247650146484 1.71972358226776 1.73697066307068 1.7542177438736 1.77146482467651 1.78871202468872 1.80595910549164 1.82320618629456 1.84066331386566 1.85905480384827 1.87744629383087 1.89583778381348 1.91422927379608 1.93262088298798 1.95101237297058 1.96940386295319 1.98779535293579 2.00618696212769 2.02414226531982 2.03963708877563 2.05513167381287 2.0706262588501 2.08612084388733 2.10161566734314 2.11711025238037 2.1326048374176 2.14809966087341 2.16359424591064 2.1788330078125 2.19215083122253 2.20546889305115 2.21878671646118 2.23210477828979 2.24542284011841 2.25874066352844 2.27205872535706 2.28537654876709 2.2986946105957 2.31196212768555 2.32468438148499 2.33740663528442 2.35012888908386 2.3628511428833
1.6710832118988 1.67081427574158 1.66889154911041 1.66889154911041 1.66889154911041 1.66889154911041 1.66889154911041 1.67230641841888 1.68808507919312 1.70386373996735 1.71964240074158 1.73542106151581 1.75119960308075 1.76697826385498 1.78275692462921 1.79853558540344 1.81431424617767 1.83051693439484 1.84860634803772 1.86669588088989 1.88478529453278 1.90287482738495 1.92096424102783 1.93905365467072 1.95714318752289 1.97523260116577 1.99332213401794 2.01092982292175 2.02581977844238 2.04070949554443 2.05559921264648 2.07048892974854 2.08537864685059 2.10026836395264 2.11515831947327 2.13004803657532 2.14493775367737 2.15960121154785 2.17256689071655 2.18553256988525 2.19849824905396 2.21146368980408 2.22442936897278 2.23739504814148 2.25036072731018 2.26332640647888 2.276291847229 2.28920316696167 2.30152702331543 2.31385087966919 2.32617497444153 2.33849883079529
1.67572510242462 1.6754561662674 1.67353343963623 1.67353343963623 1.67353343963623 1.67353343963623 1.67353343963623 1.67663049697876 1.6909407377243 1.70525097846985 1.7195611000061 1.73387134075165 1.74818158149719 1.76249170303345 1.77680194377899 1.79111218452454 1.80542230606079 1.82037055492401 1.83815801143646 1.85594534873962 1.87373280525208 1.89152026176453 1.90930771827698 1.92709505558014 1.94488251209259 1.96266996860504 1.9804573059082 1.99771749973297 2.01200246810913 2.026287317276 2.04057216644287 2.05485701560974 2.06914186477661 2.08342671394348 2.09771156311035 2.11199641227722 2.12628126144409 2.14036965370178 2.15298295021057 2.16559624671936 2.17820954322815 2.19082283973694 2.20343613624573 2.21604943275452 2.22866272926331 2.24127602577209 2.25388932228088 2.26644444465637 2.27836990356445 2.29029536247253 2.30222082138062 2.3141462802887
1.68036711215973 1.6800981760025 1.67817544937134 1.67817544937134 1.67817544937134 1.67817544937134 1.67817544937134 1.68095469474792 1.69379639625549 1.70663821697235 1.71947991847992 1.73232173919678 1.74516344070435 1.75800514221191 1.77084696292877 1.78368866443634 1.7965304851532 1.81022417545319 1.82770955562592 1.84519493579865 1.86268031597137 1.8801656961441 1.89765107631683 1.91513645648956 1.93262183666229 1.95010721683502 1.96759259700775 1.98450517654419 1.99818515777588 2.01186513900757 2.02554512023926 2.03922486305237 2.05290484428406 2.06658482551575 2.08026480674744 2.09394478797913 2.10762476921082 2.12113785743713 2.13339877128601 2.14565992355347 2.15792083740234 2.17018175125122 2.18244290351868 2.19470381736755 2.20696473121643 2.21922588348389 2.23148679733276 2.24368572235107 2.25521278381348 2.26673984527588 2.27826690673828 2.28979396820068
1.68500912189484 1.68474018573761 1.68281745910645 1.68281745910645 1.68281745910645 1.68281745910645 1.68281745910645 1.68527889251709 1.69665217399597 1.70802545547485 1.71939873695374 1.73077201843262 1.7421452999115 1.75351858139038 1.76489198207855 1.77626526355743 1.78763854503632 1.80007779598236 1.81726109981537 1.83444452285767 1.85162782669067 1.86881113052368 1.88599455356598 1.90317785739899 1.92036116123199 1.937544465065 1.9547278881073 1.97129273414612 1.98436784744263 1.99744284152985 2.01051783561707 2.02359294891357 2.03666806221008 2.04974317550659 2.06281805038452 2.07589316368103 2.08896827697754 2.10190606117249 2.11381483078003 2.12572336196899 2.13763213157654 2.14954090118408 2.16144943237305 2.17335820198059 2.18526673316956 2.1971755027771 2.20908427238464 2.2209267616272 2.23205542564392 2.24318432807922 2.25431299209595 2.26544165611267
1.68780612945557 1.6877635717392 1.68745934963226 1.68745934963226 1.68745934963226 1.68745934963226 1.68745934963226 1.68960297107697 1.69950783252716 1.70941269397736 1.71931755542755 1.72922241687775 1.73912727832794 1.74903202056885 1.75893688201904 1.76884174346924 1.77874660491943 1.78993141651154 1.80681276321411 1.8236939907074 1.84057533740997 1.85745656490326 1.87433791160583 1.89121925830841 1.9081004858017 1.92498183250427 1.94186305999756 1.95808041095734 1.97055053710938 1.98302066326141 1.99549078941345 2.00796103477478 2.02043104171753 2.03290128707886 2.04537129402161 2.05784153938293 2.07031178474426 2.08267450332642 2.09423065185547 2.1057870388031 2.11734342575073 2.12889981269836 2.140456199646 2.15201258659363 2.16356897354126 2.17512512207031 2.18668150901794 2.1981680393219 2.20889830589294 2.21962857246399 2.23035883903503 2.24108910560608
