R_scripts/int_process_data/Bio_03.asc
NCOLS 281 
NROWS 576 
XLLCORNER 81175.2677831308 
YLLCORNER 88.2293212990044 
CELLSIZE 1000 
NODATA_value -3.4e+38 
[rows 506 to 528 of 576, columns 104 to 155 of 281]
39.0372581481934 39.0527877807617 39.0683174133301 39.0838508605957 39.0993804931641 39.1143417358398 39.1188621520996 39.1233863830566 39.1279067993164 39.1324272155762 39.1369514465332 39.141471862793 39.1459922790527 39.1505126953125 39.1550369262695 39.1596908569336 39.1714057922363 39.1831169128418 39.1948280334473 39.2065391540527 39.2182540893555 39.2299652099609 39.2416763305664 39.2533874511719 39.2651023864746 39.2768135070801 39.2563285827637 39.2353782653809 39.2144317626953 39.1934814453125 39.1725311279297 39.1515846252441 39.1306343078613 39.1096839904785 39.088737487793 39.0677871704102 39.0157012939453 38.9620704650879 38.9084434509277 38.8548126220703 38.8011817932129 38.7475547790527 38.6939239501953 38.6402969360352 38.5866661071777 38.5330390930176 38.4868583679199 38.4413261413574 38.3957939147949 38.3502616882324 38.3047332763672 38.2592010498047
39.0583534240723 39.0671997070312 39.0760459899902 39.0848960876465 39.0937423706055 39.1023406982422 39.1063652038574 39.1103935241699 39.1144218444824 39.1184501647949 39.1224784851074 39.1265029907227 39.1305313110352 39.1345596313477 39.1385879516602 39.1427154541016 39.1520843505859 39.1614570617676 39.1708297729492 39.1801986694336 39.1895713806152 39.1989440917969 39.2083129882812 39.2176856994629 39.2270545959473 39.2364273071289 39.214672088623 39.1924667358398 39.1702613830566 39.1480560302734 39.1258506774902 39.1036491394043 39.0814437866211 39.0592384338379 39.0370330810547 39.0148277282715 38.9584541320801 38.900390625 38.8423233032227 38.7842597961426 38.7261962890625 38.6681289672852 38.6100654602051 38.552001953125 38.4939346313477 38.4358711242676 38.3945503234863 38.3546943664551 38.3148345947266 38.274974822998 38.2351150512695 38.195255279541
39.0794486999512 39.0816116333008 39.0837745666504 39.0859413146973 39.0881042480469 39.0903358459473 39.0938682556152 39.0974044799805 39.1009368896484 39.1044692993164 39.1080055236816 39.1115379333496 39.1150703430176 39.1186027526855 39.1221389770508 39.1257362365723 39.1327667236328 39.1397972106934 39.1468276977539 39.1538581848145 39.160888671875 39.1679191589355 39.1749496459961 39.1819801330566 39.1890106201172 39.1960411071777 39.1730155944824 39.1495552062988 39.1260948181152 39.1026344299316 39.0791702270508 39.0557098388672 39.0322494506836 39.0087890625 38.9853286743164 38.9618682861328 38.9012107849121 38.8387069702148 38.7762069702148 38.7137069702148 38.6512069702148 38.5887069702148 38.5262031555176 38.4637031555176 38.4012031555176 38.3387031555176 38.30224609375 38.2680587768555 38.2338714599609 38.1996841430664 38.1654968261719 38.1313056945801
39.1005477905273 39.0960273742676 39.0915069580078 39.0869827270508 39.082462310791 39.0783348083496 39.0813751220703 39.0844116210938 39.0874519348145 39.0904922485352 39.0935325622559 39.0965690612793 39.099609375 39.1026496887207 39.1056900024414 39.1087608337402 39.1134490966797 39.1181373596191 39.1228294372559 39.1275177001953 39.1322059631348 39.1368980407715 39.1415863037109 39.1462783813477 39.1509666442871 39.1556549072266 39.1313591003418 39.1066398620605 39.0819244384766 39.0572090148926 39.0324897766113 39.0077743530273 38.9830589294434 38.9583435058594 38.9336242675781 38.9089088439941 38.8439636230469 38.777027130127 38.710090637207 38.6431541442871 38.5762176513672 38.5092811584473 38.4423446655273 38.3754081726074 38.3084716796875 38.2415351867676 38.2099418640137 38.1814231872559 38.1529083251953 38.1243934631348 38.095874786377 38.0673599243164
39.1216430664062 39.1104393005371 39.099235534668 39.0880279541016 39.0768241882324 39.0663299560547 39.0688781738281 39.0714225769043 39.0739669799805 39.0765113830566 39.0790596008301 39.0816040039062 39.0841484069824 39.0866928100586 39.089241027832 39.0917816162109 39.0941314697266 39.0964813232422 39.0988273620605 39.1011772155762 39.1035270690918 39.1058769226074 39.1082229614258 39.1105728149414 39.112922668457 39.1152725219727 39.0897026062012 39.0637283325195 39.0377540588379 39.0117835998535 38.9858093261719 38.9598388671875 38.9338645935059 38.9078941345215 38.8819198608398 38.8559494018555 38.7867164611816 38.7153472900391 38.6439743041992 38.5726013183594 38.5012283325195 38.4298553466797 38.3584823608398 38.2871131896973 38.2157402038574 38.1443672180176 38.1176338195801 38.0947914123535 38.0719451904297 38.0491027832031 38.0262565612793 38.0034141540527
39.1427383422852 39.1248512268066 39.1069641113281 39.0890731811523 39.0711860656738 39.054328918457 39.0563812255859 39.0584297180176 39.0604820251465 39.0625343322754 39.0645866394043 39.0666351318359 39.0686874389648 39.0707397460938 39.0727920532227 39.0748023986816 39.0748138427734 39.074821472168 39.0748291015625 39.074836730957 39.0748443603516 39.0748519897461 39.0748596191406 39.0748672485352 39.074878692627 39.0748863220215 39.0480422973633 39.0208168029785 38.9935874938965 38.9663581848145 38.9391288757324 38.9119033813477 38.8846740722656 38.8574447631836 38.8302192687988 38.8029899597168 38.7294731140137 38.6536636352539 38.5778579711914 38.5020484924316 38.4262390136719 38.3504333496094 38.2746238708496 38.1988143920898 38.1230087280273 38.0471992492676 38.0253295898438 38.0081558227539 37.9909858703613 37.9738121032715 37.9566383361816 37.9394683837891
39.1638374328613 39.1392631530762 39.1146926879883 39.0901184082031 39.0655479431152 39.0423240661621 39.0438842773438 39.0454406738281 39.0469970703125 39.0485534667969 39.0501136779785 39.0516700744629 39.0532264709473 39.0547866821289 39.0563430786133 39.0578269958496 39.055492401123 39.0531616210938 39.0508270263672 39.0484962463379 39.0461616516113 39.043830871582 39.0414962768555 39.0391654968262 39.0368309020996 39.0345001220703 39.0063858032227 38.9779014587402 38.9494171142578 38.9209327697754 38.892448425293 38.8639678955078 38.8354835510254 38.806999206543 38.7785148620605 38.7500305175781 38.6722259521484 38.591983795166 38.5117378234863 38.4314956665039 38.3512496948242 38.2710075378418 38.1907653808594 38.1105194091797 38.0302772521973 37.9500312805176 37.9330253601074 37.9215240478516 37.9100227355957 37.8985214233398 37.887020111084 37.8755187988281
39.1849327087402 39.1536750793457 39.1224212646484 39.0911636352539 39.0599098205566 39.0303230285645 39.0313873291016 39.0324478149414 39.0335121154785 39.0345764160156 39.0356407165527 39.0367050170898 39.0377655029297 39.0388298034668 39.0398941040039 39.0408477783203 39.0361747741699 39.0315017700195 39.0268287658691 39.0221557617188 39.0174827575684 39.0128059387207 39.0081329345703 39.0034599304199 38.9987869262695 38.9941139221191 38.964729309082 38.9349899291992 38.9052505493164 38.8755111694336 38.8457679748535 38.8160285949707 38.7862892150879 38.7565498352051 38.7268104553223 38.6970710754395 38.6149826049805 38.5303001403809 38.4456214904785 38.3609428405762 38.2762641906738 38.1915817260742 38.1069030761719 38.0222244262695 37.9375457763672 37.8528633117676 37.8407173156738 37.834888458252 37.8290596008301 37.8232307434082 37.8174018859863 37.8115730285645
39.174861907959 39.1398849487305 39.104907989502 39.0699348449707 39.0349578857422 39.0017318725586 39.000659942627 38.9995880126953 38.9985122680664 38.9974403381348 38.9963684082031 38.9952964782715 38.9942245483398 38.9931488037109 38.9920768737793 38.9908866882324 38.9835090637207 38.9761352539062 38.9687576293945 38.9613800048828 38.9540061950684 38.9466285705566 38.9392547607422 38.9318771362305 38.9244995117188 38.9171257019043 38.8868865966797 38.8563232421875 38.825756072998 38.7951889038086 38.7646217346191 38.734058380127 38.7034912109375 38.672924041748 38.6423568725586 38.6117897033691 38.5310401916504 38.4478073120117 38.364574432373 38.2813377380371 38.1981048583984 38.1148719787598 38.0316352844238 37.9484024047852 37.8651695251465 37.7819328308105 37.7720069885254 37.7684631347656 37.7649230957031 37.7613792419434 37.7578353881836 37.7542915344238
39.1341896057129 39.0984001159668 39.062614440918 39.0268287658691 38.991039276123 38.9568557739258 38.952033996582 38.9472122192383 38.9423904418945 38.9375686645508 38.932746887207 38.9279251098633 38.9231033325195 38.9182815551758 38.913459777832 38.9085350036621 38.8981018066406 38.8876647949219 38.8772315979004 38.8667984008789 38.8563652038574 38.8459281921387 38.8354949951172 38.8250617980957 38.8146286010742 38.8041954040527 38.7735137939453 38.742546081543 38.7115745544434 38.6806030273438 38.6496315002441 38.6186599731445 38.5876922607422 38.5567207336426 38.525749206543 38.4947776794434 38.4208908081055 38.3448753356934 38.2688636779785 38.1928482055664 38.1168365478516 38.0408210754395 37.9648094177246 37.8887939453125 37.8127784729004 37.7367668151855 37.7264633178711 37.7218818664551 37.7173004150391 37.712718963623 37.708137512207 37.7035598754883
39.0935134887695 39.0569152832031 39.020320892334 38.9837226867676 38.9471244812012 38.9119758605957 38.9034042358398 38.8948364257812 38.8862648010254 38.8776931762695 38.8691253662109 38.8605537414551 38.8519859313965 38.8434143066406 38.8348426818848 38.8261833190918 38.8126907348633 38.7991981506348 38.7857055664062 38.7722129821777 38.7587242126465 38.745231628418 38.7317390441895 38.7182464599609 38.7047538757324 38.6912612915039 38.6601409912109 38.6287689208984 38.5973930358887 38.5660171508789 38.5346412658691 38.5032653808594 38.4718933105469 38.4405174255371 38.4091415405273 38.3777656555176 38.3107376098633 38.241943359375 38.173152923584 38.1043586730957 38.0355644226074 37.9667701721191 37.8979797363281 37.8291854858398 37.7603912353516 37.6915969848633 37.6809196472168 37.6753005981445 37.6696815490723 37.6640625 37.6584434509277 37.6528244018555
39.0528411865234 39.0154304504395 38.9780235290527 38.940616607666 38.9032096862793 38.8670959472656 38.8547782897949 38.8424606323242 38.8301391601562 38.8178215026855 38.8055038452148 38.7931823730469 38.7808647155762 38.7685470581055 38.7562294006348 38.7438278198242 38.7272796630859 38.7107315063477 38.6941795349121 38.6776313781738 38.6610794067383 38.64453125 38.6279830932617 38.6114311218262 38.5948829650879 38.5783309936523 38.5467681884766 38.5149879455566 38.483211517334 38.4514312744141 38.4196510314941 38.3878707885742 38.3560943603516 38.3243141174316 38.2925338745117 38.2607536315918 38.2005882263184 38.1390151977539 38.0774421691895 38.015869140625 37.9542961120605 37.8927230834961 37.8311500549316 37.7695770263672 37.7080039978027 37.6464309692383 37.6353759765625 37.6287155151367 37.6220588684082 37.6154022216797 37.6087455749512 37.6020889282227
39.0121650695801 38.973949432373 38.9357299804688 38.8975105285645 38.8592910766602 38.8222198486328 38.80615234375 38.7900848388672 38.7740173339844 38.7579498291016 38.7418823242188 38.7258148193359 38.7097473144531 38.6936798095703 38.6776123046875 38.6614761352539 38.6418685913086 38.6222610473633 38.602653503418 38.5830459594727 38.5634384155273 38.543830871582 38.5242233276367 38.5046157836914 38.4850082397461 38.4654006958008 38.4333953857422 38.4012107849121 38.3690299987793 38.3368453979492 38.3046607971191 38.2724761962891 38.240291595459 38.2081108093262 38.1759262084961 38.143741607666 38.0904350280762 38.0360832214355 37.9817314147949 37.9273796081543 37.8730239868164 37.8186721801758 37.7643203735352 37.7099685668945 37.6556167602539 37.6012649536133 37.5898284912109 37.5821342468262 37.5744400024414 37.5667457580566 37.5590476989746 37.5513534545898
38.971492767334 38.9324645996094 38.8934326171875 38.8544044494629 38.8153762817383 38.7773399353027 38.7575225830078 38.7377090454102 38.7178916931152 38.6980743408203 38.6782608032227 38.6584434509277 38.6386260986328 38.6188125610352 38.5989952087402 38.5791244506836 38.5564613342285 38.5337944030762 38.5111274719238 38.4884643554688 38.4657974243164 38.4431343078613 38.420467376709 38.3978004455566 38.3751373291016 38.3524703979492 38.3200225830078 38.2874336242676 38.2548484802246 38.2222595214844 38.1896705627441 38.1570816040039 38.1244926452637 38.0919075012207 38.0593185424805 38.0267295837402 37.980281829834 37.9331512451172 37.8860206604004 37.8388862609863 37.7917556762695 37.7446250915527 37.6974906921387 37.6503601074219 37.6032295227051 37.556095123291 37.5442848205566 37.5355529785156 37.5268211364746 37.5180854797363 37.5093536376953 37.500617980957
38.9308166503906 38.8909797668457 38.8511390686035 38.8112983703613 38.7714614868164 38.7324638366699 38.7088966369629 38.6853332519531 38.6617660522461 38.6382026672363 38.6146392822266 38.5910720825195 38.5675086975098 38.5439414978027 38.520378112793 38.4967727661133 38.4710502624512 38.4453277587891 38.4196014404297 38.3938789367676 38.3681564331055 38.3424339294434 38.3167114257812 38.2909851074219 38.2652626037598 38.2395401000977 38.2066497802734 38.173656463623 38.1406669616699 38.1076736450195 38.0746803283691 38.0416870117188 38.0086936950684 37.975700378418 37.9427108764648 37.9097175598145 37.8701324462891 37.8302192687988 37.7903099060059 37.7503967285156 37.7104873657227 37.6705741882324 37.6306610107422 37.5907516479492 37.550838470459 37.510929107666 37.4987411499023 37.4889717102051 37.4791984558105 37.4694290161133 37.4596557617188 37.4498825073242
38.8901443481445 38.849494934082 38.8088455200195 38.768196105957 38.7275428771973 38.6875839233398 38.660270690918 38.6329574584961 38.6056442260742 38.5783309936523 38.5510177612305 38.5237007141113 38.4963874816895 38.4690742492676 38.4417610168457 38.414421081543 38.3856391906738 38.3568572998047 38.3280754089355 38.2992973327637 38.2705154418945 38.2417335510254 38.2129516601562 38.1841697692871 38.1553916931152 38.1266098022461 38.0932769775391 38.0598793029785 38.0264854431152 37.9930877685547 37.9596900939941 37.9262924194336 37.892894744873 37.8594970703125 37.8261032104492 37.7927055358887 37.7599792480469 37.7272872924805 37.6945991516113 37.6619071960449 37.6292152404785 37.5965232849121 37.563835144043 37.5311431884766 37.4984512329102 37.4657592773438 37.453197479248 37.4423866271973 37.4315795898438 37.420768737793 37.4099578857422 37.3991508483887
38.8494682312012 38.8080101013184 38.7665481567383 38.7250900268555 38.6836280822754 38.6427040100098 38.611644744873 38.5805816650391 38.5495185852051 38.5184555053711 38.4873962402344 38.4563331604004 38.4252700805664 38.3942070007324 38.3631439208984 38.3320693969727 38.3002281188965 38.2683906555176 38.2365531921387 38.2047119140625 38.1728744506836 38.1410331726074 38.1091957092285 38.0773582458496 38.0455169677734 38.0136795043945 37.9799041748047 37.946102142334 37.9123001098633 37.8785018920898 37.8446998596191 37.8108978271484 37.7770957946777 37.743293762207 37.7094917297363 37.6756935119629 37.649829864502 37.6243591308594 37.5988883972168 37.5734176635742 37.5479469299316 37.5224761962891 37.4970054626465 37.4715347290039 37.4460639953613 37.4205932617188 37.4076538085938 37.3958053588867 37.3839569091797 37.3721084594727 37.3602638244629 37.3484153747559
38.8087959289551 38.7665252685547 38.7242546081543 38.6819839477539 38.6397132873535 38.597827911377 38.5630149841309 38.528205871582 38.4933929443359 38.4585838317871 38.423770904541 38.3889617919922 38.3541488647461 38.3193397521973 38.2845306396484 38.2497177124023 38.2148208618164 38.1799240112305 38.1450271606445 38.1101303100586 38.0752334594727 38.0403366088867 38.0054397583008 37.9705429077148 37.9356460571289 37.900749206543 37.8665313720703 37.8323249816895 37.7981185913086 37.763916015625 37.7297096252441 37.6955032348633 37.6612968444824 37.6270904541016 37.5928840637207 37.5586776733398 37.5396766662598 37.521427154541 37.5031776428223 37.4849243164062 37.4666748046875 37.4484252929688 37.43017578125 37.4119262695312 37.3936767578125 37.3754272460938 37.3621101379395 37.3492240905762 37.3363380432129 37.3234519958496 37.3105659484863 37.297679901123
38.7681541442871 38.7261924743652 38.6842308044434 38.6422691345215 38.6003074645996 38.5585136413574 38.5197257995605 38.4809379577637 38.4421501159668 38.4033622741699 38.364574432373 38.3257904052734 38.2870025634766 38.2482147216797 38.2094268798828 38.1706924438477 38.134593963623 38.0984992980957 38.0624008178711 38.0263061523438 37.9902076721191 37.9541130065918 37.9180145263672 37.8819198608398 37.8458213806152 37.8097267150879 37.7761497497559 37.7426109313965 37.7090682983398 37.6755294799805 37.6419906616211 37.6084518432617 37.5749130249023 37.5413703918457 37.5078315734863 37.474292755127 37.4606781005859 37.4480514526367 37.4354248046875 37.422794342041 37.4101676940918 37.3975410461426 37.3849105834961 37.3722839355469 37.3596572875977 37.3470306396484 37.3334083557129 37.3197021484375 37.3059959411621 37.2922897338867 37.2785797119141 37.2648735046387
38.7275428771973 38.6871490478516 38.6467514038086 38.6063575744629 38.5659599304199 38.5254287719727 38.4824104309082 38.4393920898438 38.3963737487793 38.3533554077148 38.3103370666504 38.2673187255859 38.2243003845215 38.181282043457 38.1382637023926 38.0953941345215 38.0601768493652 38.0249633789062 37.9897499084473 37.9545364379883 37.9193229675293 37.884105682373 37.8488922119141 37.8136787414551 37.7784652709961 37.7432518005371 37.7115249633789 37.6798515319824 37.6481781005859 37.6165046691895 37.5848274230957 37.5531539916992 37.5214805603027 37.4898071289062 37.4581336975098 37.4264602661133 37.4165840148926 37.407787322998 37.3989944458008 37.3901977539062 37.3814010620117 37.3726081848145 37.3638114929199 37.3550148010254 37.3462219238281 37.3374252319336 37.3235816955566 37.3092956542969 37.2950096130371 37.2807273864746 37.2664413452148 37.2521591186523
38.6869354248047 38.6481056213379 38.6092720031738 38.570442199707 38.5316123962402 38.4923477172852 38.4450988769531 38.3978500366211 38.3506011962891 38.3033485412598 38.2560997009277 38.2088508605957 38.1616020202637 38.1143531799316 38.0671005249023 38.0200958251953 37.9857635498047 37.9514312744141 37.9170989990234 37.8827667236328 37.8484344482422 37.8141021728516 37.7797698974609 37.7454376220703 37.7111053466797 37.6767730712891 37.646900177002 37.6170921325684 37.5872840881348 37.5574760437012 37.5276679992676 37.497859954834 37.4680519104004 37.4382400512695 37.4084320068359 37.3786239624023 37.3724899291992 37.3675270080566 37.3625640869141 37.3576011657715 37.3526382446289 37.3476715087891 37.3427085876465 37.3377456665039 37.3327827453613 37.3278198242188 37.3137512207031 37.2988891601562 37.2840270996094 37.2691650390625 37.2543029785156 37.2394409179688
38.6463241577148 38.609058380127 38.5717964172363 38.5345306396484 38.4972648620605 38.4592666625977 38.407787322998 38.3563041687012 38.3048248291016 38.2533416748047 38.2018623352051 38.1503829956055 38.0988998413086 38.047420501709 37.9959373474121 37.9447975158691 37.9113464355469 37.8778953552246 37.8444480895996 37.8109970092773 37.7775459289551 37.7440986633301 37.7106475830078 37.6771965026855 37.6437492370605 37.6102981567383 37.5822792053223 37.5543327331543 37.5263900756836 37.4984474182129 37.4705047607422 37.4425621032715 37.4146194458008 37.3866767883301 37.3587341308594 37.3307914733887 37.3283958435059 37.327262878418 37.3261337280273 37.3250007629395 37.3238716125488 37.3227386474609 37.3216094970703 37.3204765319824 37.3193473815918 37.3182144165039 37.3039207458496 37.2884826660156 37.2730445861816 37.2576026916504 37.2421646118164 37.2267227172852
38.6057167053223 38.5700149536133 38.5343170166016 38.4986190795898 38.4629173278809 38.4261856079102 38.3704719543457 38.3147583007812 38.2590484619141 38.2033348083496 38.1476249694824 38.091911315918 38.0362014770508 37.9804878234863 37.9247741699219 37.869499206543 37.8369293212891 37.8043632507324 37.7717933654785 37.7392272949219 37.7066612243652 37.6740913391113 37.6415252685547 37.608959197998 37.5763893127441 37.5438232421875 37.5176544189453 37.4915771484375 37.4654998779297 37.4394226074219 37.4133453369141 37.3872680664062 37.3611907958984 37.3351135253906 37.3090362548828 37.282958984375 37.2843017578125 37.2870025634766 37.2897033691406 37.2924041748047 37.2951049804688 37.2978057861328 37.3005065917969 37.3032073974609 37.305908203125 37.3086090087891 37.2940940856934 37.278076171875 37.2620582580566 37.2460403442383 37.2300262451172 37.2140083312988
