R_scripts/int_process_data/Bio_12.asc
NCOLS 281 
NROWS 576 
XLLCORNER 81175.2677831308 
YLLCORNER 88.2293212990044 
CELLSIZE 1000 
NODATA_value -3.4e+38 
[rows 460 to 482 of 576, columns 52 to 103 of 281]
-3.4e+38 -3.4e+38 -3.4e+38 -3.4e+38 17.0886821746826 17.1301574707031 17.1133422851562 17.0598068237305 16.9828834533691 16.9160633087158 16.8139362335205 16.7790622711182 16.765697479248 16.7293300628662 16.6989231109619 16.6731224060059 16.6509571075439 16.6289386749268 16.5956554412842 16.5623741149902 16.5290908813477 16.4958076477051 16.4625263214111 16.4292430877686 16.395959854126 16.3626766204834 16.3293952941895 16.294246673584 16.2485771179199 16.2029056549072 16.1572360992432 16.1115646362305 16.0658950805664 16.0202236175537 15.9745531082153 15.928882598877 15.8832120895386 15.8367137908936 15.7840070724487 15.7312994003296 15.6785917282104 15.6258850097656 15.5731773376465 15.5204696655273 15.4677619934082 15.4150552749634 15.3623476028442 15.3059892654419 15.2101430892944 15.1142978668213 15.0184516906738 14.9226055145264
-3.4e+38 -3.4e+38 -3.4e+38 -3.4e+38 17.0417995452881 17.0966548919678 17.0763206481934 17.0205078125 16.9437370300293 16.7983665466309 16.7570209503174 16.7256011962891 16.7164058685303 16.6864948272705 16.6624183654785 16.6426200866699 16.6260547637939 16.6083374023438 16.5752449035645 16.5421543121338 16.5090618133545 16.4759712219238 16.4428787231445 16.4097881317139 16.3766956329346 16.3436031341553 16.3105125427246 16.2753105163574 16.2281970977783 16.1810836791992 16.1339702606201 16.086856842041 16.0397434234619 15.9926309585571 15.945517539978 15.8984041213989 15.8512907028198 15.8033065795898 15.7487859725952 15.6942663192749 15.6397457122803 15.5852251052856 15.5307054519653 15.4761848449707 15.4216642379761 15.3671445846558 15.3126239776611 15.254448890686 15.1567497253418 15.0590515136719 14.9613523483276 14.8636531829834
-3.4e+38 -3.4e+38 -3.4e+38 16.9934024810791 16.9887371063232 17.0579700469971 17.0340671539307 16.9760227203369 16.7805767059326 16.7334976196289 16.694408416748 16.664665222168 16.6590328216553 16.6388111114502 16.6232109069824 16.6108112335205 16.6007175445557 16.5877342224121 16.5548343658447 16.5219326019287 16.4890327453613 16.4561328887939 16.4232330322266 16.3903312683105 16.3574314117432 16.3245315551758 16.2916297912598 16.2563724517822 16.2078170776367 16.1592617034912 16.1107044219971 16.0621490478516 16.0135936737061 15.9650373458862 15.9164810180664 15.8679246902466 15.8193693161011 15.7698984146118 15.713565826416 15.6572322845459 15.6008987426758 15.54456615448 15.4882326126099 15.4319000244141 15.3755664825439 15.3192329406738 15.262900352478 15.2029094696045 15.1033573150635 15.0038042068481 14.9042520523071 14.8046998977661
-3.4e+38 -3.4e+38 -3.4e+38 16.958625793457 16.9495506286621 17.0273361206055 17.0012493133545 16.777738571167 16.7253494262695 16.6812000274658 16.6440372467041 16.6138782501221 16.5914096832275 16.5854072570801 16.5809936523438 16.5776100158691 16.5749359130859 16.5671329498291 16.534423828125 16.5017127990723 16.4690036773682 16.4362945556641 16.40358543396 16.3708763122559 16.3381671905518 16.3054580688477 16.2727470397949 16.2374362945557 16.1874370574951 16.1374378204346 16.0874404907227 16.0374412536621 15.9874420166016 15.9374437332153 15.8874454498291 15.8374462127686 15.7874479293823 15.7364912033081 15.6783447265625 15.6201992034912 15.5620527267456 15.50390625 15.4457607269287 15.3876142501831 15.3294687271118 15.2713222503662 15.2131757736206 15.1513690948486 15.0499639511108 14.9485578536987 14.8471527099609 14.7457475662231
-3.4e+38 -3.4e+38 16.9414978027344 16.934663772583 16.9228973388672 17.004674911499 16.7758007049561 16.7455024719238 16.6976127624512 16.6591167449951 16.6254482269287 16.5968341827393 16.5663089752197 16.5663089752197 16.5663089752197 16.5663089752197 16.5663089752197 16.5603199005127 16.5276737213135 16.4950275421143 16.462381362915 16.4297351837158 16.3970890045166 16.3644428253174 16.3317966461182 16.2991504669189 16.2665042877197 16.2311725616455 16.1806983947754 16.1302223205566 16.0797462463379 16.0292701721191 15.9787940979004 15.928318977356 15.8778429031372 15.8273668289185 15.776891708374 15.7254428863525 15.6666975021362 15.6079521179199 15.5492067337036 15.490460395813 15.4317150115967 15.3729696273804 15.3142242431641 15.2554779052734 15.1967325210571 15.1343250274658 15.0323066711426 14.9302883148193 14.8282699584961 14.7262516021729
-3.4e+38 16.92795753479 16.9222221374512 16.9131164550781 16.8996086120605 16.7755508422852 16.7548942565918 16.7266883850098 16.6830711364746 16.6494903564453 16.6189308166504 16.5932388305664 16.5663089752197 16.5663089752197 16.5663089752197 16.5663089752197 16.5663089752197 16.5603199005127 16.5276737213135 16.4950275421143 16.462381362915 16.4297351837158 16.3970890045166 16.3644428253174 16.3317966461182 16.2991504669189 16.2665042877197 16.2311725616455 16.1806983947754 16.1302223205566 16.0797462463379 16.0292701721191 15.9787940979004 15.928318977356 15.8778429031372 15.8273668289185 15.776891708374 15.7254428863525 15.6666975021362 15.6079521179199 15.5492067337036 15.490460395813 15.4317150115967 15.3729696273804 15.3142242431641 15.2554779052734 15.1967325210571 15.1343250274658 15.0323066711426 14.9302883148193 14.8282699584961 14.7262516021729
-3.4e+38 16.9120006561279 16.9044551849365 16.8937511444092 16.5663089752197 16.7573833465576 16.7377815246582 16.7114505767822 16.6714305877686 16.6420726776123 16.6139717102051 16.5905418395996 16.5663089752197 16.5663089752197 16.5663089752197 16.5663089752197 16.5663089752197 16.5603199005127 16.5276737213135 16.4950275421143 16.462381362915 16.4297351837158 16.3970890045166 16.3644428253174 16.3317966461182 16.2991504669189 16.2665042877197 16.2311725616455 16.1806983947754 16.1302223205566 16.0797462463379 16.0292701721191 15.9787940979004 15.928318977356 15.8778429031372 15.8273668289185 15.776891708374 15.7254428863525 15.6666975021362 15.6079521179199 15.5492067337036 15.490460395813 15.4317150115967 15.3729696273804 15.3142242431641 15.2554779052734 15.1967325210571 15.1343250274658 15.0323066711426 14.9302883148193 14.8282699584961 14.7262516021729
-3.4e+38 -3.4e+38 -3.4e+38 16.5663089752197 16.5663089752197 16.7421188354492 16.7235164642334 16.6988563537598 16.6674556732178 16.6362648010254 16.6101264953613 16.5884704589844 16.5663089752197 16.5663089752197 16.5663089752197 16.5663089752197 16.5663089752197 16.5603199005127 16.5276737213135 16.4950275421143 16.462381362915 16.4297351837158 16.3970890045166 16.3644428253174 16.3317966461182 16.2991504669189 16.2665042877197 16.2311725616455 16.1806983947754 16.1302223205566 16.0797462463379 16.0292701721191 15.9787940979004 15.928318977356 15.8778429031372 15.8273668289185 15.776891708374 15.7254428863525 15.6666975021362 15.6079521179199 15.5492067337036 15.490460395813 15.4317150115967 15.3729696273804 15.3142242431641 15.2554779052734 15.1967325210571 15.1343250274658 15.0323066711426 14.9302883148193 14.8282699584961 14.7262516021729
-3.4e+38 -3.4e+38 -3.4e+38 -3.4e+38 -3.4e+38 -3.4e+38 16.7114429473877 16.6882724761963 16.6608180999756 16.6316833496094 16.6071186065674 16.5868625640869 16.5663089752197 16.5663089752197 16.5663089752197 16.5663089752197 16.5663089752197 16.5603199005127 16.5276737213135 16.4950275421143 16.462381362915 16.4297351837158 16.3970890045166 16.3644428253174 16.3317966461182 16.2991504669189 16.2665042877197 16.2311725616455 16.1806983947754 16.1302223205566 16.0797462463379 16.0292701721191 15.9787940979004 15.928318977356 15.8778429031372 15.8273668289185 15.776891708374 15.7254428863525 15.6666975021362 15.6079521179199 15.5492067337036 15.490460395813 15.4317150115967 15.3729696273804 15.3142242431641 15.2554779052734 15.1967325210571 15.1343250274658 15.0323066711426 14.9302883148193 14.8282699584961 14.7262516021729
-3.4e+38 -3.4e+38 -3.4e+38 -3.4e+38 -3.4e+38 -3.4e+38 -3.4e+38 -3.4e+38 16.6554431915283 16.6280860900879 16.604772567749 16.5856189727783 16.5663089752197 16.5663089752197 16.5663089752197 16.5663089752197 16.5663089752197 16.5603199005127 16.5276737213135 16.4950275421143 16.462381362915 16.4297351837158 16.3970890045166 16.3644428253174 16.3317966461182 16.2991504669189 16.2665042877197 16.2311725616455 16.1806983947754 16.1302223205566 16.0797462463379 16.0292701721191 15.9787940979004 15.928318977356 15.8778429031372 15.8273668289185 15.776891708374 15.7254428863525 15.6666975021362 15.6079521179199 15.5492067337036 15.490460395813 15.4317150115967 15.3729696273804 15.3142242431641 15.2554779052734 15.1967325210571 15.1343250274658 15.0323066711426 14.9302883148193 14.8282699584961 14.7262516021729
-3.4e+38 -3.4e+38 -3.4e+38 -3.4e+38 -3.4e+38 -3.4e+38 -3.4e+38 -3.4e+38 16.6511058807373 16.625316619873 16.6029834747314 16.5846748352051 16.5663089752197 16.5663089752197 16.5663089752197 16.5663089752197 16.5663089752197 16.5603199005127 16.5276737213135 16.4950275421143 16.462381362915 16.4297351837158 16.3970890045166 16.3644428253174 16.3317966461182 16.2991504669189 16.2665042877197 16.2311725616455 16.1806983947754 16.1302223205566 16.0797462463379 16.0292701721191 15.9787940979004 15.928318977356 15.8778429031372 15.8273668289185 15.776891708374 15.7254428863525 15.6666975021362 15.6079521179199 15.5492067337036 15.490460395813 15.4317150115967 15.3729696273804 15.3142242431641 15.2554779052734 15.1967325210571 15.1343250274658 15.0323066711426 14.9302883148193 14.8282699584961 14.7262516021729
-3.4e+38 -3.4e+38 -3.4e+38 -3.4e+38 -3.4e+38 -3.4e+38 -3.4e+38 -3.4e+38 16.6476516723633 16.623291015625 16.6016883850098 16.5839977264404 16.5663089752197 16.5663089752197 16.5663089752197 16.5663089752197 16.5663089752197 16.5603199005127 16.5276737213135 16.4950275421143 16.462381362915 16.4297351837158 16.3970890045166 16.3644428253174 16.3317966461182 16.2991504669189 16.2665042877197 16.2311725616455 16.1806983947754 16.1302223205566 16.0797462463379 16.0292701721191 15.9787940979004 15.928318977356 15.8778429031372 15.8273668289185 15.776891708374 15.7254428863525 15.6666975021362 15.6079521179199 15.5492067337036 15.490460395813 15.4317150115967 15.3729696273804 15.3142242431641 15.2554779052734 15.1967325210571 15.1343250274658 15.0323066711426 14.9302883148193 14.8282699584961 14.7262516021729
-3.4e+38 -3.4e+38 -3.4e+38 -3.4e+38 -3.4e+38 -3.4e+38 -3.4e+38 -3.4e+38 16.6449871063232 16.6219863891602 16.6008758544922 16.5835800170898 16.5663089752197 16.5663089752197 16.5663089752197 16.5663089752197 16.5663089752197 16.5603199005127 16.5276737213135 16.4950275421143 16.462381362915 16.4297351837158 16.3970890045166 16.3644428253174 16.3317966461182 16.2991504669189 16.2665042877197 16.2311725616455 16.1806983947754 16.1302223205566 16.0797462463379 16.0292701721191 15.9787940979004 15.928318977356 15.8778429031372 15.8273668289185 15.776891708374 15.7254428863525 15.6666975021362 15.6079521179199 15.5492067337036 15.490460395813 15.4317150115967 15.3729696273804 15.3142242431641 15.2554779052734 15.1967325210571 15.1343250274658 15.0323066711426 14.9302883148193 14.8282699584961 14.7262516021729
-3.4e+38 -3.4e+38 -3.4e+38 -3.4e+38 -3.4e+38 -3.4e+38 -3.4e+38 -3.4e+38 16.6459541320801 16.624303817749 16.6036052703857 16.5863552093506 16.5663089752197 16.5663089752197 16.5663089752197 16.5663089752197 16.5663089752197 16.5603199005127 16.5276737213135 16.4950275421143 16.462381362915 16.4297351837158 16.3970890045166 16.3644428253174 16.3317966461182 16.2991504669189 16.2665042877197 16.2311725616455 16.1806983947754 16.1302223205566 16.0797462463379 16.0292701721191 15.9787940979004 15.928318977356 15.8778429031372 15.8273668289185 15.776891708374 15.7254428863525 15.6666975021362 15.6079521179199 15.5492067337036 15.490460395813 15.4317150115967 15.3729696273804 15.3142242431641 15.2554779052734 15.1967325210571 15.1343250274658 15.0323066711426 14.9302883148193 14.8282699584961 14.7262516021729
-3.4e+38 -3.4e+38 -3.4e+38 -3.4e+38 -3.4e+38 -3.4e+38 -3.4e+38 -3.4e+38 16.6076240539551 16.6032180786133 16.5927639007568 16.5846652984619 16.5743007659912 16.5710468292236 16.5686168670654 16.5667324066162 16.5652294158936 16.558198928833 16.5254287719727 16.4926605224609 16.4598922729492 16.4271240234375 16.3943557739258 16.3615875244141 16.3288192749023 16.2960510253906 16.2632827758789 16.2277431488037 16.1765632629395 16.1253814697266 16.0742015838623 16.0230197906494 15.9718389511108 15.9206590652466 15.869478225708 15.8182973861694 15.7671165466309 15.7149791717529 15.6556606292725 15.596342086792 15.5370235443115 15.4777059555054 15.4183874130249 15.3590688705444 15.299750328064 15.2404327392578 15.1811141967773 15.1180553436279 15.0145425796509 14.9110288619995 14.8075151443481 14.7040023803711
-3.4e+38 -3.4e+38 -3.4e+38 -3.4e+38 -3.4e+38 -3.4e+38 -3.4e+38 -3.4e+38 -3.4e+38 16.6147918701172 16.6034278869629 16.5948753356934 16.5852146148682 16.5778121948242 16.5720233917236 16.5673751831055 16.5635566711426 16.5548648834229 16.5219039916992 16.4889450073242 16.4559841156006 16.423023223877 16.390064239502 16.3571033477783 16.3241424560547 16.2911834716797 16.2582225799561 16.2223529815674 16.1700649261475 16.1177749633789 16.065486907959 16.0131988525391 15.9609098434448 15.9086208343506 15.8563327789307 15.8040437698364 15.7517557144165 15.6985349655151 15.63831615448 15.5780982971191 15.5178804397583 15.4576616287231 15.3974437713623 15.3372249603271 15.2770071029663 15.2167892456055 15.1565704345703 15.0924892425537 14.986626625061 14.8807640075684 14.7749013900757 14.6690378189087
-3.4e+38 -3.4e+38 -3.4e+38 -3.4e+38 -3.4e+38 -3.4e+38 -3.4e+38 -3.4e+38 -3.4e+38 16.6260433197021 16.6132659912109 16.6038303375244 16.5945129394531 16.5838661193848 16.5751914978027 16.5679893493652 16.5619125366211 16.5515308380127 16.5183792114258 16.4852275848389 16.4520740509033 16.4189224243164 16.3857707977295 16.3526172637939 16.319465637207 16.2863140106201 16.2531623840332 16.2169628143311 16.1635665893555 16.1101684570312 16.0567722320557 16.0033760070801 15.9499807357788 15.8965835571289 15.8431873321533 15.7897911071777 15.7363948822021 15.6820907592773 15.6209726333618 15.5598545074463 15.4987363815308 15.4376182556152 15.3765001296997 15.3153810501099 15.2542629241943 15.1931447982788 15.1320266723633 15.0669231414795 14.9587106704712 14.8504981994629 14.7422866821289 14.6340742111206
-3.4e+38 -3.4e+38 -3.4e+38 -3.4e+38 -3.4e+38 -3.4e+38 -3.4e+38 -3.4e+38 16.66676902771 16.6513385772705 16.6230926513672 16.6120185852051 16.6025276184082 16.5893135070801 16.5781440734863 16.5685806274414 16.5602970123291 16.5481986999512 16.5148544311523 16.4815101623535 16.4481658935547 16.4148216247559 16.381477355957 16.3481330871582 16.3147888183594 16.2814445495605 16.2481002807617 16.2115707397461 16.1570682525635 16.1025638580322 16.048059463501 15.9935550689697 15.9390506744385 15.8845462799072 15.8300428390503 15.775538444519 15.7210340499878 15.6656465530396 15.6036281585693 15.5416107177734 15.4795923233032 15.417573928833 15.3555555343628 15.2935380935669 15.2315196990967 15.1695013046265 15.1074829101562 15.0413570404053 14.9307956695557 14.8202333450317 14.7096719741821 14.5991096496582
-3.4e+38 -3.4e+38 -3.4e+38 -3.4e+38 -3.4e+38 -3.4e+38 -3.4e+38 -3.4e+38 -3.4e+38 16.660041809082 16.6385078430176 16.620361328125 16.6095085144043 16.5942401885986 16.5809020996094 16.5691471099854 16.5587100982666 16.544864654541 16.5113277435303 16.4777927398682 16.4442558288574 16.4107208251953 16.3771839141846 16.3436489105225 16.3101119995117 16.2765769958496 16.2430400848389 16.2061805725098 16.1505699157715 16.0949573516846 16.0393447875977 15.9837331771851 15.9281215667725 15.8725090026855 15.8168973922729 15.7612857818604 15.7056732177734 15.6492023468018 15.5862846374512 15.5233659744263 15.4604482650757 15.3975296020508 15.3346118927002 15.2716941833496 15.2087755203247 15.1458578109741 15.0829401016235 15.0157909393311 14.9028797149658 14.7899684906006 14.6770572662354 14.5641460418701
-3.4e+38 -3.4e+38 -3.4e+38 -3.4e+38 -3.4e+38 -3.4e+38 -3.4e+38 -3.4e+38 -3.4e+38 16.6798820495605 16.6558055877686 16.6345500946045 16.6156444549561 16.5987205505371 16.5834827423096 16.5696907043457 16.5571479797363 16.5415306091309 16.5078029632568 16.4740753173828 16.4403476715088 16.4066200256348 16.3728904724121 16.3391628265381 16.3054351806641 16.27170753479 16.237979888916 16.2007904052734 16.1440715789795 16.0873508453369 16.030632019043 15.9739112854004 15.9171915054321 15.8604717254639 15.8037519454956 15.7470321655273 15.6903123855591 15.632758140564 15.5689401626587 15.5051221847534 15.4413042068481 15.3774862289429 15.3136682510376 15.2498502731323 15.1860322952271 15.1222143173218 15.0583963394165 14.9902248382568 14.874963760376 14.7597036361694 14.6444425582886 14.5291814804077
-3.4e+38 -3.4e+38 -3.4e+38 -3.4e+38 -3.4e+38 -3.4e+38 -3.4e+38 -3.4e+38 -3.4e+38 16.6859283447266 16.6624183654785 16.6408805847168 16.6210784912109 16.6028099060059 16.5859050750732 16.5702133178711 16.5556125640869 16.5381984710693 16.5042781829834 16.4703578948975 16.4364376068115 16.4025173187256 16.3685989379883 16.3346786499023 16.3007583618164 16.2668380737305 16.2329177856445 16.1954002380371 16.1375732421875 16.0797443389893 16.0219173431396 15.9640893936157 15.9062623977661 15.8484344482422 15.7906074523926 15.7327795028687 15.6749515533447 15.6163139343262 15.5515966415405 15.4868783950806 15.4221601486206 15.3574419021606 15.292724609375 15.228006362915 15.1632881164551 15.0985708236694 15.0338525772095 14.9646577835083 14.8470478057861 14.729437828064 14.6118278503418 14.4942178726196
-3.4e+38 -3.4e+38 -3.4e+38 -3.4e+38 -3.4e+38 -3.4e+38 -3.4e+38 -3.4e+38 -3.4e+38 16.6908206939697 16.6679592132568 16.6463623046875 16.6259250640869 16.6065578460693 16.5881805419922 16.5707168579102 16.5541019439697 16.5348644256592 16.5007514953613 16.4666404724121 16.4325294494629 16.398416519165 16.3643054962158 16.330192565918 16.2960815429688 16.2619686126709 16.2278575897217 16.1900100708008 16.1310729980469 16.0721378326416 16.0132026672363 15.9542675018311 15.8953323364258 15.8363971710205 15.7774620056152 15.71852684021 15.6595907211304 15.5998697280884 15.534252166748 15.4686346054077 15.4030160903931 15.3373985290527 15.2717800140381 15.2061624526978 15.1405448913574 15.0749263763428 15.0093088150024 14.9390916824341 14.8191328048706 14.6991729736328 14.579213142395 14.4592533111572
-3.4e+38 -3.4e+38 -3.4e+38 -3.4e+38 -3.4e+38 -3.4e+38 -3.4e+38 -3.4e+38 16.717752456665 16.6948623657227 16.6726722717285 16.6511535644531 16.6302738189697 16.6100063323975 16.5903244018555 16.5712032318115 16.5526180267334 16.531530380249 16.4972267150879 16.4629230499268 16.4286193847656 16.3943157196045 16.3600120544434 16.3257083892822 16.2914047241211 16.25710105896 16.2227973937988 16.1846179962158 16.1245746612549 16.0645332336426 16.0044898986816 15.9444465637207 15.8844032287598 15.8243598937988 15.7643165588379 15.704273223877 15.644229888916 15.5834255218506 15.5169076919556 15.4503898620605 15.3838720321655 15.3173542022705 15.2508363723755 15.1843185424805 15.1178007125854 15.0512828826904 14.9847650527954 14.9135255813599 14.7912168502808 14.6689081192017 14.5465984344482 14.4242897033691
