R_scripts/int_process_data/Bio_17.asc
NCOLS 281 
NROWS 576 
XLLCORNER 81175.2677831308 
YLLCORNER 88.2293212990044 
CELLSIZE 1000 
NODATA_value -3.4e+38 
[rows 322 to 344 of 576, columns 104 to 155 of 281]
0.813568830490112 0.818039298057556 0.822509706020355 0.826980173587799 0.831450641155243 0.835984468460083 0.841681241989136 0.847378075122833 0.853074848651886 0.858771681785583 0.864468455314636 0.870165288448334 0.875862061977386 0.881558895111084 0.887255668640137 0.892829775810242 0.891976594924927 0.891123414039612 0.890270233154297 0.889416992664337 0.888563811779022 0.887710630893707 0.886857450008392 0.886004269123077 0.885151088237762 0.884297907352448 0.877745747566223 0.871111392974854 0.864477038383484 0.857842683792114 0.851208329200745 0.844573974609375 0.837939620018005 0.831305265426636 0.824670910835266 0.818036556243896 0.804614782333374 0.790856957435608 0.777099192142487 0.763341426849365 0.749583601951599 0.735825836658478 0.722068071365356 0.70831024646759 0.694552481174469 0.680794656276703 0.679915308952332 0.680157542228699 0.680399775505066 0.680642008781433 0.6808842420578 0.681126475334167
0.807639241218567 0.812216818332672 0.816794395446777 0.821371972560883 0.825949549674988 0.830584466457367 0.836272299289703 0.841960072517395 0.847647905349731 0.853335678577423 0.85902351140976 0.864711344242096 0.870399117469788 0.876086950302124 0.881774723529816 0.887338399887085 0.88639885187149 0.885459303855896 0.884519755840302 0.883580207824707 0.882640659809113 0.881701111793518 0.880761563777924 0.879822015762329 0.878882467746735 0.87794291973114 0.871348440647125 0.864672422409058 0.85799640417099 0.851320385932922 0.8446444272995 0.837968409061432 0.831292390823364 0.824616372585297 0.817940354347229 0.811264336109161 0.797873854637146 0.784150958061218 0.770428121089935 0.756705224514008 0.742982387542725 0.729259490966797 0.715536653995514 0.701813757419586 0.688090920448303 0.674368023872375 0.673533082008362 0.673820436000824 0.674107849597931 0.674395263195038 0.674682676792145 0.674970090389252
0.808146476745605 0.812961220741272 0.817776024341583 0.82259076833725 0.827405512332916 0.83224356174469 0.837508797645569 0.842774033546448 0.848039209842682 0.853304445743561 0.858569622039795 0.863834857940674 0.869100093841553 0.874365270137787 0.879630506038666 0.884778678417206 0.883794963359833 0.882811307907104 0.881827592849731 0.880843937397003 0.87986022233963 0.878876566886902 0.877892851829529 0.876909136772156 0.875925481319427 0.874941766262054 0.868314325809479 0.861605405807495 0.854896545410156 0.848187685012817 0.841478765010834 0.834769904613495 0.828061044216156 0.821352124214172 0.814643263816833 0.807934403419495 0.79461395740509 0.780966281890869 0.767318606376648 0.753670930862427 0.740023255348206 0.726375579833984 0.712727904319763 0.699080228805542 0.685432493686676 0.671784818172455 0.670929551124573 0.671188294887543 0.671447038650513 0.671705842018127 0.671964585781097 0.672223389148712
0.808653712272644 0.813705682754517 0.818757653236389 0.823809564113617 0.82886153459549 0.833902657032013 0.838745296001434 0.843587934970856 0.848430514335632 0.853273153305054 0.858115792274475 0.862958431243896 0.867801010608673 0.872643649578094 0.877486288547516 0.882218956947327 0.881191074848175 0.880163252353668 0.879135429859161 0.878107607364655 0.877079784870148 0.876051962375641 0.875024139881134 0.873996317386627 0.87296849489212 0.871940672397614 0.865280151367188 0.858538389205933 0.851796627044678 0.845054924488068 0.838313162326813 0.831571400165558 0.824829697608948 0.818087935447693 0.811346173286438 0.804604411125183 0.791354119777679 0.77778160572052 0.764209091663361 0.750636637210846 0.737064123153687 0.723491609096527 0.709919095039368 0.696346640586853 0.682774126529694 0.669201612472534 0.668326020240784 0.668556153774261 0.668786287307739 0.669016420841217 0.66924649477005 0.669476628303528
0.809160947799683 0.814450085163116 0.81973922252655 0.825028359889984 0.830317556858063 0.835561752319336 0.8399817943573 0.844401836395264 0.848821878433228 0.853241860866547 0.85766190290451 0.862081944942474 0.866501986980438 0.870922029018402 0.875342071056366 0.879659175872803 0.878587245941162 0.877515256404877 0.876443326473236 0.875371336936951 0.874299347400665 0.873227417469025 0.872155427932739 0.871083498001099 0.870011508464813 0.868939518928528 0.862245976924896 0.85547137260437 0.848696768283844 0.841922163963318 0.835147559642792 0.828372955322266 0.821598291397095 0.814823687076569 0.808049082756042 0.801274478435516 0.788094222545624 0.774596929550171 0.761099636554718 0.74760228395462 0.734104990959167 0.720607697963715 0.707110345363617 0.693613052368164 0.680115759372711 0.666618406772614 0.665722489356995 0.665923953056335 0.666125476360321 0.666326940059662 0.666528463363647 0.666729927062988
0.809668183326721 0.815194547176361 0.820720851421356 0.826247215270996 0.831773519515991 0.837220847606659 0.841218292713165 0.845215737819672 0.849213182926178 0.853210628032684 0.857208073139191 0.861205518245697 0.865202963352203 0.86920040845871 0.873197853565216 0.877099454402924 0.875983357429504 0.874867260456085 0.873751163482666 0.872635066509247 0.871518969535828 0.870402812957764 0.869286715984344 0.868170619010925 0.867054522037506 0.865938425064087 0.85921186208725 0.852404356002808 0.84559690952301 0.838789403438568 0.831981897354126 0.825174450874329 0.818366944789886 0.811559498310089 0.804751992225647 0.79794454574585 0.784834384918213 0.771412253379822 0.757990121841431 0.74456799030304 0.731145858764648 0.717723727226257 0.704301595687866 0.690879464149475 0.677457332611084 0.664035201072693 0.663118958473206 0.663291811943054 0.663464665412903 0.663637518882751 0.6638103723526 0.663983225822449
0.81017541885376 0.815938949584961 0.821702480316162 0.827466011047363 0.833229541778564 0.838879942893982 0.842454791069031 0.84602963924408 0.849604487419128 0.853179335594177 0.856754183769226 0.860329031944275 0.863903880119324 0.867478728294373 0.871053576469421 0.874539732933044 0.873379468917847 0.872219264507294 0.871059000492096 0.869898736476898 0.868738532066345 0.867578268051147 0.86641800403595 0.865257799625397 0.864097535610199 0.862937271595001 0.856177687644958 0.849337339401245 0.842496991157532 0.835656642913818 0.828816294670105 0.821975946426392 0.815135598182678 0.808295249938965 0.801454901695251 0.794614553451538 0.781574487686157 0.768227577209473 0.754880607128143 0.741533696651459 0.728186726570129 0.714839816093445 0.701492846012115 0.688145875930786 0.674798965454102 0.661451995372772 0.660515427589417 0.660659670829773 0.660803854465485 0.660948097705841 0.661092281341553 0.661236524581909
0.810682654380798 0.816683351993561 0.822684109210968 0.82868480682373 0.834685504436493 0.840539038181305 0.843691289424896 0.846843540668488 0.849995791912079 0.853148102760315 0.856300354003906 0.859452605247498 0.862604856491089 0.86575710773468 0.868909358978271 0.871980011463165 0.870775640010834 0.869571268558502 0.868366837501526 0.867162466049194 0.865958094596863 0.864753723144531 0.863549292087555 0.862344920635223 0.861140549182892 0.85993617773056 0.853143513202667 0.846270322799683 0.839397132396698 0.832523882389069 0.825650691986084 0.818777441978455 0.81190425157547 0.805031061172485 0.798157811164856 0.791284620761871 0.778314650058746 0.765042901039124 0.751771152019501 0.738499343395233 0.72522759437561 0.711955845355988 0.698684096336365 0.685412347316742 0.672140598297119 0.658868789672852 0.657911896705627 0.658027470111847 0.658143043518066 0.658258616924286 0.658374190330505 0.658489763736725
0.811189889907837 0.817427814006805 0.823665738105774 0.829903602600098 0.836141526699066 0.842198133468628 0.844927787780762 0.847657442092896 0.850387156009674 0.853116810321808 0.855846464633942 0.858576118946075 0.861305832862854 0.864035487174988 0.866765141487122 0.869420289993286 0.868171751499176 0.866923213005066 0.865674734115601 0.86442619562149 0.86317765712738 0.86192911863327 0.86068058013916 0.859432101249695 0.858183562755585 0.856935024261475 0.850109398365021 0.84320330619812 0.836297214031219 0.829391121864319 0.822485089302063 0.815578997135162 0.808672904968262 0.801766812801361 0.79486072063446 0.787954688072205 0.775054752826691 0.761858224868774 0.748661637306213 0.735465049743652 0.722268462181091 0.709071934223175 0.695875346660614 0.682678759098053 0.669482171535492 0.656285583972931 0.655308365821838 0.655395328998566 0.655482232570648 0.655569195747375 0.655656158924103 0.655743062496185
0.811697125434875 0.818172216415405 0.824647307395935 0.83112245798111 0.837597548961639 0.843857228755951 0.846164286136627 0.848471403121948 0.850778460502625 0.853085517883301 0.855392634868622 0.857699692249298 0.860006749629974 0.862313866615295 0.864620923995972 0.866860568523407 0.865567862987518 0.864275217056274 0.862982571125031 0.861689925193787 0.860397219657898 0.859104573726654 0.85781192779541 0.856519222259521 0.855226576328278 0.853933930397034 0.847075223922729 0.840136289596558 0.833197355270386 0.826258361339569 0.819319427013397 0.812380492687225 0.805441558361053 0.798502624034882 0.79156368970871 0.784624695777893 0.77179491519928 0.758673548698425 0.745552122592926 0.732430756092072 0.719309329986572 0.706187963485718 0.693066596984863 0.679945170879364 0.66682380437851 0.65370237827301 0.652704834938049 0.65276312828064 0.652821481227875 0.652879774570465 0.652938067913055 0.652996361255646
0.812204360961914 0.81891667842865 0.825628936290741 0.832341253757477 0.839053511619568 0.845516324043274 0.847400784492493 0.849285304546356 0.851169764995575 0.853054285049438 0.854938745498657 0.856823205947876 0.85870772600174 0.860592186450958 0.862476706504822 0.864300847053528 0.862964034080505 0.861627221107483 0.86029040813446 0.858953595161438 0.857616782188416 0.856280028820038 0.854943215847015 0.853606402873993 0.85226958990097 0.850932776927948 0.844041049480438 0.837069272994995 0.830097436904907 0.823125660419464 0.816153824329376 0.809181988239288 0.802210211753845 0.795238375663757 0.788266599178314 0.781294763088226 0.768535077571869 0.755488872528076 0.742442667484283 0.729396402835846 0.716350197792053 0.70330399274826 0.690257787704468 0.677211582660675 0.664165377616882 0.65111917257309 0.65010130405426 0.650130987167358 0.650160670280457 0.65019029378891 0.650219976902008 0.650249660015106
0.812662065029144 0.819588422775269 0.826514720916748 0.833441078662872 0.840367376804352 0.847013413906097 0.848516583442688 0.850019752979279 0.851522862911224 0.853026032447815 0.854529201984406 0.856032371520996 0.857535481452942 0.859038650989532 0.860541820526123 0.861990988254547 0.860614359378815 0.859237730503082 0.85786110162735 0.856484472751617 0.855107843875885 0.853731215000153 0.85235458612442 0.850977957248688 0.849601268768311 0.848224639892578 0.841303169727325 0.834301650524139 0.827300190925598 0.820298731327057 0.813297271728516 0.806295812129974 0.799294352531433 0.792292833328247 0.785291373729706 0.778289914131165 0.765593469142914 0.752615094184875 0.739636719226837 0.726658344268799 0.713680028915405 0.700701653957367 0.687723278999329 0.67474490404129 0.661766529083252 0.648788213729858 0.647751986980438 0.647755801677704 0.647759616374969 0.647763431072235 0.647767245769501 0.647771060466766
0.812662065029144 0.819588422775269 0.826514720916748 0.833441078662872 0.840367376804352 0.847013413906097 0.848516583442688 0.850019752979279 0.851522862911224 0.853026032447815 0.854529201984406 0.856032371520996 0.857535481452942 0.859038650989532 0.860541820526123 0.861990988254547 0.860614359378815 0.859237730503082 0.85786110162735 0.856484472751617 0.855107843875885 0.853731215000153 0.85235458612442 0.850977957248688 0.849601268768311 0.848224639892578 0.841303169727325 0.834301650524139 0.827300190925598 0.820298731327057 0.813297271728516 0.806295812129974 0.799294352531433 0.792292833328247 0.785291373729706 0.778289914131165 0.765593469142914 0.752615094184875 0.739636719226837 0.726658344268799 0.713680028915405 0.700701653957367 0.687723278999329 0.67474490404129 0.661766529083252 0.648788213729858 0.647751986980438 0.647755801677704 0.647759616374969 0.647763431072235 0.647767245769501 0.647771060466766
0.812662065029144 0.819588422775269 0.826514720916748 0.833441078662872 0.840367376804352 0.847013413906097 0.848516583442688 0.850019752979279 0.851522862911224 0.853026032447815 0.854529201984406 0.856032371520996 0.857535481452942 0.859038650989532 0.860541820526123 0.861990988254547 0.860614359378815 0.859237730503082 0.85786110162735 0.856484472751617 0.855107843875885 0.853731215000153 0.85235458612442 0.850977957248688 0.849601268768311 0.848224639892578 0.841303169727325 0.834301650524139 0.827300190925598 0.820298731327057 0.813297271728516 0.806295812129974 0.799294352531433 0.792292833328247 0.785291373729706 0.778289914131165 0.765593469142914 0.752615094184875 0.739636719226837 0.726658344268799 0.713680028915405 0.700701653957367 0.687723278999329 0.67474490404129 0.661766529083252 0.648788213729858 0.647751986980438 0.647755801677704 0.647759616374969 0.647763431072235 0.647767245769501 0.647771060466766
0.812662065029144 0.819588422775269 0.826514720916748 0.833441078662872 0.840367376804352 0.847013413906097 0.848516583442688 0.850019752979279 0.851522862911224 0.853026032447815 0.854529201984406 0.856032371520996 0.857535481452942 0.859038650989532 0.860541820526123 0.861990988254547 0.860614359378815 0.859237730503082 0.85786110162735 0.856484472751617 0.855107843875885 0.853731215000153 0.85235458612442 0.850977957248688 0.849601268768311 0.848224639892578 0.841303169727325 0.834301650524139 0.827300190925598 0.820298731327057 0.813297271728516 0.806295812129974 0.799294352531433 0.792292833328247 0.785291373729706 0.778289914131165 0.765593469142914 0.752615094184875 0.739636719226837 0.726658344268799 0.713680028915405 0.700701653957367 0.687723278999329 0.67474490404129 0.661766529083252 0.648788213729858 0.647751986980438 0.647755801677704 0.647759616374969 0.647763431072235 0.647767245769501 0.647771060466766
0.812662065029144 0.819588422775269 0.826514720916748 0.833441078662872 0.840367376804352 0.847013413906097 0.848516583442688 0.850019752979279 0.851522862911224 0.853026032447815 0.854529201984406 0.856032371520996 0.857535481452942 0.859038650989532 0.860541820526123 0.861990988254547 0.860614359378815 0.859237730503082 0.85786110162735 0.856484472751617 0.855107843875885 0.853731215000153 0.85235458612442 0.850977957248688 0.849601268768311 0.848224639892578 0.841303169727325 0.834301650524139 0.827300190925598 0.820298731327057 0.813297271728516 0.806295812129974 0.799294352531433 0.792292833328247 0.785291373729706 0.778289914131165 0.765593469142914 0.752615094184875 0.739636719226837 0.726658344268799 0.713680028915405 0.700701653957367 0.687723278999329 0.67474490404129 0.661766529083252 0.648788213729858 0.647751986980438 0.647755801677704 0.647759616374969 0.647763431072235 0.647767245769501 0.647771060466766
0.812662065029144 0.819588422775269 0.826514720916748 0.833441078662872 0.840367376804352 0.847013413906097 0.848516583442688 0.850019752979279 0.851522862911224 0.853026032447815 0.854529201984406 0.856032371520996 0.857535481452942 0.859038650989532 0.860541820526123 0.861990988254547 0.860614359378815 0.859237730503082 0.85786110162735 0.856484472751617 0.855107843875885 0.853731215000153 0.85235458612442 0.850977957248688 0.849601268768311 0.848224639892578 0.841303169727325 0.834301650524139 0.827300190925598 0.820298731327057 0.813297271728516 0.806295812129974 0.799294352531433 0.792292833328247 0.785291373729706 0.778289914131165 0.765593469142914 0.752615094184875 0.739636719226837 0.726658344268799 0.713680028915405 0.700701653957367 0.687723278999329 0.67474490404129 0.661766529083252 0.648788213729858 0.647751986980438 0.647755801677704 0.647759616374969 0.647763431072235 0.647767245769501 0.647771060466766
0.812662065029144 0.819588422775269 0.826514720916748 0.833441078662872 0.840367376804352 0.847013413906097 0.848516583442688 0.850019752979279 0.851522862911224 0.853026032447815 0.854529201984406 0.856032371520996 0.857535481452942 0.859038650989532 0.860541820526123 0.861990988254547 0.860614359378815 0.859237730503082 0.85786110162735 0.856484472751617 0.855107843875885 0.853731215000153 0.85235458612442 0.850977957248688 0.849601268768311 0.848224639892578 0.841303169727325 0.834301650524139 0.827300190925598 0.820298731327057 0.813297271728516 0.806295812129974 0.799294352531433 0.792292833328247 0.785291373729706 0.778289914131165 0.765593469142914 0.752615094184875 0.739636719226837 0.726658344268799 0.713680028915405 0.700701653957367 0.687723278999329 0.67474490404129 0.661766529083252 0.648788213729858 0.647751986980438 0.647755801677704 0.647759616374969 0.647763431072235 0.647767245769501 0.647771060466766
0.812662065029144 0.819588422775269 0.826514720916748 0.833441078662872 0.840367376804352 0.847013413906097 0.848516583442688 0.850019752979279 0.851522862911224 0.853026032447815 0.854529201984406 0.856032371520996 0.857535481452942 0.859038650989532 0.860541820526123 0.861990988254547 0.860614359378815 0.859237730503082 0.85786110162735 0.856484472751617 0.855107843875885 0.853731215000153 0.85235458612442 0.850977957248688 0.849601268768311 0.848224639892578 0.841303169727325 0.834301650524139 0.827300190925598 0.820298731327057 0.813297271728516 0.806295812129974 0.799294352531433 0.792292833328247 0.785291373729706 0.778289914131165 0.765593469142914 0.752615094184875 0.739636719226837 0.726658344268799 0.713680028915405 0.700701653957367 0.687723278999329 0.67474490404129 0.661766529083252 0.648788213729858 0.647751986980438 0.647755801677704 0.647759616374969 0.647763431072235 0.647767245769501 0.647771060466766
0.812662065029144 0.819588422775269 0.826514720916748 0.833441078662872 0.840367376804352 0.847013413906097 0.848516583442688 0.850019752979279 0.851522862911224 0.853026032447815 0.854529201984406 0.856032371520996 0.857535481452942 0.859038650989532 0.860541820526123 0.861990988254547 0.860614359378815 0.859237730503082 0.85786110162735 0.856484472751617 0.855107843875885 0.853731215000153 0.85235458612442 0.850977957248688 0.849601268768311 0.848224639892578 0.841303169727325 0.834301650524139 0.827300190925598 0.820298731327057 0.813297271728516 0.806295812129974 0.799294352531433 0.792292833328247 0.785291373729706 0.778289914131165 0.765593469142914 0.752615094184875 0.739636719226837 0.726658344268799 0.713680028915405 0.700701653957367 0.687723278999329 0.67474490404129 0.661766529083252 0.648788213729858 0.647751986980438 0.647755801677704 0.647759616374969 0.647763431072235 0.647767245769501 0.647771060466766
0.812662065029144 0.819588422775269 0.826514720916748 0.833441078662872 0.840367376804352 0.847013413906097 0.848516583442688 0.850019752979279 0.851522862911224 0.853026032447815 0.854529201984406 0.856032371520996 0.857535481452942 0.859038650989532 0.860541820526123 0.861990988254547 0.860614359378815 0.859237730503082 0.85786110162735 0.856484472751617 0.855107843875885 0.853731215000153 0.85235458612442 0.850977957248688 0.849601268768311 0.848224639892578 0.841303169727325 0.834301650524139 0.827300190925598 0.820298731327057 0.813297271728516 0.806295812129974 0.799294352531433 0.792292833328247 0.785291373729706 0.778289914131165 0.765593469142914 0.752615094184875 0.739636719226837 0.726658344268799 0.713680028915405 0.700701653957367 0.687723278999329 0.67474490404129 0.661766529083252 0.648788213729858 0.647751986980438 0.647755801677704 0.647759616374969 0.647763431072235 0.647767245769501 0.647771060466766
0.812524020671844 0.819432616233826 0.826341211795807 0.833249807357788 0.840158402919769 0.846787095069885 0.84828108549118 0.849775016307831 0.851268947124481 0.852762937545776 0.854256868362427 0.855750799179077 0.857244789600372 0.858738720417023 0.860232651233673 0.861673057079315 0.860307276248932 0.858941495418549 0.857575654983521 0.856209874153137 0.854844093322754 0.853478312492371 0.852112531661987 0.850746750831604 0.849380910396576 0.848015129566193 0.841096818447113 0.834098339080811 0.827099919319153 0.820101499557495 0.813103079795837 0.80610466003418 0.799106240272522 0.792107820510864 0.785109400749207 0.778110980987549 0.76541543006897 0.752437949180603 0.739460468292236 0.726482927799225 0.713505446910858 0.700527966022491 0.68755042552948 0.674572944641113 0.661595463752747 0.648617923259735 0.647580623626709 0.64758312702179 0.64758563041687 0.647588133811951 0.647590696811676 0.647593200206757
0.810389935970306 0.817024171352386 0.823658466339111 0.830292761325836 0.836927056312561 0.84328830242157 0.844640016555786 0.845991671085358 0.847343325614929 0.848695039749146 0.850046694278717 0.851398348808289 0.852750062942505 0.854101717472076 0.855453372001648 0.856757283210754 0.855559170246124 0.854361057281494 0.853162944316864 0.851964831352234 0.850766718387604 0.849568605422974 0.848370492458344 0.847172379493713 0.845974206924438 0.844776093959808 0.837906539440155 0.830955147743225 0.824003756046295 0.81705242395401 0.81010103225708 0.80314964056015 0.79619824886322 0.789246916770935 0.782295525074005 0.775344133377075 0.762663543224335 0.749699354171753 0.736735165119171 0.723770976066589 0.710806787014008 0.697842597961426 0.684878408908844 0.671914219856262 0.65895003080368 0.645985841751099 0.644931077957153 0.6449134349823 0.644895851612091 0.644878208637238 0.644860625267029 0.644842982292175
