R_scripts/int_process_data/Bio_12_2001.2020.asc
NCOLS 281 
NROWS 577 
XLLCORNER 81175.2677831308 
YLLCORNER -911.770678700996 
CELLSIZE 1000 
NODATA_value -3.4e+38 
[rows 399 to 419 of 577, columns 48 to 95 of 281]
1.82541253224144e-08 1.82335035958658e-08 1.82653074887185e-08 1.8243943245011e-08 1.81073893656958e-08 1.81292385548204e-08 1.82009411986428e-08 1.82402200010756e-08 1.82696666684024e-08 1.82953296956612e-08 1.83224067029641e-08 1.83553741095466e-08 1.8389082256931e-08 1.83623125593613e-08 1.8308394800215e-08 1.82530150993898e-08 1.81869594939599e-08 1.81581025771038e-08 1.82199251241855e-08 1.83007866638718e-08 1.83707484779916e-08 1.84244282053214e-08 1.84301480743443e-08 1.83995467750719e-08 1.83618542592967e-08 1.83306401169148e-08 1.83078494586653e-08 1.82863892916885e-08 1.82585040420236e-08 1.82315460506288e-08 1.82083290667379e-08 1.81903487828095e-08 1.81612076488591e-08 1.81201968985079e-08 1.80973085406322e-08 1.80713932707022e-08 1.80366903634877e-08 1.80004935401712e-08 1.79707715375343e-08 1.79424759494395e-08 1.79656503007664e-08 1.80438597396915e-08 1.81081176719999e-08 1.8171826710045e-08 1.82708586038416e-08 1.83766477590552e-08 1.84643553780006e-08 1.85616713110903e-08
1.82091586253819e-08 1.82487429611911e-08 1.81756671935318e-08 1.80688903839155e-08 1.80511854352972e-08 1.80990227249822e-08 1.81817974009846e-08 1.82144024307718e-08 1.82489703348665e-08 1.828328599629e-08 1.83169497347535e-08 1.83509207829502e-08 1.83877677528699e-08 1.84106667688866e-08 1.83769977013526e-08 1.83210460136252e-08 1.82556494365826e-08 1.82323329767087e-08 1.82956263472533e-08 1.83701160949568e-08 1.84317592299976e-08 1.84454318485905e-08 1.84152053606113e-08 1.83807387088564e-08 1.8347405372765e-08 1.83208683779412e-08 1.82967561102032e-08 1.82740187426589e-08 1.82520931701902e-08 1.82250747826629e-08 1.81967116930082e-08 1.81729742365633e-08 1.81358714712587e-08 1.80891124301752e-08 1.80635151281194e-08 1.80393993076677e-08 1.799917903611e-08 1.79622521301326e-08 1.79245898124236e-08 1.78929155936203e-08 1.79283503598526e-08 1.80057213583495e-08 1.80673112026852e-08 1.81384205433233e-08 1.82584720676005e-08 1.83370243433956e-08 1.84194597352416e-08 1.85284108056294e-08
1.81523915898651e-08 1.81525425801965e-08 1.8045778205078e-08 1.80130967919467e-08 1.8030492654475e-08 1.80806001282008e-08 1.81542656463307e-08 1.81867267912139e-08 1.82220478706085e-08 1.82661512582172e-08 1.83042772050612e-08 1.83411330567651e-08 1.83817014942633e-08 1.8428160331041e-08 1.84393922353365e-08 1.83887998161936e-08 1.8343678576116e-08 1.8319632033581e-08 1.83697181910247e-08 1.84398647462558e-08 1.84680981618612e-08 1.84409412185005e-08 1.84031367922444e-08 1.83742141501853e-08 1.83453714441839e-08 1.83160615563338e-08 1.82935426806807e-08 1.82718729035969e-08 1.82499402257008e-08 1.82195165621124e-08 1.81863555326345e-08 1.81502244345211e-08 1.81079027328224e-08 1.80611170463862e-08 1.80337007549269e-08 1.80069488209256e-08 1.79479453521481e-08 1.79022521251682e-08 1.78555481511466e-08 1.78427281838367e-08 1.78966974573314e-08 1.79659771504248e-08 1.80375359093432e-08 1.81374009144974e-08 1.82571948670329e-08 1.8319974870451e-08 1.83911321727237e-08 1.84865900365594e-08
1.79405983402603e-08 1.79646466591521e-08 1.7989124856399e-08 1.80037993402493e-08 1.80131891625024e-08 1.80633907831407e-08 1.81256112341543e-08 1.81643198260417e-08 1.82013728533548e-08 1.82466397546932e-08 1.82910628865329e-08 1.83334929459988e-08 1.83773867235004e-08 1.84228881039417e-08 1.84661068658443e-08 1.8461243200818e-08 -3.4e+38 1.84026607286114e-08 1.844991714961e-08 1.84930826208074e-08 1.84693007554415e-08 1.84335657849033e-08 1.83985662260966e-08 1.83688371180324e-08 1.83372268480753e-08 1.83095618666584e-08 1.82862738284939e-08 1.82635435663769e-08 1.82424120254154e-08 1.82113240043691e-08 1.81746973026975e-08 1.81354291584057e-08 1.80869808019679e-08 1.80354664536253e-08 1.80083219447624e-08 1.79653234511079e-08 1.78998522670781e-08 1.78421402097229e-08 1.77967987013972e-08 1.78037531384234e-08 1.78745107604072e-08 1.7953100339696e-08 1.80346120259856e-08 1.81397812326622e-08 1.82350898825234e-08 1.83016091170884e-08 1.83555961541515e-08 1.84272455072687e-08
1.78366281744502e-08 1.78807528783409e-08 1.79354611162807e-08 1.79678210088241e-08 -3.4e+38 -3.4e+38 1.80969710328327e-08 1.81443020608185e-08 1.81875989824221e-08 1.82333845799576e-08 1.82800476977718e-08 1.83265758124662e-08 1.83731252434427e-08 1.84187243235101e-08 1.84672312997236e-08 1.85048634193663e-08 1.85183974821257e-08 -3.4e+38 1.85170847544214e-08 1.85080342163246e-08 1.84661228530558e-08 1.84293096339161e-08 1.83933366315614e-08 1.83601169823078e-08 1.83280874921365e-08 1.83010868681777e-08 1.82766903833453e-08 1.82565536022139e-08 1.82320398778302e-08 1.8197189532998e-08 1.81567791912585e-08 1.81211596839148e-08 1.80785413306239e-08 1.80217316625431e-08 1.79756387552743e-08 1.79220016605086e-08 1.78690235941303e-08 1.78200316724997e-08 1.77867303108314e-08 1.78138694906238e-08 1.78915016135761e-08 1.79660499810552e-08 1.80490147272394e-08 1.81204899973864e-08 1.81831509848962e-08 1.82703274731466e-08 1.83211597004629e-08 1.83778201545692e-08
1.77992145466987e-08 1.7856539358263e-08 1.79052417337289e-08 1.79438455205627e-08 -3.4e+38 -3.4e+38 1.80916295278166e-08 1.81384862685263e-08 1.81832469081655e-08 1.82242079205253e-08 1.82692012629104e-08 1.8316711702937e-08 1.83678192655634e-08 1.84142550097022e-08 1.84610389197815e-08 1.85110522465948e-08 1.85363138172079e-08 -3.4e+38 -3.4e+38 1.8500475817973e-08 1.84583264228877e-08 1.84237958222866e-08 1.83872828074527e-08 1.83524981878236e-08 1.83184809543491e-08 1.82883326260708e-08 1.82629751321883e-08 1.82413693039507e-08 1.82157755546086e-08 1.81789889808215e-08 1.81364452345179e-08 1.81001826859983e-08 1.80643127123403e-08 1.80137895711141e-08 1.79563315327869e-08 1.79158288204917e-08 1.78847301413043e-08 1.78422148167101e-08 1.78054886390555e-08 1.78359158553576e-08 1.79131216526685e-08 1.79804828803753e-08 1.80609251998476e-08 1.81283965616785e-08 1.81742318972056e-08 1.82637709400524e-08 1.83128783248776e-08 1.83447550483606e-08
1.77769976517084e-08 1.78623995594762e-08 -3.4e+38 -3.4e+38 -3.4e+38 -3.4e+38 -3.4e+38 -3.4e+38 -3.4e+38 1.8250590372304e-08 1.82859682951175e-08 1.83287109933872e-08 1.83786159624333e-08 1.84243322820521e-08 1.8473985008427e-08 1.8531578049874e-08 1.8572105631165e-08 1.85649664530274e-08 1.85394224416768e-08 1.84914874523656e-08 1.84523241131274e-08 1.84195467767267e-08 1.83806587727986e-08 1.83421118293836e-08 1.83059238878513e-08 1.82731838549444e-08 1.82447053020951e-08 1.82186568054021e-08 1.81917059194348e-08 1.8156020686888e-08 1.81172161717313e-08 1.80803123583928e-08 1.80394099658088e-08 1.79923898002698e-08 1.795567783347e-08 1.79504695552168e-08 1.79513026665745e-08 1.78979995268946e-08 1.78175092457877e-08 1.78110735049586e-08 1.78852062049373e-08 1.79675225808751e-08 1.8053388117778e-08 1.81314607772265e-08 1.8183916594694e-08 1.82526402880967e-08 1.82994757125243e-08 1.83251138707874e-08
1.78582570953267e-08 1.79411934198015e-08 -3.4e+38 1.8055732908806e-08 1.8094389986345e-08 -3.4e+38 -3.4e+38 -3.4e+38 -3.4e+38 -3.4e+38 1.83683965815362e-08 1.84094357535969e-08 1.84550881243695e-08 1.85021207244063e-08 1.85518356232706e-08 1.86035080673719e-08 1.86361539533664e-08 -3.4e+38 -3.4e+38 1.84913808709553e-08 1.84479471698751e-08 1.84075599207745e-08 1.83678157128497e-08 1.83299260214653e-08 1.82920345537241e-08 1.82585608854424e-08 1.82273129922805e-08 1.81983939029351e-08 1.81679649102762e-08 1.81333312809784e-08 1.80980315178658e-08 1.80604491362146e-08 1.80152568418634e-08 1.79792554177993e-08 1.79558252710876e-08 1.79599304317435e-08 1.7978175392841e-08 1.79360544194651e-08 1.78420549445946e-08 1.78006640538797e-08 1.7828710952017e-08 1.78955836815931e-08 1.79957559964805e-08 1.80835968421889e-08 1.8144540092635e-08 1.81915318364645e-08 1.82463359976737e-08 1.82829893446979e-08
-3.4e+38 -3.4e+38 -3.4e+38 -3.4e+38 1.81723329717443e-08 1.82145534211031e-08 -3.4e+38 -3.4e+38 -3.4e+38 -3.4e+38 -3.4e+38 1.84981221451608e-08 1.85419306575341e-08 1.85865953739039e-08 1.86359461196162e-08 1.86772393107049e-08 1.86990956052568e-08 -3.4e+38 1.85552426756885e-08 1.84834263450284e-08 1.84331643282576e-08 1.83919546259403e-08 1.8355402531256e-08 1.83191364300228e-08 1.82805468540437e-08 1.82457746689124e-08 1.82136652426834e-08 1.81847479296948e-08 1.81520736219909e-08 1.8117308542287e-08 1.80808541472288e-08 1.80429502449897e-08 1.80095369728406e-08 1.79823604895546e-08 1.79477339656842e-08 1.79302741543097e-08 1.79359034291338e-08 1.7897166415537e-08 1.78341270640203e-08 1.78131749350996e-08 1.7804454799375e-08 1.78478494206047e-08 1.79375447828534e-08 1.8024586267984e-08 1.80755144185696e-08 1.81136101673474e-08 1.81637798135625e-08 1.82049042507515e-08
-3.4e+38 -3.4e+38 -3.4e+38 -3.4e+38 1.82413018023908e-08 1.82984525309848e-08 1.83415185261993e-08 -3.4e+38 -3.4e+38 -3.4e+38 -3.4e+38 1.85721145129492e-08 1.86267570256859e-08 1.86759283593574e-08 1.87130826390103e-08 -3.4e+38 -3.4e+38 -3.4e+38 1.85894855064817e-08 1.84994171092967e-08 1.84253927670852e-08 1.83875847881154e-08 1.83475155068891e-08 1.83077819571054e-08 1.82652808433659e-08 1.82297288375821e-08 1.82014865401925e-08 1.81746937499838e-08 1.81418666755917e-08 1.81064834237077e-08 1.80688157769282e-08 1.80308123987061e-08 1.80030514940199e-08 1.79782322362598e-08 1.79447994241855e-08 1.7916057970524e-08 1.78872685552278e-08 1.78400121342293e-08 1.77965091552323e-08 1.77980119531185e-08 1.77980599147531e-08 1.78113310767003e-08 1.78577810316938e-08 1.79240586817286e-08 1.79740951011809e-08 1.80158394869068e-08 1.80488193279871e-08 1.80856165599153e-08
-3.4e+38 -3.4e+38 -3.4e+38 -3.4e+38 -3.4e+38 1.83811454945726e-08 1.84230994904055e-08 1.84658990320941e-08 -3.4e+38 -3.4e+38 -3.4e+38 -3.4e+38 -3.4e+38 -3.4e+38 -3.4e+38 -3.4e+38 -3.4e+38 1.88069755324705e-08 1.86760029663446e-08 1.85446946687762e-08 1.84217796572739e-08 1.83664212727308e-08 1.83251369634263e-08 1.82885937505262e-08 1.82501285195258e-08 1.82172339435738e-08 1.81917290120737e-08 1.81655650521861e-08 1.81346813121763e-08 1.80994295106984e-08 1.80606853916743e-08 1.80223302947979e-08 1.79891763707474e-08 1.79595964766577e-08 1.79307928505068e-08 1.78997314748131e-08 1.78652026505688e-08 1.78204917489211e-08 1.77721712901757e-08 1.77704286841163e-08 1.77825416614041e-08 1.77760188790899e-08 1.77767773834603e-08 1.78049983645678e-08 1.78485901614067e-08 1.79004082667689e-08 1.79406036693308e-08 1.79724306548223e-08
-3.4e+38 -3.4e+38 -3.4e+38 -3.4e+38 -3.4e+38 -3.4e+38 1.84953705684165e-08 1.85477802006062e-08 1.85872153224409e-08 -3.4e+38 -3.4e+38 -3.4e+38 -3.4e+38 -3.4e+38 -3.4e+38 -3.4e+38 -3.4e+38 1.88401809708694e-08 1.8739365614806e-08 1.86059523343829e-08 1.84515478451885e-08 1.83556263522178e-08 1.83042416779244e-08 1.82674018134321e-08 1.82341253207596e-08 1.82070944987345e-08 1.81812414012938e-08 1.81591914838464e-08 1.81291994749699e-08 1.8090950959504e-08 1.80490236090236e-08 1.80106081160147e-08 1.79771291186626e-08 1.79447177117709e-08 1.79147168211102e-08 1.78794987704123e-08 1.784505876401e-08 1.78010939322348e-08 1.77555516955863e-08 1.7754747005938e-08 1.77555534719431e-08 1.77378272070428e-08 1.77267356349375e-08 1.7737470159318e-08 1.77631171993653e-08 1.78073982226579e-08 1.7858321044173e-08 1.79004278066941e-08
-3.4e+38 -3.4e+38 -3.4e+38 -3.4e+38 -3.4e+38 -3.4e+38 -3.4e+38 -3.4e+38 1.86715372052504e-08 1.87094109094232e-08 1.87617157365594e-08 1.88521358523985e-08 1.88643092258189e-08 -3.4e+38 -3.4e+38 -3.4e+38 -3.4e+38 -3.4e+38 -3.4e+38 1.86573601013151e-08 1.85486808135238e-08 1.84167987526962e-08 1.83103434636678e-08 1.82562818196175e-08 1.82247372748634e-08 1.81990156278289e-08 1.81738357696304e-08 1.81543224897496e-08 1.81236412544195e-08 1.80791452919493e-08 1.8033091464531e-08 1.79945374156887e-08 1.79631598484775e-08 1.79317147797065e-08 1.78992127786159e-08 1.78620549462494e-08 1.78232344438811e-08 1.77797740974484e-08 1.77451102700843e-08 1.77421632940877e-08 1.77372179166468e-08 1.77131642686845e-08 1.77006178603278e-08 1.76989960465335e-08 1.77115282440354e-08 1.77444086091327e-08 1.77884675878204e-08 1.78363244174307e-08
-3.4e+38 -3.4e+38 -3.4e+38 -3.4e+38 -3.4e+38 -3.4e+38 -3.4e+38 -3.4e+38 1.87575039944932e-08 1.87993691724841e-08 1.88388735722356e-08 1.89088353863553e-08 1.89165962893867e-08 1.89417175278095e-08 -3.4e+38 -3.4e+38 -3.4e+38 -3.4e+38 -3.4e+38 1.86951236713639e-08 1.86084552211696e-08 1.84745214681925e-08 1.83570989520376e-08 1.8271672175274e-08 1.82300361473153e-08 1.82009856075638e-08 1.81781558694638e-08 1.81545534161387e-08 1.81136154964179e-08 1.80629662338561e-08 1.80160402152296e-08 1.79780155207254e-08 1.79491319585168e-08 1.79179249215622e-08 1.78843730935796e-08 1.7846042865699e-08 1.78054246902093e-08 1.77688459501724e-08 1.77435257597836e-08 1.77257195588254e-08 1.7719695932783e-08 1.7697928456073e-08 1.76800032392066e-08 1.76641208327055e-08 1.76617316327565e-08 1.76895103010111e-08 1.77263697054286e-08 1.77713879168095e-08
-3.4e+38 -3.4e+38 -3.4e+38 -3.4e+38 -3.4e+38 -3.4e+38 -3.4e+38 -3.4e+38 -3.4e+38 -3.4e+38 1.8920729871752e-08 1.89511677461951e-08 1.89812610074114e-08 1.90018702994621e-08 1.9028782105579e-08 -3.4e+38 -3.4e+38 1.90269879851712e-08 -3.4e+38 -3.4e+38 -3.4e+38 -3.4e+38 1.84153314819469e-08 1.83140524967484e-08 1.82465065279303e-08 1.82132353643283e-08 1.81843411439786e-08 1.81480857008864e-08 1.810013117165e-08 1.80498407331697e-08 1.80114554382271e-08 1.79777117637059e-08 1.79449557435873e-08 1.79089312268843e-08 1.78746759615933e-08 1.78361467817467e-08 1.77968519921023e-08 1.77631012121537e-08 1.77377721399807e-08 1.77155445868493e-08 1.77081744823226e-08 1.7689433917667e-08 1.76611152369333e-08 1.76373724514178e-08 1.76288956765802e-08 1.76220353864665e-08 1.76533845319682e-08 1.77142300827882e-08
-3.4e+38 -3.4e+38 -3.4e+38 -3.4e+38 -3.4e+38 -3.4e+38 -3.4e+38 -3.4e+38 -3.4e+38 -3.4e+38 1.89947790829592e-08 -3.4e+38 1.90492404072984e-08 1.90639504182855e-08 1.90830746760184e-08 1.91070057553588e-08 -3.4e+38 1.90820639289768e-08 1.89558928553879e-08 -3.4e+38 -3.4e+38 -3.4e+38 -3.4e+38 1.83702386635787e-08 1.82617672095375e-08 1.82160047046409e-08 1.81829555856439e-08 1.81407919797039e-08 1.8095462905876e-08 1.8055732908806e-08 1.8021964365289e-08 1.79869825700507e-08 1.79487429363689e-08 1.79070482886345e-08 1.78696630825925e-08 1.78294481401053e-08 1.77905299381109e-08 1.77537557988217e-08 1.77209837914916e-08 1.76994383593865e-08 1.76942052121376e-08 1.76791541406374e-08 1.76496186554687e-08 1.76239201010731e-08 1.76151360165022e-08 1.75824226289478e-08 1.7580131128625e-08 1.76510077665171e-08
-3.4e+38 -3.4e+38 -3.4e+38 -3.4e+38 -3.4e+38 -3.4e+38 -3.4e+38 -3.4e+38 -3.4e+38 -3.4e+38 1.90621243234546e-08 1.90663218546661e-08 -3.4e+38 1.91267375271309e-08 1.91446041242216e-08 1.9164586362308e-08 1.9175514509584e-08 1.91249185377274e-08 1.90003799360738e-08 1.88811739576522e-08 1.87713045107785e-08 1.86545907610025e-08 1.85354807058502e-08 1.84212325393673e-08 1.83018755706144e-08 1.82175803331575e-08 1.81769852503066e-08 1.81396746512519e-08 1.81004491395242e-08 1.80629680102129e-08 1.80249255521403e-08 1.79864532157126e-08 1.79473307326816e-08 1.79062098482063e-08 1.78670767070344e-08 1.78243606541173e-08 1.77831545045137e-08 1.7743365887668e-08 1.7707606048134e-08 1.76884764613305e-08 1.76789498596008e-08 1.7663539964019e-08 1.76409624685903e-08 1.76149086428268e-08 1.75982641792416e-08 1.75694090387424e-08 1.75566619020628e-08 1.76107128879721e-08
-3.4e+38 -3.4e+38 -3.4e+38 -3.4e+38 -3.4e+38 -3.4e+38 -3.4e+38 -3.4e+38 -3.4e+38 -3.4e+38 -3.4e+38 1.91380795655505e-08 1.9154487773676e-08 1.91837301599662e-08 1.91971984975225e-08 1.92124272047067e-08 1.92222735506675e-08 1.91675120220225e-08 1.90445952341634e-08 1.89321074373083e-08 1.88082598384653e-08 1.86893185372128e-08 1.8568355741877e-08 1.84595467800364e-08 1.8352526609533e-08 1.82398700587783e-08 1.81631421014572e-08 1.81253696496242e-08 1.80839574426273e-08 1.80505264069097e-08 1.80101551450207e-08 1.79705086367221e-08 1.79325478910641e-08 1.78921144566857e-08 1.78589125710005e-08 1.78184418331284e-08 1.77759318376047e-08 1.77344912088984e-08 1.76978165455921e-08 1.76758057079951e-08 1.76638881299596e-08 1.76480305924542e-08 1.76310930299906e-08 1.76068688517717e-08 1.7586291534144e-08 1.75667747015495e-08 1.75626340137569e-08 1.75815628722376e-08
-3.4e+38 -3.4e+38 -3.4e+38 -3.4e+38 -3.4e+38 -3.4e+38 -3.4e+38 -3.4e+38 -3.4e+38 -3.4e+38 -3.4e+38 1.92070608306949e-08 1.9214082769281e-08 1.92323934555816e-08 1.92346760741202e-08 1.92496703022016e-08 1.92621953942762e-08 1.92155038547526e-08 1.90927593735069e-08 1.89735960276494e-08 1.88455739902338e-08 1.87203923474044e-08 1.85957738096931e-08 1.84858954810352e-08 1.83835986433678e-08 1.82722263986079e-08 1.81601436111123e-08 1.81001080790111e-08 1.80548358486021e-08 1.80264905225158e-08 1.79843144820779e-08 1.79443748749009e-08 1.79081176554519e-08 1.78692136643122e-08 1.78451351473541e-08 1.78135284301106e-08 1.77692829339549e-08 1.77237051701695e-08 1.76852594790944e-08 1.76634955550981e-08 1.76533170304083e-08 1.76379888472411e-08 1.76206818025548e-08 1.76023426945449e-08 1.7587353795534e-08 1.75734555796225e-08 1.75708869676328e-08 1.75719740980185e-08
-3.4e+38 -3.4e+38 -3.4e+38 -3.4e+38 -3.4e+38 -3.4e+38 -3.4e+38 -3.4e+38 -3.4e+38 -3.4e+38 -3.4e+38 -3.4e+38 1.92775235774434e-08 1.92897555706395e-08 1.92909634932903e-08 1.93007601012596e-08 1.93059825903674e-08 1.92600655424258e-08 1.91381452907535e-08 1.90162321445086e-08 1.88900504127787e-08 1.8760038855703e-08 1.86245294742093e-08 1.85122512874614e-08 1.84026660576819e-08 1.82972303974793e-08 1.81864319159786e-08 1.80892492096518e-08 1.80316579445616e-08 1.8001701462822e-08 1.79609074280052e-08 1.79212147344288e-08 1.78865118272142e-08 1.78512493675953e-08 1.78337167255904e-08 1.78103736203639e-08 1.77635222087247e-08 1.77107359888851e-08 1.767153712251e-08 1.76508194726921e-08 1.76440373422793e-08 1.7631906601423e-08 1.76163243992278e-08 1.76027654674726e-08 1.75924430578789e-08 1.75818932746097e-08 1.75736172280949e-08 1.75696754922683e-08
-3.4e+38 -3.4e+38 -3.4e+38 -3.4e+38 -3.4e+38 -3.4e+38 -3.4e+38 -3.4e+38 -3.4e+38 -3.4e+38 -3.4e+38 -3.4e+38 1.93515710122938e-08 1.93553884031417e-08 1.93507982970686e-08 1.93546583204807e-08 1.93588967078995e-08 1.93041724827481e-08 1.91870892507495e-08 1.9069684498163e-08 1.89421829333014e-08 1.88127931011195e-08 1.86759141485027e-08 1.85545303565959e-08 1.84309101314284e-08 1.83240356221859e-08 1.82233819145949e-08 1.81127468579234e-08 1.80159531737445e-08 1.7976903521344e-08 1.79419874513087e-08 1.79035488656609e-08 1.78702119768559e-08 1.78450818566489e-08 1.78297216990586e-08 1.78039716303147e-08 1.77617920371631e-08 1.7712373789891e-08 1.76741199453545e-08 1.76490519976369e-08 1.76404775231731e-08 1.76278263097629e-08 1.76121428552278e-08 1.75996621720742e-08 1.75900289889341e-08 1.75822965076122e-08 1.75735106466846e-08 1.75658989576277e-08
