R_scripts/int_process_data/Bio_19_2001.2020.asc
NCOLS 281 
NROWS 577 
XLLCORNER 81175.2677831308 
YLLCORNER -911.770678700996 
CELLSIZE 1000 
NODATA_value -3.4e+38 
[rows 210 to 230 of 577, columns 48 to 95 of 281]
-3.4e+38 -3.4e+38 -3.4e+38 -3.4e+38 -3.4e+38 -3.4e+38 -3.4e+38 -3.4e+38 3.62517873497836e-08 3.63172993900207e-08 3.62548675525431e-08 3.61671865789503e-08 3.59671439298381e-08 3.57088829616714e-08 3.541118687167e-08 3.50483695399362e-08 3.47184609950091e-08 3.43641488598223e-08 3.40043584401428e-08 3.37604575406658e-08 3.40396120179776e-08 3.39542047811392e-08 3.37516432580287e-08 3.38120642595641e-08 3.40892860606345e-08 3.42522810115042e-08 3.44113075811947e-08 3.46764927883214e-08 3.46510766746633e-08 3.41269128512067e-08 3.35553806962707e-08 3.35025234221575e-08 3.35282486219057e-08 3.36068204376261e-08 3.37582264364755e-08 3.3379500052888e-08 3.32905472077982e-08 3.32335012842577e-08 3.2975250974232e-08 3.25366826814388e-08 3.27649907205796e-08 3.31795462216178e-08 3.31628129401906e-08 3.28710569874602e-08 3.30385461211335e-08 3.34166116999768e-08 3.36191270378094e-08 3.3905937613099e-08
-3.4e+38 -3.4e+38 -3.4e+38 -3.4e+38 -3.4e+38 -3.4e+38 -3.4e+38 3.60628789053408e-08 3.62842662582352e-08 3.63870285013945e-08 3.62525547359382e-08 3.61238257085006e-08 3.59331515653594e-08 3.56141818258493e-08 3.52521318802701e-08 3.48889166446043e-08 3.44951942565785e-08 3.40938690612802e-08 3.38218626438902e-08 3.35602976520022e-08 3.34960859049716e-08 3.34558798442686e-08 3.33903216187537e-08 3.36598979799874e-08 3.39668133619853e-08 3.41118919777728e-08 3.41568267003822e-08 3.44265203011673e-08 3.43237189781576e-08 3.3690817247134e-08 3.32998943974872e-08 3.32702967398291e-08 3.32842162720226e-08 3.33344800651503e-08 3.35980452348394e-08 3.32861880281143e-08 3.29304157276056e-08 3.28285238992976e-08 3.27130322830271e-08 3.23932702883667e-08 3.26503233338826e-08 3.2692980767024e-08 3.25899449649114e-08 3.26388622795548e-08 3.29633884632585e-08 3.33187699652626e-08 3.35888756808345e-08 3.38534569266358e-08
-3.4e+38 -3.4e+38 -3.4e+38 -3.4e+38 -3.4e+38 -3.4e+38 -3.4e+38 3.60919933939385e-08 3.62780667728657e-08 3.63397205660476e-08 3.61726009145968e-08 3.60765675111452e-08 3.58947325196368e-08 3.5545962617789e-08 3.51385516239588e-08 3.47713005055539e-08 3.43029178395682e-08 3.39041399399775e-08 3.35521050942589e-08 3.33487122361475e-08 3.31658149832492e-08 3.30382299296161e-08 3.3417460798546e-08 3.36960681579512e-08 3.38241790132088e-08 3.39004166960422e-08 3.38676358069279e-08 3.41057564412495e-08 3.39185817210819e-08 3.34278169589197e-08 3.31385052732003e-08 3.29467297888186e-08 3.29610116978074e-08 3.30311458185406e-08 3.3139205157795e-08 3.30480780519338e-08 3.2781212411237e-08 3.24437543497424e-08 3.24124052042407e-08 3.22833528798583e-08 3.24132543028099e-08 3.24408091501027e-08 3.24553788288995e-08 3.25938671608128e-08 3.2917935044452e-08 3.34203527074806e-08 3.38167893687569e-08 3.40709682689067e-08
-3.4e+38 -3.4e+38 -3.4e+38 -3.4e+38 -3.4e+38 -3.4e+38 3.59408964811792e-08 3.60659164755361e-08 3.61740504217778e-08 3.61844705309977e-08 3.61111069935305e-08 3.60364111884337e-08 3.58735725569659e-08 3.56366847142908e-08 3.52292310878966e-08 3.48468098820831e-08 3.43464385821335e-08 3.38746275474477e-08 3.3414330857795e-08 3.31249978557935e-08 3.29284830513643e-08 3.29326041992317e-08 3.35581518129402e-08 3.35085061919926e-08 3.35131709050529e-08 3.36164092118452e-08 3.36383365606707e-08 3.35947163421224e-08 3.33440013378095e-08 3.34642251687001e-08 3.30161498141024e-08 3.25872591133702e-08 3.25906874820703e-08 3.26469304923194e-08 3.26729043820251e-08 3.26936699934777e-08 3.24997770917435e-08 3.2249587889055e-08 3.21990114571236e-08 3.22147002407291e-08 3.22760911330988e-08 3.23446265326766e-08 3.24422799735657e-08 3.25524460720317e-08 3.2774288172277e-08 3.33256480189448e-08 3.36447953941388e-08 3.38988215276004e-08
-3.4e+38 -3.4e+38 -3.4e+38 -3.4e+38 -3.4e+38 -3.4e+38 3.60533114474038e-08 3.66687160635593e-08 3.66181964750467e-08 3.61871030918337e-08 3.61169689711005e-08 3.61205216847793e-08 3.60047387459872e-08 3.58915350773259e-08 3.54242537525806e-08 3.4927012393382e-08 3.4516403957241e-08 3.4085896771785e-08 3.35084600067148e-08 3.31286855725921e-08 3.27358158358493e-08 3.28832854279426e-08 3.35518883787245e-08 3.32100391631229e-08 3.31286607035963e-08 3.33241310102039e-08 3.34173222427125e-08 3.30995817421353e-08 3.28877298727548e-08 3.31032730116476e-08 3.2602525124048e-08 3.23485984665695e-08 3.22601998448135e-08 3.22489412951654e-08 3.22582565104312e-08 3.22364854810075e-08 3.20895701122481e-08 3.20723572144743e-08 3.21006830006354e-08 3.21602691144562e-08 3.22239515071487e-08 3.23141442493124e-08 3.24497584358596e-08 3.26038822606733e-08 3.27445270897897e-08 3.30608642684638e-08 3.35556151753735e-08 3.40147607857944e-08
-3.4e+38 -3.4e+38 -3.4e+38 -3.4e+38 -3.4e+38 -3.4e+38 3.75086344206466e-08 3.89566032765742e-08 3.84202216707763e-08 3.71379869079647e-08 3.67464352279967e-08 3.64260515084425e-08 3.61961660644283e-08 3.60477265815007e-08 3.54516274114758e-08 3.47333930506011e-08 3.43200916574915e-08 3.40767343232073e-08 3.35786367600122e-08 3.31788498897367e-08 3.28267724114539e-08 3.26964020302967e-08 3.32472254171989e-08 3.29476712579435e-08 3.29321458991672e-08 3.33543574981832e-08 3.31808536202516e-08 3.26592690669258e-08 3.2453492337936e-08 3.24569846554823e-08 3.21543680570358e-08 3.20639195194872e-08 3.20116662066994e-08 3.19989155173062e-08 3.19964748030088e-08 3.19913802115934e-08 3.19805195658773e-08 3.2013119266594e-08 3.20582707047379e-08 3.21497779509627e-08 3.22430970811638e-08 3.23569935289925e-08 3.26010862750081e-08 3.28570095575742e-08 3.29510996266436e-08 3.29940554877339e-08 3.36237420128782e-08 3.39683197125851e-08
-3.4e+38 -3.4e+38 -3.4e+38 -3.4e+38 -3.4e+38 3.7392315022089e-08 4.07277482850077e-08 4.15685867949378e-08 4.04582678470433e-08 3.92726171583035e-08 3.84185625534883e-08 3.72929278569245e-08 3.65498991072855e-08 3.62530485631396e-08 3.53249944851086e-08 3.43391555190919e-08 3.38587717862993e-08 3.36355583385739e-08 3.33770344695949e-08 3.31249161433789e-08 3.28168887619995e-08 3.23813047486965e-08 3.26783720083768e-08 3.26709539422154e-08 3.30896057221253e-08 3.3482763228676e-08 3.27430775826087e-08 3.2227145396746e-08 3.2045228692823e-08 3.19773327817074e-08 3.19409068083587e-08 3.19170077034414e-08 3.19057420483659e-08 3.1892479768203e-08 3.18960537981638e-08 3.18956629996592e-08 3.19215374133819e-08 3.196254994009e-08 3.20315614033007e-08 3.23009778924188e-08 3.25011662027919e-08 3.26323572608089e-08 3.30296323625134e-08 3.32214362686045e-08 3.33382246253677e-08 3.3003058064196e-08 3.32057510377126e-08 3.33644649685993e-08
-3.4e+38 -3.4e+38 -3.4e+38 -3.4e+38 3.57905101111555e-08 3.84259131180897e-08 4.11982128412092e-08 4.11686258416921e-08 4.04120008568043e-08 3.97551183084488e-08 3.88801879580569e-08 3.80335976046808e-08 3.70967114804444e-08 3.67374575205304e-08 3.55283411579421e-08 3.43100658994899e-08 3.36736256656422e-08 3.32016512061273e-08 3.28920179981651e-08 3.27005835742966e-08 3.24947393437469e-08 3.2217101875176e-08 3.2304548369666e-08 3.24415907471121e-08 3.30957661276443e-08 3.29316733882479e-08 3.21854862761484e-08 3.19791553238247e-08 3.19194590758798e-08 3.19001074444714e-08 3.18876303140314e-08 3.18868664805905e-08 3.18989634706668e-08 3.19109965118969e-08 3.18994217707314e-08 3.20329682779175e-08 3.21513446976951e-08 3.22187858614598e-08 3.2199327648641e-08 3.2672087257879e-08 3.28833067442247e-08 3.31190292968131e-08 3.35318617317171e-08 3.35732401879341e-08 3.37686749674049e-08 3.33309060351894e-08 3.2953472839381e-08 3.32776899369946e-08
-3.4e+38 -3.4e+38 -3.4e+38 -3.4e+38 3.56713307780865e-08 3.71991326630905e-08 3.8032876403804e-08 3.81437246232963e-08 3.80849485281942e-08 3.78191131744643e-08 3.7238802264028e-08 3.70971235952311e-08 3.65035184302087e-08 3.62401699760539e-08 3.58026959190738e-08 3.49673037192133e-08 3.40093961881394e-08 3.33070460101226e-08 3.27328280036454e-08 3.23333786411695e-08 3.21555795324002e-08 3.21173700967847e-08 3.23937321411449e-08 3.22671844799061e-08 3.26579900900015e-08 3.23533626556127e-08 3.19300568207836e-08 3.18870512217018e-08 3.18514388197855e-08 3.18476729432859e-08 3.19273993909519e-08 3.21392299440504e-08 3.22072288838626e-08 3.22136450847665e-08 3.20876374360068e-08 3.24019175934609e-08 3.27057456672719e-08 3.27112559261877e-08 3.2532920357653e-08 3.29095684037384e-08 3.29394396203497e-08 3.34427170400886e-08 3.39319505826552e-08 3.40879502402913e-08 3.4190343001228e-08 3.36955636726088e-08 3.300803541606e-08 3.31407115083948e-08
-3.4e+38 -3.4e+38 -3.4e+38 -3.4e+38 -3.4e+38 3.54760381071628e-08 3.55768356996577e-08 3.600946385518e-08 3.6079821796875e-08 3.60157947909556e-08 3.55856712985769e-08 3.56109879362521e-08 3.52909204082152e-08 3.51861011438359e-08 3.55947555874536e-08 3.53720359669296e-08 3.44815340724836e-08 3.34523058143077e-08 3.26299485209347e-08 3.22058824053784e-08 3.20677955301107e-08 3.21209192577498e-08 3.23157109960448e-08 3.20670245912424e-08 3.20942810105862e-08 3.19908899371057e-08 3.18626440787284e-08 3.18208819294341e-08 3.17893551482484e-08 3.17841255537132e-08 3.18719912684173e-08 3.22027737809094e-08 3.246059421258e-08 3.26196385458388e-08 3.22952757869643e-08 3.22771818161982e-08 3.27805729227748e-08 3.28716254216488e-08 3.27597362570486e-08 3.28741869282112e-08 3.2905855817944e-08 3.33295346877094e-08 3.38813670452964e-08 3.41937997916375e-08 3.43340218478261e-08 3.40007346721904e-08 3.35480265789556e-08 3.33263443508258e-08
-3.4e+38 -3.4e+38 -3.4e+38 -3.4e+38 -3.4e+38 -3.4e+38 3.48663213856071e-08 3.48121780291422e-08 3.50217348454862e-08 3.49981306158043e-08 3.45335777751643e-08 3.45379227439935e-08 3.43797417201586e-08 3.44786172945533e-08 3.48357680479694e-08 3.48587079201934e-08 3.46176527443731e-08 3.37264367544776e-08 3.27354285900583e-08 3.21121760293863e-08 3.20142170551208e-08 3.20313873203304e-08 3.19819122296394e-08 3.1893364393909e-08 3.18663850862322e-08 3.18646975472348e-08 3.18304955726489e-08 3.18042907565541e-08 3.1843381265162e-08 3.18651665054404e-08 3.17822212991814e-08 3.18113251296381e-08 3.20359063721298e-08 3.24315791999652e-08 3.2250294879077e-08 3.196354469992e-08 3.23837774374169e-08 3.27798090893339e-08 3.30503411305472e-08 3.30667688785979e-08 3.30678560089837e-08 3.33289733589481e-08 3.37257084481735e-08 3.38459926751966e-08 3.42428130295502e-08 3.4451886676834e-08 3.44416939412895e-08 3.38676642286373e-08
-3.4e+38 -3.4e+38 -3.4e+38 -3.4e+38 -3.4e+38 -3.4e+38 -3.4e+38 -3.4e+38 3.44673765084735e-08 3.44722792533503e-08 3.40481314253793e-08 3.41474617471249e-08 3.43377521971888e-08 3.45509718613357e-08 3.41757129262987e-08 3.41318155960835e-08 3.40073960103382e-08 3.38645769204504e-08 3.32221787857634e-08 3.21907833722435e-08 3.19397912562636e-08 3.19744870580507e-08 3.18456230274933e-08 3.17858592779885e-08 3.18516306663241e-08 3.20359809791171e-08 3.21029780536719e-08 3.20870654491046e-08 3.22341549008343e-08 3.22701758648236e-08 3.22198836499865e-08 3.19832622608374e-08 3.18001411869773e-08 3.19495612188803e-08 3.21818092174908e-08 3.19934478909545e-08 3.20557376198849e-08 3.24827915676451e-08 3.28723075426751e-08 3.29352012329309e-08 3.29147304967137e-08 3.32725633711561e-08 3.37721033361049e-08 3.39159669238143e-08 3.43025590154866e-08 3.46468702616676e-08 3.48386777204723e-08 3.42022232757699e-08
-3.4e+38 -3.4e+38 -3.4e+38 -3.4e+38 -3.4e+38 -3.4e+38 -3.4e+38 -3.4e+38 3.40210952742837e-08 3.38365460095247e-08 3.35852128330316e-08 3.35313856680841e-08 3.3708580815528e-08 3.39524959258597e-08 3.39251648995287e-08 3.38262928778477e-08 3.32415055481761e-08 3.29133058585285e-08 3.26246336612712e-08 3.22313979950195e-08 3.21220703369818e-08 3.19474153798183e-08 3.18246407005063e-08 3.17586348330678e-08 3.17600274968299e-08 3.18142170385727e-08 3.19697370798622e-08 3.22822195641947e-08 3.25880229468112e-08 3.26474882683669e-08 3.2643306724367e-08 3.2682340389556e-08 3.23462217011183e-08 3.18512505259605e-08 3.19621769051537e-08 3.21074473674798e-08 3.19242552393462e-08 3.21360751343036e-08 3.23942899171925e-08 3.25197291317636e-08 3.27603260075193e-08 3.3118322306791e-08 3.35403100848453e-08 3.39914123514973e-08 3.45441151239356e-08 3.49361179985408e-08 3.50691600203845e-08 3.4457350750472e-08
-3.4e+38 -3.4e+38 -3.4e+38 -3.4e+38 -3.4e+38 -3.4e+38 -3.4e+38 -3.4e+38 3.37987096088455e-08 3.3604543148158e-08 3.33984608857918e-08 3.31733680525303e-08 3.30262501790912e-08 3.29346434568834e-08 3.31425447086531e-08 3.33909824234979e-08 3.28254508019654e-08 3.21751869591935e-08 3.21570041705854e-08 3.28702896013056e-08 3.26154356855568e-08 3.23856816919488e-08 3.23159952131391e-08 3.21405089209748e-08 3.19261275194549e-08 3.1597533478589e-08 3.15923749383273e-08 3.19896358291771e-08 3.24117870320606e-08 3.25445839166605e-08 3.2500523161616e-08 3.261783376729e-08 3.27534337429825e-08 3.22095026206171e-08 3.17867971943997e-08 3.18638448959518e-08 3.19214024102621e-08 3.20073851867164e-08 3.21494155741675e-08 3.24175424282203e-08 3.27290798907143e-08 3.29886447048011e-08 3.33649126105229e-08 3.38206653793804e-08 3.45445876348549e-08 3.5132554643269e-08 3.51638078655014e-08 3.45574271420901e-08
-3.4e+38 -3.4e+38 -3.4e+38 -3.4e+38 -3.4e+38 -3.4e+38 -3.4e+38 -3.4e+38 3.37044134823827e-08 3.35864136502551e-08 3.3291346568376e-08 3.30684279958859e-08 3.28812888028551e-08 3.26848912379774e-08 3.25745368456865e-08 3.26638875947083e-08 3.24382547489677e-08 3.20124904362729e-08 3.20747730597759e-08 3.28796367909945e-08 3.29661631326417e-08 3.25787787858189e-08 3.29592779735322e-08 3.28680371808332e-08 3.24320410527434e-08 3.17288737505805e-08 3.14223704833694e-08 3.16235002628673e-08 3.20086499527861e-08 3.2423308482521e-08 3.26178941634225e-08 3.27180096348911e-08 3.29669731513604e-08 3.25741886797459e-08 3.19319006791829e-08 3.17110249170582e-08 3.19026014494739e-08 3.21532027669491e-08 3.22138760111557e-08 3.24031823595305e-08 3.25778515275488e-08 3.29010028110588e-08 3.33649161632366e-08 3.39005552518756e-08 3.45191892847652e-08 3.49717588221665e-08 3.52145868021125e-08 3.49601521065779e-08
-3.4e+38 -3.4e+38 -3.4e+38 -3.4e+38 -3.4e+38 -3.4e+38 -3.4e+38 -3.4e+38 3.36830510150321e-08 3.35983649790705e-08 3.32380380996256e-08 3.29619709305007e-08 3.278580251731e-08 3.2618043377397e-08 3.24313695898581e-08 3.22709574618329e-08 3.20842374890162e-08 3.20692024047275e-08 3.22987432355148e-08 3.26272342476841e-08 3.32153575755001e-08 3.27344231720872e-08 3.29749241245736e-08 3.2846216413418e-08 3.2415012896081e-08 3.17602442123643e-08 3.13626387082877e-08 3.14778176857544e-08 3.19767927692283e-08 3.25570397308184e-08 3.29034044455057e-08 3.30512115453985e-08 3.32409335612738e-08 3.2741194644359e-08 3.21082680443396e-08 3.17671258187602e-08 3.18751212091684e-08 3.21129292046862e-08 3.22166471278251e-08 3.24976987542414e-08 3.2726937604366e-08 3.3115380659865e-08 3.36520251664751e-08 3.42167716382846e-08 3.48205730915652e-08 3.49997648640965e-08 3.52328477504216e-08 3.54806211078085e-08
-3.4e+38 -3.4e+38 -3.4e+38 -3.4e+38 -3.4e+38 -3.4e+38 -3.4e+38 -3.4e+38 3.37260956939645e-08 3.37224150825932e-08 3.34179439676063e-08 3.30119434011067e-08 3.27153095724952e-08 3.2519846371315e-08 3.2340761180194e-08 3.21602797725973e-08 3.19784625446573e-08 3.20432000933124e-08 3.25721920546584e-08 3.29128369003229e-08 3.3370319840742e-08 3.29063603032864e-08 3.29342846328018e-08 3.28139755367829e-08 3.21891597820922e-08 3.18737001236968e-08 3.13980166311012e-08 3.13324619583e-08 3.17242800917938e-08 3.22282325271317e-08 3.25906874820703e-08 3.29291971468137e-08 3.32077902953642e-08 3.26642677350719e-08 3.20638804396367e-08 3.18040136448872e-08 3.19631254797059e-08 3.22145048414768e-08 3.23096074339446e-08 3.26727409571959e-08 3.31004308407046e-08 3.33719043510428e-08 3.37389245430586e-08 3.42415198417712e-08 3.49339970284746e-08 3.52448275009465e-08 3.53692612975465e-08 3.55963791776048e-08
-3.4e+38 -3.4e+38 -3.4e+38 -3.4e+38 -3.4e+38 -3.4e+38 -3.4e+38 -3.4e+38 3.38205090599786e-08 3.39480408229065e-08 3.38816583678181e-08 3.35371730386669e-08 3.29306537594221e-08 3.24735829337897e-08 3.22076481040767e-08 3.21514583845328e-08 3.21392334967641e-08 3.17731299048774e-08 3.2238094860304e-08 3.28851648134787e-08 3.32179119766352e-08 3.33989547129931e-08 3.31100942219109e-08 3.26847597875712e-08 3.21746469467143e-08 3.19787289981832e-08 3.13848182997845e-08 3.12262216084491e-08 3.16271133726787e-08 3.23540128022159e-08 3.26763682778619e-08 3.28841167629434e-08 3.29936362675198e-08 3.25449640570241e-08 3.2094892077339e-08 3.18621999895186e-08 3.18829620482575e-08 3.20603064096758e-08 3.22544302377992e-08 3.27325366811237e-08 3.32836265215519e-08 3.36597452132992e-08 3.38013954603866e-08 3.41007115878256e-08 3.45970114778993e-08 3.50169280238788e-08 3.53714497691726e-08 3.56646374655156e-08
-3.4e+38 -3.4e+38 -3.4e+38 -3.4e+38 -3.4e+38 -3.4e+38 -3.4e+38 3.38183205883524e-08 3.39736914156674e-08 3.40582495539365e-08 3.4045779528924e-08 3.40407844134916e-08 3.35394894079855e-08 3.2600159016738e-08 3.22260866880697e-08 3.25421360969358e-08 3.25802105294315e-08 3.18000878962721e-08 3.17354960088778e-08 3.2239753977592e-08 3.26994893384835e-08 3.37912133829832e-08 3.34491261355652e-08 3.25580664650715e-08 3.22561781729291e-08 3.21447330975388e-08 3.13893906422891e-08 3.11791836793418e-08 3.15092947289486e-08 3.21431592453791e-08 3.23870033014373e-08 3.27093800933653e-08 3.27597113880529e-08 3.24170166265958e-08 3.22045679013172e-08 3.21873585562571e-08 3.21708739647875e-08 3.2092867030542e-08 3.23361497578389e-08 3.30338139065134e-08 3.3671316401751e-08 3.41150183658101e-08 3.39157608664209e-08 3.39263550586111e-08 3.44366988258571e-08 3.48164803654072e-08 3.50069804255781e-08 3.55977007870933e-08
-3.4e+38 -3.4e+38 -3.4e+38 -3.4e+38 -3.4e+38 -3.4e+38 -3.4e+38 3.39731691667566e-08 3.41931283287522e-08 3.41196511044473e-08 3.40880141891375e-08 3.42714088219509e-08 3.42561321531321e-08 3.32772884803489e-08 3.29840368351597e-08 3.34455343420359e-08 3.30909379897548e-08 3.20982778134749e-08 3.14636281473213e-08 3.16632373653647e-08 3.2442731168203e-08 3.36536594147674e-08 3.3767623364156e-08 3.2655616877264e-08 3.24601323598017e-08 3.23663655876771e-08 3.14934105460907e-08 3.11875893999058e-08 3.14959684999394e-08 3.18273336574748e-08 3.20214432747434e-08 3.22759916571158e-08 3.24342011026602e-08 3.26572582309836e-08 3.28239586622203e-08 3.29546487876087e-08 3.27336167060821e-08 3.26210738421651e-08 3.31675309439561e-08 3.42041737155796e-08 3.46887993885048e-08 3.45936363999044e-08 3.44756081460673e-08 3.42792034757622e-08 3.44509274441407e-08 3.47610473738769e-08 3.51462645653555e-08 3.58079859097415e-08
-3.4e+38 -3.4e+38 -3.4e+38 -3.4e+38 -3.4e+38 -3.4e+38 3.3896558448987e-08 3.41509256429617e-08 3.43219390686045e-08 3.41807542270089e-08 3.42180932477731e-08 3.45380790633953e-08 3.47019977198215e-08 3.42624382199119e-08 3.37247989534717e-08 3.35187202438192e-08 3.29759508588268e-08 3.20895772176755e-08 3.13712398281041e-08 3.13862216216876e-08 3.21623581100994e-08 3.30479998922328e-08 3.36727481453636e-08 3.2967918173199e-08 3.28491722711988e-08 3.22372777361579e-08 3.15117745230964e-08 3.14225481190533e-08 3.15036459141993e-08 3.14544443824616e-08 3.15417167939813e-08 3.18391251141747e-08 3.2319857012908e-08 3.27729487992201e-08 3.29451310676632e-08 3.30559757344417e-08 3.29938210086311e-08 3.31052874003035e-08 3.39442252084154e-08 3.49139526178988e-08 3.5322091918033e-08 3.49061934912243e-08 3.46371678006108e-08 3.43408750325125e-08 3.44633370730207e-08 3.49704869506695e-08 3.52780986645485e-08 3.61006975424516e-08
