R_scripts/int_process_data/Bio_10_2001.2020.asc
NCOLS 281 
NROWS 577 
XLLCORNER 81175.2677831308 
YLLCORNER -911.770678700996 
CELLSIZE 1000 
NODATA_value -3.4e+38 
[rows 23 to 45 of 577, columns 208 to 259 of 281]
292.585021972656 292.770690917969 292.516204833984 292.379028320312 292.234619140625 292.197021484375 292.594390869141 292.867645263672 292.837341308594 292.857086181641 292.799407958984 292.612457275391 292.287963867188 291.976684570312 291.879821777344 292.137420654297 292.487609863281 292.566101074219 291.950408935547 291.382263183594 291.480529785156 291.815948486328 291.776611328125 292.091827392578 292.062561035156 291.917205810547 292.451232910156 292.931213378906 293.223815917969 293.117980957031 293.082702636719 293.221221923828 293.158752441406 293.241729736328 293.161010742188 293.207458496094 293.432250976562 293.392181396484 293.056488037109 293.162567138672 293.291564941406 293.253509521484 293.463165283203 -3.4e+38 -3.4e+38 -3.4e+38 -3.4e+38 -3.4e+38 -3.4e+38 -3.4e+38 -3.4e+38 -3.4e+38
292.351776123047 292.428497314453 292.166412353516 292.102478027344 291.897003173828 292.115264892578 292.556884765625 292.731903076172 292.913818359375 293.1162109375 293.023193359375 292.671417236328 292.438934326172 292.267913818359 292.111724853516 292.208587646484 292.596618652344 292.471832275391 292.139007568359 291.975769042969 291.863800048828 292.114288330078 292.198059082031 292.384582519531 292.219085693359 292.129730224609 292.534790039062 293.011169433594 293.02001953125 293.235076904297 293.115020751953 293.277679443359 293.374694824219 293.299224853516 293.137969970703 293.274078369141 293.570556640625 293.485107421875 293.154418945312 293.233276367188 293.471343994141 293.379302978516 293.507049560547 -3.4e+38 -3.4e+38 -3.4e+38 -3.4e+38 -3.4e+38 -3.4e+38 -3.4e+38 -3.4e+38 -3.4e+38
292.266540527344 292.247802734375 292.153686523438 292.015594482422 291.716918945312 292.006988525391 292.387237548828 292.608978271484 292.808990478516 293.134765625 293.067077636719 292.665466308594 292.546020507812 292.491058349609 292.345245361328 292.462554931641 292.749938964844 292.525329589844 292.238220214844 292.329132080078 292.246826171875 292.368988037109 292.552825927734 292.689178466797 292.652008056641 292.622894287109 292.660095214844 293.254364013672 292.988739013672 293.213012695312 293.399719238281 293.276092529297 293.425811767578 293.363677978516 293.127166748047 293.271057128906 293.619537353516 293.579803466797 293.262359619141 293.286315917969 293.535278320312 293.668212890625 -3.4e+38 -3.4e+38 -3.4e+38 -3.4e+38 -3.4e+38 -3.4e+38 -3.4e+38 -3.4e+38 -3.4e+38 -3.4e+38
292.516265869141 292.495513916016 292.404266357422 292.11572265625 291.768432617188 291.876617431641 292.143798828125 292.500549316406 292.85791015625 293.243469238281 293.260467529297 292.910552978516 292.719268798828 292.668731689453 292.519470214844 292.572326660156 292.826232910156 292.826904296875 292.577819824219 292.535766601562 292.462219238281 292.589172363281 292.799652099609 292.767974853516 292.774536132812 293.002502441406 293.149139404297 293.589660644531 293.307220458984 293.154907226562 293.482574462891 293.329803466797 293.391326904297 293.479217529297 293.264556884766 293.4833984375 293.782073974609 293.466064453125 293.249267578125 293.486022949219 293.63671875 293.785430908203 -3.4e+38 -3.4e+38 -3.4e+38 -3.4e+38 -3.4e+38 -3.4e+38 -3.4e+38 -3.4e+38 -3.4e+38 -3.4e+38
292.758758544922 292.702911376953 292.553985595703 292.266235351562 292.039306640625 292.042999267578 292.136108398438 292.534271240234 293.001922607422 293.320465087891 293.418762207031 293.109222412109 292.802978515625 292.806793212891 292.737579345703 292.662902832031 292.887969970703 293.044342041016 292.943695068359 292.726654052734 292.433319091797 292.437744140625 292.605285644531 292.421020507812 292.410980224609 292.978820800781 293.372741699219 293.615753173828 293.343688964844 293.369720458984 293.563568115234 293.414337158203 293.523284912109 293.493286132812 293.390686035156 293.751068115234 293.859222412109 293.410278320312 293.110076904297 293.30419921875 293.442291259766 293.518218994141 -3.4e+38 -3.4e+38 -3.4e+38 -3.4e+38 -3.4e+38 -3.4e+38 -3.4e+38 -3.4e+38 -3.4e+38 -3.4e+38
292.897979736328 292.906097412109 292.695587158203 292.472930908203 292.353515625 292.336944580078 292.242645263672 292.472351074219 292.823699951172 293.13330078125 293.395202636719 293.204772949219 292.834533691406 292.884094238281 292.972747802734 292.821685791016 293.0205078125 293.007568359375 292.930084228516 292.906341552734 292.693298339844 292.511474609375 292.520751953125 292.622467041016 292.659881591797 293.047210693359 293.597961425781 293.635833740234 293.427001953125 293.632354736328 293.648864746094 293.584808349609 293.669891357422 293.439392089844 293.574981689453 293.924163818359 293.733184814453 293.472442626953 293.124938964844 293.067596435547 293.155670166016 293.283508300781 -3.4e+38 -3.4e+38 -3.4e+38 -3.4e+38 -3.4e+38 -3.4e+38 -3.4e+38 -3.4e+38 -3.4e+38 -3.4e+38
293.077606201172 293.086059570312 292.902221679688 292.684112548828 292.561370849609 292.484466552734 292.32275390625 292.298156738281 292.482604980469 292.867614746094 293.355743408203 293.234893798828 292.843536376953 292.923400878906 293.146301269531 293.084777832031 293.165374755859 292.921783447266 292.7607421875 292.817230224609 292.870086669922 292.752319335938 292.818725585938 293.068542480469 293.243255615234 293.438781738281 293.728271484375 293.600524902344 293.604919433594 293.789367675781 293.721527099609 293.832183837891 293.779388427734 293.570526123047 293.808410644531 293.989776611328 293.767120361328 293.592651367188 293.467071533203 293.245758056641 293.145751953125 293.376831054688 293.599914550781 293.779479980469 293.988067626953 -3.4e+38 -3.4e+38 -3.4e+38 -3.4e+38 -3.4e+38 -3.4e+38 -3.4e+38
293.320190429688 293.269317626953 293.114807128906 292.852935791016 292.728820800781 292.591674804688 292.507415771484 292.460540771484 292.6572265625 293.001251220703 293.417449951172 293.292602539062 292.853729248047 292.899108886719 293.330322265625 293.342681884766 293.128875732422 292.944549560547 292.802703857422 292.737884521484 292.821014404297 292.891693115234 292.929565429688 293.295532226562 293.573181152344 293.79443359375 293.846527099609 293.809661865234 293.849243164062 293.857177734375 293.818969726562 293.983093261719 293.876007080078 293.761199951172 293.971008300781 293.932373046875 293.829772949219 293.6748046875 293.513885498047 293.309112548828 293.312072753906 293.593109130859 293.719848632812 293.807312011719 294.105529785156 -3.4e+38 -3.4e+38 -3.4e+38 -3.4e+38 -3.4e+38 -3.4e+38 -3.4e+38
293.435577392578 293.238677978516 293.131134033203 293.068634033203 292.940582275391 292.711822509766 292.684600830078 292.720458984375 292.922271728516 293.26123046875 293.553833007812 293.355407714844 293.047943115234 292.945404052734 293.342193603516 293.458618164062 293.193420410156 293.047607421875 292.920349121094 292.801025390625 292.851196289062 293.013549804688 293.090637207031 293.267486572266 293.538177490234 293.751007080078 293.974456787109 293.955169677734 293.919830322266 293.869781494141 293.935577392578 293.998992919922 293.9326171875 294.016174316406 294.089294433594 293.876281738281 293.625915527344 293.419952392578 293.293487548828 293.265319824219 293.383758544922 293.676544189453 293.816955566406 293.903625488281 294.182830810547 -3.4e+38 -3.4e+38 -3.4e+38 -3.4e+38 -3.4e+38 -3.4e+38 -3.4e+38
293.349426269531 293.121307373047 293.153991699219 293.317413330078 293.170074462891 292.814910888672 292.772094726562 292.91845703125 293.14990234375 293.473846435547 293.649627685547 293.504486083984 293.306976318359 293.187377929688 293.336730957031 293.558135986328 293.33642578125 293.068420410156 292.925872802734 292.866851806641 292.936767578125 293.122314453125 293.228607177734 293.294281005859 293.505645751953 293.793853759766 294.017822265625 293.999298095703 293.979675292969 293.972076416016 294.084899902344 294.077209472656 294.123687744141 294.134185791016 293.966461181641 293.741546630859 293.582000732422 293.364776611328 293.120697021484 293.20703125 293.493988037109 293.633728027344 293.742736816406 294.050994873047 294.240570068359 -3.4e+38 -3.4e+38 -3.4e+38 -3.4e+38 -3.4e+38 -3.4e+38 -3.4e+38
293.364044189453 293.256469726562 293.307891845703 293.47021484375 293.416198730469 293.100128173828 292.950134277344 293.093231201172 293.269378662109 293.643341064453 293.774230957031 293.547698974609 293.497375488281 293.599548339844 293.635192871094 293.469879150391 293.226318359375 293.009796142578 292.880828857422 292.975311279297 293.029510498047 293.194122314453 293.349670410156 293.354064941406 293.618530273438 293.908813476562 294.050170898438 294.027526855469 294.016967773438 294.069610595703 294.164886474609 294.226440429688 294.215087890625 293.952392578125 293.641418457031 293.429443359375 293.400939941406 293.532318115234 293.251770019531 293.277557373047 293.597991943359 293.760223388672 293.800079345703 294.050994873047 294.267547607422 -3.4e+38 -3.4e+38 -3.4e+38 -3.4e+38 -3.4e+38 -3.4e+38 -3.4e+38
293.526092529297 293.510711669922 293.589782714844 293.678375244141 293.643432617188 293.612670898438 293.405639648438 293.403411865234 293.479217529297 293.803192138672 293.779541015625 293.726684570312 293.805847167969 293.774200439453 293.64892578125 293.318298339844 293.09716796875 293.025909423828 292.932647705078 293.073852539062 293.203216552734 293.335296630859 293.5263671875 293.543273925781 293.809967041016 294.056854248047 294.107238769531 293.986236572266 293.988555908203 294.121490478516 294.263610839844 294.342742919922 294.221527099609 293.861541748047 293.422973632812 293.157623291016 293.144287109375 293.289215087891 293.341461181641 293.454071044922 293.661865234375 293.813049316406 293.972778320312 294.132995605469 294.331787109375 -3.4e+38 -3.4e+38 -3.4e+38 -3.4e+38 -3.4e+38 -3.4e+38 -3.4e+38
293.568389892578 293.693084716797 293.763549804688 293.776733398438 293.854736328125 294.007202148438 293.921112060547 293.619384765625 293.70458984375 293.955474853516 293.820281982422 293.672332763672 293.642608642578 293.486236572266 293.387145996094 293.180572509766 292.976531982422 292.938690185547 293.117614746094 293.273162841797 293.376251220703 293.462371826172 293.674682617188 293.859039306641 293.946258544922 294.073089599609 294.172485351562 294.090057373047 294.123596191406 294.258148193359 294.396209716797 294.351715087891 294.098724365234 293.786224365234 293.503723144531 293.231506347656 293.269073486328 293.310974121094 293.3818359375 293.602233886719 293.761413574219 293.831481933594 294.101135253906 294.365631103516 294.374847412109 -3.4e+38 -3.4e+38 -3.4e+38 -3.4e+38 -3.4e+38 -3.4e+38 -3.4e+38
293.52685546875 293.837982177734 293.808654785156 293.78076171875 294.056579589844 294.299835205078 294.212158203125 293.833099365234 293.863922119141 293.902069091797 293.765777587891 293.699768066406 293.515716552734 293.338317871094 293.16845703125 292.912994384766 292.750457763672 292.835723876953 293.141387939453 293.406951904297 293.540832519531 293.570465087891 293.739318847656 293.905303955078 293.851348876953 294.021484375 294.230346679688 294.254608154297 294.274261474609 294.366302490234 294.517974853516 294.352874755859 293.901336669922 293.562133789062 293.444702148438 293.405822753906 293.402465820312 293.508544921875 293.564117431641 293.66748046875 293.862640380859 294.031127929688 294.283782958984 294.513153076172 -3.4e+38 -3.4e+38 -3.4e+38 -3.4e+38 -3.4e+38 -3.4e+38 -3.4e+38 -3.4e+38
293.917999267578 293.944793701172 293.667419433594 293.749267578125 294.288238525391 294.347595214844 293.891845703125 293.823699951172 293.861572265625 293.626098632812 293.476440429688 293.689697265625 293.683227539062 293.467315673828 293.190399169922 292.860717773438 292.632202148438 292.808380126953 293.045196533203 293.31640625 293.608917236328 293.698822021484 293.72802734375 293.835845947266 293.82568359375 293.945526123047 294.092895507812 294.241729736328 294.356628417969 294.499176025391 294.62890625 294.376220703125 293.988586425781 293.716247558594 293.492736816406 293.500579833984 293.563293457031 293.658874511719 293.774169921875 293.803619384766 293.968719482422 294.216247558594 294.438354492188 -3.4e+38 -3.4e+38 -3.4e+38 -3.4e+38 -3.4e+38 -3.4e+38 -3.4e+38 -3.4e+38 -3.4e+38
294.223175048828 294.062194824219 293.861358642578 294.093231201172 294.382080078125 294.321014404297 293.833526611328 293.511505126953 293.533081054688 293.522552490234 293.350830078125 293.493011474609 293.712219238281 293.648773193359 293.311065673828 292.890594482422 292.587158203125 292.743438720703 293.055114746094 293.330596923828 293.570861816406 293.747467041016 293.797515869141 293.867828369141 293.876068115234 293.710968017578 293.900848388672 294.218231201172 294.342712402344 294.515991210938 294.5751953125 294.477966308594 294.277770996094 294.086334228516 293.725860595703 293.659210205078 293.671997070312 293.73388671875 293.904174804688 293.974334716797 294.076141357422 294.194702148438 294.443267822266 -3.4e+38 -3.4e+38 -3.4e+38 -3.4e+38 -3.4e+38 -3.4e+38 -3.4e+38 -3.4e+38 -3.4e+38
294.257507324219 294.3720703125 294.383514404297 294.439727783203 294.324859619141 294.153686523438 293.988433837891 293.633758544922 293.354522705078 293.304107666016 293.295257568359 293.427276611328 293.532958984375 293.525024414062 293.404693603516 293.041809082031 292.723052978516 292.740875244141 293.080627441406 293.414825439453 293.647155761719 293.791839599609 293.892608642578 293.833221435547 293.733642578125 293.671691894531 293.946258544922 294.278106689453 294.376190185547 294.398010253906 294.287353515625 294.501129150391 294.489227294922 294.126403808594 293.920959472656 293.909393310547 293.842864990234 293.8623046875 294.051116943359 294.164245605469 294.130828857422 294.151641845703 294.462249755859 -3.4e+38 -3.4e+38 -3.4e+38 -3.4e+38 -3.4e+38 -3.4e+38 -3.4e+38 -3.4e+38 -3.4e+38
294.506134033203 294.366943359375 294.195495605469 294.018371582031 293.905303955078 293.751800537109 293.683898925781 293.771087646484 293.368530273438 292.984313964844 293.083251953125 293.21533203125 293.316802978516 293.324554443359 293.435607910156 293.230346679688 292.944122314453 292.723449707031 292.974670410156 293.402099609375 293.642822265625 293.802398681641 293.884399414062 293.748321533203 293.592712402344 293.723602294922 293.879302978516 294.140838623047 294.534790039062 294.610809326172 294.437805175781 294.523254394531 294.544219970703 294.224182128906 294.176666259766 294.132507324219 294.041351318359 293.95849609375 294.106597900391 294.268341064453 294.301330566406 294.324951171875 294.571563720703 -3.4e+38 -3.4e+38 -3.4e+38 -3.4e+38 -3.4e+38 -3.4e+38 -3.4e+38 -3.4e+38 -3.4e+38
294.366119384766 293.941619873047 293.722717285156 293.648101806641 293.581756591797 293.460693359375 293.35693359375 293.468597412109 293.462280273438 293.214080810547 292.99072265625 292.938690185547 293.066009521484 293.251983642578 293.268402099609 293.094909667969 292.938079833984 292.706665039062 292.773529052734 293.251220703125 293.620758056641 293.77099609375 293.808837890625 293.703094482422 293.608917236328 293.707366943359 293.753570556641 294.036346435547 294.561370849609 294.806060791016 294.621032714844 294.543151855469 294.608184814453 294.429290771484 294.329223632812 294.222991943359 294.115081787109 293.999755859375 294.145324707031 294.336486816406 294.390747070312 294.557189941406 294.702453613281 -3.4e+38 -3.4e+38 -3.4e+38 -3.4e+38 -3.4e+38 -3.4e+38 -3.4e+38 -3.4e+38 -3.4e+38
294.2431640625 293.900939941406 293.726654052734 293.730682373047 293.669616699219 293.485595703125 293.385803222656 293.363250732422 293.344268798828 293.273193359375 293.176727294922 293.005828857422 292.972686767578 293.067596435547 292.951568603516 292.865936279297 292.775939941406 292.670989990234 292.866882324219 293.231262207031 293.5556640625 293.69873046875 293.754089355469 293.752014160156 293.754272460938 293.850799560547 293.959655761719 294.305389404297 294.716796875 294.748138427734 294.658203125 294.646545410156 294.622589111328 294.446533203125 294.268493652344 294.098480224609 293.961853027344 294.0048828125 294.234771728516 294.446411132812 294.414398193359 294.699035644531 -3.4e+38 -3.4e+38 -3.4e+38 -3.4e+38 -3.4e+38 -3.4e+38 -3.4e+38 -3.4e+38 -3.4e+38 -3.4e+38
294.294952392578 294.155670166016 293.938323974609 293.882598876953 293.741271972656 293.529479980469 293.468658447266 293.556060791016 293.392333984375 293.206939697266 293.194213867188 293.152374267578 293.066284179688 292.976409912109 292.813903808594 292.641754150391 292.555389404297 292.709289550781 293.088226318359 293.452423095703 293.642425537109 293.760406494141 293.787628173828 293.831573486328 293.905822753906 294.072784423828 294.220825195312 294.526611328125 294.667144775391 294.290496826172 294.336486816406 294.695709228516 294.799713134766 294.533355712891 294.350860595703 294.158569335938 293.990142822266 294.100280761719 294.359588623047 294.529998779297 294.581359863281 294.798095703125 -3.4e+38 -3.4e+38 -3.4e+38 -3.4e+38 -3.4e+38 -3.4e+38 -3.4e+38 -3.4e+38 -3.4e+38 -3.4e+38
294.020111083984 294.098510742188 294.079437255859 293.897369384766 293.736206054688 293.57470703125 293.499450683594 293.672943115234 293.550476074219 293.348114013672 293.312072753906 293.205993652344 293.219360351562 293.138702392578 292.915466308594 292.615142822266 292.441467285156 292.670043945312 293.065368652344 293.460266113281 293.700073242188 293.715301513672 293.817016601562 293.907928466797 294.074279785156 294.283508300781 294.361480712891 294.579040527344 294.369018554688 293.929382324219 294.019439697266 294.401916503906 294.800476074219 294.423065185547 294.202880859375 294.080596923828 294.019378662109 294.183990478516 294.423919677734 294.623565673828 294.730895996094 294.817657470703 -3.4e+38 -3.4e+38 -3.4e+38 -3.4e+38 -3.4e+38 -3.4e+38 -3.4e+38 -3.4e+38 -3.4e+38 -3.4e+38
294.204254150391 293.965484619141 293.925140380859 293.903686523438 293.757293701172 293.579498291016 293.566375732422 293.7998046875 293.745086669922 293.509521484375 293.612030029297 293.529693603516 293.411468505859 293.322540283203 293.028137207031 292.701568603516 292.433380126953 292.556915283203 293.050903320312 293.342926025391 293.680999755859 293.779113769531 293.881805419922 294.035705566406 294.206878662109 294.156372070312 294.280822753906 294.345703125 293.931182861328 293.797760009766 294.011596679688 294.222015380859 294.613037109375 294.494384765625 294.002014160156 293.938842773438 293.996307373047 294.19580078125 294.456970214844 294.680755615234 294.631225585938 294.674560546875 -3.4e+38 -3.4e+38 -3.4e+38 -3.4e+38 -3.4e+38 -3.4e+38 -3.4e+38 -3.4e+38 -3.4e+38 -3.4e+38
