R_scripts/int_process_data/Bio_11_2001.2020.asc
NCOLS 281 
NROWS 577 
XLLCORNER 81175.2677831308 
YLLCORNER -911.770678700996 
CELLSIZE 1000 
NODATA_value -3.4e+38 
[rows 184 to 206 of 577, columns 153 to 203 of 281]
281.956237792969 281.814086914062 281.582092285156 281.400970458984 281.36572265625 281.656066894531 281.779449462891 281.554504394531 281.308044433594 281.134490966797 280.779876708984 280.239227294922 279.493255615234 278.737579345703 278.261138916016 277.526916503906 276.97509765625 276.722106933594 276.915374755859 276.344482421875 276.289184570312 277.075225830078 277.504791259766 277.259399414062 277.226745605469 277.834167480469 278.531707763672 278.734161376953 278.807861328125 278.327697753906 277.673004150391 277.929992675781 278.755035400391 278.754516601562 278.182739257812 277.908599853516 277.498016357422 277.536712646484 278.099639892578 278.08740234375 278.642211914062 278.868255615234 278.105743408203 278.253295898438 278.442138671875 278.603179931641 278.604614257812 278.60986328125 278.667846679688 278.719818115234 278.686859130859
282.067474365234 281.931884765625 281.722625732422 281.484436035156 281.464019775391 281.606719970703 281.609649658203 281.395690917969 281.134979248047 280.882659912109 280.323028564453 279.661224365234 278.737609863281 278.249664306641 277.526184082031 276.27685546875 275.368743896484 275.54736328125 276.225463867188 276.358947753906 276.749328613281 277.308990478516 277.599456787109 277.460388183594 277.797576904297 278.262664794922 278.518707275391 278.555450439453 278.389404296875 277.680450439453 277.471313476562 277.991333007812 278.708526611328 278.197875976562 278.451721191406 278.693115234375 277.974365234375 277.977447509766 278.540252685547 278.231964111328 279.240203857422 278.849700927734 278.008361816406 278.095001220703 278.219390869141 278.352630615234 278.455810546875 278.520355224609 278.640747070312 278.718505859375 278.701446533203
282.095886230469 282.014221191406 281.851470947266 281.692443847656 281.719146728516 281.692443847656 281.512176513672 281.252105712891 280.894775390625 280.462341308594 280.071533203125 279.515838623047 278.371459960938 277.397186279297 276.51708984375 275.182922363281 274.560577392578 275.757904052734 276.889129638672 277.198486328125 277.665435791016 277.751251220703 277.804443359375 277.782165527344 277.412384033203 277.321350097656 277.735534667969 278.101409912109 278.010101318359 277.232696533203 277.201904296875 278.121948242188 278.199279785156 277.716888427734 278.671936035156 279.417724609375 278.836578369141 278.880187988281 278.996734619141 278.681335449219 279.594268798828 278.732971191406 278.087036132812 278.079223632812 278.191802978516 278.352020263672 278.501983642578 278.548919677734 278.638488769531 278.73876953125 278.826110839844
281.997100830078 281.926818847656 281.829711914062 281.883026123047 281.914978027344 281.703460693359 281.387451171875 281.113616943359 280.6953125 279.974243164062 279.417449951172 279.049896240234 278.260620117188 276.815063476562 275.449737548828 274.728515625 274.979309082031 276.008422851562 277.281097412109 277.817047119141 278.063262939453 278.002868652344 277.713043212891 277.006713867188 276.580017089844 276.690277099609 277.391387939453 277.790863037109 277.918090820312 277.414947509766 277.548828125 277.918395996094 277.301147460938 277.622009277344 278.704895019531 279.798034667969 279.664093017578 279.687744140625 279.158752441406 279.297882080078 279.624450683594 278.655059814453 278.169799804688 278.132446289062 278.256652832031 278.404174804688 278.535369873047 278.622924804688 278.693176269531 278.748901367188 278.808868408203
281.904815673828 281.880706787109 281.9853515625 282.033996582031 281.913482666016 281.620147705078 281.146545410156 280.622924804688 280.30029296875 279.837158203125 278.797058105469 277.879638671875 277.6513671875 276.169952392578 274.986663818359 275.2412109375 276.274627685547 276.941131591797 277.591552734375 277.973327636719 277.677490234375 277.304382324219 276.966094970703 276.437561035156 276.619201660156 276.913208007812 277.554107666016 277.762908935547 277.875061035156 278.130950927734 278.576965332031 277.492828369141 277.152465820312 278.178405761719 279.058532714844 279.902618408203 280.257476806641 280.103881835938 279.440582275391 279.879730224609 279.487976074219 278.53662109375 278.187652587891 278.166046142578 278.232879638672 278.408477783203 278.514831542969 278.581481933594 278.699615478516 278.709716796875 278.702514648438
281.867828369141 281.908966064453 282.141326904297 282.037506103516 281.775970458984 281.370574951172 280.586547851562 279.712158203125 279.248474121094 279.150512695312 278.344116210938 276.929779052734 276.521240234375 275.422912597656 275.184112548828 275.914031982422 276.977233886719 277.591766357422 277.810211181641 277.414794921875 276.830261230469 277.12255859375 276.573486328125 276.564544677734 276.841217041016 277.284576416016 277.574890136719 277.725402832031 278.363189697266 279.294738769531 278.989288330078 277.376617431641 278.027618408203 279.239227294922 279.627166748047 280.066772460938 280.547332763672 280.268218994141 280.087463378906 279.936859130859 278.988952636719 278.234680175781 278.237518310547 278.311157226562 278.402984619141 278.588714599609 278.589172363281 278.591827392578 278.609741210938 278.675048828125 278.642486572266
282.004272460938 282.059020996094 282.200073242188 281.945434570312 281.464050292969 280.754669189453 279.742889404297 278.703826904297 278.097076416016 277.963409423828 277.387573242188 276.123687744141 275.525543212891 275.499816894531 275.930114746094 276.494720458984 277.048675537109 277.172149658203 277.365570068359 276.907287597656 277.202087402344 277.986724853516 276.744812011719 276.660034179688 277.394012451172 277.987548828125 277.705383300781 278.329833984375 279.487365722656 279.960235595703 278.551574707031 277.484344482422 278.732330322266 280.031494140625 280.199645996094 280.369476318359 280.667816162109 280.503448486328 280.375946044922 279.570587158203 278.509429931641 278.081634521484 278.219970703125 278.261444091797 278.501586914062 278.564239501953 278.561157226562 278.71484375 278.734008789062 278.811401367188 278.832489013672
282.073028564453 282.155395507812 281.959259033203 281.398071289062 280.519927978516 279.910736083984 278.986999511719 277.735290527344 276.882629394531 276.681793212891 276.145721435547 275.485229492188 275.546051025391 275.95068359375 276.27880859375 276.413482666016 276.509063720703 276.717498779297 276.965606689453 277.088439941406 278.55810546875 278.874328613281 277.968170166016 277.898651123047 278.933685302734 278.8837890625 278.360870361328 279.325805664062 280.255645751953 279.707550048828 278.28759765625 278.322937011719 279.454376220703 280.300415039062 280.628356933594 280.67724609375 280.581207275391 280.242095947266 279.990417480469 278.879272460938 278.564056396484 278.556396484375 278.444061279297 278.222412109375 278.370025634766 278.3720703125 278.444122314453 278.665130615234 278.817535400391 278.885650634766 278.984375
282.008728027344 281.840789794922 281.337280273438 280.369781494141 279.231140136719 278.898773193359 278.244079589844 276.9306640625 276.104461669922 276.146545410156 275.634124755859 275.369262695312 275.442260742188 275.599853515625 275.697357177734 276.139587402344 276.855743408203 277.48046875 277.260589599609 277.609100341797 279.209320068359 279.636108398438 279.651153564453 279.804504394531 280.090942382812 279.327758789062 279.178649902344 280.058471679688 280.428283691406 279.373077392578 279.012817382812 279.578491210938 280.268981933594 280.604949951172 280.790863037109 280.660858154297 280.233551025391 279.946136474609 279.795257568359 278.607452392578 278.832275390625 279.056976318359 278.701477050781 278.384155273438 278.380279541016 278.462249755859 278.604339599609 278.719268798828 278.833190917969 278.992919921875 279.038635253906
281.589660644531 281.300231933594 280.548767089844 279.226806640625 278.528717041016 278.037048339844 277.614654541016 277.111724853516 276.708831787109 276.386169433594 275.717437744141 275.343719482422 274.970794677734 274.765380859375 275.494201660156 277.346038818359 278.625244140625 279.078491210938 278.432647705078 278.707916259766 279.770111083984 279.784027099609 279.426116943359 279.787445068359 280.407409667969 279.980010986328 279.937652587891 280.591278076172 280.476837158203 279.521850585938 280.017120361328 280.469268798828 280.735504150391 280.802520751953 280.604400634766 280.208312988281 279.888580322266 280.118377685547 279.643829345703 278.790222167969 279.316741943359 279.452941894531 278.919952392578 278.478759765625 278.331176757812 278.311370849609 278.461151123047 278.513336181641 278.703460693359 278.919219970703 278.950927734375
281.174407958984 280.820831298828 279.860717773438 278.871520996094 278.310272216797 277.923126220703 277.485504150391 277.432891845703 277.1220703125 276.248016357422 275.571136474609 275.255828857422 274.869201660156 274.556823730469 275.360961914062 277.836853027344 279.317932128906 279.031127929688 279.202941894531 279.418487548828 278.993286132812 278.634063720703 278.759765625 279.511535644531 280.345977783203 280.524810791016 280.587097167969 280.572906494141 280.491333007812 280.407623291016 280.657012939453 280.856689453125 280.905151367188 280.635620117188 280.292572021484 280.084716796875 280.148803710938 280.353424072266 279.729431152344 279.250579833984 279.676086425781 279.841461181641 279.295227050781 278.839385986328 278.553283691406 278.238220214844 278.190673828125 278.306488037109 278.559936523438 278.688873291016 278.776885986328
281.422668457031 280.884185791016 279.887939453125 278.955902099609 277.509429931641 276.937347412109 276.673004150391 276.421081542969 276.068511962891 275.620910644531 274.956329345703 274.57763671875 274.325439453125 274.398803710938 275.187347412109 277.648498535156 278.592254638672 277.671630859375 278.657135009766 278.459655761719 278.006652832031 278.806854248047 279.460693359375 280.205780029297 280.516143798828 280.55615234375 280.258422851562 279.531616210938 279.82421875 280.517150878906 280.732757568359 280.938140869141 280.933685302734 280.599548339844 280.383880615234 280.255737304688 280.499694824219 280.293853759766 279.960510253906 279.794464111328 279.965728759766 279.809936523438 279.501251220703 279.134429931641 278.857727050781 278.439178466797 278.303070068359 278.326324462891 278.369201660156 278.424255371094 278.549285888672
282.046630859375 281.152984619141 279.726348876953 278.730255126953 277.069305419922 276.209625244141 275.954559326172 275.081787109375 274.601745605469 274.841217041016 274.332855224609 273.889953613281 273.726959228516 274.020416259766 275.257781982422 277.534149169922 277.228729248047 276.553192138672 277.731536865234 277.49267578125 278.087249755859 279.702819824219 280.173675537109 280.443481445312 280.24755859375 280.037322998047 279.309112548828 278.488006591797 279.053436279297 279.994171142578 280.590484619141 280.921752929688 280.956848144531 280.73876953125 280.549041748047 280.48486328125 280.564971923828 280.102966308594 280.077880859375 280.138824462891 280.070404052734 279.711700439453 279.637084960938 279.174468994141 279.008453369141 278.904357910156 278.654571533203 278.329895019531 278.210144042969 278.283386230469 278.487213134766
281.661529541016 280.54296875 278.728881835938 277.678070068359 277.185089111328 276.693359375 275.690673828125 274.607147216797 273.960083007812 274.035949707031 273.917205810547 273.507476806641 273.424865722656 273.805480957031 275.332244873047 276.78857421875 275.679504394531 275.627532958984 276.507568359375 277.474884033203 278.703521728516 279.921051025391 280.095306396484 279.731231689453 279.515502929688 279.441528320312 278.450103759766 278.586212158203 279.614990234375 280.340484619141 280.832702636719 280.975463867188 280.909759521484 280.771301269531 280.570556640625 280.668212890625 280.600341796875 280.313507080078 280.201263427734 280.414611816406 280.430541992188 280.13623046875 279.720489501953 279.238403320312 279.447875976562 279.565734863281 279.150543212891 278.449798583984 278.088958740234 278.200592041016 278.517730712891
280.609832763672 279.646759033203 278.521026611328 276.900207519531 275.943481445312 275.703033447266 274.649780273438 274.080932617188 273.721588134766 273.435516357422 273.44384765625 273.220123291016 273.25732421875 274.014190673828 275.639556884766 275.999908447266 274.830993652344 275.086578369141 276.009094238281 277.724182128906 279.191345214844 279.898254394531 278.986297607422 278.334838867188 278.729400634766 278.817413330078 278.056060791016 278.742889404297 279.958160400391 280.690856933594 280.997375488281 280.920806884766 280.616943359375 280.635162353516 280.616241455078 280.755676269531 280.592803955078 280.505432128906 280.384887695312 280.594818115234 280.598999023438 280.356689453125 279.907623291016 279.624176025391 279.973358154297 279.899719238281 279.099487304688 278.299957275391 278.180389404297 278.347991943359 278.599884033203
279.855133056641 279.16162109375 278.060821533203 276.639465332031 275.703796386719 274.399017333984 273.444885253906 273.179748535156 273.096710205078 272.936096191406 273.10205078125 273.338195800781 273.305511474609 274.5009765625 276.057434082031 275.330505371094 274.793426513672 275.055145263672 275.995727539062 277.778900146484 279.364868164062 279.092529296875 277.848907470703 277.90087890625 278.624206542969 278.212127685547 278.155731201172 279.402923583984 280.414428710938 280.962493896484 281.059478759766 280.657348632812 280.453948974609 280.717956542969 280.788391113281 280.773101806641 280.542816162109 280.621643066406 280.568481445312 280.705993652344 280.653137207031 280.566741943359 280.411590576172 280.323638916016 280.131713867188 279.536499023438 278.376037597656 277.925872802734 278.238555908203 278.537139892578 278.736663818359
279.596710205078 278.422821044922 277.195343017578 276.630218505859 276.671142578125 274.467376708984 273.054382324219 272.526824951172 272.392730712891 272.310272216797 272.814270019531 273.778900146484 273.994415283203 275.116394042969 275.758117675781 274.935699462891 274.939819335938 275.241882324219 276.248870849609 277.776214599609 279.014434814453 278.264617919922 278.454010009766 278.953674316406 279.256622314453 278.593383789062 278.92431640625 280.216766357422 280.913818359375 281.083831787109 280.919525146484 280.267791748047 280.433837890625 280.761932373047 280.877014160156 280.824584960938 280.748748779297 280.817077636719 280.790161132812 280.7177734375 280.534545898438 280.348480224609 280.220794677734 280.046142578125 279.447174072266 278.790863037109 278.329956054688 278.295135498047 278.4814453125 278.590362548828 278.566040039062
278.673400878906 278.6884765625 278.29541015625 277.837524414062 277.844879150391 276.104461669922 274.322235107422 272.983520507812 272.594207763672 272.208221435547 272.133819580078 273.193054199219 274.337860107422 275.293365478516 274.613128662109 274.197967529297 274.634887695312 274.856048583984 275.870422363281 277.602447509766 277.954864501953 277.483489990234 278.902191162109 279.790252685547 279.605163574219 279.235931396484 280.009521484375 280.930023193359 281.095672607422 280.986938476562 280.621368408203 280.119812011719 280.665863037109 280.885101318359 280.922027587891 280.880798339844 280.860534667969 280.705474853516 280.682067871094 280.494293212891 280.074066162109 279.839660644531 279.894012451172 279.611572265625 279.037933349609 278.614135742188 278.591613769531 278.836059570312 278.829925537109 278.511871337891 278.288055419922
279.523529052734 280.010498046875 280.007629394531 279.320953369141 278.49169921875 276.851928710938 274.469329833984 272.934112548828 272.337554931641 271.811187744141 271.608978271484 272.753845214844 274.262329101562 274.591857910156 273.594085693359 273.510101318359 273.983642578125 274.350219726562 274.898254394531 276.257080078125 276.863311767578 277.428802490234 278.911956787109 279.986938476562 279.846832275391 280.051910400391 280.782165527344 281.090270996094 280.94189453125 280.860015869141 280.636077880859 280.551696777344 280.892395019531 280.9521484375 280.879241943359 280.843811035156 280.759521484375 280.453582763672 280.305816650391 280.195159912109 279.975799560547 279.975799560547 279.818664550781 279.503326416016 279.11669921875 278.790954589844 278.878570556641 279.142425537109 278.995788574219 278.548431396484 278.20703125
280.889068603516 280.589233398438 279.952789306641 279.588958740234 278.068298339844 276.202880859375 274.441589355469 273.227722167969 272.266754150391 271.571380615234 271.613739013672 272.720123291016 273.787017822266 273.732452392578 273.525939941406 273.472808837891 273.624755859375 274.214447021484 274.898345947266 276.183349609375 277.663970947266 278.68212890625 279.791229248047 280.406799316406 280.323211669922 280.587219238281 280.973052978516 281.071624755859 280.888671875 280.929534912109 280.857055664062 280.933319091797 280.993591308594 280.979309082031 280.878234863281 280.828430175781 280.719940185547 280.548187255859 280.293426513672 280.269927978516 280.317993164062 280.208312988281 279.791229248047 279.773162841797 279.456573486328 279.279815673828 279.290985107422 279.160430908203 278.779266357422 278.343109130859 278.043853759766
280.024353027344 279.281585693359 278.755432128906 278.981201171875 277.869201660156 276.60107421875 276.270599365234 275.566131591797 274.168670654297 272.884124755859 272.521575927734 273.621337890625 274.229156494141 273.473815917969 273.843444824219 274.109741210938 274.400238037109 274.854766845703 275.841552734375 277.372100830078 278.968383789062 279.786437988281 280.455993652344 280.649536132812 280.428253173828 280.540222167969 280.907928466797 281.100006103516 281.026824951172 280.974029541016 280.950805664062 281.016021728516 280.951782226562 280.853454589844 280.862915039062 280.829376220703 280.709991455078 280.587463378906 280.543548583984 280.524017333984 280.490386962891 280.268890380859 280.1015625 280.125671386719 279.919403076172 279.681243896484 279.271881103516 278.819549560547 278.491027832031 278.252563476562 278.132110595703
280.063873291016 279.593505859375 279.640502929688 279.935821533203 279.15673828125 278.569946289062 278.025604248047 277.089324951172 275.498107910156 274.601043701172 274.244873046875 274.637176513672 274.317413330078 273.038940429688 273.906524658203 274.724578857422 275.332061767578 276.22900390625 277.555603027344 278.681457519531 279.799896240234 280.625762939453 280.896636962891 280.719146728516 280.469146728516 280.631500244141 280.989501953125 281.138031005859 281.045501708984 280.932769775391 281.004821777344 280.960357666016 280.775115966797 280.738525390625 280.837127685547 280.769226074219 280.6298828125 280.418243408203 280.305358886719 280.268218994141 280.240386962891 280.243988037109 280.277679443359 280.200988769531 279.999176025391 279.702270507812 279.329193115234 279.12353515625 279.036926269531 278.833892822266 278.6572265625
281.316131591797 280.826995849609 280.909637451172 280.626861572266 279.854736328125 278.994415283203 277.992034912109 276.585235595703 275.594299316406 276.037353515625 276.510192871094 276.284851074219 274.514556884766 273.661315917969 274.490814208984 275.388793945312 275.971130371094 277.152282714844 278.586364746094 279.612670898438 280.422119140625 280.939453125 281.017852783203 280.7900390625 280.76806640625 280.932647705078 281.087738037109 281.025634765625 281.030517578125 281.000244140625 281.034484863281 280.959197998047 280.845062255859 280.825347900391 280.808258056641 280.676727294922 280.506256103516 280.279083251953 279.800354003906 279.541259765625 279.687561035156 280.095947265625 280.176605224609 279.612884521484 279.269561767578 279.643768310547 279.720581054688 279.679870605469 279.431610107422 279.138427734375 278.878662109375
