R_scripts/int_process_data/Bio_19.asc
NCOLS 281 
NROWS 576 
XLLCORNER 81175.2677831308 
YLLCORNER 88.2293212990044 
CELLSIZE 1000 
NODATA_value -3.4e+38 
[rows 92 to 114 of 576, columns 208 to 259 of 281]
6.81972312927246 6.82111406326294 6.83011150360107 6.8420352935791 6.85395860671997 6.865882396698 6.87780618667603 6.88972949981689 6.90165328979492 6.91357660293579 6.92550039291382 6.93742418289185 6.94431352615356 6.94893360137939 6.95355367660522 6.9581732749939 6.96279335021973 6.96741342544556 6.97203302383423 6.97665309906006 6.98127317428589 6.98589277267456 6.98337316513062 6.9771146774292 6.97085618972778 6.96459770202637 6.95833921432495 6.95208024978638 6.94582176208496 6.93956327438354 6.93330478668213 6.92704629898071 6.91116762161255 6.88947582244873 6.86778450012207 6.84609270095825 6.82440137863159 6.80270957946777 6.78101825714111 6.75932693481445 6.73763513565063 6.71594381332397 6.68972158432007 6.66035556793213 6.63099002838135 6.60162448883057 6.57225894927979 6.542893409729 6.51352787017822 6.48416185379028 6.4547963142395 6.42543077468872
6.81682872772217 6.81813097000122 6.82700872421265 6.83880043029785 6.85059213638306 6.86238431930542 6.87417602539062 6.88596820831299 6.89775991439819 6.9095516204834 6.92134380340576 6.93313550949097 6.9373927116394 6.93825244903564 6.93911218643188 6.93997240066528 6.94083213806152 6.94169187545776 6.94255208969116 6.9434118270874 6.94427156448364 6.94513130187988 6.94188785552979 6.93649578094482 6.93110322952271 6.92571115493774 6.92031908035278 6.91492652893066 6.9095344543457 6.90414190292358 6.89874982833862 6.8933572769165 6.8788890838623 6.85893678665161 6.83898448944092 6.81903171539307 6.79907941818237 6.77912712097168 6.75917482376099 6.73922252655029 6.71926975250244 6.69931745529175 6.67408514022827 6.64518976211548 6.61629438400269 6.58739852905273 6.55850315093994 6.52960777282715 6.50071239471436 6.47181701660156 6.44292116165161 6.41402578353882
6.81682872772217 6.81813097000122 6.82700872421265 6.83880043029785 6.85059213638306 6.86238431930542 6.87417602539062 6.88596820831299 6.89775991439819 6.9095516204834 6.92134380340576 6.93313550949097 6.93445539474487 6.93105411529541 6.92765283584595 6.92425155639648 6.92084980010986 6.9174485206604 6.91404724121094 6.91064596176147 6.90724468231201 6.90384292602539 6.89972400665283 6.89522886276245 6.89073419570923 6.88623905181885 6.88174438476562 6.87724924087524 6.87275457382202 6.86825942993164 6.86376476287842 6.85926961898804 6.84622621536255 6.82801675796509 6.80980730056763 6.79159832000732 6.77338886260986 6.75517988204956 6.7369704246521 6.71876096725464 6.70055198669434 6.68234252929688 6.65809154510498 6.62964820861816 6.60120534896851 6.57276248931885 6.54431962966919 6.51587629318237 6.48743343353271 -3.4e+38 -3.4e+38 -3.4e+38
6.81682872772217 6.81813097000122 6.82700872421265 6.83880043029785 6.85059213638306 6.86238431930542 6.87417602539062 6.88596820831299 6.89775991439819 6.9095516204834 6.92134380340576 6.93313550949097 6.9315185546875 6.92385578155518 6.91619300842285 6.90853071212769 6.90086793899536 6.89320516586304 6.88554286956787 6.87788009643555 6.87021732330322 6.8625545501709 6.85756015777588 6.85396242141724 6.85036468505859 6.84676742553711 6.84316968917847 6.83957242965698 6.83597469329834 6.83237743377686 6.82877969741821 6.82518196105957 6.81356287002563 6.79709672927856 6.78063058853149 6.76416444778442 6.74769830703735 6.73123216629028 6.71476602554321 6.69829988479614 6.68183374404907 6.665367603302 6.64209747314453 6.61410713195801 6.58611679077148 6.5581259727478 6.53013563156128 6.50214529037476 6.47415494918823 -3.4e+38 -3.4e+38 -3.4e+38
6.81682872772217 6.81813097000122 6.82700872421265 6.83880043029785 6.85059213638306 6.86238431930542 6.87417602539062 6.88596820831299 6.89775991439819 6.9095516204834 6.92134380340576 6.93313550949097 6.92858123779297 6.91665744781494 6.90473365783691 6.89280986785889 6.8808856010437 6.86896181106567 6.85703802108765 6.84511423110962 6.83319044113159 6.82126617431641 6.81539583206177 6.81269598007202 6.80999565124512 6.80729532241821 6.80459547042847 6.80189514160156 6.79919481277466 6.79649496078491 6.79379463195801 6.7910943031311 6.78090000152588 6.76617670059204 6.75145387649536 6.73673105239868 6.72200775146484 6.70728492736816 6.69256162643433 6.67783880233765 6.66311597824097 6.64839267730713 6.62610387802124 6.59856605529785 6.5710277557373 6.54348993301392 6.51595211029053 6.48841428756714 6.46087598800659 -3.4e+38 -3.4e+38 -3.4e+38
6.81682872772217 6.81813097000122 6.82700872421265 6.83880043029785 6.85059213638306 6.86238431930542 6.87417602539062 6.88596820831299 6.89775991439819 6.9095516204834 6.92134380340576 6.93313550949097 6.9256443977356 6.90945911407471 6.89327383041382 6.87708902359009 6.8609037399292 6.84471845626831 6.82853364944458 6.81234836578369 6.7961630821228 6.77997779846191 6.77323198318481 6.77142906188965 6.76962614059448 6.76782369613647 6.76602077484131 6.76421785354614 6.76241493225098 6.76061248779297 6.7588095664978 6.75700664520264 6.74823665618896 6.73525667190552 6.72227716445923 6.70929718017578 6.69631719589233 6.68333721160889 6.6703577041626 6.65737771987915 6.6443977355957 6.63141775131226 6.61010980606079 6.58302450180054 6.55593919754028 -3.4e+38 -3.4e+38 -3.4e+38 -3.4e+38 -3.4e+38 -3.4e+38 -3.4e+38
6.81682872772217 6.81813097000122 6.82700872421265 6.83880043029785 6.85059213638306 6.86238431930542 6.87417602539062 6.88596820831299 6.89775991439819 6.9095516204834 6.92134380340576 6.93313550949097 6.92270755767822 6.90226078033447 6.88181447982788 6.86136817932129 6.8409218788147 6.82047510147095 6.80002880096436 6.77958250045776 6.75913572311401 6.73868942260742 6.7310676574707 6.73016262054443 6.72925710678101 6.72835159301758 6.72744607925415 6.72654056549072 6.72563552856445 6.72473001480103 6.7238245010376 6.72291898727417 6.71557378768921 6.70433712005615 6.69309997558594 6.68186330795288 6.67062664031982 6.65938997268677 6.64815330505371 6.63691663742065 6.62567949295044 6.61444282531738 6.5941162109375 6.56748342514038 -3.4e+38 -3.4e+38 -3.4e+38 -3.4e+38 -3.4e+38 -3.4e+38 -3.4e+38 -3.4e+38
6.81682872772217 6.81813097000122 6.82700872421265 6.83880043029785 6.85059213638306 6.86238431930542 6.87417602539062 6.88596820831299 6.89775991439819 6.9095516204834 6.92134380340576 6.93313550949097 6.91977024078369 6.89506244659424 6.87035512924194 6.84564733505249 6.82093954086304 6.79623174667358 6.77152442932129 6.74681663513184 6.72210884094238 6.69740104675293 6.68890380859375 6.68889570236206 6.68888759613037 6.68887948989868 6.68887186050415 6.68886375427246 6.68885564804077 6.68884754180908 6.68883943557739 6.6888313293457 6.68291044235229 6.67341709136963 6.6639232635498 6.65442991256714 6.64493608474731 6.63544273376465 -3.4e+38 6.616455078125 6.60696172714233 6.59746789932251 6.57812261581421 -3.4e+38 -3.4e+38 -3.4e+38 -3.4e+38 -3.4e+38 -3.4e+38 -3.4e+38 -3.4e+38 -3.4e+38
6.81682872772217 6.81813097000122 6.82700872421265 6.83880043029785 6.85059213638306 6.86238431930542 6.87417602539062 6.88596820831299 6.89775991439819 6.9095516204834 6.92134380340576 6.93313550949097 6.91683340072632 6.887864112854 6.85889530181885 6.82992649078369 6.80095767974854 6.77198839187622 6.74301958084106 6.71405076980591 6.68508148193359 6.65611267089844 6.6467399597168 6.64762926101685 6.64851856231689 6.64940786361694 6.65029716491699 6.65118646621704 6.65207576751709 6.65296506881714 6.65385437011719 6.65474367141724 6.65024757385254 6.64249706268311 6.63474655151367 -3.4e+38 -3.4e+38 -3.4e+38 -3.4e+38 -3.4e+38 -3.4e+38 6.58049297332764 -3.4e+38 -3.4e+38 -3.4e+38 -3.4e+38 -3.4e+38 -3.4e+38 -3.4e+38 -3.4e+38 -3.4e+38 -3.4e+38
6.81682872772217 6.81813097000122 6.82700872421265 6.83880043029785 6.85059213638306 6.86238431930542 6.87417602539062 6.88596820831299 6.89775991439819 6.9095516204834 6.92134380340576 6.93313550949097 6.91389608383179 6.88066577911377 6.84743595123291 6.81420564651489 6.78097534179688 6.74774503707886 6.71451473236084 6.68128490447998 6.64805459976196 6.61482429504395 6.60457563400269 6.60636234283447 6.60814905166626 6.60993576049805 6.61172246932983 6.61350917816162 6.61529588699341 6.6170825958252 6.61886930465698 6.62065601348877 6.61758422851562 6.61157703399658 -3.4e+38 -3.4e+38 -3.4e+38 -3.4e+38 -3.4e+38 -3.4e+38 -3.4e+38 -3.4e+38 -3.4e+38 -3.4e+38 -3.4e+38 -3.4e+38 -3.4e+38 -3.4e+38 -3.4e+38 -3.4e+38 -3.4e+38 -3.4e+38
6.81682872772217 6.81813097000122 6.82700872421265 6.83880043029785 6.85059213638306 6.86238431930542 6.87417602539062 6.88596820831299 6.89775991439819 6.9095516204834 6.92134380340576 6.93313550949097 6.91095924377441 6.87346744537354 6.83597612380981 6.79848480224609 6.76099348068237 6.72350168228149 6.68601036071777 6.64851903915405 6.61102724075317 6.57353591918945 6.56241178512573 6.56509590148926 6.56778001785278 6.57046413421631 6.57314825057983 6.57583236694336 6.57851600646973 6.58120012283325 6.58388423919678 6.5865683555603 6.58492136001587 -3.4e+38 -3.4e+38 -3.4e+38 -3.4e+38 -3.4e+38 -3.4e+38 -3.4e+38 -3.4e+38 -3.4e+38 -3.4e+38 -3.4e+38 -3.4e+38 -3.4e+38 -3.4e+38 -3.4e+38 -3.4e+38 -3.4e+38 -3.4e+38 -3.4e+38
6.79384326934814 6.79410648345947 6.80220127105713 6.81330871582031 6.82441568374634 6.83552312850952 6.84663009643555 6.85773754119873 6.86884450912476 6.87995195388794 6.89105892181396 6.90216636657715 6.88149452209473 6.84649515151978 6.81149578094482 6.77649593353271 6.74149656295776 6.70649719238281 6.67149782180786 6.63649845123291 6.6014986038208 6.56649923324585 6.55631685256958 6.55913066864014 6.56194448471069 6.56475830078125 6.56757211685181 6.57038593292236 6.57319974899292 6.57601356506348 6.57882690429688 6.58164072036743 -3.4e+38 -3.4e+38 -3.4e+38 -3.4e+38 -3.4e+38 -3.4e+38 -3.4e+38 -3.4e+38 -3.4e+38 -3.4e+38 -3.4e+38 -3.4e+38 -3.4e+38 -3.4e+38 -3.4e+38 -3.4e+38 -3.4e+38 -3.4e+38 -3.4e+38 -3.4e+38
6.7669734954834 6.76602268218994 6.77320241928101 6.78350925445557 6.79381608963013 6.80412292480469 6.81442928314209 6.82473611831665 6.83504295349121 6.84534978866577 6.85565662384033 6.86596345901489 6.84754705429077 6.81618070602417 6.78481483459473 6.75344848632812 6.72208213806152 6.69071578979492 6.65934944152832 6.62798309326172 6.59661674499512 6.56525087356567 6.55631685256958 6.55913066864014 6.56194448471069 6.56475830078125 6.56757211685181 6.57038593292236 6.57319974899292 6.57601356506348 6.57882690429688 6.58164072036743 -3.4e+38 -3.4e+38 -3.4e+38 -3.4e+38 -3.4e+38 -3.4e+38 -3.4e+38 -3.4e+38 -3.4e+38 -3.4e+38 -3.4e+38 -3.4e+38 -3.4e+38 -3.4e+38 -3.4e+38 -3.4e+38 -3.4e+38 -3.4e+38 -3.4e+38 -3.4e+38
6.74010372161865 6.73793888092041 6.74420309066772 6.75370979309082 6.76321601867676 6.7727222442627 6.78222894668579 6.79173517227173 6.80124139785767 6.81074810028076 6.8202543258667 6.82976055145264 6.81360006332397 6.78586673736572 6.75813388824463 6.73040056228638 6.70266723632812 6.67493438720703 6.64720106124878 6.61946821212769 6.59173488616943 6.56400203704834 6.55631685256958 6.55913066864014 6.56194448471069 6.56475830078125 6.56757211685181 6.57038593292236 6.57319974899292 6.57601356506348 6.57882690429688 6.58164072036743 -3.4e+38 -3.4e+38 -3.4e+38 -3.4e+38 -3.4e+38 -3.4e+38 -3.4e+38 -3.4e+38 -3.4e+38 -3.4e+38 -3.4e+38 -3.4e+38 -3.4e+38 -3.4e+38 -3.4e+38 -3.4e+38 -3.4e+38 -3.4e+38 -3.4e+38 -3.4e+38
6.71323394775391 6.70985555648804 6.7152042388916 6.72391033172607 6.73261594772339 6.74132204055786 6.75002813339233 6.75873422622681 6.76743984222412 6.77614593505859 6.78485202789307 6.79355812072754 6.77965259552002 6.75555276870728 6.73145294189453 6.70735263824463 6.68325281143188 6.65915298461914 6.6350531578064 6.61095285415649 6.58685302734375 6.56275320053101 6.55631685256958 6.55913066864014 6.56194448471069 6.56475830078125 6.56757211685181 6.57038593292236 6.57319974899292 6.57601356506348 6.57882690429688 -3.4e+38 -3.4e+38 -3.4e+38 -3.4e+38 -3.4e+38 -3.4e+38 -3.4e+38 -3.4e+38 -3.4e+38 -3.4e+38 -3.4e+38 -3.4e+38 -3.4e+38 -3.4e+38 -3.4e+38 -3.4e+38 -3.4e+38 -3.4e+38 -3.4e+38 -3.4e+38 -3.4e+38
6.68636417388916 6.68177175521851 6.68620491027832 6.69411087036133 6.70201635360718 6.70992183685303 6.71782732009888 6.72573280334473 6.73363876342773 6.74154424667358 6.74944972991943 6.75735521316528 6.74570512771606 6.72523832321167 6.70477199554443 6.68430519104004 6.66383838653564 6.64337158203125 6.62290477752686 6.60243797302246 6.58197116851807 6.56150436401367 6.55631685256958 6.55913066864014 6.56194448471069 6.56475830078125 6.56757211685181 6.57038593292236 6.57319974899292 6.57601356506348 -3.4e+38 -3.4e+38 -3.4e+38 -3.4e+38 -3.4e+38 -3.4e+38 -3.4e+38 -3.4e+38 -3.4e+38 -3.4e+38 -3.4e+38 -3.4e+38 -3.4e+38 -3.4e+38 -3.4e+38 -3.4e+38 -3.4e+38 -3.4e+38 -3.4e+38 -3.4e+38 -3.4e+38 -3.4e+38
6.65949487686157 6.65368795394897 6.6572060585022 6.66431093215942 6.67141628265381 6.67852163314819 6.68562650680542 6.6927318572998 6.69983720779419 6.70694208145142 6.7140474319458 6.72115278244019 6.71175813674927 6.69492435455322 6.67809104919434 6.66125726699829 6.64442348480225 6.62759017944336 6.61075639724731 6.59392309188843 6.57708930969238 6.56025552749634 6.55631685256958 6.55913066864014 6.56194448471069 6.56475830078125 6.56757211685181 6.57038593292236 6.57319974899292 6.57601356506348 -3.4e+38 -3.4e+38 -3.4e+38 -3.4e+38 -3.4e+38 -3.4e+38 -3.4e+38 -3.4e+38 -3.4e+38 -3.4e+38 -3.4e+38 -3.4e+38 -3.4e+38 -3.4e+38 -3.4e+38 -3.4e+38 -3.4e+38 -3.4e+38 -3.4e+38 -3.4e+38 -3.4e+38 -3.4e+38
6.63262510299683 6.62560415267944 6.62820672988892 6.63451147079468 6.6408166885376 6.64712142944336 6.65342617034912 6.65973091125488 6.66603565216064 6.67234039306641 6.67864513397217 6.68494987487793 6.67781066894531 6.66461038589478 6.65141010284424 6.63820934295654 6.62500905990601 6.61180877685547 6.59860849380493 6.58540773391724 6.5722074508667 6.55900716781616 6.55631685256958 6.55913066864014 6.56194448471069 6.56475830078125 6.56757211685181 6.57038593292236 -3.4e+38 -3.4e+38 -3.4e+38 -3.4e+38 -3.4e+38 -3.4e+38 -3.4e+38 -3.4e+38 -3.4e+38 -3.4e+38 -3.4e+38 -3.4e+38 -3.4e+38 -3.4e+38 -3.4e+38 -3.4e+38 -3.4e+38 -3.4e+38 -3.4e+38 -3.4e+38 -3.4e+38 -3.4e+38 -3.4e+38 -3.4e+38
6.60575532913208 6.59752035140991 6.59920787811279 6.60471200942993 6.61021661758423 6.61572074890137 6.62122535705566 6.6267294883728 6.6322340965271 6.63773822784424 6.64324283599854 6.64874696731567 6.64386367797852 6.63429641723633 6.62472915649414 6.61516189575195 6.60559463500977 6.59602737426758 6.58646011352539 6.5768928527832 6.56732559204102 6.55775833129883 6.55631685256958 6.55913066864014 6.56194448471069 6.56475830078125 6.56757211685181 6.57038593292236 -3.4e+38 -3.4e+38 -3.4e+38 -3.4e+38 -3.4e+38 -3.4e+38 -3.4e+38 -3.4e+38 -3.4e+38 -3.4e+38 -3.4e+38 -3.4e+38 -3.4e+38 -3.4e+38 -3.4e+38 -3.4e+38 -3.4e+38 -3.4e+38 -3.4e+38 -3.4e+38 -3.4e+38 -3.4e+38 -3.4e+38 -3.4e+38
6.57888555526733 6.56943655014038 6.57020854949951 6.57491254806519 6.57961654663086 6.58432054519653 6.58902454376221 6.59372854232788 6.59843254089355 6.60313653945923 6.6078405380249 6.61254453659058 6.60991621017456 6.60398197174072 6.59804821014404 6.59211397171021 6.58617973327637 6.58024597167969 6.57431173324585 6.56837749481201 6.56244373321533 6.55650949478149 6.55631685256958 6.55913066864014 6.56194448471069 6.56475830078125 6.56757211685181 -3.4e+38 -3.4e+38 -3.4e+38 -3.4e+38 -3.4e+38 -3.4e+38 -3.4e+38 -3.4e+38 -3.4e+38 -3.4e+38 -3.4e+38 -3.4e+38 -3.4e+38 -3.4e+38 -3.4e+38 -3.4e+38 -3.4e+38 -3.4e+38 -3.4e+38 -3.4e+38 -3.4e+38 -3.4e+38 -3.4e+38 -3.4e+38 -3.4e+38
6.55201578140259 6.54135274887085 6.54120969772339 6.54511308670044 6.54901695251465 6.5529203414917 6.55682373046875 6.56072759628296 6.56463098526001 6.56853437423706 6.57243824005127 6.57634162902832 6.57596874237061 6.57366800308228 6.57136726379395 6.56906604766846 6.56676530838013 6.5644645690918 6.56216335296631 6.55986261367798 6.55756187438965 6.55526065826416 6.55631685256958 6.55913066864014 6.56194448471069 -3.4e+38 -3.4e+38 -3.4e+38 -3.4e+38 -3.4e+38 -3.4e+38 -3.4e+38 -3.4e+38 -3.4e+38 -3.4e+38 -3.4e+38 -3.4e+38 -3.4e+38 -3.4e+38 -3.4e+38 -3.4e+38 -3.4e+38 -3.4e+38 -3.4e+38 -3.4e+38 -3.4e+38 -3.4e+38 -3.4e+38 -3.4e+38 -3.4e+38 -3.4e+38 -3.4e+38
6.52515506744385 6.51291990280151 6.51186895370483 6.51512050628662 6.51837205886841 6.5216236114502 6.52487564086914 6.52812719345093 6.53137874603271 6.5346302986145 6.53788185119629 6.54113340377808 6.54102754592896 6.5394082069397 6.53778886795044 6.53616952896118 6.53454971313477 6.53293037414551 6.53131103515625 6.52969169616699 6.52807188034058 6.52645254135132 6.52807712554932 6.53140115737915 6.53472471237183 -3.4e+38 -3.4e+38 -3.4e+38 -3.4e+38 -3.4e+38 -3.4e+38 -3.4e+38 -3.4e+38 -3.4e+38 -3.4e+38 -3.4e+38 -3.4e+38 -3.4e+38 -3.4e+38 -3.4e+38 -3.4e+38 -3.4e+38 -3.4e+38 -3.4e+38 -3.4e+38 -3.4e+38 -3.4e+38 -3.4e+38 -3.4e+38 -3.4e+38 -3.4e+38 -3.4e+38
6.49829626083374 6.48441123962402 6.48245477676392 6.48508644104004 6.48771810531616 6.49034976959229 6.49298143386841 6.49561309814453 6.49824476242065 6.50087642669678 6.5035080909729 6.50613975524902 6.50587224960327 6.50429725646973 6.50272226333618 6.50114679336548 6.49957180023193 6.49799680709839 6.49642181396484 6.4948468208313 6.49327182769775 6.49169683456421 6.49374341964722 6.49768686294556 6.5016303062439 6.50557374954224 -3.4e+38 -3.4e+38 -3.4e+38 -3.4e+38 -3.4e+38 -3.4e+38 -3.4e+38 -3.4e+38 -3.4e+38 -3.4e+38 -3.4e+38 -3.4e+38 -3.4e+38 -3.4e+38 -3.4e+38 -3.4e+38 -3.4e+38 -3.4e+38 -3.4e+38 -3.4e+38 -3.4e+38 -3.4e+38 -3.4e+38 -3.4e+38 -3.4e+38 -3.4e+38
