R_scripts/int_process_data/Bio_05_2001.2020.asc
NCOLS 281 
NROWS 577 
XLLCORNER 81175.2677831308 
YLLCORNER -911.770678700996 
CELLSIZE 1000 
NODATA_value -3.4e+38 
[rows 69 to 91 of 577, columns 156 to 207 of 281]
300.564025878906 300.640686035156 300.708648681641 300.791534423828 300.903625488281 301.002349853516 301.044830322266 301.064178466797 301.112915039062 301.17431640625 301.2333984375 301.290191650391 301.341156005859 301.410034179688 301.50244140625 301.596435546875 301.672210693359 301.7509765625 301.827911376953 301.928436279297 302.036315917969 302.069030761719 302.096649169922 302.210968017578 302.377868652344 302.513702392578 302.625061035156 302.718353271484 302.845397949219 302.966491699219 303.045837402344 303.119293212891 303.224945068359 303.335083007812 303.417114257812 303.519348144531 303.598114013672 303.685089111328 303.747802734375 303.762664794922 303.777038574219 303.826354980469 303.855010986328 303.879272460938 303.896179199219 303.876861572266 303.802764892578 303.827087402344 303.867858886719 303.867584228516 303.770599365234 303.598693847656
300.613922119141 300.686920166016 300.756683349609 300.856750488281 300.966674804688 301.026428222656 301.046203613281 301.089477539062 301.160064697266 301.228302001953 301.284332275391 301.340667724609 301.398773193359 301.476837158203 301.561676025391 301.645385742188 301.714599609375 301.800262451172 301.911041259766 302.001647949219 302.054260253906 302.081817626953 302.140563964844 302.242004394531 302.400360107422 302.547760009766 302.677215576172 302.793548583984 302.906524658203 302.99365234375 303.067749023438 303.112884521484 303.187896728516 303.320404052734 303.397094726562 303.478057861328 303.581481933594 303.689361572266 303.768188476562 303.813110351562 303.849212646484 303.868743896484 303.885894775391 303.929992675781 303.937164306641 303.912292480469 303.904052734375 303.925903320312 303.912780761719 303.808013916016 303.693115234375 303.572204589844
300.662841796875 300.732849121094 300.801788330078 300.906097412109 300.990600585938 301.023681640625 301.059539794922 301.132537841797 301.209655761719 301.278533935547 301.339782714844 301.398559570312 301.466644287109 301.535186767578 301.619812011719 301.703216552734 301.766632080078 301.836669921875 301.957092285156 302.055541992188 302.099517822266 302.123443603516 302.215881347656 302.29931640625 302.440979003906 302.578704833984 302.703521728516 302.824859619141 302.917236328125 302.972808837891 303.035461425781 303.053436279297 303.087707519531 303.231872558594 303.356567382812 303.458282470703 303.572723388672 303.688262939453 303.744140625 303.780181884766 303.858093261719 303.910522460938 303.924957275391 303.946472167969 303.924468994141 303.863067626953 303.841491699219 303.923492431641 303.864379882812 303.666656494141 303.521575927734 303.389251708984
300.701873779297 300.769958496094 300.839935302734 300.939422607422 300.997222900391 301.025085449219 301.080932617188 301.162109375 301.242919921875 301.322052001953 301.388519287109 301.453247070312 301.524108886719 301.583129882812 301.663452148438 301.751586914062 301.813049316406 301.876342773438 301.989227294922 302.07080078125 302.105285644531 302.160552978516 302.26171875 302.343414306641 302.454040527344 302.572448730469 302.698211669922 302.816009521484 302.888671875 302.929565429688 302.980163574219 302.965057373047 303.027435302734 303.171081542969 303.322174072266 303.470153808594 303.604919433594 303.674224853516 303.697143554688 303.729400634766 303.83740234375 303.918243408203 303.947998046875 303.960601806641 303.938659667969 303.916198730469 303.820281982422 303.799011230469 303.726623535156 303.534606933594 303.386322021484 303.24462890625
300.717132568359 300.788604736328 300.873992919922 300.961791992188 300.999694824219 301.021270751953 301.075500488281 301.155090332031 301.247955322266 301.341888427734 301.412384033203 301.477569580078 301.554595947266 301.609558105469 301.671936035156 301.753204345703 301.838470458984 301.919189453125 302.021453857422 302.066497802734 302.08642578125 302.168304443359 302.233764648438 302.285247802734 302.386413574219 302.507415771484 302.641876220703 302.780090332031 302.833679199219 302.820922851562 302.847930908203 302.859527587891 302.961639404297 303.064575195312 303.198913574219 303.407440185547 303.577575683594 303.627655029297 303.651336669922 303.686584472656 303.803131103516 303.930969238281 303.965545654297 303.927062988281 303.874114990234 303.857330322266 303.832366943359 303.793090820312 303.664978027344 303.497955322266 303.379089355469 303.281311035156
300.725921630859 300.816284179688 300.909637451172 300.970764160156 300.988983154297 301.010559082031 301.074188232422 301.168060302734 301.268768310547 301.361877441406 301.429260253906 301.496063232422 301.572204589844 301.623748779297 301.689422607422 301.757934570312 301.848999023438 301.953521728516 302.033508300781 302.066375732422 302.12451171875 302.199523925781 302.24560546875 302.278869628906 302.360382080078 302.476440429688 302.593200683594 302.711303710938 302.752410888672 302.638946533203 302.653656005859 302.747283935547 302.830963134766 302.86962890625 303.048797607422 303.355621337891 303.531005859375 303.570770263672 303.597717285156 303.658874511719 303.7958984375 303.945587158203 303.980804443359 303.930419921875 303.809265136719 303.623474121094 303.623443603516 303.799591064453 303.758605957031 303.719024658203 303.605316162109 303.501525878906
300.742584228516 300.851043701172 300.93359375 300.967742919922 300.970062255859 301.007965087891 301.089294433594 301.190795898438 301.285827636719 301.371551513672 301.444274902344 301.520904541016 301.593719482422 301.646514892578 301.711669921875 301.781372070312 301.875213623047 301.97900390625 302.049682617188 302.098541259766 302.172180175781 302.232360839844 302.262237548828 302.288116455078 302.380584716797 302.484100341797 302.565460205078 302.651763916016 302.674072265625 302.482116699219 302.478057861328 302.611450195312 302.659881591797 302.659454345703 302.980316162109 303.327850341797 303.483062744141 303.542144775391 303.584197998047 303.668304443359 303.801544189453 303.946655273438 303.987030029297 303.914703369141 303.744781494141 303.431304931641 303.300750732422 303.537689208984 303.724212646484 303.749847412109 303.740966796875 303.693359375
300.781219482422 300.879547119141 300.945617675781 300.965881347656 300.9697265625 301.039184570312 301.128753662109 301.209075927734 301.285614013672 301.363983154297 301.439788818359 301.525451660156 301.611511230469 301.677215576172 301.734313964844 301.799011230469 301.902099609375 302.004150390625 302.058776855469 302.086303710938 302.165557861328 302.242919921875 302.281707763672 302.311645507812 302.387054443359 302.486450195312 302.577850341797 302.626251220703 302.617553710938 302.476898193359 302.470703125 302.538970947266 302.616760253906 302.713684082031 303.045989990234 303.345123291016 303.500579833984 303.578796386719 303.624420166016 303.700897216797 303.787475585938 303.923736572266 303.958740234375 303.8857421875 303.774566650391 303.520874023438 303.3056640625 303.322479248047 303.413238525391 303.407958984375 303.56494140625 303.662872314453
300.823211669922 300.900634765625 300.953125 300.955810546875 300.972747802734 301.073211669922 301.163940429688 301.228973388672 301.289123535156 301.359222412109 301.433563232422 301.515350341797 301.604309082031 301.688049316406 301.755859375 301.835327148438 301.937133789062 301.994293212891 302.027099609375 302.091949462891 302.202301025391 302.276977539062 302.306640625 302.301879882812 302.334686279297 302.455718994141 302.595520019531 302.614776611328 302.568542480469 302.557830810547 302.650573730469 302.641235351562 302.832092285156 303.039703369141 303.23291015625 303.408264160156 303.553619384766 303.630706787109 303.666809082031 303.704315185547 303.778747558594 303.935791015625 303.978881835938 303.945617675781 303.884857177734 303.743530273438 303.567260742188 303.46875 303.397277832031 303.216247558594 303.179779052734 303.298095703125
300.843109130859 300.913909912109 300.944183349609 300.935699462891 300.981414794922 301.095672607422 301.185302734375 301.243743896484 301.290008544922 301.359191894531 301.442504882812 301.528015136719 301.605102539062 301.66943359375 301.755096435547 301.864898681641 301.959716796875 301.993835449219 302.034118652344 302.117614746094 302.243316650391 302.321014404297 302.334411621094 302.323699951172 302.319610595703 302.396148681641 302.594604492188 302.678344726562 302.650268554688 302.737884521484 302.837432861328 302.823669433594 302.995971679688 303.202423095703 303.362579345703 303.485321044922 303.614227294922 303.686706542969 303.699432373047 303.697204589844 303.750579833984 303.886291503906 303.970458984375 304.04052734375 303.974273681641 303.820495605469 303.718597412109 303.678741455078 303.655029296875 303.416137695312 303.111297607422 303.038635253906
300.857635498047 300.918731689453 300.920379638672 300.928131103516 300.998138427734 301.115753173828 301.206024169922 301.259368896484 301.309265136719 301.378509521484 301.444793701172 301.530334472656 301.611053466797 301.664825439453 301.736877441406 301.842163085938 301.962158203125 302.012420654297 302.059875488281 302.127288818359 302.250274658203 302.357147216797 302.403594970703 302.435577392578 302.466094970703 302.481628417969 302.6376953125 302.815063476562 302.863311767578 302.936126708984 302.984313964844 302.987915039062 303.064605712891 303.225616455078 303.383880615234 303.536499023438 303.684936523438 303.751647949219 303.739959716797 303.713897705078 303.722076416016 303.797882080078 303.878753662109 304.057830810547 304.023834228516 303.862762451172 303.833679199219 303.837524414062 303.816558837891 303.636993408203 303.337493896484 303.143951416016
300.874145507812 300.913024902344 300.908386230469 300.921020507812 300.993408203125 301.119812011719 301.223968505859 301.285034179688 301.342041015625 301.391235351562 301.443878173828 301.53369140625 301.610443115234 301.658294677734 301.7333984375 301.829132080078 301.960357666016 302.05908203125 302.110595703125 302.158935546875 302.241729736328 302.375701904297 302.450988769531 302.507843017578 302.581909179688 302.648651123047 302.756011962891 302.89306640625 302.963195800781 303.018737792969 303.038543701172 303.041412353516 303.117797851562 303.260009765625 303.375305175781 303.5595703125 303.742797851562 303.804626464844 303.749359130859 303.696655273438 303.700286865234 303.738739013672 303.791625976562 304.053253173828 304.098083496094 303.992828369141 303.960998535156 303.934539794922 303.876556396484 303.727020263672 303.418029785156 303.073272705078
300.887939453125 300.904144287109 300.893737792969 300.900146484375 300.959716796875 301.088806152344 301.235107421875 301.312164306641 301.354461669922 301.395721435547 301.472473144531 301.544860839844 301.593017578125 301.629211425781 301.720642089844 301.836090087891 301.949279785156 302.095245361328 302.181365966797 302.233947753906 302.284332275391 302.391235351562 302.483367919922 302.559509277344 302.634490966797 302.714996337891 302.842712402344 302.947082519531 303.003814697266 303.059020996094 303.068542480469 303.077117919922 303.165985107422 303.340972900391 303.430877685547 303.614959716797 303.809509277344 303.827880859375 303.72802734375 303.712921142578 303.782073974609 303.688690185547 303.699554443359 304.076507568359 304.154174804688 303.948822021484 303.835174560547 303.840881347656 303.780181884766 303.683837890625 303.466705322266 303.176635742188
300.897277832031 300.893280029297 300.876251220703 300.905487060547 300.970489501953 301.08984375 301.247680664062 301.333160400391 301.362426757812 301.420379638672 301.468841552734 301.529998779297 301.579956054688 301.612762451172 301.714630126953 301.838836669922 301.942565917969 302.076995849609 302.216522216797 302.285583496094 302.357727050781 302.437286376953 302.525146484375 302.587585449219 302.679992675781 302.733123779297 302.872283935547 302.994964599609 303.040191650391 303.110321044922 303.103637695312 303.065185546875 303.140808105469 303.373413085938 303.516021728516 303.692047119141 303.851440429688 303.817260742188 303.74560546875 303.797668457031 303.916381835938 303.712615966797 303.658905029297 304.061309814453 304.168670654297 303.891784667969 303.690307617188 303.594512939453 303.587524414062 303.600830078125 303.503173828125 303.385589599609
300.927459716797 300.905487060547 300.888031005859 300.9462890625 301.055816650391 301.157135009766 301.267272949219 301.353973388672 301.389312744141 301.424407958984 301.431762695312 301.530029296875 301.596099853516 301.636474609375 301.722808837891 301.840789794922 301.94384765625 302.046112060547 302.193176269531 302.314910888672 302.407165527344 302.488037109375 302.562622070312 302.630523681641 302.714782714844 302.782684326172 302.894012451172 303.026702880859 303.09326171875 303.140075683594 303.11181640625 303.059753417969 303.133453369141 303.333953857422 303.554870605469 303.786682128906 303.884460449219 303.846038818359 303.824829101562 303.899658203125 304.021850585938 303.932312011719 303.788177490234 304.068298339844 304.154174804688 303.920959472656 303.679718017578 303.320495605469 303.271057128906 303.411865234375 303.4140625 303.424194335938
300.955017089844 300.933929443359 300.932464599609 300.996978759766 301.103363037109 301.202392578125 301.283386230469 301.368316650391 301.404449462891 301.420867919922 301.462615966797 301.576080322266 301.637817382812 301.672973632812 301.737487792969 301.839782714844 301.937622070312 302.054351806641 302.194885253906 302.334320068359 302.439270019531 302.510131835938 302.592926025391 302.695037841797 302.740661621094 302.786071777344 302.959869384766 303.082611083984 303.144744873047 303.162292480469 303.147125244141 303.11962890625 303.212188720703 303.328948974609 303.573883056641 303.823425292969 303.932586669922 303.932373046875 303.964477539062 304.041748046875 304.090881347656 304.049652099609 304.000244140625 304.140991210938 304.159332275391 303.900665283203 303.646697998047 303.227355957031 303.069000244141 303.196228027344 303.26416015625 303.330993652344
300.943603515625 300.958251953125 300.998107910156 301.035125732422 301.099182128906 301.205902099609 301.303283691406 301.387939453125 301.417083740234 301.44482421875 301.522338867188 301.617492675781 301.666351318359 301.704467773438 301.765991210938 301.852081298828 301.952880859375 302.070953369141 302.194488525391 302.304504394531 302.383758544922 302.520141601562 302.641815185547 302.764434814453 302.787353515625 302.825927734375 302.997619628906 303.088684082031 303.120361328125 303.158996582031 303.205932617188 303.232025146484 303.354644775391 303.459625244141 303.602264404297 303.757476806641 303.928375244141 304.054443359375 304.098510742188 304.125274658203 303.977691650391 303.708312988281 303.750335693359 304.084594726562 304.096405029297 303.774963378906 303.511169433594 303.151397705078 302.982055664062 303.12158203125 303.245666503906 303.377105712891
300.959716796875 301.002593994141 301.037170410156 301.054534912109 301.101196289062 301.207183837891 301.324951171875 301.414642333984 301.441284179688 301.486358642578 301.570617675781 301.623962402344 301.685607910156 301.739318847656 301.769653320312 301.856750488281 301.959320068359 302.068939208984 302.171905517578 302.227691650391 302.325653076172 302.463256835938 302.583404541016 302.784057617188 302.867553710938 302.954681396484 302.992004394531 303.01416015625 303.130096435547 303.254730224609 303.335784912109 303.341613769531 303.4423828125 303.576904296875 303.675964355469 303.762603759766 303.888702392578 304.105773925781 304.123809814453 304.025054931641 303.782470703125 303.329406738281 303.431610107422 303.927764892578 304.038146972656 303.621704101562 303.343200683594 303.153167724609 303.020263671875 303.209228515625 303.5537109375 303.758148193359
301.013519287109 301.042053222656 301.0576171875 301.084533691406 301.135467529297 301.226745605469 301.330200195312 301.430694580078 301.477996826172 301.532470703125 301.594482421875 301.637115478516 301.715576171875 301.748138427734 301.785949707031 301.888854980469 301.979278564453 302.049011230469 302.08740234375 302.186828613281 302.360717773438 302.471649169922 302.583770751953 302.766967773438 302.904541015625 302.974243164062 302.976745605469 302.989044189453 303.125915527344 303.336883544922 303.429351806641 303.415008544922 303.478149414062 303.632293701172 303.793212890625 303.869812011719 303.986083984375 304.060150146484 303.932037353516 303.782989501953 303.523345947266 303.136596679688 303.332885742188 303.806610107422 303.922729492188 303.443939208984 303.263031005859 303.311431884766 303.228637695312 303.396148681641 303.836608886719 304.155395507812
301.041778564453 301.058502197266 301.087432861328 301.123077392578 301.156066894531 301.228729248047 301.325622558594 301.434387207031 301.522796630859 301.571929931641 301.597930908203 301.643646240234 301.741516113281 301.791137695312 301.851806640625 301.936065673828 301.978607177734 302.007720947266 302.050262451172 302.205352783203 302.397644042969 302.511840820312 302.572967529297 302.662353515625 302.841827392578 302.893127441406 303.002319335938 303.129333496094 303.134185791016 303.342987060547 303.407135009766 303.400512695312 303.514343261719 303.710784912109 303.875610351562 303.914184570312 303.924468994141 303.865539550781 303.690704345703 303.571960449219 303.4296875 303.192932128906 303.175476074219 303.542205810547 303.7109375 303.361053466797 303.296966552734 303.520263671875 303.570404052734 303.589202880859 303.843841552734 304.274688720703
301.050415039062 301.075897216797 301.122253417969 301.152618408203 301.172119140625 301.239196777344 301.342529296875 301.448150634766 301.548248291016 301.595977783203 301.609130859375 301.670654296875 301.776306152344 301.852203369141 301.904876708984 301.937194824219 301.967102050781 301.996795654297 302.055023193359 302.203002929688 302.359893798828 302.454895019531 302.503479003906 302.612579345703 302.820861816406 302.924743652344 302.974884033203 303.223663330078 303.320068359375 303.447448730469 303.471313476562 303.495056152344 303.573211669922 303.743408203125 303.810760498047 303.795440673828 303.783996582031 303.732971191406 303.580017089844 303.446197509766 303.344512939453 303.221954345703 303.066284179688 303.298248291016 303.402893066406 303.220672607422 303.276428222656 303.610626220703 303.847503662109 303.76171875 303.796783447266 304.324096679688
301.080657958984 301.107086181641 301.135833740234 301.147430419922 301.180358886719 301.257019042969 301.355346679688 301.450561523438 301.555572509766 301.642517089844 301.652435302734 301.7138671875 301.817504882812 301.885070800781 301.907897949219 301.934600830078 301.962005615234 301.98974609375 302.046234130859 302.116363525391 302.247375488281 302.374542236328 302.466156005859 302.574188232422 302.833923339844 303.028259277344 303.087554931641 303.285797119141 303.438323974609 303.510345458984 303.547668457031 303.543518066406 303.625091552734 303.679382324219 303.642944335938 303.62939453125 303.672790527344 303.643676757812 303.615692138672 303.432586669922 303.288757324219 303.236755371094 303.138397216797 303.155822753906 303.139282226562 303.224700927734 303.380249023438 303.61865234375 303.961608886719 303.981079101562 303.986938476562 304.458190917969
301.113464355469 301.134765625 301.140747070312 301.154998779297 301.206665039062 301.273132324219 301.358062744141 301.464385986328 301.574371337891 301.687622070312 301.722290039062 301.786041259766 301.883148193359 301.902374267578 301.911651611328 301.941589355469 301.953338623047 302.007476806641 302.054595947266 302.086364746094 302.178497314453 302.328094482422 302.469451904297 302.579772949219 302.783416748047 303.014862060547 303.196838378906 303.334899902344 303.388702392578 303.392486572266 303.384063720703 303.372833251953 303.460144042969 303.570892333984 303.605682373047 303.609893798828 303.678497314453 303.699066162109 303.721954345703 303.535858154297 303.354888916016 303.299102783203 303.213897705078 303.074157714844 303.012908935547 303.335968017578 303.607940673828 303.776031494141 304.105804443359 304.307067871094 304.385528564453 304.645355224609
