R_scripts/int_process_data/Bio_14_2001.2020.asc
NCOLS 281 
NROWS 577 
XLLCORNER 81175.2677831308 
YLLCORNER -911.770678700996 
CELLSIZE 1000 
NODATA_value -3.4e+38 
[rows 168 to 188 of 577, columns 48 to 95 of 281]
-3.4e+38 -3.4e+38 -3.4e+38 -3.4e+38 -3.4e+38 -3.4e+38 -3.4e+38 -3.4e+38 -3.4e+38 -3.4e+38 -3.4e+38 -3.4e+38 -3.4e+38 -3.4e+38 -3.4e+38 -3.4e+38 -3.4e+38 -3.4e+38 1.7912324956626e-09 1.79664849664363e-09 1.80113679526528e-09 1.81123260833971e-09 1.81599402182542e-09 1.81210157990108e-09 1.80173675978779e-09 1.79861325833031e-09 1.81560266820924e-09 1.84387016766152e-09 1.86644899535793e-09 1.94212557147466e-09 2.03173255997058e-09 2.07147743402913e-09 2.09146566731988e-09 2.13873563303935e-09 2.1793327142916e-09 2.24065277443231e-09 2.36161690203573e-09 2.46872078335514e-09 2.5385509250242e-09 2.60628452153355e-09 2.61662291833886e-09 2.57404919601356e-09 2.53916310199997e-09 2.51694731723262e-09 2.5065272080127e-09 2.55835574947127e-09 2.61834864900834e-09 2.63032085001669e-09
-3.4e+38 -3.4e+38 -3.4e+38 -3.4e+38 -3.4e+38 -3.4e+38 -3.4e+38 -3.4e+38 -3.4e+38 -3.4e+38 -3.4e+38 -3.4e+38 -3.4e+38 -3.4e+38 -3.4e+38 -3.4e+38 -3.4e+38 -3.4e+38 1.78110493020966e-09 1.78475501044772e-09 1.7962413778605e-09 1.81142911781507e-09 1.8166469439862e-09 1.81037751456614e-09 1.79449377579743e-09 1.79043413428559e-09 1.81209658389747e-09 1.8404787693882e-09 1.86062620866068e-09 1.91193461063222e-09 1.9824104580124e-09 2.02115346681353e-09 2.07122941020543e-09 2.13090967093876e-09 2.1531110228068e-09 2.18751727842914e-09 2.26733121166944e-09 2.37435848760015e-09 2.47284215326715e-09 2.51587750632609e-09 2.49582932099202e-09 2.4920097096981e-09 2.53281795536964e-09 2.51508547322032e-09 2.44580800057292e-09 2.44952036432267e-09 2.5176813966965e-09 2.58939958364124e-09
-3.4e+38 -3.4e+38 -3.4e+38 -3.4e+38 -3.4e+38 -3.4e+38 -3.4e+38 -3.4e+38 -3.4e+38 -3.4e+38 -3.4e+38 -3.4e+38 -3.4e+38 -3.4e+38 -3.4e+38 -3.4e+38 -3.4e+38 -3.4e+38 1.77302883486163e-09 1.77527614830808e-09 1.78787507021383e-09 1.80624371015625e-09 1.81492498807501e-09 1.80322567988611e-09 1.78488357427398e-09 1.78839398845554e-09 1.81249737440936e-09 1.83575532552993e-09 1.86558790638003e-09 1.90416837853036e-09 1.94012672594113e-09 1.99102068165757e-09 2.05389460994354e-09 2.09590678146299e-09 2.10975681369518e-09 2.17498463683796e-09 2.23354046369195e-09 2.29193131140448e-09 2.37397235203218e-09 2.41012521051687e-09 2.41445197168844e-09 2.46234721501537e-09 2.51687293228997e-09 2.50728260375865e-09 2.43068210004083e-09 2.38177144673557e-09 2.4573800772032e-09 2.54657384068935e-09
-3.4e+38 -3.4e+38 -3.4e+38 -3.4e+38 -3.4e+38 -3.4e+38 -3.4e+38 -3.4e+38 -3.4e+38 -3.4e+38 -3.4e+38 -3.4e+38 -3.4e+38 -3.4e+38 -3.4e+38 -3.4e+38 -3.4e+38 1.74954362108792e-09 1.7611294644837e-09 1.76343895041953e-09 1.78020120866762e-09 1.79953130174937e-09 1.8040684501841e-09 1.78562165054075e-09 1.77530512512902e-09 1.79201076200286e-09 1.81432269208415e-09 1.83533521713741e-09 1.87048443400784e-09 1.89919591164767e-09 1.91509075264662e-09 1.95064897567931e-09 1.99538585654579e-09 2.02632044477014e-09 2.08420436464962e-09 2.18840767729489e-09 2.22849649844648e-09 2.22845475406075e-09 2.30237762188779e-09 2.36632047290186e-09 2.38803621321892e-09 2.42940623174093e-09 2.4585702362856e-09 2.45878806204303e-09 2.41622410968034e-09 2.37263475533211e-09 2.42231679159488e-09 2.49977905042442e-09
-3.4e+38 -3.4e+38 -3.4e+38 -3.4e+38 -3.4e+38 -3.4e+38 -3.4e+38 -3.4e+38 -3.4e+38 -3.4e+38 -3.4e+38 -3.4e+38 -3.4e+38 -3.4e+38 -3.4e+38 -3.4e+38 -3.4e+38 1.7430458187917e-09 1.75185488338059e-09 1.75716841077644e-09 1.7815798836196e-09 1.79580295078807e-09 1.78987447085888e-09 1.76904113580179e-09 1.76937220430773e-09 1.79385739595972e-09 1.81354475881079e-09 1.83759818472851e-09 1.87531101758509e-09 1.89701343522586e-09 1.90675564226694e-09 1.91161930729322e-09 1.92497040529815e-09 1.9774559767427e-09 2.08946815405398e-09 2.16011875053823e-09 2.1799950733481e-09 2.1824164697648e-09 2.25598983938369e-09 2.36168462564024e-09 2.40034814247281e-09 2.42125275384808e-09 2.41969777547979e-09 2.41544007018035e-09 2.39055442108338e-09 2.36987807156197e-09 2.40346409441372e-09 2.4471684678673e-09
-3.4e+38 -3.4e+38 -3.4e+38 -3.4e+38 -3.4e+38 -3.4e+38 -3.4e+38 -3.4e+38 -3.4e+38 -3.4e+38 -3.4e+38 -3.4e+38 -3.4e+38 -3.4e+38 -3.4e+38 -3.4e+38 -3.4e+38 1.73068459563552e-09 1.7432171262044e-09 1.75418013448336e-09 1.78029402331248e-09 1.7892940462616e-09 1.77827574887601e-09 1.75913716926601e-09 1.76597036993797e-09 1.79304704417405e-09 1.81314874225791e-09 1.84420168025667e-09 1.88169257953064e-09 1.89346538448376e-09 1.8971326731787e-09 1.89339655065623e-09 1.90416926670878e-09 1.96340987912436e-09 2.05391414986877e-09 2.10267647737794e-09 2.1022281693206e-09 2.1116151049938e-09 2.17391904477893e-09 2.27380159145696e-09 2.33517938319494e-09 2.36603048264783e-09 2.37137220970851e-09 2.35840458273628e-09 2.33987607067832e-09 2.32309882441939e-09 2.35356423239352e-09 2.38823183451586e-09
-3.4e+38 -3.4e+38 -3.4e+38 -3.4e+38 -3.4e+38 -3.4e+38 -3.4e+38 -3.4e+38 -3.4e+38 -3.4e+38 -3.4e+38 -3.4e+38 -3.4e+38 -3.4e+38 -3.4e+38 -3.4e+38 -3.4e+38 1.72193548308996e-09 1.73601844011273e-09 1.76000169993529e-09 1.77831083192359e-09 1.77923265010094e-09 1.77172598814224e-09 1.75437286920044e-09 1.75363301657683e-09 1.79146941725605e-09 1.81447890046371e-09 1.85078596892652e-09 1.88374293941251e-09 1.8901489262646e-09 1.87874360513263e-09 1.87814985785906e-09 1.88521820376764e-09 1.92123805753397e-09 1.96667482299517e-09 2.00376160108817e-09 2.01011296496745e-09 2.04215133692287e-09 2.10942485701082e-09 2.19671969503565e-09 2.22993712384323e-09 2.25459984015686e-09 2.28472574193006e-09 2.25402074782721e-09 2.2396740018138e-09 2.2295707502451e-09 2.28124430456944e-09 2.33236763236278e-09
-3.4e+38 -3.4e+38 -3.4e+38 -3.4e+38 -3.4e+38 -3.4e+38 -3.4e+38 -3.4e+38 -3.4e+38 -3.4e+38 -3.4e+38 -3.4e+38 -3.4e+38 -3.4e+38 -3.4e+38 -3.4e+38 -3.4e+38 1.71558134365313e-09 1.73185499274808e-09 1.76159953291233e-09 1.774289826173e-09 1.7732482149313e-09 1.76222736403275e-09 1.74551073595097e-09 1.74377112749369e-09 1.79127790378431e-09 1.82830728334693e-09 1.85665383067857e-09 1.88499438280587e-09 1.88205273587982e-09 1.84928616864255e-09 1.83773241069218e-09 1.84059911756407e-09 1.84795923008352e-09 1.86182558259418e-09 1.90047844128571e-09 1.94804372632973e-09 2.01737737626217e-09 2.06062966690013e-09 2.14107576113065e-09 2.19541917978461e-09 2.18106199767476e-09 2.17449969142081e-09 2.14652162711104e-09 2.12882755867838e-09 2.14379780594243e-09 2.21846874204346e-09 2.24630669620751e-09
-3.4e+38 -3.4e+38 -3.4e+38 -3.4e+38 -3.4e+38 -3.4e+38 -3.4e+38 -3.4e+38 -3.4e+38 -3.4e+38 -3.4e+38 -3.4e+38 -3.4e+38 -3.4e+38 -3.4e+38 -3.4e+38 -3.4e+38 1.70752645356487e-09 1.73010672455121e-09 1.76185110944971e-09 1.77344872120955e-09 1.76840087018348e-09 1.75127523593943e-09 1.7404668817278e-09 1.73757075394576e-09 1.76470671409135e-09 1.82940984583269e-09 1.85993065393575e-09 1.88394611022602e-09 1.87005366747428e-09 1.82598902664921e-09 1.80352199841138e-09 1.80753634282382e-09 1.8055156258967e-09 1.79841408431969e-09 1.84418780246887e-09 1.92671523180366e-09 2.00531324878739e-09 2.02273686689125e-09 2.0930222000004e-09 2.18840612298266e-09 2.20646101389832e-09 2.20120188743067e-09 2.16630646754368e-09 2.10429251801258e-09 2.09275508034068e-09 2.14638706808046e-09 2.15003259640412e-09
-3.4e+38 -3.4e+38 -3.4e+38 -3.4e+38 -3.4e+38 -3.4e+38 -3.4e+38 -3.4e+38 -3.4e+38 -3.4e+38 -3.4e+38 -3.4e+38 -3.4e+38 -3.4e+38 -3.4e+38 -3.4e+38 1.6808510139299e-09 1.69494995816422e-09 1.73069147901828e-09 1.76238357241232e-09 1.76837633425464e-09 1.75986536454786e-09 1.74245662343253e-09 1.73843583972655e-09 1.74302561273265e-09 1.75244874167646e-09 1.81670345433815e-09 1.85409954056581e-09 1.87604043411227e-09 1.8421111303013e-09 1.80013792761002e-09 1.79527459565065e-09 1.80855919129641e-09 1.80017145634537e-09 1.80406145577905e-09 1.82353476763097e-09 1.91488847001153e-09 1.98476768353828e-09 1.99171434900336e-09 2.02733829723911e-09 2.10820272350531e-09 2.18265450158128e-09 2.18426343678857e-09 2.14568962597639e-09 2.10078154871951e-09 2.11372630509743e-09 2.15524598168315e-09 2.1771640046353e-09
-3.4e+38 -3.4e+38 -3.4e+38 -3.4e+38 -3.4e+38 -3.4e+38 -3.4e+38 -3.4e+38 -3.4e+38 -3.4e+38 -3.4e+38 -3.4e+38 -3.4e+38 -3.4e+38 -3.4e+38 -3.4e+38 1.67056035671465e-09 1.6874108776932e-09 1.73375602763315e-09 1.75889258713369e-09 1.7602816981821e-09 1.7525543238861e-09 1.73437952888378e-09 1.73072445264211e-09 1.74341829861646e-09 1.7448265055009e-09 1.81803294641014e-09 1.85197812641036e-09 1.85845816513819e-09 1.80992165699223e-09 1.78579284693114e-09 1.8130985601772e-09 1.82350468058701e-09 1.80365034019303e-09 1.82402093429346e-09 1.84187676222081e-09 1.88309146054166e-09 1.96201588309464e-09 1.98421035157992e-09 1.98718619337512e-09 2.0301509362497e-09 2.11338657685189e-09 2.11542960926181e-09 2.0798167632563e-09 2.07897543624824e-09 2.10204231798627e-09 2.12211426209308e-09 2.14586570734809e-09
-3.4e+38 -3.4e+38 -3.4e+38 -3.4e+38 -3.4e+38 -3.4e+38 -3.4e+38 -3.4e+38 -3.4e+38 -3.4e+38 -3.4e+38 -3.4e+38 -3.4e+38 -3.4e+38 -3.4e+38 1.64876645669665e-09 1.65943714325323e-09 1.6828303195382e-09 1.73575043227459e-09 1.75489323073208e-09 1.75434999860613e-09 1.74996805935024e-09 1.73477388010213e-09 1.72569225576069e-09 1.73323733143604e-09 1.73234360190122e-09 1.80593284770936e-09 1.85248583139952e-09 1.84228399202624e-09 1.80016657136406e-09 1.79500669883481e-09 1.82351966859784e-09 1.81467840754124e-09 1.80686754447379e-09 1.83986881285847e-09 1.84399828739856e-09 1.84242865408635e-09 1.89775661851854e-09 1.93593319153251e-09 1.95508431666269e-09 1.96808214170119e-09 1.98269267670526e-09 2.00937000371937e-09 2.01827754509054e-09 2.03009586918768e-09 2.05383487994482e-09 2.05320560553446e-09 2.07158823428699e-09
-3.4e+38 -3.4e+38 -3.4e+38 -3.4e+38 -3.4e+38 -3.4e+38 -3.4e+38 -3.4e+38 -3.4e+38 -3.4e+38 -3.4e+38 -3.4e+38 -3.4e+38 -3.4e+38 -3.4e+38 1.6417488479803e-09 1.65258451367833e-09 1.68620106766326e-09 1.73230552125148e-09 1.74744640979441e-09 1.74752567971836e-09 1.74654279927466e-09 1.73914393997165e-09 1.72630476580338e-09 1.73031511341293e-09 1.72467706782697e-09 1.78229331293522e-09 1.84903470312747e-09 1.83916348817093e-09 1.80322556886381e-09 1.80422754514353e-09 1.82315795793642e-09 1.81456172310135e-09 1.82935333548073e-09 1.84837822825301e-09 1.84148585269384e-09 1.83346315907329e-09 1.82845116825092e-09 1.84566062433333e-09 1.92522908726289e-09 1.95296068206119e-09 1.89602045175263e-09 1.8978900673261e-09 1.94000371323e-09 1.95767646538059e-09 1.97275573654565e-09 1.98274086038452e-09 2.01750682826685e-09
-3.4e+38 -3.4e+38 -3.4e+38 -3.4e+38 -3.4e+38 -3.4e+38 -3.4e+38 -3.4e+38 -3.4e+38 -3.4e+38 -3.4e+38 -3.4e+38 -3.4e+38 -3.4e+38 -3.4e+38 1.63291991039927e-09 1.64900970656134e-09 1.68770675212926e-09 1.72187142322144e-09 1.73329217645346e-09 1.73503644784745e-09 1.73869563191431e-09 1.73840930539626e-09 1.7276449160164e-09 1.72842129497752e-09 1.71519187741609e-09 1.76364844950427e-09 1.83646275964122e-09 1.83042558887792e-09 1.79469372696417e-09 1.80166259688974e-09 1.82635662149266e-09 1.82689152694593e-09 1.83500170614082e-09 1.84441151240833e-09 1.83744530701802e-09 1.84515625001325e-09 1.84206805364795e-09 1.81573067692398e-09 1.87551529862162e-09 1.92365434692476e-09 1.88324378314064e-09 1.85971160693299e-09 1.86748994046582e-09 1.89093096736315e-09 1.90796489718537e-09 1.93085214483801e-09 1.96616967151897e-09
-3.4e+38 -3.4e+38 -3.4e+38 -3.4e+38 -3.4e+38 -3.4e+38 -3.4e+38 -3.4e+38 -3.4e+38 -3.4e+38 -3.4e+38 -3.4e+38 -3.4e+38 -3.4e+38 -3.4e+38 1.62321189822734e-09 1.64900526566925e-09 1.68615621465307e-09 1.71288883077381e-09 1.71878877797127e-09 1.71908987045555e-09 1.72949499166464e-09 1.73590497531961e-09 1.72585212787624e-09 1.72134739795382e-09 1.71904379620003e-09 1.74304548572479e-09 1.77790338007355e-09 1.77519188238051e-09 1.76167302967656e-09 1.78697145969409e-09 1.82425108352646e-09 1.83652748564356e-09 1.83617110405265e-09 1.82951709337686e-09 1.82905679491085e-09 1.855775977333e-09 1.83215387306035e-09 1.80131665139527e-09 1.82855053321163e-09 1.86748505548451e-09 1.87508364390965e-09 1.85171500355352e-09 1.82833170825347e-09 1.8590852191025e-09 1.88914772714099e-09 1.91650140202171e-09 1.95014537851534e-09
-3.4e+38 -3.4e+38 -3.4e+38 -3.4e+38 -3.4e+38 -3.4e+38 -3.4e+38 -3.4e+38 -3.4e+38 -3.4e+38 -3.4e+38 -3.4e+38 -3.4e+38 -3.4e+38 -3.4e+38 1.61902669049141e-09 1.65444868915898e-09 1.68728642169214e-09 1.70355862749716e-09 1.70585423564518e-09 1.70738256866088e-09 1.72213776572505e-09 1.73509084877566e-09 1.72424252653514e-09 1.71658376402206e-09 1.72823766408925e-09 1.72318825875095e-09 1.72257974551115e-09 1.73117886692609e-09 1.75034020610809e-09 1.78480907830902e-09 1.8175124738562e-09 1.83344806004015e-09 1.83207371495797e-09 1.82422399408466e-09 1.81963111245409e-09 1.82228498957215e-09 1.80732284693619e-09 1.83487192106924e-09 1.86055015838349e-09 1.84793025326258e-09 1.86184578865323e-09 1.85282045261914e-09 1.80809855976349e-09 1.85101656224873e-09 1.88696902547747e-09 1.91022730966495e-09 1.95287008786238e-09
-3.4e+38 -3.4e+38 -3.4e+38 -3.4e+38 -3.4e+38 -3.4e+38 -3.4e+38 -3.4e+38 -3.4e+38 -3.4e+38 -3.4e+38 -3.4e+38 -3.4e+38 -3.4e+38 -3.4e+38 1.61603930237675e-09 1.65590408052196e-09 1.68681635326351e-09 1.69235414571034e-09 1.69455505183436e-09 1.70476377459039e-09 1.71834158013695e-09 1.73334169240036e-09 1.72461389613687e-09 1.72128278297379e-09 1.7332489887778e-09 1.72578085155806e-09 1.72157121891559e-09 1.73119840685132e-09 1.75276060332408e-09 1.77495518283166e-09 1.80194670296174e-09 1.81769055362935e-09 1.82515513813541e-09 1.82000214898892e-09 1.80627823809232e-09 1.78594461441861e-09 1.82886106259161e-09 1.87693327546867e-09 1.87370163828859e-09 1.84325554819509e-09 1.85040072153697e-09 1.86947213265398e-09 1.81369896878891e-09 1.84583859308418e-09 1.8881696206563e-09 1.90652671427927e-09 1.93304372508862e-09
-3.4e+38 -3.4e+38 -3.4e+38 -3.4e+38 -3.4e+38 -3.4e+38 -3.4e+38 -3.4e+38 -3.4e+38 -3.4e+38 -3.4e+38 -3.4e+38 -3.4e+38 -3.4e+38 1.59518365183686e-09 1.61424884570494e-09 1.65529467910375e-09 1.67926683669606e-09 1.681203065651e-09 1.68582003912121e-09 1.70261948984063e-09 1.72079872573505e-09 1.73304870454416e-09 1.73123559932264e-09 1.73424341554096e-09 1.73025915817249e-09 1.72745850957057e-09 1.73687553228774e-09 1.74247161144336e-09 1.76364800541506e-09 1.7655793493887e-09 1.7783247097114e-09 1.81277348687559e-09 1.82570869533549e-09 1.812994976369e-09 1.7890819936639e-09 1.78293779740102e-09 1.86221948972332e-09 1.88616722240909e-09 1.85401827224041e-09 1.82784687385862e-09 1.84004433911866e-09 1.87333348833363e-09 1.82844983598329e-09 1.83290704836025e-09 1.87414661567686e-09 1.88445170579143e-09 1.90584037440544e-09
-3.4e+38 -3.4e+38 -3.4e+38 -3.4e+38 -3.4e+38 -3.4e+38 -3.4e+38 -3.4e+38 -3.4e+38 -3.4e+38 -3.4e+38 -3.4e+38 -3.4e+38 -3.4e+38 1.59340729499746e-09 1.61416524591118e-09 1.64739910601952e-09 1.66334546136682e-09 1.6675197889171e-09 1.67777847170925e-09 1.70025171719601e-09 1.71912228896787e-09 1.73118119839444e-09 1.7378835037718e-09 1.74659553486833e-09 1.73490655175357e-09 1.73626413246808e-09 1.74450753842592e-09 1.74322134505189e-09 1.76645742477888e-09 1.7712782351964e-09 1.77880332685731e-09 1.80773018776392e-09 1.82846904284162e-09 1.82111836721788e-09 1.80177017750083e-09 1.79810255573898e-09 1.86575843663661e-09 1.8848602678645e-09 1.84500226207973e-09 1.83349913029929e-09 1.84601867125878e-09 1.8479086039136e-09 1.81871517845877e-09 1.83388604302337e-09 1.86437221216806e-09 1.89170257236526e-09 1.92745530647187e-09
-3.4e+38 -3.4e+38 -3.4e+38 -3.4e+38 -3.4e+38 -3.4e+38 -3.4e+38 -3.4e+38 -3.4e+38 -3.4e+38 -3.4e+38 -3.4e+38 -3.4e+38 1.57654467258794e-09 1.59200475025045e-09 1.6122816415276e-09 1.63655866636248e-09 1.64822933079734e-09 1.65761471215831e-09 1.67052294219872e-09 1.68693370383721e-09 1.7123339413061e-09 1.73202108211257e-09 1.74105108108336e-09 1.74800096619521e-09 1.74947378805967e-09 1.75385306278031e-09 1.75683834147122e-09 1.7410664021611e-09 1.76231707005314e-09 1.78228987124385e-09 1.79887249540656e-09 1.81834058921027e-09 1.83314052826233e-09 1.83519843766078e-09 1.8180220662245e-09 1.82252823943685e-09 1.8631114429013e-09 1.89007831608023e-09 1.85832438326372e-09 1.8647166033503e-09 1.87326820721978e-09 1.84210313669553e-09 1.80580450592771e-09 1.8340091667568e-09 1.87489557212928e-09 1.92262894493922e-09 1.97246130539952e-09
-3.4e+38 -3.4e+38 -3.4e+38 -3.4e+38 -3.4e+38 -3.4e+38 -3.4e+38 -3.4e+38 -3.4e+38 -3.4e+38 -3.4e+38 -3.4e+38 -3.4e+38 1.57921253851612e-09 1.59339919036938e-09 1.61311952684429e-09 1.62910895884494e-09 1.63327285029879e-09 1.6472899710962e-09 1.67651781346478e-09 1.69010783146462e-09 1.71589886743817e-09 1.73979275430725e-09 1.74530190300004e-09 1.74658076890211e-09 1.75677050684442e-09 1.76641679061618e-09 1.76728909284662e-09 1.75345804542815e-09 1.76825132314207e-09 1.79071324435398e-09 1.80856507547844e-09 1.82518899993767e-09 1.83487613991673e-09 1.83034509770863e-09 1.81038584123883e-09 1.84105519718258e-09 1.86872606278143e-09 1.89311877285547e-09 1.87743109947291e-09 1.86876847330097e-09 1.85648596495724e-09 1.83126891428742e-09 1.80286785500527e-09 1.81849701963444e-09 1.85523019169409e-09 1.9169879017511e-09 1.96983696021391e-09
