R_scripts/int_process_data/Bio_11.asc
NCOLS 281 
NROWS 576 
XLLCORNER 81175.2677831308 
YLLCORNER 88.2293212990044 
CELLSIZE 1000 
NODATA_value -3.4e+38 
[rows 69 to 91 of 576, columns 156 to 207 of 281]
6.11796426773071 6.07721328735352 6.03646230697632 5.99571084976196 5.99249982833862 5.99407434463501 5.99564838409424 5.99722290039062 5.99879693984985 6.00037097930908 6.00194549560547 6.0035195350647 6.00509405136108 6.00666809082031 6.03920459747314 6.07703495025635 6.11486530303955 6.15269565582275 6.19052600860596 6.22835636138916 6.26618671417236 6.30401706695557 6.34184741973877 6.37967777252197 6.43122339248657 6.48575782775879 6.54029273986816 6.59482765197754 6.64936208724976 6.70389699935913 6.75843191146851 6.81296634674072 6.8675012588501 6.92203569412231 6.91961240768433 6.90187358856201 6.88413524627686 6.86639642715454 6.84865808486938 6.83091926574707 6.81318044662476 6.7954421043396 6.77770328521729 6.75996494293213 6.70598125457764 6.64024496078491 6.57450866699219 6.50877285003662 6.4430365562439 6.37730026245117 6.31156444549561 6.24582815170288
6.07092523574829 6.0263819694519 5.98183822631836 5.93729496002197 5.93647289276123 5.94122457504272 5.94597625732422 5.95072841644287 5.95548009872437 5.96023178100586 5.96498346328735 5.96973514556885 5.97448682785034 5.97923851013184 6.01527690887451 6.05666446685791 6.09805202484131 6.13944005966187 6.18082761764526 6.22221517562866 6.26360273361206 6.30499029159546 6.34637832641602 6.38776588439941 6.44120264053345 6.49726581573486 6.55332899093628 6.6093921661377 6.66545534133911 6.72151851654053 6.77758169174194 6.83364486694336 6.88970804214478 6.94577169418335 6.94191837310791 6.92195415496826 6.90199041366577 6.88202667236328 6.86206245422363 6.84209871292114 6.82213497161865 6.802170753479 6.78220701217651 6.76224327087402 6.70947933197021 6.64608001708984 6.58268070220947 6.51928186416626 6.45588254928589 6.39248323440552 6.32908391952515 6.26568508148193
6.02388620376587 5.97555017471313 5.9272141456604 5.87887859344482 5.880446434021 5.8883752822876 5.89630460739136 5.90423393249512 5.91216278076172 5.92009210586548 5.92802095413208 5.93595027923584 5.9438796043396 5.9518084526062 5.99134874343872 6.03629398345947 6.08123874664307 6.12618398666382 6.17112874984741 6.21607398986816 6.26101875305176 6.30596351623535 6.3509087562561 6.3958535194397 6.45118188858032 6.50877380371094 6.56636524200439 6.62395715713501 6.68154859542847 6.73914051055908 6.79673194885254 6.85432386398315 6.91191530227661 6.96950721740723 6.96422386169434 6.94203472137451 6.91984558105469 6.89765644073486 6.87546730041504 6.85327816009521 6.83108901977539 6.80889987945557 6.78671073913574 6.76452159881592 6.71297740936279 6.65191507339478 6.59085273742676 6.52979040145874 6.46872806549072 6.40766620635986 6.34660387039185 6.28554153442383
5.97684717178345 5.92471885681152 5.8725905418396 5.82046222686768 5.8244194984436 5.83552598953247 5.84663248062134 5.85773897171021 5.86884593963623 5.8799524307251 5.89105892181396 5.90216588973999 5.91327238082886 5.92437887191772 5.96742105484009 6.01592350006104 6.06442546844482 6.11292791366577 6.16143035888672 6.20993232727051 6.25843477249146 6.30693674087524 6.35543918609619 6.40394163131714 6.46116161346436 6.52028179168701 6.57940196990967 6.63852167129517 6.69764184951782 6.75676202774048 6.81588220596313 6.87500238418579 6.93412256240845 6.9932427406311 6.98652982711792 6.96211528778076 6.9377007484436 6.91328620910645 6.88887166976929 6.86445760726929 6.84004306793213 6.81562852859497 6.79121398925781 6.76679992675781 6.71647548675537 6.65775012969971 6.59902477264404 6.54029941558838 6.48157405853271 6.42284870147705 6.36412334442139 6.30539798736572
5.95498514175415 5.90739393234253 5.85980272293091 5.81221199035645 5.8191556930542 5.8330512046814 5.84694719314575 5.86084270477295 5.87473821640015 5.8886342048645 5.9025297164917 5.9164252281189 5.93032121658325 5.94421672821045 5.98745965957642 6.03572034835815 6.08398056030273 6.13224124908447 6.18050193786621 6.22876214981079 6.27702283859253 6.32528352737427 6.37354373931885 6.42180442810059 6.47712421417236 6.53398275375366 6.59084129333496 6.6476993560791 6.7045578956604 6.7614164352417 6.818274974823 6.8751335144043 6.93199157714844 6.98885011672974 6.98338890075684 6.96117067337036 6.93895196914673 6.91673374176025 6.89451551437378 6.8722972869873 6.85007905960083 6.82786083221436 6.80564260482788 6.78342437744141 6.7347993850708 6.6776123046875 6.62042474746704 6.56323766708374 6.50605058670044 6.44886350631714 6.39167642593384 6.33448934555054
5.93432855606079 5.89167404174805 5.84901905059814 5.8063645362854 5.81632375717163 5.83298969268799 5.84965562820435 5.86632204055786 5.88298797607422 5.89965391159058 5.91632032394409 5.93298625946045 5.94965219497681 5.96631860733032 6.00960397720337 6.05744075775146 6.10527801513672 6.15311479568481 6.20095157623291 6.24878835678101 6.2966251373291 6.3444619178772 6.39229869842529 6.44013547897339 6.49337339401245 6.54778861999512 6.60220384597778 6.65661907196045 6.71103429794312 6.76544952392578 6.81986474990845 6.87427997589111 6.92869520187378 6.98311042785645 6.97902870178223 6.95921850204468 6.93940830230713 6.91959810256958 6.89978742599487 6.87997722625732 6.86016702651978 6.84035634994507 6.82054615020752 6.80073595046997 6.75383329391479 6.69814586639404 6.64245843887329 6.5867714881897 6.53108406066895 6.47539710998535 6.4197096824646 6.36402273178101
5.91367197036743 5.87595367431641 5.83823537826538 5.80051708221436 5.81349182128906 5.83292818069458 5.8523645401001 5.87180137634277 5.89123773574829 5.91067409515381 5.93011093139648 5.949547290802 5.96898365020752 5.9884204864502 6.03174877166748 6.07916164398193 6.12657499313354 6.173987865448 6.22140121459961 6.26881408691406 6.31622743606567 6.36364078521729 6.41105365753174 6.45846700668335 6.5096230506897 6.56159496307373 6.61356687545776 6.6655387878418 6.71751070022583 6.76948261260986 6.82145500183105 6.87342691421509 6.92539882659912 6.97737073898315 6.97466897964478 6.95726680755615 6.93986415863037 6.92246198654175 6.90505933761597 6.88765716552734 6.87025451660156 6.85285234451294 6.83544969558716 6.81804752349854 6.77286720275879 6.71867942810059 6.66449213027954 6.6103048324585 6.55611753463745 6.50193023681641 6.44774293899536 6.39355564117432
5.89301586151123 5.86023378372192 5.82745170593262 5.79466962814331 5.81065940856934 5.83286666870117 5.85507345199585 5.87728023529053 5.89948749542236 5.92169427871704 5.94390106201172 5.96610832214355 5.98831510543823 6.01052188873291 6.05389308929443 6.1008825302124 6.14787197113037 6.19486141204834 6.24185085296631 6.28884029388428 6.33582973480225 6.38281917572021 6.42980861663818 6.47679805755615 6.52587223052979 6.57540082931519 6.62492990493774 6.67445850372314 6.72398710250854 6.7735161781311 6.8230447769165 6.8725733757019 6.92210245132446 6.97163105010986 6.97030925750732 6.95531463623047 6.94032049179077 6.92532587051392 6.91033124923706 6.89533710479736 6.88034248352051 6.86534786224365 6.8503532409668 6.8353590965271 6.79190063476562 6.73921346664429 6.68652629852295 6.63383865356445 6.58115148544312 6.52846384048462 6.47577667236328 6.42308902740479
5.87235927581787 5.84451341629028 5.81666803359985 5.78882217407227 5.80782747268677 5.83280467987061 5.8577823638916 5.88275957107544 5.90773677825928 5.93271446228027 5.95769166946411 5.98266935348511 6.00764656066895 6.03262376785278 6.07603740692139 6.12260341644287 6.1691689491272 6.21573495864868 6.26230049133301 6.30886602401733 6.35543203353882 6.40199756622314 6.44856357574463 6.49512910842896 6.54212188720703 6.5892071723938 6.63629293441772 6.68337821960449 6.73046350479126 6.77754926681519 6.82463455200195 6.87172031402588 6.91880559921265 6.96589136123657 6.96594953536987 6.95336294174194 6.94077634811401 6.92818975448608 6.91560316085815 6.90301656723022 6.89042997360229 6.87784385681152 6.86525726318359 6.85267066955566 6.81093454360962 6.75974702835083 6.7085599899292 6.65737247467041 6.60618495941162 6.55499744415283 6.50380992889404 6.45262241363525
5.85170269012451 5.8287935256958 5.80588436126709 5.78297472000122 5.8049955368042 5.8327431678772 5.8604907989502 5.88823890686035 5.91598653793335 5.94373464584351 5.9714822769165 5.9992299079895 6.02697801589966 6.05472564697266 6.0981822013855 6.14432430267334 6.19046592712402 6.23660802841187 6.28275012969971 6.32889223098755 6.37503433227539 6.42117643356323 6.46731853485107 6.51346015930176 6.55837106704712 6.60301351547241 6.64765548706055 6.69229793548584 6.73694038391113 6.78158235549927 6.82622480392456 6.8708667755127 6.91550922393799 6.96015167236328 6.96158981323242 6.95141124725342 6.94123268127441 6.93105411529541 6.92087507247925 6.91069650650024 6.90051794052124 6.89033937454224 6.88016080856323 6.86998224258423 6.82996845245361 6.78028106689453 6.73059368133545 6.68090581893921 6.63121843338013 6.58153104782104 6.5318431854248 6.48215579986572
5.83104658126831 5.81307363510132 5.79510021209717 5.77712726593018 5.80216312408447 5.83268165588379 5.86319971084595 5.89371824264526 5.92423629760742 5.95475435256958 5.9852728843689 6.01579093933105 6.04630947113037 6.07682752609253 6.12032651901245 6.16604471206665 6.21176338195801 6.25748157501221 6.30319976806641 6.34891843795776 6.39463663101196 6.44035482406616 6.48607301712036 6.53179168701172 6.57462024688721 6.61681938171387 6.65901851654053 6.70121765136719 6.74341678619385 6.78561544418335 6.82781457901001 6.87001371383667 6.91221284866333 6.95441198348999 6.95723009109497 6.94945907592773 6.94168853759766 6.93391799926758 6.92614698410034 6.91837644577026 6.91060590744019 6.90283489227295 6.89506435394287 6.88729381561279 6.84900236129761 6.80081462860107 6.7526273727417 6.70443964004517 6.65625190734863 6.60806465148926 6.55987691879272 6.51168918609619
5.81038999557495 5.79735326766968 5.7843165397644 5.77127981185913 5.7993311882019 5.83261966705322 5.8659086227417 5.89919710159302 5.93248605728149 5.96577453613281 5.99906349182129 6.03235197067261 6.06564044952393 6.0989294052124 6.1424708366394 6.18776559829712 6.23306035995483 6.27835512161255 6.32364940643311 6.36894416809082 6.41423892974854 6.45953369140625 6.50482797622681 6.55012273788452 6.59086990356445 6.63062572479248 6.67038154602051 6.71013736724854 6.74989318847656 6.78964900970459 6.82940483093262 6.86916065216064 6.90891647338867 6.9486722946167 6.95287036895752 6.94750738143921 6.94214487075806 6.93678188323975 6.93141889572144 6.92605638504028 6.92069339752197 6.91533088684082 6.90996789932251 6.90460538864136 6.8680362701416 6.82134866714478 6.77466106414795 6.72797346115112 6.68128538131714 6.63459777832031 6.58791017532349 6.54122257232666
5.78973340988159 5.7816333770752 5.77353286743164 5.76543283462524 5.79649925231934 5.83255815505981 5.86861753463745 5.90467643737793 5.94073534011841 5.97679471969604 6.01285362243652 6.04891300201416 6.08497190475464 6.12103128433228 6.16461563110352 6.20948648452759 6.25435733795166 6.29922819137573 6.3440990447998 6.38897037506104 6.43384122848511 6.47871208190918 6.52358293533325 6.56845378875732 6.60711908340454 6.64443159103394 6.68174409866333 6.71905708312988 6.75636959075928 6.79368209838867 6.83099460601807 6.86830711364746 6.90561962127686 6.94293212890625 6.94851016998291 6.94555568695068 6.9426007270813 6.93964576721191 6.93669128417969 6.9337363243103 6.93078136444092 6.92782640457153 6.92487192153931 6.92191696166992 6.8870701789856 6.84188222885132 6.7966947555542 6.75150680541992 6.7063193321228 6.66113138198853 6.61594343185425 6.57075595855713
5.76907730102539 5.76591300964355 5.76274919509888 5.7595853805542 5.79366683959961 5.83249664306641 5.87132596969604 5.91015577316284 5.94898509979248 5.98781490325928 6.02664422988892 6.06547403335571 6.10430335998535 6.14313316345215 6.18675994873047 6.23120737075806 6.27565431594849 6.32010173797607 6.36454916000366 6.40899610519409 6.45344352722168 6.49789047241211 6.5423378944397 6.58678531646729 6.62336826324463 6.65823793411255 6.69310712814331 6.72797632217407 6.76284599304199 6.79771518707275 6.83258438110352 6.86745405197144 6.9023232460022 6.93719244003296 6.94415044784546 6.943603515625 6.94305658340454 6.94251012802124 6.94196319580078 6.94141626358032 6.94086933135986 6.9403223991394 6.93977546691895 6.93922853469849 6.90610408782959 6.86241626739502 6.81872844696045 6.77504062652588 6.73135280609131 6.68766498565674 6.64397716522217 6.6002893447876
5.83144283294678 5.83172845840454 5.8320140838623 5.83229970932007 5.86528396606445 5.90243577957153 5.93958806991577 5.97673988342285 6.01389217376709 6.05104446411133 6.08819627761841 6.12534856796265 6.16250038146973 6.19965267181396 6.23965167999268 6.28013753890991 6.32062339782715 6.36110925674438 6.40159463882446 6.4420804977417 6.48256635665894 6.52305221557617 6.56353807449341 6.60402393341064 6.63722133636475 6.66883039474487 6.70043897628784 6.73204803466797 6.7636570930481 6.79526615142822 6.82687473297119 6.85848379135132 6.89009284973145 6.92170143127441 6.92832803726196 6.9282374382019 6.92814683914185 6.92805576324463 6.92796516418457 6.92787456512451 6.92778348922729 6.92769289016724 6.92760229110718 6.92751121520996 6.89766311645508 6.85816621780396 6.81866884231567 6.77917194366455 6.73967504501343 6.70017766952515 6.66068077087402 6.62118339538574
5.90089654922485 5.90450477600098 5.9081130027771 5.91172122955322 5.94325637817383 5.97835159301758 6.01344633102417 6.04854106903076 6.08363628387451 6.1187310218811 6.1538257598877 6.18892097473145 6.22401571273804 6.25911045074463 6.29516839981079 6.33139038085938 6.36761283874512 6.40383529663086 6.4400577545166 6.47627973556519 6.51250219345093 6.54872465133667 6.58494710922241 6.62116956710815 6.65086984634399 6.67914819717407 6.70742702484131 6.73570585250854 6.76398468017578 6.79226350784302 6.8205418586731 6.84882068634033 6.87709951400757 6.9053783416748 6.91152715682983 6.9117259979248 6.91192483901978 6.91212368011475 6.91232204437256 6.91252088546753 6.9127197265625 6.91291856765747 6.91311740875244 6.91331577301025 6.88687658309937 6.85179996490479 6.81672334671021 6.78164672851562 6.74657011032104 6.71149349212646 6.67641687393188 6.6413402557373
5.97034978866577 5.97728109359741 5.98421192169189 5.99114322662354 6.02122926712036 6.05426692962646 6.08730459213257 6.12034225463867 6.15337991714478 6.18641757965088 6.21945524215698 6.25249290466309 6.28553056716919 6.31856870651245 6.35068511962891 6.382643699646 6.41460275650024 6.44656133651733 6.47852039337158 6.51047945022583 6.54243803024292 6.57439708709717 6.60635614395142 6.63831472396851 6.66451787948608 6.68946647644043 6.71441507339478 6.73936367034912 6.76431226730347 6.78926086425781 6.814208984375 6.83915758132935 6.86410617828369 6.88905477523804 6.89472627639771 6.89521455764771 6.89570283889771 6.89619112014771 6.89667940139771 6.89716768264771 6.89765596389771 6.89814424514771 6.89863204956055 6.89912033081055 6.87609004974365 6.84543418884277 6.81477785110474 6.78412199020386 6.75346565246582 6.72280931472778 6.6921534538269 6.66149711608887
6.03980350494385 6.05005741119385 6.06031084060669 6.07056474685669 6.09920167922974 6.13018226623535 6.16116285324097 6.19214344024658 6.2231240272522 6.25410461425781 6.28508472442627 6.31606531143188 6.3470458984375 6.37802648544312 6.40620136260986 6.43389701843262 6.46159219741821 6.48928785324097 6.51698303222656 6.54467868804932 6.57237386703491 6.60006952285767 6.62776470184326 6.65546035766602 6.67816638946533 6.69978475570679 6.72140312194824 6.7430214881897 6.76463937759399 6.78625774383545 6.8078761100769 6.82949447631836 6.85111284255981 6.87273120880127 6.87792539596558 6.87870311737061 6.87948083877563 6.88025856018066 6.88103628158569 6.88181400299072 6.88259172439575 6.88336944580078 6.88414716720581 6.88492488861084 6.86530351638794 6.8390679359436 6.81283235549927 6.78659677505493 6.7603611946106 6.7341251373291 6.70788955688477 6.68165397644043
6.10925674438477 6.12283325195312 6.13640975952148 6.14998626708984 6.17717456817627 6.2060980796814 6.23502111434937 6.26394462585449 6.29286766052246 6.32179117202759 6.35071468353271 6.37963771820068 6.40856122970581 6.43748426437378 6.46171808242798 6.48514986038208 6.50858211517334 6.53201389312744 6.5554461479187 6.5788779258728 6.6023097038269 6.62574195861816 6.64917373657227 6.67260599136353 6.69181442260742 6.71010255813599 6.72839069366455 6.74667882919312 6.76496696472168 6.78325510025024 6.80154323577881 6.81983184814453 6.8381199836731 6.85640811920166 6.86112451553345 6.86219167709351 6.86325883865356 6.86432600021362 6.86539363861084 6.8664608001709 6.86752796173096 6.86859512329102 6.86966228485107 6.87072944641113 6.85451745986938 6.83270215988159 6.8108868598938 6.78907155990601 6.76725625991821 6.74544143676758 6.72362613677979 6.70181083679199
6.17871046066284 6.19560956954956 6.21250867843628 6.22940826416016 6.2551474571228 6.28201341629028 6.30887937545776 6.3357458114624 6.36261177062988 6.38947772979736 6.416344165802 6.44321012496948 6.47007608413696 6.4969425201416 6.51723480224609 6.5364031791687 6.55557155609131 6.57474040985107 6.59390878677368 6.61307716369629 6.6322455406189 6.65141439437866 6.67058277130127 6.68975114822388 6.70546293258667 6.72042083740234 6.73537874221802 6.75033664703369 6.76529455184937 6.78025245666504 6.79521083831787 6.81016874313354 6.82512664794922 6.84008455276489 6.84432363510132 6.84568023681641 6.84703683853149 6.84839391708374 6.84975051879883 6.85110712051392 6.85246419906616 6.85382080078125 6.85517740249634 6.85653400421143 6.84373092651367 6.82633590698242 6.80894136428833 6.79154634475708 6.77415180206299 6.7567572593689 6.73936223983765 6.72196769714355
6.24816417694092 6.268385887146 6.28860807418823 6.30882978439331 6.33311986923218 6.35792875289917 6.38273811340332 6.40754699707031 6.4323558807373 6.4571647644043 6.48197364807129 6.50678253173828 6.53159141540527 6.55640029907227 6.57275152206421 6.58765649795532 6.60256147384644 6.61746644973755 6.63237142562866 6.64727640151978 6.66218185424805 6.67708683013916 6.69199180603027 6.70689678192139 6.71911096572876 6.73073863983154 6.74236679077148 6.75399446487427 6.76562213897705 6.77724981307983 6.78887796401978 6.80050563812256 6.81213331222534 6.82376098632812 6.82752275466919 6.82916879653931 6.83081483840942 6.8324613571167 6.83410739898682 6.83575391769409 6.83739995956421 6.83904647827148 6.8406925201416 6.84233856201172 6.83294439315796 6.81997013092041 6.80699586868286 6.79402160644531 6.78104734420776 6.76807308197021 6.75509881973267 6.74212455749512
6.31761741638184 6.34116220474243 6.36470699310303 6.38825130462646 6.41109275817871 6.43384456634521 6.45659637451172 6.47934770584106 6.50209951400757 6.52485132217407 6.54760313034058 6.57035493850708 6.59310674667358 6.61585807800293 6.62826776504517 6.63890981674194 6.64955139160156 6.66019296646118 6.6708345413208 6.68147611618042 6.69211769104004 6.70275926589966 6.71340084075928 6.7240424156189 6.73275947570801 6.7410569190979 6.74935436248779 6.75765228271484 6.76594972610474 6.77424716949463 6.78254508972168 6.79084253311157 6.79913997650146 6.80743789672852 6.8107213973999 6.81265735626221 6.81459331512451 6.81652879714966 6.81846475601196 6.82040023803711 6.82233619689941 6.82427167892456 6.82620763778687 6.82814359664917 6.82215785980225 6.8136043548584 6.80505037307739 6.79649639129639 6.78794240951538 6.77938890457153 6.77083492279053 6.76228094100952
6.38707113265991 6.41393852233887 6.44080591201782 6.46767330169678 6.48906564712524 6.5097599029541 6.53045463562012 6.55114889144897 6.57184362411499 6.59253787994385 6.61323261260986 6.63392734527588 6.65462160110474 6.67531633377075 6.68378448486328 6.69016265869141 6.69654083251953 6.70291900634766 6.70929718017578 6.71567535400391 6.72205352783203 6.728431224823 6.73480939865112 6.74118757247925 6.7464075088501 6.75137519836426 6.75634241104126 6.76130962371826 6.76627731323242 6.77124452590942 6.77621221542358 6.78117942810059 6.78614664077759 6.79111433029175 6.79392051696777 6.79614591598511 6.79837131500244 6.80059623718262 6.80282163619995 6.80504703521729 6.80727195739746 6.80949735641479 6.81172275543213 6.81394815444946 6.81137132644653 6.80723810195923 6.80310487747192 6.79897117614746 6.79483795166016 6.79070472717285 6.78657150268555 6.78243780136108
