R_scripts/int_process_data/Bio_04_2001.2020.asc
NCOLS 281 
NROWS 577 
XLLCORNER 81175.2677831308 
YLLCORNER -911.770678700996 
CELLSIZE 1000 
NODATA_value -3.4e+38 
[rows 207 to 229 of 577, columns 104 to 155 of 281]
490.981872558594 487.560577392578 479.805206298828 463.134674072266 468.274108886719 466.397216796875 459.671600341797 457.994232177734 454.795166015625 458.299560546875 464.138061523438 469.030029296875 471.317565917969 471.890106201172 477.462463378906 474.705657958984 473.369049072266 475.203308105469 482.347045898438 488.469940185547 481.859741210938 477.828521728516 476.907989501953 473.363616943359 473.989318847656 472.771636962891 468.320739746094 466.246307373047 459.536682128906 460.785552978516 468.77001953125 470.383331298828 475.085327148438 486.2666015625 482.640747070312 511.061614990234 533.654052734375 527.7041015625 530.836120605469 532.678039550781 542.088928222656 566.8955078125 557.875793457031 507.176910400391 494.4794921875 509.753753662109 508.953979492188 495.589141845703 498.019592285156 501.099151611328 512.966186523438 530.83349609375
495.399749755859 481.631988525391 464.029388427734 456.640594482422 474.195495605469 482.772979736328 473.980407714844 463.854858398438 456.798980712891 454.886474609375 465.876770019531 472.509185791016 473.945343017578 471.605834960938 472.210815429688 476.481140136719 479.030334472656 478.023345947266 476.63427734375 484.051818847656 481.302032470703 471.692718505859 472.390014648438 469.308807373047 469.506469726562 465.460784912109 459.284881591797 457.873809814453 458.875152587891 469.081481933594 483.672271728516 491.178894042969 492.270477294922 496.075775146484 487.445983886719 493.372894287109 518.412536621094 535.710510253906 558.481079101562 578.006958007812 588.367248535156 599.190795898438 560.385131835938 500.801635742188 516.361572265625 545.272766113281 525.795532226562 513.67333984375 521.113708496094 510.315765380859 532.088806152344 564.24462890625
491.242889404297 478.481597900391 454.516448974609 460.729797363281 473.749328613281 483.180633544922 487.935638427734 471.663879394531 459.777008056641 453.326965332031 461.404968261719 468.014770507812 468.409515380859 468.564697265625 466.529296875 468.003448486328 475.828552246094 477.008422851562 469.268035888672 475.408294677734 479.965209960938 469.532928466797 468.378173828125 464.689147949219 460.974304199219 457.518646240234 458.350341796875 455.023529052734 459.824005126953 468.59228515625 478.02587890625 491.015899658203 501.8603515625 514.044677734375 505.916900634766 488.458709716797 490.352844238281 507.339324951172 533.109619140625 563.830139160156 604.585021972656 612.663879394531 545.118103027344 501.895690917969 525.383056640625 561.749633789062 540.696838378906 533.698303222656 525.651733398438 521.746215820312 561.575805664062 599.315490722656
480.025238037109 468.799743652344 453.954528808594 466.202270507812 478.796997070312 481.107543945312 486.314514160156 484.734130859375 461.415161132812 451.934875488281 458.175811767578 462.485076904297 461.69873046875 462.0556640625 461.916534423828 465.197265625 469.727508544922 467.212066650391 461.104522705078 465.686126708984 472.465362548828 468.355621337891 461.23193359375 457.225982666016 456.522064208984 458.011413574219 460.235687255859 460.05908203125 458.551025390625 463.426452636719 470.078002929688 483.267822265625 506.542236328125 529.561218261719 535.034423828125 505.466613769531 517.218566894531 511.702209472656 516.555297851562 553.424926757812 593.740478515625 587.905883789062 530.453186035156 521.729614257812 530.593200683594 563.096008300781 569.177368164062 558.93212890625 529.746032714844 542.455383300781 577.531921386719 581.960815429688
470.921051025391 458.354034423828 452.604156494141 463.108245849609 474.176940917969 483.158508300781 488.424133300781 495.343322753906 472.923400878906 453.420623779297 453.966247558594 455.851287841797 455.303009033203 456.790496826172 458.265380859375 458.548187255859 458.664184570312 456.739685058594 454.198303222656 456.679626464844 460.989471435547 462.738952636719 453.226623535156 452.244476318359 458.335693359375 464.288238525391 467.804046630859 470.190673828125 474.155731201172 480.571655273438 478.190399169922 494.459716796875 527.879821777344 551.104309082031 530.478759765625 522.480712890625 553.222412109375 528.776245117188 518.325927734375 560.258666992188 589.657653808594 550.237365722656 524.632202148438 557.681030273438 566.900451660156 590.165405273438 599.082580566406 563.676879882812 547.232604980469 570.058166503906 568.437744140625 556.379943847656
467.664093017578 462.991546630859 459.6611328125 463.613525390625 468.243103027344 477.388732910156 485.018737792969 485.81494140625 485.689392089844 468.118988037109 464.152526855469 462.810607910156 460.304748535156 458.314300537109 458.140869140625 455.371612548828 453.778381347656 455.287200927734 453.773773193359 450.667755126953 450.462646484375 451.103668212891 450.375701904297 453.996978759766 462.935333251953 474.768707275391 484.1318359375 493.708923339844 510.931274414062 509.268859863281 490.968017578125 504.400390625 534.216247558594 552.582580566406 533.5986328125 537.567016601562 571.440307617188 545.296752929688 534.226806640625 567.927673339844 584.438903808594 548.048889160156 554.928649902344 571.525207519531 614.634948730469 624.771118164062 595.723510742188 573.811401367188 580.361755371094 594.287414550781 567.021423339844 546.738525390625
493.073455810547 482.905426025391 467.068725585938 462.529602050781 464.994476318359 468.733184814453 470.810211181641 474.167419433594 492.846984863281 493.071716308594 473.203643798828 472.762145996094 475.105255126953 472.206329345703 466.431060791016 466.167938232422 460.479125976562 457.592407226562 459.141784667969 454.32470703125 452.388702392578 448.225250244141 452.721618652344 459.681030273438 464.894592285156 471.332153320312 479.858215332031 513.568054199219 545.183776855469 536.70751953125 509.953125 501.028045654297 519.63720703125 544.868713378906 556.764770507812 557.198791503906 579.642333984375 567.278625488281 571.319458007812 595.002319335938 594.973876953125 582.700439453125 614.9638671875 619.655334472656 643.380554199219 627.821166992188 577.55078125 570.756591796875 573.02880859375 592.876220703125 584.80810546875 554.853637695312
505.359100341797 487.309478759766 467.607086181641 459.691986083984 459.519409179688 461.876251220703 463.874603271484 478.511535644531 496.416473388672 509.273620605469 484.646667480469 486.661407470703 498.649597167969 495.939666748047 484.253967285156 479.602905273438 470.010955810547 461.247863769531 459.194061279297 460.651702880859 460.036682128906 454.7236328125 461.227996826172 468.288421630859 468.149017333984 471.780914306641 484.122253417969 516.880187988281 556.654174804688 569.57373046875 539.484802246094 518.45263671875 532.555969238281 550.083557128906 583.058227539062 595.195617675781 601.938537597656 598.557373046875 617.200988769531 638.078735351562 634.043151855469 636.138916015625 653.439880371094 643.762023925781 633.168029785156 614.82763671875 567.3203125 550.012939453125 554.581420898438 576.186157226562 584.019409179688 564.405334472656
493.835021972656 478.731323242188 465.683380126953 461.655639648438 458.725036621094 458.270690917969 462.286865234375 478.024749755859 493.107788085938 503.23291015625 495.7333984375 495.648071289062 509.756896972656 510.34375 503.708374023438 492.707183837891 478.447662353516 466.249877929688 456.928619384766 460.470825195312 464.24462890625 463.563598632812 465.712066650391 476.105346679688 491.627868652344 497.671447753906 497.007629394531 507.923187255859 544.186645507812 585.442016601562 577.654235839844 556.701416015625 568.409790039062 581.890869140625 603.075012207031 626.144348144531 627.782043457031 616.55712890625 624.139465332031 637.412780761719 636.26171875 653.919921875 634.568359375 616.283386230469 622.093078613281 607.151611328125 571.467224121094 548.629638671875 542.045471191406 559.949951171875 568.018615722656 546.938720703125
480.908966064453 472.729064941406 467.0302734375 465.120178222656 461.608612060547 458.798187255859 462.327392578125 473.469635009766 487.026519775391 491.781677246094 495.879119873047 491.146575927734 491.01611328125 493.780822753906 502.773742675781 505.657440185547 491.303314208984 468.506774902344 459.736694335938 461.014862060547 465.801116943359 474.176147460938 478.519989013672 491.091827392578 522.222839355469 533.851623535156 524.905822753906 520.861267089844 553.956115722656 591.448364257812 599.863952636719 592.804565429688 592.561157226562 593.692260742188 616.465698242188 631.120300292969 609.899780273438 601.759765625 607.269409179688 607.800231933594 613.776306152344 616.503845214844 607.55615234375 617.94091796875 606.85400390625 576.544677734375 556.971008300781 547.996337890625 537.87939453125 547.780822753906 551.800720214844 532.24951171875
469.488708496094 469.026306152344 465.304504394531 461.992797851562 458.009521484375 457.732635498047 463.921844482422 471.071411132812 480.030090332031 486.915802001953 491.725830078125 485.853546142578 472.887237548828 476.230560302734 488.823394775391 503.465209960938 497.349151611328 476.679504394531 470.612487792969 475.499267578125 478.336303710938 483.518463134766 493.885833740234 512.209716796875 542.440979003906 564.971984863281 563.6123046875 549.177917480469 560.787780761719 572.697570800781 570.086303710938 577.580078125 583.537902832031 598.607482910156 622.373291015625 617.643676757812 589.412963867188 581.916381835938 589.870971679688 584.080383300781 590.984313964844 595.877624511719 625.4287109375 627.995056152344 583.412414550781 563.87890625 552.001892089844 543.523620605469 533.945251464844 539.972351074219 543.228393554688 529.706848144531
460.337005615234 461.977111816406 459.115600585938 455.020111083984 452.771179199219 457.134368896484 470.421264648438 480.598541259766 485.887634277344 482.662506103516 478.569519042969 475.019470214844 461.78173828125 462.979644775391 472.125793457031 483.215972900391 492.669830322266 480.823333740234 472.576202392578 480.296691894531 483.822906494141 498.457092285156 509.141662597656 511.946899414062 532.135131835938 575.239074707031 587.75 567.532653808594 574.483215332031 571.338623046875 556.998718261719 552.45849609375 588.247985839844 606.788269042969 616.806823730469 617.731262207031 584.703674316406 570.141479492188 570.197204589844 578.078552246094 589.616821289062 624.807495117188 670.841857910156 644.342895507812 601.738708496094 584.690002441406 562.878112792969 541.143798828125 530.621215820312 535.17138671875 547.453247070312 532.431457519531
454.929138183594 453.850219726562 452.117218017578 450.292846679688 453.394256591797 463.969085693359 473.991607666016 479.900146484375 481.549896240234 471.935333251953 462.481079101562 467.308776855469 473.189422607422 470.882629394531 474.620880126953 472.733734130859 475.251190185547 470.768463134766 473.459686279297 486.079742431641 508.086883544922 542.1806640625 548.119934082031 527.056335449219 545.695007324219 581.268432617188 579.156005859375 547.480651855469 559.807006835938 562.250061035156 560.658813476562 545.858093261719 560.747131347656 577.613037109375 600.7021484375 613.298706054688 588.853942871094 571.556030273438 576.312866210938 596.290710449219 619.883666992188 648.255676269531 660.592224121094 649.307983398438 605.194030761719 577.140380859375 562.3330078125 552.073120117188 535.749755859375 534.696899414062 546.298095703125 532.278442382812
452.474700927734 448.524719238281 446.170684814453 448.793151855469 456.573120117188 464.312133789062 465.411529541016 464.343872070312 464.043579101562 457.552276611328 457.909454345703 477.242706298828 501.239929199219 493.655853271484 496.764770507812 492.686126708984 464.790313720703 471.063354492188 495.578186035156 517.917175292969 548.994689941406 564.757141113281 568.969055175781 546.401977539062 541.913696289062 565.822387695312 561.37060546875 539.015075683594 551.621459960938 540.107360839844 539.067565917969 544.533752441406 555.656066894531 565.414489746094 575.710693359375 576.717529296875 575.735412597656 569.135314941406 585.283996582031 594.992065429688 623.858276367188 631.352783203125 617.504821777344 622.872741699219 590.578735351562 583.951843261719 584.766784667969 579.30517578125 552.90966796875 534.772827148438 535.207824707031 530.084167480469
455.691986083984 449.752288818359 444.869750976562 445.396514892578 451.368103027344 453.011596679688 453.874145507812 453.440490722656 453.155731201172 450.431610107422 458.477935791016 485.006378173828 518.08154296875 512.234680175781 505.767364501953 501.569885253906 465.166046142578 483.197937011719 522.807983398438 543.661987304688 553.763061523438 546.414367675781 539.708801269531 523.859802246094 514.045227050781 529.826232910156 535.795776367188 532.792724609375 546.831237792969 526.05419921875 521.907043457031 545.92919921875 577.320495605469 559.314270019531 567.193969726562 575.459106445312 582.552001953125 584.398254394531 587.232788085938 601.559448242188 622.150512695312 616.732116699219 596.367980957031 605.792541503906 604.303161621094 615.333923339844 598.646911621094 579.46533203125 564.797424316406 549.861633300781 536.236633300781 532.00830078125
454.021057128906 454.936584472656 448.72265625 445.620300292969 447.042510986328 451.22314453125 456.547637939453 453.880462646484 453.097351074219 452.929656982422 456.570617675781 473.582122802734 507.423919677734 516.864501953125 503.463836669922 493.9521484375 472.903381347656 503.614013671875 536.484985351562 533.300964355469 521.352111816406 511.662902832031 504.241333007812 502.579528808594 497.651092529297 503.929168701172 512.833312988281 518.127502441406 527.313598632812 520.887817382812 542.707824707031 562.0732421875 583.907165527344 574.666809082031 590.06298828125 618.696594238281 632.242797851562 628.69580078125 615.205200195312 624.802673339844 617.79248046875 601.401245117188 591.599182128906 598.277709960938 607.507690429688 625.331909179688 598.040405273438 565.861022949219 552.239135742188 548.238586425781 541.073181152344 533.903381347656
458.35400390625 460.852294921875 451.162322998047 447.213989257812 446.880157470703 451.209411621094 457.231262207031 457.681121826172 455.469757080078 462.826477050781 466.584747314453 473.475402832031 498.913055419922 509.474487304688 508.828887939453 505.656646728516 483.253845214844 497.452941894531 516.640319824219 500.088958740234 495.530059814453 508.342132568359 521.211975097656 521.861267089844 516.593139648438 503.484375 500.874877929688 504.76708984375 509.907409667969 522.9736328125 546.227172851562 556.740844726562 566.921691894531 592.675598144531 618.022094726562 648.357849121094 654.544677734375 638.097473144531 615.055969238281 607.407775878906 600.698486328125 596.685119628906 589.823364257812 590.258422851562 605.24169921875 620.482116699219 607.333435058594 576.934204101562 551.155334472656 540.712585449219 535.056457519531 533.685729980469
471.031036376953 462.728698730469 450.614318847656 446.338836669922 447.083831787109 450.53466796875 455.1728515625 461.546997070312 467.461212158203 480.093627929688 489.016662597656 504.530395507812 520.84375 524.057006835938 525.324645996094 528.436401367188 506.874908447266 485.112457275391 487.240356445312 492.608947753906 510.479644775391 542.197570800781 563.728820800781 552.344970703125 542.613708496094 550.325439453125 533.141235351562 526.64453125 521.900024414062 528.638122558594 552.059509277344 563.788757324219 572.169677734375 597.652526855469 609.726440429688 635.95654296875 627.839782714844 623.983764648438 612.362365722656 591.536743164062 586.546203613281 586.819702148438 586.905456542969 596.275451660156 606.019653320312 601.167419433594 587.513244628906 576.604248046875 560.612365722656 542.562316894531 534.687683105469 545.418212890625
473.952056884766 460.035400390625 450.081481933594 446.228118896484 448.203979492188 453.611389160156 460.374084472656 473.655334472656 501.940490722656 524.433166503906 521.036743164062 540.78759765625 548.340881347656 551.893615722656 550.694702148438 533.907836914062 533.600708007812 510.281982421875 503.133209228516 520.046142578125 531.903747558594 572.402404785156 595.531188964844 577.5419921875 562.664428710938 589.151184082031 582.324157714844 566.689025878906 552.048400878906 545.113037109375 582.579833984375 598.360290527344 596.051574707031 589.1162109375 590.684936523438 628.988159179688 620.011840820312 602.101196289062 604.307312011719 595.47119140625 582.287353515625 580.571228027344 584.941528320312 589.595520019531 572.717712402344 566.55908203125 560.3359375 553.835205078125 549.992126464844 540.350708007812 533.053771972656 551.43212890625
459.570129394531 457.141876220703 454.960632324219 449.003082275391 449.594604492188 459.315093994141 482.926483154297 516.993347167969 557.399475097656 577.213012695312 565.510314941406 574.891723632812 571.328552246094 574.121337890625 567.41552734375 556.166320800781 546.054260253906 542.780639648438 532.586975097656 541.779113769531 542.659790039062 568.496948242188 597.998291015625 600.588439941406 588.395935058594 604.642883300781 610.278198242188 604.050231933594 581.475219726562 577.119750976562 606.933410644531 593.896240234375 587.46484375 571.631042480469 581.27685546875 614.578430175781 623.091003417969 595.868713378906 591.218322753906 590.116149902344 580.626831054688 575.44873046875 568.675964355469 573.6689453125 560.705139160156 547.080871582031 541.001831054688 534.62109375 529.379638671875 527.046752929688 529.787780761719 544.854797363281
451.796752929688 457.315765380859 461.416625976562 461.285308837891 463.779479980469 473.535400390625 504.358154296875 546.468994140625 587.088928222656 601.684936523438 610.054992675781 609.846984863281 595.923034667969 585.106262207031 579.371826171875 595.913879394531 560.238830566406 558.847473144531 563.293212890625 556.870544433594 566.632995605469 592.980041503906 599.036804199219 588.833618164062 578.752014160156 586.226440429688 585.827575683594 596.049560546875 598.893310546875 601.106140136719 610.401489257812 582.028991699219 578.140319824219 564.82861328125 567.018432617188 583.022583007812 609.609558105469 600.072204589844 584.797424316406 579.855224609375 569.740478515625 558.176330566406 554.326171875 552.746337890625 561.478698730469 554.615966796875 538.394409179688 525.98193359375 523.679748535156 533.353698730469 543.396423339844 560.526611328125
454.822357177734 461.803985595703 478.327270507812 497.036987304688 506.179321289062 512.527587890625 514.041931152344 526.524230957031 550.575256347656 576.236938476562 623.131286621094 635.691040039062 611.625061035156 593.997009277344 590.835632324219 607.141845703125 577.421508789062 569.490905761719 578.963256835938 569.904235839844 580.655395507812 596.019287109375 578.792663574219 564.724670410156 567.083312988281 571.96484375 559.845581054688 585.044860839844 587.795776367188 589.822509765625 600.623046875 578.214294433594 562.487976074219 553.855407714844 557.434143066406 575.590637207031 591.736877441406 595.149108886719 584.181884765625 574.228332519531 557.486633300781 546.549499511719 544.452880859375 534.485412597656 542.087890625 559.025939941406 550.675048828125 525.888122558594 532.436767578125 555.129821777344 565.352600097656 583.341552734375
455.412811279297 469.488555908203 496.212127685547 528.625793457031 542.908935546875 551.58642578125 554.558532714844 536.251220703125 536.226196289062 576.638732910156 628.054748535156 635.444152832031 632.971313476562 621.545532226562 606.988098144531 602.0341796875 578.244018554688 559.691223144531 558.818542480469 571.325988769531 582.929931640625 578.162048339844 563.869140625 549.103820800781 553.089050292969 559.332275390625 545.538330078125 574.619018554688 573.438781738281 579.083435058594 596.470092773438 577.984802246094 550.607116699219 539.129089355469 562.410888671875 576.375 566.752685546875 570.266296386719 590.567199707031 580.79833984375 552.653137207031 539.1220703125 530.367797851562 522.610778808594 526.443481445312 538.453063964844 537.817443847656 536.49658203125 545.580139160156 557.545776367188 566.922424316406 582.574645996094
