R_scripts/int_process_data/Bio_02.asc
NCOLS 281 
NROWS 576 
XLLCORNER 81175.2677831308 
YLLCORNER 88.2293212990044 
CELLSIZE 1000 
NODATA_value -3.4e+38 
[rows 483 to 505 of 576, columns 104 to 155 of 281]
10.1780643463135 10.2158212661743 10.2535781860352 10.291335105896 10.3290920257568 10.3669481277466 10.406623840332 10.4462995529175 10.4859762191772 10.5256519317627 10.5653276443481 10.6050043106079 10.6446800231934 10.6843566894531 10.7240324020386 10.7633028030396 10.7813320159912 10.7993612289429 10.8173913955688 10.8354206085205 10.8534498214722 10.8714790344238 10.8895082473755 10.9075384140015 10.9255676269531 10.9435968399048 10.9578847885132 10.9721193313599 10.9863529205322 11.0005874633789 11.0148210525513 11.0290555953979 11.0432901382446 11.057523727417 11.0717582702637 11.085991859436 11.1048145294189 11.1238632202148 11.1429128646851 11.1619625091553 11.1810111999512 11.2000608444214 11.2191095352173 11.2381591796875 11.2572078704834 11.2762575149536 11.2859535217285 11.2948360443115 11.3037176132202 11.3125991821289 11.3214817047119 11.3303632736206
10.1569213867188 10.1958799362183 10.2348394393921 10.2737979888916 10.3127565383911 10.3518018722534 10.392427444458 10.4330530166626 10.4736785888672 10.5143041610718 10.5549287796021 10.5955543518066 10.6361799240112 10.6768054962158 10.7174310684204 10.7576503753662 10.7765979766846 10.7955455780029 10.8144931793213 10.8334407806396 10.852388381958 10.8713359832764 10.8902835845947 10.9092311859131 10.9281787872314 10.9471273422241 10.9615154266357 10.9758377075195 10.9901609420776 11.0044832229614 11.0188055038452 11.0331287384033 11.0474510192871 11.0617733001709 11.076096534729 11.0904188156128 11.1088628768921 11.1275110244751 11.1461601257324 11.1648082733154 11.1834564208984 11.2021045684814 11.2207527160645 11.2394008636475 11.2580499649048 11.2766981124878 11.2858734130859 11.2942237854004 11.3025751113892 11.3109254837036 11.3192758560181 11.3276262283325
10.160683631897 10.2007703781128 10.2408571243286 10.2809429168701 10.3210296630859 10.3611106872559 10.4010896682739 10.4410696029663 10.4810485839844 10.5210285186768 10.5610084533691 10.6009874343872 10.6409673690796 10.6809463500977 10.72092628479 10.7605171203613 10.779730796814 10.7989444732666 10.8181581497192 10.8373718261719 10.8565855026245 10.8757982254028 10.8950119018555 10.9142255783081 10.9334392547607 10.9526529312134 10.9674644470215 10.9822120666504 10.9969596862793 11.0117073059082 11.0264549255371 11.041202545166 11.0559501647949 11.0706987380981 11.0854463577271 11.100193977356 11.1172409057617 11.1344013214111 11.1515617370605 11.1687231063843 11.1858835220337 11.2030439376831 11.2202053070068 11.2373657226562 11.2545261383057 11.2716865539551 11.2795343399048 11.2865705490112 11.293607711792 11.3006439208984 11.3076801300049 11.3147163391113
10.1644468307495 10.2056608200073 10.2468738555908 10.2880878448486 10.3293018341064 10.370418548584 10.4097518920898 10.44908618927 10.4884195327759 10.5277538299561 10.5670871734619 10.6064205169678 10.6457548141479 10.6850881576538 10.7244215011597 10.7633838653564 10.7828636169434 10.802342414856 10.8218221664429 10.8413019180298 10.8607816696167 10.8802614212036 10.8997411727905 10.9192199707031 10.93869972229 10.958179473877 10.9734134674072 10.9885864257812 11.0037593841553 11.018931388855 11.034104347229 11.049277305603 11.0644502639771 11.0796232223511 11.0947961807251 11.1099681854248 11.125617980957 11.1412916183472 11.156964302063 11.1726369857788 11.1883106231689 11.2039833068848 11.2196569442749 11.2353296279907 11.2510032653809 11.2666759490967 11.2731952667236 11.2789173126221 11.2846403121948 11.2903623580933 11.2960844039917 11.3018064498901
10.1682090759277 10.2105503082275 10.2528915405273 10.2952327728271 10.337574005127 10.3797264099121 10.4184150695801 10.4571027755737 10.4957904815674 10.534478187561 10.5731658935547 10.6118535995483 10.650541305542 10.6892290115356 10.7279176712036 10.7662506103516 10.7859954833984 10.8057413101196 10.8254871368408 10.8452320098877 10.8649778366089 10.8847236633301 10.9044694900513 10.9242143630981 10.9439601898193 10.9637060165405 10.979362487793 10.9949607849121 11.0105581283569 11.0261564254761 11.0417537689209 11.05735206604 11.0729494094849 11.088547706604 11.1041450500488 11.119743347168 11.1339950561523 11.1481809616089 11.1623668670654 11.1765518188477 11.1907377243042 11.2049236297607 11.219108581543 11.2332944869995 11.2474794387817 11.2616653442383 11.2668561935425 11.2712650299072 11.2756729125977 11.2800807952881 11.2844886779785 11.2888965606689
10.1719722747803 10.2154407501221 10.2589092254639 10.3023777008057 10.3458471298218 10.3890352249146 10.427077293396 10.4651193618774 10.5031614303589 10.541202545166 10.5792446136475 10.6172866821289 10.6553287506104 10.6933708190918 10.7314128875732 10.7691173553467 10.7891283035278 10.8091402053833 10.8291511535645 10.8491630554199 10.8691749572754 10.8891859054565 10.909197807312 10.9292087554932 10.9492206573486 10.9692316055298 10.9853115081787 11.0013341903687 11.0173578262329 11.0333805084229 11.0494031906128 11.0654268264771 11.081449508667 11.0974721908569 11.1134948730469 11.1295185089111 11.142373085022 11.1550712585449 11.1677684783936 11.1804666519165 11.1931648254395 11.2058629989624 11.218560218811 11.231258392334 11.2439565658569 11.2566547393799 11.2605180740356 11.2636117935181 11.2667055130005 11.2697992324829 11.2728929519653 11.2759866714478
10.1757345199585 10.2203311920166 10.2649269104004 10.3095235824585 10.3541193008423 10.3983430862427 10.4357395172119 10.4731359481812 10.5105314254761 10.5479278564453 10.5853242874146 10.6227197647095 10.6601161956787 10.6975116729736 10.7349081039429 10.7719841003418 10.7922611236572 10.8125381469727 10.8328161239624 10.8530931472778 10.8733711242676 10.893648147583 10.9139261245728 10.9342031478882 10.9544811248779 10.9747581481934 10.9912605285645 11.0077085494995 11.0241565704346 11.0406045913696 11.0570526123047 11.0735006332397 11.0899486541748 11.1063966751099 11.1228446960449 11.13929271698 11.1507501602173 11.1619606018066 11.173171043396 11.1843814849854 11.1955919265747 11.2068023681641 11.2180128097534 11.2292232513428 11.2404336929321 11.2516441345215 11.2541790008545 11.2559585571289 11.2577381134033 11.2595176696777 11.2612972259521 11.2630767822266
10.1794967651367 10.2252206802368 10.2709445953369 10.316668510437 10.3623914718628 10.4076519012451 10.4444017410278 10.4811525344849 10.5179023742676 10.5546522140503 10.5914030075073 10.62815284729 10.6649036407471 10.7016534805298 10.7384033203125 10.7748498916626 10.7953939437866 10.8159370422363 10.836480140686 10.8570241928101 10.8775672912598 10.8981113433838 10.9186544418335 10.9391975402832 10.9597415924072 10.9802846908569 10.9972095489502 11.0140829086304 11.0309562683105 11.0478296279907 11.0647020339966 11.0815753936768 11.0984487533569 11.1153211593628 11.132194519043 11.1490678787231 11.1591281890869 11.1688508987427 11.1785736083984 11.1882963180542 11.19801902771 11.2077417373657 11.2174644470215 11.2271871566772 11.236909866333 11.2466325759888 11.2478399276733 11.2483053207397 11.2487707138062 11.2492361068726 11.249701499939 11.2501659393311
10.1832599639893 10.2301111221313 10.2769622802734 10.3238134384155 10.3706645965576 10.4169597625732 10.4530639648438 10.4891681671143 10.5252733230591 10.5613775253296 10.5974817276001 10.6335859298706 10.6696901321411 10.7057952880859 10.7418994903564 10.7777166366577 10.798526763916 10.8193359375 10.840145111084 10.860954284668 10.8817644119263 10.9025735855103 10.9233827590942 10.9441919326782 10.9650011062622 10.9858112335205 11.0031585693359 11.0204572677612 11.0377550125122 11.0550537109375 11.0723514556885 11.0896501541138 11.1069478988647 11.12424659729 11.141544342041 11.1588430404663 11.1675052642822 11.1757402420044 11.1839752197266 11.192211151123 11.2004461288452 11.2086811065674 11.2169160842896 11.225152015686 11.2333869934082 11.2416219711304 11.2415008544922 11.2406520843506 11.239803314209 11.2389545440674 11.2381048202515 11.2372560501099
10.1870222091675 10.2350015640259 10.28297996521 10.330958366394 10.3789367675781 10.4262685775757 10.461727142334 10.497184753418 10.5326433181763 10.5681018829346 10.6035604476929 10.6390190124512 10.6744775772095 10.7099361419678 10.7453947067261 10.7805833816528 10.8016586303711 10.8227348327637 10.8438100814819 10.8648853302002 10.8859605789185 10.9070358276367 10.928111076355 10.9491863250732 10.9702615737915 10.9913368225098 11.009108543396 11.0268316268921 11.0445547103882 11.0622777938843 11.0800008773804 11.0977239608765 11.1154479980469 11.133171081543 11.1508941650391 11.1686172485352 11.1758823394775 11.1826305389404 11.189377784729 11.1961259841919 11.2028732299805 11.209620475769 11.2163686752319 11.2231159210205 11.2298641204834 11.236611366272 11.235161781311 11.2329988479614 11.2308359146118 11.2286729812622 11.2265090942383 11.2243461608887
10.19078540802 10.2398910522461 10.2889976501465 10.3381032943726 10.3872089385986 10.4355764389038 10.4703893661499 10.5052013397217 10.5400142669678 10.5748271942139 10.6096391677856 10.6444520950317 10.6792650222778 10.7140779495239 10.7488899230957 10.7834501266479 10.8047914505005 10.826132774353 10.8474740982056 10.8688154220581 10.8901567459106 10.9114980697632 10.9328393936157 10.9541807174683 10.9755220413208 10.9968633651733 11.0150575637817 11.0332059860229 11.0513534545898 11.0695018768311 11.0876502990723 11.1057987213135 11.1239471435547 11.1420955657959 11.1602439880371 11.1783924102783 11.1842603683472 11.1895198822021 11.1947803497314 11.2000398635864 11.2053003311157 11.210560798645 11.2158203125 11.2210807800293 11.2263402938843 11.2316007614136 11.2288227081299 11.2253456115723 11.2218685150146 11.218391418457 11.2149133682251 11.2114362716675
10.2040710449219 10.2534952163696 10.3029184341431 10.3523426055908 10.4017667770386 10.4503660202026 10.4838466644287 10.5173282623291 10.5508089065552 10.5842895507812 10.6177701950073 10.6512508392334 10.6847314834595 10.7182121276855 10.7516927719116 10.7849473953247 10.8063688278198 10.8277902603149 10.8492116928101 10.8706331253052 10.8920545578003 10.9134759902954 10.9348974227905 10.9563188552856 10.9777402877808 10.9991617202759 11.016900062561 11.0345849990845 11.0522699356079 11.0699548721313 11.0876398086548 11.1053247451782 11.1230087280273 11.1406936645508 11.1583786010742 11.1760635375977 11.1805992126465 11.1844825744629 11.1883668899536 11.1922512054443 11.1961355209351 11.2000198364258 11.2039031982422 11.2077875137329 11.2116718292236 11.2155561447144 11.2120208740234 11.2078399658203 11.2036590576172 11.1994781494141 11.1952972412109 11.1911163330078
10.2245273590088 10.2736597061157 10.3227920532227 10.3719244003296 10.4210557937622 10.4692840576172 10.5009164810181 10.5325479507446 10.5641803741455 10.5958127975464 10.6274452209473 10.6590776443481 10.6907091140747 10.7223415374756 10.7539739608765 10.7854137420654 10.8067750930786 10.8281373977661 10.8494987487793 10.8708600997925 10.89222240448 10.9135837554932 10.9349451065063 10.9563074111938 10.977668762207 10.9990301132202 11.0156507492065 11.0322036743164 11.048755645752 11.0653076171875 11.0818605422974 11.0984125137329 11.1149644851685 11.1315174102783 11.1480693817139 11.1646213531494 11.167872428894 11.170464515686 11.173056602478 11.1756496429443 11.1782417297363 11.1808338165283 11.1834268569946 11.1860189437866 11.1886110305786 11.1912031173706 11.1873407363892 11.182915687561 11.1784906387329 11.1740655899048 11.1696405410767 11.1652154922485
10.24498462677 10.2938251495361 10.3426647186279 10.391505241394 10.4403457641602 10.4882011413574 10.5179853439331 10.5477685928345 10.5775527954102 10.6073360443115 10.6371202468872 10.6669034957886 10.6966876983643 10.7264709472656 10.7562551498413 10.7858800888062 10.8071823120117 10.828483581543 10.8497858047485 10.8710870742798 10.8923892974854 10.9136915206909 10.9349927902222 10.9562950134277 10.977596282959 10.9988985061646 11.0144023895264 11.029821395874 11.045241355896 11.060661315918 11.0760812759399 11.0915002822876 11.1069202423096 11.1223402023315 11.1377601623535 11.1531791687012 11.1551456451416 11.1564464569092 11.1577472686768 11.1590480804443 11.1603479385376 11.1616487503052 11.1629495620728 11.164249420166 11.1655502319336 11.1668510437012 11.1626596450806 11.1579914093018 11.1533222198486 11.1486539840698 11.1439847946167 11.1393156051636
10.2654409408569 10.3139896392822 10.3625383377075 10.4110870361328 10.4596357345581 10.507119178772 10.5350542068481 10.5629892349243 10.5909242630005 10.618860244751 10.6467952728271 10.6747303009033 10.7026653289795 10.73060131073 10.7585363388062 10.7863464355469 10.8075885772705 10.8288307189941 10.8500719070435 10.8713140487671 10.8925561904907 10.9137983322144 10.935040473938 10.9562826156616 10.9775247573853 10.9987668991089 11.0131530761719 11.027440071106 11.04172706604 11.0560140609741 11.0703020095825 11.0845890045166 11.0988759994507 11.1131629943848 11.1274499893188 11.1417379379272 11.1424198150635 11.1424283981323 11.1424369812012 11.14244556427 11.1424541473389 11.142463684082 11.1424722671509 11.1424808502197 11.1424894332886 11.1424980163574 11.1379795074463 11.1330671310425 11.1281538009644 11.1232414245605 11.1183280944824 11.1134157180786
10.2858972549438 10.3341541290283 10.3824110031128 10.4306688308716 10.4789257049561 10.5260362625122 10.5521230697632 10.5782098770142 10.6042966842651 10.6303834915161 10.6564702987671 10.6825571060181 10.708643913269 10.73473072052 10.760817527771 10.7868127822876 10.8079948425293 10.829176902771 10.8503589630127 10.8715410232544 10.8927240371704 10.9139060974121 10.9350881576538 10.9562702178955 10.9774532318115 10.9986352920532 11.0119037628174 11.0250587463379 11.0382127761841 11.0513677597046 11.0645227432251 11.0776767730713 11.0908317565918 11.103985786438 11.1171407699585 11.130295753479 11.129693031311 11.1284103393555 11.1271266937256 11.12584400177 11.1245613098145 11.1232776641846 11.121994972229 11.1207113265991 11.1194286346436 11.118145942688 11.113299369812 11.1081428527832 11.1029853820801 11.0978288650513 11.0926723480225 11.0875158309937
10.3063545227051 10.3543195724487 10.4022846221924 10.450249671936 10.4982147216797 10.5449542999268 10.5691919326782 10.593430519104 10.6176691055298 10.6419067382812 10.666145324707 10.6903839111328 10.7146215438843 10.7388601303101 10.7630987167358 10.787278175354 10.8084011077881 10.8295230865479 10.8506460189819 10.8717679977417 10.8928909301758 10.9140138626099 10.9351358413696 10.9562587738037 10.9773807525635 10.9985036849976 11.0106544494629 11.0226764678955 11.0346984863281 11.0467205047607 11.0587434768677 11.0707654953003 11.0827875137329 11.0948095321655 11.1068315505981 11.1188535690308 11.1169672012329 11.1143922805786 11.1118173599243 11.10924243927 11.1066675186157 11.1040925979614 11.1015176773071 11.0989427566528 11.0963678359985 11.0937929153442 11.0886182785034 11.0832176208496 11.0778169631958 11.0724172592163 11.0670166015625 11.0616159439087
10.326810836792 10.3744840621948 10.422158241272 10.4698314666748 10.5175046920776 10.563871383667 10.5862607955933 10.6086511611938 10.6310405731201 10.6534309387207 10.675820350647 10.6982107162476 10.7206001281738 10.7429895401001 10.7653799057007 10.7877445220947 10.8088073730469 10.829870223999 10.8509330749512 10.871994972229 10.8930578231812 10.9141206741333 10.9351835250854 10.9562463760376 10.9773092269897 10.9983711242676 11.0094060897827 11.0202951431274 11.0311851501465 11.0420742034912 11.0529642105103 11.063853263855 11.0747423171997 11.0856323242188 11.0965213775635 11.1074113845825 11.1042404174805 11.1003742218018 11.0965070724487 11.09264087677 11.088773727417 11.084906578064 11.0810403823853 11.0771732330322 11.0733070373535 11.0694398880005 11.0639381408691 11.0582933425903 11.0526494979858 11.047004699707 11.0413599014282 11.0357151031494
10.3472681045532 10.3946495056152 10.4420309066772 10.4894123077393 10.5367946624756 10.5827884674072 10.6033306121826 10.6238718032837 10.6444129943848 10.6649541854858 10.6854953765869 10.706036567688 10.7265777587891 10.7471199035645 10.7676610946655 10.7882108688354 10.8092136383057 10.8302164077759 10.8512191772461 10.8722229003906 10.8932256698608 10.9142284393311 10.9352312088013 10.9562339782715 10.9772367477417 10.9982395172119 11.0081567764282 11.0179138183594 11.0276708602905 11.0374279022217 11.0471849441528 11.0569410324097 11.0666980743408 11.076455116272 11.0862121582031 11.0959692001343 11.0915145874023 11.0863561630249 11.0811967849731 11.0760383605957 11.0708799362183 11.0657215118408 11.0605630874634 11.0554046630859 11.0502462387085 11.0450878143311 11.0392580032349 11.0333690643311 11.0274810791016 11.0215921401978 11.0157041549683 11.0098152160645
10.3677244186401 10.4148139953613 10.4619045257568 10.508994102478 10.5560836791992 10.6017065048218 10.6203994750977 10.6390924453735 10.6577844619751 10.676477432251 10.6951704025269 10.7138633728027 10.7325563430786 10.7512493133545 10.7699422836304 10.7886772155762 10.8096199035645 10.8305635452271 10.8515062332153 10.8724498748779 10.8933925628662 10.9143352508545 10.9352788925171 10.9562215805054 10.977165222168 10.9981079101562 11.0069074630737 11.015531539917 11.0241565704346 11.0327806472778 11.0414047241211 11.0500297546387 11.0586538314819 11.0672788619995 11.0759029388428 11.084527015686 11.0787878036499 11.0723371505737 11.0658874511719 11.0594367980957 11.0529861450195 11.0465364456177 11.0400857925415 11.0336351394653 11.0271854400635 11.0207347869873 11.0145769119263 11.0084447860718 11.0023126602173 10.9961805343628 10.990047454834 10.9839153289795
10.3881807327271 10.4349794387817 10.4817771911621 10.5285758972168 10.5753736495972 10.620623588562 10.6374683380127 10.6543121337891 10.6711568832397 10.6880016326904 10.7048454284668 10.7216901779175 10.7385339736938 10.7553787231445 10.7722234725952 10.7891435623169 10.8100261688232 10.8309097290039 10.8517932891846 10.8726768493652 10.8935594558716 10.9144430160522 10.9353265762329 10.9562101364136 10.9770927429199 10.9979763031006 11.0056581497192 11.0131502151489 11.0206422805786 11.0281343460083 11.0356254577637 11.0431175231934 11.050609588623 11.0581016540527 11.0655937194824 11.0730848312378 11.0660619735718 11.0583190917969 11.0505771636963 11.0428352355957 11.0350933074951 11.0273504257202 11.0196084976196 11.011866569519 11.0041246414185 10.9963827133179 10.989896774292 10.9835205078125 10.977144241333 10.9707679748535 10.964391708374 10.9580154418945
10.4066686630249 10.4517412185669 10.4968137741089 10.5418863296509 10.5869588851929 10.6305084228516 10.6461057662964 10.6617040634155 10.6773023605347 10.6929006576538 10.7084980010986 10.7240962982178 10.7396945953369 10.7552928924561 10.7708902359009 10.7865734100342 10.8066883087158 10.8268032073975 10.8469181060791 10.8670320510864 10.8871469497681 10.9072618484497 10.9273767471313 10.947491645813 10.9676065444946 10.9877214431763 10.9942989349365 11.0006809234619 11.0070638656616 11.013445854187 11.0198287963867 11.0262107849121 11.0325937271118 11.0389757156372 11.0453586578369 11.0517406463623 11.0432424545288 11.034008026123 11.0247735977173 11.0155382156372 11.0063037872314 10.9970693588257 10.9878349304199 10.9786005020142 10.9693651199341 10.9601306915283 10.9543132781982 10.9487924575806 10.9432716369629 10.9377517700195 10.9322309494019 10.9267110824585
10.4234609603882 10.4655742645264 10.5076875686646 10.5498008728027 10.5919141769409 10.6326198577881 10.6474895477295 10.6623592376709 10.6772298812866 10.692099571228 10.7069692611694 10.7218389511108 10.7367086410522 10.751579284668 10.7664489746094 10.7813911437988 10.8001279830933 10.8188638687134 10.8376007080078 10.8563365936279 10.8750734329224 10.8938102722168 10.9125461578369 10.9312829971313 10.9500188827515 10.9687557220459 10.9742393493652 10.9795322418213 10.9848251342773 10.9901180267334 10.9954109191895 11.0007038116455 11.0059967041016 11.0112895965576 11.0165824890137 11.0218753814697 11.011739730835 11.0008392333984 10.9899396896362 10.979040145874 10.9681406021118 10.9572410583496 10.9463405609131 10.9354410171509 10.9245414733887 10.9136419296265 10.9093475341797 10.90562915802 10.9019107818604 10.8981924057007 10.894474029541 10.8907556533813
