R_scripts/int_process_data/Bio_06_2001.2020.asc
NCOLS 281 
NROWS 577 
XLLCORNER 81175.2677831308 
YLLCORNER -911.770678700996 
CELLSIZE 1000 
NODATA_value -3.4e+38 
[rows 23 to 45 of 577, columns 52 to 103 of 281]
-3.4e+38 -3.4e+38 -3.4e+38 -3.4e+38 -3.4e+38 -3.4e+38 -3.4e+38 -3.4e+38 -3.4e+38 -3.4e+38 -3.4e+38 -3.4e+38 -3.4e+38 -3.4e+38 -3.4e+38 285.268127441406 284.983032226562 284.122406005859 283.251312255859 282.779663085938 283.469696044922 283.929229736328 283.674926757812 283.904266357422 284.019836425781 283.545532226562 283.004180908203 282.727233886719 282.670806884766 282.287017822266 281.807037353516 281.531494140625 281.696685791016 281.839294433594 281.364013671875 280.544250488281 280.546142578125 281.273620605469 282.025390625 282.790557861328 283.048095703125 283.220764160156 283.513610839844 283.355255126953 282.711761474609 282.117431640625 281.440307617188 281.034484863281 280.368041992188 279.728942871094 279.052307128906 278.473480224609
-3.4e+38 -3.4e+38 -3.4e+38 -3.4e+38 -3.4e+38 -3.4e+38 -3.4e+38 -3.4e+38 -3.4e+38 -3.4e+38 -3.4e+38 -3.4e+38 -3.4e+38 -3.4e+38 -3.4e+38 285.238525390625 284.754486083984 284.04150390625 283.163726806641 282.473205566406 283.03662109375 283.363250732422 283.200897216797 283.597869873047 283.639373779297 283.284790039062 283.112640380859 282.979156494141 282.938934326172 282.633636474609 282.083099365234 281.853546142578 281.981597900391 281.949645996094 281.314849853516 280.498382568359 280.316162109375 280.939178466797 281.918579101562 282.826141357422 283.477783203125 283.710144042969 283.472778320312 283.027191162109 282.176116943359 281.795043945312 281.501068115234 281.293518066406 280.730316162109 280.037200927734 279.164093017578 278.24853515625
-3.4e+38 -3.4e+38 -3.4e+38 -3.4e+38 -3.4e+38 -3.4e+38 -3.4e+38 -3.4e+38 -3.4e+38 -3.4e+38 -3.4e+38 -3.4e+38 -3.4e+38 285.404571533203 285.279296875 284.987396240234 284.3369140625 283.364654541016 282.387908935547 281.960357666016 282.744873046875 283.298492431641 283.207580566406 283.61669921875 283.538909912109 283.319061279297 283.371063232422 283.142791748047 283.049377441406 282.855621337891 282.585266113281 282.450714111328 282.399566650391 282.127471923828 281.530700683594 280.752502441406 280.466003417969 280.703643798828 281.698516845703 282.909271240234 283.656372070312 283.766296386719 283.169036865234 282.447479248047 281.461456298828 281.020721435547 280.911071777344 281.201873779297 280.743743896484 280.066528320312 279.329345703125 278.398834228516
-3.4e+38 -3.4e+38 -3.4e+38 -3.4e+38 -3.4e+38 -3.4e+38 -3.4e+38 -3.4e+38 -3.4e+38 -3.4e+38 285.767486572266 285.681121826172 285.391845703125 284.894561767578 284.77099609375 284.415649414062 283.963012695312 283.320434570312 282.394561767578 282.004455566406 282.797637939453 283.465698242188 283.421875 283.72998046875 283.506561279297 283.366638183594 283.582550048828 283.277374267578 283.098480224609 282.898040771484 282.529296875 282.383666992188 282.294097900391 282.141326904297 281.832550048828 281.242095947266 280.954284667969 280.950775146484 281.688629150391 282.922119140625 283.662292480469 283.811279296875 283.220245361328 282.492218017578 281.614562988281 281.125396728516 281.140380859375 281.637298583984 280.875 280.078948974609 279.794738769531 279.262512207031
-3.4e+38 -3.4e+38 -3.4e+38 -3.4e+38 -3.4e+38 -3.4e+38 -3.4e+38 -3.4e+38 -3.4e+38 285.864532470703 285.692687988281 285.494354248047 285.125274658203 284.688293457031 284.749267578125 284.346923828125 283.931243896484 283.416961669922 282.628387451172 282.597717285156 283.090179443359 283.534454345703 283.657409667969 283.831420898438 283.652954101562 283.603546142578 283.5478515625 283.034881591797 282.81787109375 282.676574707031 282.203125 281.879913330078 281.889892578125 281.952972412109 281.820404052734 281.333892822266 281.028350830078 281.124420166016 281.953186035156 283.076843261719 283.511016845703 283.741607666016 283.318237304688 282.774475097656 282.302978515625 281.650421142578 281.724761962891 282.001098632812 280.988647460938 280.363952636719 280.466430664062 280.030944824219
-3.4e+38 -3.4e+38 -3.4e+38 -3.4e+38 -3.4e+38 -3.4e+38 -3.4e+38 -3.4e+38 285.946380615234 285.850555419922 285.471374511719 285.219604492188 285.244476318359 285.209991455078 285.126678466797 284.596160888672 283.840240478516 283.348205566406 283.068267822266 283.597290039062 283.843658447266 283.724945068359 283.910583496094 284.018890380859 283.910522460938 283.742004394531 283.316375732422 282.813842773438 282.497772216797 282.294555664062 282.023315429688 281.614471435547 281.607482910156 281.687194824219 281.556701660156 281.177795410156 280.878051757812 281.180389404297 282.133880615234 283.060150146484 283.342071533203 283.775817871094 283.644958496094 283.194061279297 282.768829345703 282.114227294922 282.209014892578 282.289489746094 281.377746582031 281.18017578125 281.013061523438 280.452117919922
-3.4e+38 -3.4e+38 -3.4e+38 -3.4e+38 -3.4e+38 -3.4e+38 -3.4e+38 286.016815185547 285.95068359375 285.819030761719 285.489440917969 285.411285400391 285.290405273438 284.973083496094 285.006500244141 284.627838134766 284.039733886719 284.023162841797 283.966094970703 284.182250976562 284.292175292969 284.079406738281 283.918701171875 284.028381347656 283.831024169922 283.623382568359 283.237731933594 282.816955566406 282.440948486328 282.025573730469 281.878936767578 281.622467041016 281.370574951172 281.517852783203 281.238189697266 280.850738525391 280.758148193359 280.997436523438 281.757965087891 282.816375732422 283.297973632812 283.716094970703 283.891204833984 283.615051269531 283.018188476562 282.615295410156 282.809265136719 282.602203369141 282.02685546875 281.821929931641 281.276062011719 280.815368652344
-3.4e+38 -3.4e+38 -3.4e+38 -3.4e+38 -3.4e+38 -3.4e+38 -3.4e+38 286.027038574219 285.909393310547 285.833740234375 285.653167724609 285.601104736328 285.146270751953 284.404846191406 284.472259521484 284.690032958984 284.673889160156 284.553131103516 284.254699707031 284.192565917969 284.239227294922 284.051147460938 283.660034179688 283.781188964844 283.788848876953 283.556854248047 283.21533203125 282.628723144531 282.092895507812 281.596496582031 281.367095947266 281.328033447266 281.022186279297 281.197723388672 280.749938964844 280.317535400391 280.589874267578 280.871917724609 281.674102783203 282.425415039062 282.701416015625 283.425933837891 283.893798828125 283.816162109375 283.411071777344 283.212493896484 283.260894775391 282.964416503906 282.470306396484 281.867980957031 281.131378173828 280.86328125
-3.4e+38 -3.4e+38 -3.4e+38 -3.4e+38 -3.4e+38 286.185455322266 286.084014892578 285.900817871094 285.568725585938 285.702606201172 285.709808349609 285.565521240234 285.131805419922 284.168029785156 283.644927978516 283.7373046875 283.966400146484 284.133605957031 283.720001220703 283.298522949219 283.345489501953 283.463531494141 283.441833496094 283.431549072266 283.665802001953 283.518127441406 283.092132568359 282.509765625 282.081817626953 281.457794189453 281.173461914062 281.327789306641 280.861785888672 280.692443847656 280.200225830078 280.068420410156 280.675445556641 281.361938476562 282.259674072266 282.56494140625 282.783020019531 283.504974365234 283.913482666016 283.912567138672 283.659759521484 283.341094970703 283.060577392578 282.634155273438 282.185485839844 281.462249755859 280.570373535156 280.574371337891
-3.4e+38 -3.4e+38 -3.4e+38 -3.4e+38 -3.4e+38 -3.4e+38 286.068969726562 285.759033203125 284.989776611328 285.254486083984 285.592559814453 285.278717041016 284.559448242188 284.000885009766 283.317687988281 282.939666748047 283.166381835938 283.656158447266 283.190002441406 282.609069824219 282.43701171875 282.622802734375 283.013977050781 283.158294677734 283.352844238281 283.373291015625 282.94873046875 282.665893554688 282.533142089844 281.755035400391 281.866790771484 282.009429931641 281.315277099609 280.67529296875 279.986785888672 280.195587158203 281.086700439453 282.058319091797 282.807525634766 283.091400146484 283.133148193359 283.558258056641 283.932952880859 283.977783203125 283.557861328125 282.751708984375 282.399047851562 282.325347900391 282.202087402344 281.3603515625 280.594116210938 280.851531982422
-3.4e+38 -3.4e+38 -3.4e+38 -3.4e+38 -3.4e+38 -3.4e+38 285.956756591797 285.398681640625 284.363403320312 284.622955322266 285.377349853516 285.040832519531 284.003662109375 283.835601806641 283.404510498047 282.755828857422 282.765258789062 283.037322998047 282.543518066406 282.352508544922 282.109527587891 282.005706787109 282.478607177734 283.158386230469 283.374176025391 283.092254638672 282.765960693359 282.981842041016 283.110961914062 282.662780761719 282.707153320312 282.368988037109 281.732177734375 280.740844726562 280.058349609375 280.455200195312 281.117889404297 281.697448730469 282.307861328125 282.518493652344 282.469177246094 283.171447753906 283.794250488281 283.960021972656 283.405334472656 282.610076904297 282.646057128906 282.814270019531 282.430999755859 281.397430419922 281.046020507812 281.751525878906
-3.4e+38 -3.4e+38 -3.4e+38 -3.4e+38 -3.4e+38 286.045806884766 285.496215820312 284.897399902344 284.030548095703 284.231536865234 285.023406982422 284.754699707031 283.958404541016 283.955718994141 283.469665527344 282.356567382812 282.085723876953 282.261291503906 281.77099609375 281.990631103516 281.947998046875 281.8125 282.502288818359 283.466003417969 283.760101318359 283.123016357422 282.463409423828 282.936553955078 283.668334960938 283.470367431641 282.759185791016 281.864898681641 281.301025390625 280.301147460938 280.124206542969 280.897308349609 281.346588134766 281.471862792969 281.949676513672 282.225616455078 282.352020263672 282.942443847656 283.630981445312 283.936950683594 283.445159912109 283.180786132812 283.458740234375 283.168609619141 282.415863037109 281.858123779297 281.870361328125 282.440063476562
-3.4e+38 -3.4e+38 -3.4e+38 -3.4e+38 -3.4e+38 285.989715576172 285.192810058594 284.752227783203 284.487640380859 284.25 284.431701660156 284.335815429688 284.119659423828 284.195709228516 283.606597900391 282.280548095703 281.601135253906 281.666320800781 281.191314697266 281.440948486328 281.714996337891 281.781951904297 282.670501708984 283.661163330078 284.046356201172 283.492950439453 282.703277587891 283.109100341797 283.939361572266 283.674530029297 282.715179443359 281.861846923828 281.133850097656 280.334869384766 280.654144287109 281.447540283203 281.651794433594 281.863922119141 282.471954345703 282.835754394531 282.89697265625 283.121551513672 283.716552734375 283.944152832031 283.517761230469 283.666564941406 283.759643554688 283.115783691406 282.6328125 282.757659912109 282.979614257812 283.23193359375
-3.4e+38 -3.4e+38 -3.4e+38 -3.4e+38 -3.4e+38 286.076141357422 285.528442382812 285.303863525391 285.256683349609 284.830078125 284.608489990234 284.419860839844 284.36181640625 284.504486083984 283.998382568359 282.9072265625 281.928314208984 281.461578369141 280.891662597656 280.830932617188 281.151702880859 281.735046386719 282.853424072266 283.900604248047 284.293304443359 283.872619628906 283.347747802734 283.727264404297 284.140441894531 283.683563232422 282.770629882812 282.054351806641 281.2763671875 280.817016601562 281.169158935547 281.830688476562 281.998229980469 282.347045898438 283.129943847656 283.531036376953 283.412139892578 283.468139648438 283.858947753906 283.970458984375 283.697662353516 283.880065917969 283.935516357422 283.519805908203 283.289825439453 283.476623535156 283.790069580078 283.933685302734
-3.4e+38 -3.4e+38 -3.4e+38 -3.4e+38 -3.4e+38 286.142456054688 285.963409423828 285.816925048828 285.663208007812 285.391571044922 285.132049560547 284.772338867188 284.55810546875 284.690643310547 284.236145019531 283.429962158203 282.613433837891 282.025390625 281.112976074219 280.619598388672 280.6962890625 281.834777832031 283.178588867188 284.125061035156 284.467041015625 284.023101806641 283.491790771484 283.868591308594 284.237823486328 283.764038085938 283.19091796875 282.542327880859 282.213226318359 282.008758544922 281.919128417969 282.599029541016 282.923126220703 283.188262939453 283.699890136719 283.823699951172 283.676574707031 283.698913574219 283.968933105469 284.033996582031 283.991973876953 284.018676757812 284.038208007812 283.930908203125 283.832397460938 283.835693359375 283.844055175781 283.841827392578
-3.4e+38 -3.4e+38 -3.4e+38 -3.4e+38 -3.4e+38 -3.4e+38 285.977600097656 285.864593505859 285.714416503906 285.566650390625 285.334136962891 285.098205566406 284.911895751953 284.856689453125 284.510498046875 283.982238769531 283.308898925781 282.476684570312 281.2744140625 280.687591552734 280.66943359375 281.900787353516 283.294097900391 284.248077392578 284.549896240234 284.051452636719 283.170959472656 283.518035888672 284.255218505859 284.113891601562 283.717041015625 283.164642333984 283.274871826172 283.135314941406 283.004180908203 283.398590087891 283.627136230469 283.851043701172 283.982666015625 283.955413818359 283.918334960938 283.925170898438 283.997192382812 284.024658203125 283.905364990234 283.663696289062 283.681213378906 283.705108642578 283.663604736328 283.540802001953 283.489898681641 283.595428466797
-3.4e+38 -3.4e+38 -3.4e+38 -3.4e+38 -3.4e+38 286.06689453125 285.739532470703 285.578430175781 285.300933837891 285.109191894531 285.079315185547 285.061584472656 284.829467773438 284.565246582031 284.674652099609 284.355682373047 283.761688232422 283.049499511719 281.929229736328 281.335205078125 281.261779785156 282.036560058594 283.248626708984 284.318817138672 284.616271972656 284.203918457031 283.581359863281 283.520233154297 284.250213623047 284.356109619141 284.003326416016 283.651977539062 283.909027099609 283.883880615234 283.853637695312 283.981750488281 283.98779296875 284.057312011719 283.968933105469 283.828674316406 283.751678466797 283.583251953125 283.670989990234 283.964080810547 283.668884277344 283.001312255859 283.114318847656 283.011779785156 282.981048583984 283.027435302734 283.113098144531 283.115386962891
-3.4e+38 -3.4e+38 -3.4e+38 -3.4e+38 -3.4e+38 -3.4e+38 285.675598144531 285.236083984375 284.480041503906 283.834411621094 284.10595703125 284.540069580078 284.452850341797 284.197937011719 284.401458740234 284.319458007812 283.855804443359 283.571929931641 283.242523193359 282.958251953125 282.680358886719 282.611602783203 283.239654541016 284.156707763672 284.655181884766 284.548400878906 284.226287841797 283.976470947266 284.35107421875 284.4287109375 284.198913574219 284.016693115234 284.162445068359 284.196350097656 284.150299072266 284.068115234375 283.974487304688 283.978332519531 283.636627197266 283.355346679688 283.168029785156 282.977111816406 283.460571289062 283.987884521484 283.59423828125 282.708831787109 282.559722900391 282.282684326172 282.104217529297 282.552307128906 282.656951904297 282.450256347656
-3.4e+38 -3.4e+38 -3.4e+38 -3.4e+38 -3.4e+38 -3.4e+38 285.843231201172 285.307556152344 284.283050537109 283.237548828125 283.082366943359 283.642211914062 284.047790527344 283.994171142578 283.946990966797 284.156585693359 283.933197021484 283.887145996094 284.043640136719 284.136322021484 283.918670654297 283.549987792969 283.589508056641 284.122772216797 284.675323486328 284.697875976562 284.501037597656 284.230682373047 284.400604248047 284.522827148438 284.418762207031 284.291076660156 284.155364990234 284.094848632812 283.929565429688 283.884124755859 283.853546142578 283.721313476562 283.238128662109 282.637023925781 282.394165039062 282.750244140625 283.616638183594 283.840728759766 283.268371582031 282.330200195312 281.6982421875 281.5673828125 281.677978515625 282.156494140625 281.950561523438 281.560699462891
-3.4e+38 -3.4e+38 -3.4e+38 -3.4e+38 -3.4e+38 286.063507080078 285.707946777344 285.062805175781 284.129699707031 283.214294433594 282.812072753906 283.191802978516 283.999053955078 283.997985839844 283.608703613281 283.783874511719 284.064971923828 284.281433105469 284.292572021484 284.305084228516 284.511962890625 284.403869628906 284.246337890625 284.447357177734 284.705261230469 284.724670410156 284.609771728516 284.485534667969 284.518585205078 284.484497070312 284.344909667969 284.151794433594 283.728668212891 283.27685546875 283.087615966797 283.502105712891 283.57763671875 283.229766845703 282.826721191406 282.077972412109 282.163146972656 283.120819091797 283.722900390625 283.275970458984 282.343566894531 281.682708740234 281.186614990234 281.19384765625 281.554962158203 281.519775390625 281.182800292969 280.826263427734
-3.4e+38 -3.4e+38 -3.4e+38 -3.4e+38 286.153747558594 285.968048095703 285.433685302734 284.325744628906 283.502532958984 283.083984375 282.879699707031 283.484252929688 284.455352783203 284.26025390625 283.560272216797 283.560089111328 284.198486328125 284.546356201172 284.651153564453 284.588317871094 284.674682617188 284.716522216797 284.620910644531 284.600311279297 284.704925537109 284.737823486328 284.684661865234 284.624481201172 284.548217773438 284.326202392578 284.034210205078 283.881408691406 283.539825439453 282.598297119141 282.427795410156 283.006622314453 282.850646972656 282.394683837891 282.161560058594 281.833679199219 282.34423828125 283.1416015625 283.479339599609 282.830139160156 281.627044677734 281.201232910156 281.356262207031 281.369323730469 281.077758789062 280.926483154297 280.729522705078 280.618347167969
-3.4e+38 -3.4e+38 -3.4e+38 -3.4e+38 286.14990234375 285.966735839844 285.334991455078 284.125946044922 283.631378173828 283.247741699219 283.123931884766 283.884979248047 284.717437744141 284.600006103516 283.767974853516 283.519500732422 284.310272216797 284.682769775391 284.817443847656 284.783569335938 284.757781982422 284.755065917969 284.760192871094 284.666229248047 284.731201171875 284.74951171875 284.680450439453 284.566040039062 284.462097167969 284.208160400391 283.834197998047 283.679351806641 283.482788085938 282.819702148438 282.426696777344 282.275085449219 281.973449707031 281.664184570312 281.567108154297 281.591888427734 281.992340087891 282.620727539062 283.196594238281 282.810852050781 281.883331298828 281.743133544922 281.615936279297 281.426208496094 280.905487060547 281.120971679688 281.241729736328 281.301727294922
-3.4e+38 -3.4e+38 -3.4e+38 -3.4e+38 286.164031982422 286.059234619141 285.483123779297 284.537841796875 284.155487060547 283.667541503906 283.633026123047 284.204803466797 284.830047607422 284.811584472656 284.204071044922 283.936950683594 284.520080566406 284.799835205078 284.845764160156 284.85546875 284.866302490234 284.804412841797 284.820556640625 284.812164306641 284.783935546875 284.739288330078 284.620544433594 284.332794189453 284.148834228516 284.208648681641 283.980438232422 283.682922363281 283.374084472656 282.998107910156 282.559112548828 282.189300537109 281.856597900391 281.492980957031 281.210784912109 281.058044433594 281.223052978516 282.076263427734 283.037353515625 282.947937011719 282.241577148438 281.858459472656 281.270690917969 281.178741455078 280.96728515625 281.326477050781 281.989135742188 282.208099365234
