R_scripts/int_process_data/Bio_09_2001.2020.asc
NCOLS 281 
NROWS 577 
XLLCORNER 81175.2677831308 
YLLCORNER -911.770678700996 
CELLSIZE 1000 
NODATA_value -3.4e+38 
[rows 322 to 344 of 577, columns 52 to 103 of 281]
294.397064208984 294.378173828125 294.402130126953 294.4365234375 294.482788085938 294.545989990234 294.611663818359 294.669006347656 294.732727050781 294.8046875 294.822723388672 294.815002441406 294.869293212891 294.973968505859 295.027099609375 295.023620605469 295.058227539062 295.096374511719 295.121337890625 295.134948730469 295.248291015625 295.317626953125 295.351898193359 295.389221191406 295.426391601562 295.463500976562 295.500823974609 295.524597167969 295.539672851562 295.558044433594 295.586517333984 295.610443115234 295.613403320312 295.6181640625 295.641387939453 295.672424316406 295.691436767578 295.704528808594 295.723022460938 295.743133544922 295.760894775391 295.786987304688 295.806671142578 295.815490722656 295.835083007812 295.851776123047 295.888122558594 295.9287109375 295.949798583984 295.946685791016 295.960174560547 295.968109130859
294.416687011719 294.434417724609 294.450927734375 294.485046386719 294.531219482422 294.588195800781 294.647796630859 294.699737548828 294.774780273438 294.830322265625 294.839599609375 294.842895507812 294.867950439453 294.936706542969 295.029571533203 295.052917480469 295.065338134766 295.124938964844 295.100036621094 295.106628417969 295.247222900391 295.322509765625 295.356750488281 295.393310546875 295.430908203125 295.468841552734 295.500640869141 295.530548095703 295.554016113281 295.571197509766 295.602233886719 295.633087158203 295.636108398438 295.640808105469 295.6669921875 295.691314697266 295.703369140625 295.717651367188 295.745513916016 295.769714355469 295.785583496094 295.809204101562 295.827087402344 295.842132568359 295.852081298828 295.8740234375 295.913421630859 295.945922851562 295.954803466797 295.946533203125 295.960235595703 295.974822998047
294.476501464844 294.522766113281 294.542572021484 294.545135498047 294.592956542969 294.649780273438 294.696258544922 294.738372802734 294.783843994141 294.824005126953 294.870086669922 294.87939453125 294.892303466797 294.928344726562 295.016479492188 295.083190917969 295.094970703125 295.138336181641 295.106567382812 295.130432128906 295.260803222656 295.322784423828 295.358795166016 295.396881103516 295.434875488281 295.470916748047 295.495422363281 295.521362304688 295.561431884766 295.591827392578 295.615814208984 295.641143798828 295.664123535156 295.691467285156 295.718292236328 295.728912353516 295.729309082031 295.748107910156 295.779388427734 295.801544189453 295.813934326172 295.836639404297 295.854705810547 295.866363525391 295.875701904297 295.904083251953 295.935424804688 295.946228027344 295.949066162109 295.959777832031 295.979614257812 295.994293212891
294.520965576172 294.554901123047 294.595550537109 294.610046386719 294.636108398438 294.681365966797 294.700561523438 294.712921142578 294.767639160156 294.835998535156 294.893127441406 294.914123535156 294.92333984375 294.943756103516 295.000457763672 295.085662841797 295.129150390625 295.157470703125 295.152893066406 295.201568603516 295.282257080078 295.324279785156 295.363159179688 295.400695800781 295.432037353516 295.464996337891 295.492950439453 295.518280029297 295.548309326172 295.581268310547 295.609741210938 295.62255859375 295.635772705078 295.671844482422 295.721343994141 295.758758544922 295.769744873047 295.787384033203 295.806671142578 295.8193359375 295.829315185547 295.84423828125 295.863647460938 295.8896484375 295.909057617188 295.928985595703 295.934326171875 295.935089111328 295.948852539062 295.975738525391 295.997833251953 296.020416259766
294.525695800781 294.539184570312 294.578918457031 294.6171875 294.664367675781 294.669006347656 294.691833496094 294.723815917969 294.786254882812 294.847991943359 294.892822265625 294.938629150391 294.963409423828 294.986358642578 295.007232666016 295.066497802734 295.147308349609 295.170501708984 295.192718505859 295.246887207031 295.291839599609 295.328125 295.367095947266 295.400909423828 295.426940917969 295.456390380859 295.487152099609 295.515655517578 295.543731689453 295.574920654297 295.602264404297 295.604797363281 295.619934082031 295.657165527344 295.703491210938 295.74658203125 295.778747558594 295.797698974609 295.798614501953 295.801605224609 295.822235107422 295.853973388672 295.884552001953 295.909057617188 295.918914794922 295.926422119141 295.934631347656 295.94384765625 295.962982177734 295.991668701172 296.018615722656 296.040252685547
294.530242919922 294.572509765625 294.617309570312 294.654937744141 294.686828613281 294.68115234375 294.695220947266 294.736938476562 294.802154541016 294.862457275391 294.902191162109 294.943695068359 294.988433837891 295.022155761719 295.052185058594 295.085754394531 295.158050537109 295.193176269531 295.219360351562 295.258087158203 295.295074462891 295.332122802734 295.369506835938 295.399261474609 295.425537109375 295.448883056641 295.48046875 295.515777587891 295.546783447266 295.574462890625 295.595336914062 295.608215332031 295.627899169922 295.661987304688 295.705596923828 295.741729736328 295.764923095703 295.796356201172 295.805236816406 295.809692382812 295.838317871094 295.873260498047 295.899291992188 295.907104492188 295.910736083984 295.922302246094 295.939910888672 295.961395263672 295.985748291016 296.009490966797 296.031616210938 296.043060302734
294.563262939453 294.587310791016 294.60791015625 294.641479492188 294.665100097656 294.698089599609 294.712158203125 294.744812011719 294.816223144531 294.888793945312 294.944305419922 294.971374511719 295.008148193359 295.0380859375 295.075592041016 295.12353515625 295.189453125 295.215270996094 295.231140136719 295.261383056641 295.298400878906 295.335845947266 295.370910644531 295.398101806641 295.422943115234 295.447479248047 295.478637695312 295.516479492188 295.547454833984 295.572631835938 295.590515136719 295.611694335938 295.643341064453 295.681518554688 295.730499267578 295.762969970703 295.78271484375 295.807739257812 295.823425292969 295.84130859375 295.863464355469 295.890716552734 295.909088134766 295.914916992188 295.925384521484 295.938110351562 295.956756591797 295.981414794922 296.005950927734 296.024353027344 296.037872314453 296.049377441406
294.564605712891 294.580718994141 294.601013183594 294.629577636719 294.664947509766 294.704772949219 294.733856201172 294.774444580078 294.849365234375 294.920440673828 294.978546142578 295.014892578125 295.036193847656 295.057922363281 295.092163085938 295.158752441406 295.219573974609 295.235015869141 295.249298095703 295.269348144531 295.301971435547 295.338348388672 295.370727539062 295.396087646484 295.421600341797 295.450927734375 295.481018066406 295.514923095703 295.544769287109 295.565948486328 295.586761474609 295.614685058594 295.658782958984 295.703094482422 295.750305175781 295.786071777344 295.811248779297 295.836669921875 295.853851318359 295.872283935547 295.887298583984 295.904388427734 295.919708251953 295.933135986328 295.946258544922 295.961120605469 295.976959228516 295.997528076172 296.013122558594 296.02587890625 296.041564941406 296.055847167969
294.5458984375 294.58935546875 294.6494140625 294.689361572266 294.717712402344 294.740844726562 294.773376464844 294.830902099609 294.895324707031 294.954345703125 295.004028320312 295.042358398438 295.067535400391 295.104309082031 295.161315917969 295.215057373047 295.240386962891 295.254547119141 295.270568847656 295.285705566406 295.307983398438 295.339782714844 295.370727539062 295.395477294922 295.422058105469 295.452911376953 295.480834960938 295.512939453125 295.544067382812 295.567535400391 295.594665527344 295.631408691406 295.678405761719 295.726531982422 295.771789550781 295.813171386719 295.834991455078 295.846221923828 295.852600097656 295.872344970703 295.889434814453 295.904083251953 295.918701171875 295.936096191406 295.953796386719 295.971221923828 295.988311767578 296.003753662109 296.016571044922 296.030029296875 296.048767089844 296.065582275391
294.596588134766 294.611755371094 294.672088623047 294.733337402344 294.775909423828 294.792663574219 294.822082519531 294.881561279297 294.940704345703 294.989410400391 295.031768798828 295.067840576172 295.099426269531 295.163970947266 295.221801757812 295.245727539062 295.258941650391 295.273986816406 295.290740966797 295.305419921875 295.3203125 295.342102050781 295.370300292969 295.395294189453 295.425506591797 295.456420898438 295.479095458984 295.506866455078 295.53515625 295.570617675781 295.612121582031 295.655578613281 295.698608398438 295.749542236328 295.793487548828 295.821472167969 295.83056640625 295.836883544922 295.844818115234 295.863433837891 295.880401611328 295.897399902344 295.915222167969 295.932922363281 295.951080322266 295.969604492188 295.988800048828 296.006317138672 296.023895263672 296.03955078125 296.057281494141 296.074554443359
294.65625 294.662078857422 294.684387207031 294.745727539062 294.802856445312 294.848968505859 294.885406494141 294.92822265625 294.979125976562 295.025726318359 295.069213867188 295.102783203125 295.141510009766 295.214324951172 295.250732421875 295.264343261719 295.279693603516 295.295440673828 295.311492919922 295.325927734375 295.337799072266 295.350555419922 295.373168945312 295.402069091797 295.434265136719 295.461822509766 295.479583740234 295.499908447266 295.523864746094 295.568756103516 295.620819091797 295.67333984375 295.718353271484 295.765106201172 295.798217773438 295.814392089844 295.826263427734 295.841949462891 295.856048583984 295.871673583984 295.887756347656 295.909057617188 295.928161621094 295.944305419922 295.961334228516 295.979125976562 295.998046875 296.016998291016 296.034240722656 296.051116943359 296.069519042969 296.087982177734
294.688873291016 294.709197998047 294.707550048828 294.764465332031 294.825103759766 294.886108398438 294.939575195312 294.977691650391 295.012298583984 295.047912597656 295.097869873047 295.139556884766 295.183776855469 295.245330810547 295.270416259766 295.284240722656 295.300445556641 295.316925048828 295.331878662109 295.343536376953 295.352264404297 295.364501953125 295.382507324219 295.410888671875 295.443969726562 295.465942382812 295.480102539062 295.496185302734 295.527893066406 295.576782226562 295.628509521484 295.682098388672 295.730590820312 295.773406982422 295.799438476562 295.823425292969 295.839630126953 295.853973388672 295.870727539062 295.886077880859 295.904541015625 295.924499511719 295.940338134766 295.957702636719 295.975616455078 295.992523193359 296.010345458984 296.027648925781 296.044830322266 296.062103271484 296.081329345703 296.101196289062
294.71337890625 294.739440917969 294.738830566406 294.776702880859 294.825225830078 294.888275146484 294.94677734375 295.002136230469 295.052337646484 295.087188720703 295.126831054688 295.174133300781 295.220916748047 295.268432617188 295.291442871094 295.305908203125 295.322631835938 295.338287353516 295.349304199219 295.357116699219 295.368865966797 295.384735107422 295.400329589844 295.419708251953 295.450500488281 295.475372314453 295.489685058594 295.511047363281 295.553955078125 295.600219726562 295.644927978516 295.693023681641 295.741119384766 295.780426025391 295.809417724609 295.835266113281 295.850219726562 295.867736816406 295.884216308594 295.900512695312 295.919769287109 295.936187744141 295.952056884766 295.970092773438 295.987274169922 296.003631591797 296.0205078125 296.037872314453 296.0576171875 296.076385498047 296.096710205078 296.113708496094
294.716705322266 294.768920898438 294.784301757812 294.795013427734 294.830291748047 294.888336181641 294.958557128906 295.019866943359 295.068725585938 295.117095947266 295.164581298828 295.205352783203 295.251647949219 295.290161132812 295.311492919922 295.326171875 295.343475341797 295.356201171875 295.364349365234 295.374542236328 295.3896484375 295.405456542969 295.42041015625 295.433624267578 295.453247070312 295.483734130859 295.506744384766 295.537719726562 295.581634521484 295.623504638672 295.664947509766 295.708923339844 295.751983642578 295.787017822266 295.820434570312 295.847015380859 295.863403320312 295.879821777344 295.894958496094 295.912933349609 295.930297851562 295.946472167969 295.963012695312 295.979949951172 295.996032714844 296.012420654297 296.029571533203 296.046783447266 296.067047119141 296.086517333984 296.110046386719 296.121246337891
294.710662841797 294.767822265625 294.831146240234 294.848724365234 294.865295410156 294.907531738281 294.982299804688 295.043975830078 295.091247558594 295.132019042969 295.179840087891 295.234375 295.278778076172 295.311187744141 295.332244873047 295.348266601562 295.365234375 295.376953125 295.387817382812 295.401123046875 295.415222167969 295.429534912109 295.442138671875 295.453094482422 295.465515136719 295.492156982422 295.525787353516 295.563812255859 295.604614257812 295.643798828125 295.682434082031 295.721923828125 295.757720947266 295.792175292969 295.827880859375 295.857818603516 295.875305175781 295.890258789062 295.905883789062 295.923065185547 295.939300537109 295.955902099609 295.972137451172 295.988677978516 296.005432128906 296.022125244141 296.040679931641 296.058441162109 296.077606201172 296.101440429688 296.121520996094 296.126617431641
294.7333984375 294.764129638672 294.835357666016 294.892059326172 294.928039550781 294.959869384766 295.015686035156 295.071472167969 295.119842529297 295.156036376953 295.201141357422 295.259643554688 295.2998046875 295.331909179688 295.354064941406 295.37060546875 295.384796142578 295.400207519531 295.417175292969 295.429962158203 295.443481445312 295.458221435547 295.470306396484 295.480072021484 295.494018554688 295.51171875 295.544158935547 295.582214355469 295.618408203125 295.654418945312 295.689636230469 295.72607421875 295.759124755859 295.795989990234 295.832977294922 295.864685058594 295.883361816406 295.899536132812 295.915771484375 295.933471679688 295.951263427734 295.968963623047 295.985198974609 296.000854492188 296.018157958984 296.034484863281 296.050567626953 296.072387695312 296.096954345703 296.116119384766 296.125030517578 296.130706787109
294.760711669922 294.79638671875 294.83349609375 294.913360595703 294.985595703125 295.019683837891 295.055999755859 295.104431152344 295.150207519531 295.193511962891 295.2421875 295.284423828125 295.320831298828 295.353698730469 295.376403808594 295.390594482422 295.401123046875 295.415618896484 295.436767578125 295.449035644531 295.462707519531 295.477630615234 295.495391845703 295.509521484375 295.521514892578 295.534942626953 295.553741455078 295.585388183594 295.619934082031 295.655792236328 295.691833496094 295.729736328125 295.766632080078 295.805603027344 295.843383789062 295.874847412109 295.893768310547 295.911499023438 295.929260253906 295.94873046875 295.968292236328 295.986206054688 296.00244140625 296.017822265625 296.035369873047 296.053131103516 296.066070556641 296.085540771484 296.112823486328 296.125396728516 296.127502441406 296.136444091797
294.773559570312 294.835052490234 294.874572753906 294.923065185547 295.006805419922 295.060424804688 295.096130371094 295.142272949219 295.184783935547 295.2275390625 295.268829345703 295.304290771484 295.341461181641 295.37548828125 295.396789550781 295.406677246094 295.417877197266 295.430541992188 295.453399658203 295.467529296875 295.476531982422 295.488861083984 295.508148193359 295.526306152344 295.536346435547 295.551635742188 295.566711425781 295.590484619141 295.626098632812 295.66455078125 295.701782226562 295.740631103516 295.777954101562 295.816680908203 295.854278564453 295.886291503906 295.905853271484 295.924102783203 295.942199707031 295.961486816406 295.979095458984 295.997009277344 296.016754150391 296.033752441406 296.053680419922 296.074279785156 296.087097167969 296.104431152344 296.124206542969 296.136566162109 296.136474609375 296.138824462891
294.766693115234 294.855041503906 294.911743164062 294.940093994141 295.029541015625 295.091857910156 295.134307861328 295.176727294922 295.216400146484 295.252838134766 295.289642333984 295.324829101562 295.362976074219 295.397644042969 295.415771484375 295.423278808594 295.437194824219 295.453155517578 295.472412109375 295.487976074219 295.496948242188 295.509063720703 295.527008056641 295.548278808594 295.56201171875 295.574005126953 295.589782714844 295.608184814453 295.636688232422 295.675109863281 295.712554931641 295.751220703125 295.787811279297 295.826599121094 295.865173339844 295.898132324219 295.918273925781 295.936676025391 295.953887939453 295.969696044922 295.984252929688 296.001892089844 296.023681640625 296.043762207031 296.066955566406 296.089752197266 296.100860595703 296.112701416016 296.123809814453 296.134674072266 296.134735107422 296.143737792969
294.805694580078 294.873748779297 294.948669433594 294.989074707031 295.06103515625 295.112396240234 295.157073974609 295.198699951172 295.236572265625 295.272766113281 295.309967041016 295.346282958984 295.386047363281 295.417327880859 295.430816650391 295.441345214844 295.456848144531 295.473602294922 295.491912841797 295.509124755859 295.520721435547 295.533264160156 295.549621582031 295.568023681641 295.586364746094 295.600219726562 295.615753173828 295.633392333984 295.652252197266 295.684295654297 295.72119140625 295.758880615234 295.796783447266 295.837158203125 295.876159667969 295.908660888672 295.9287109375 295.945190429688 295.959930419922 295.977569580078 295.996002197266 296.014190673828 296.037872314453 296.066040039062 296.084869384766 296.096862792969 296.104614257812 296.118682861328 296.127227783203 296.127532958984 296.140045166016 296.171234130859
294.863708496094 294.919982910156 294.986297607422 295.036804199219 295.083648681641 295.127716064453 295.171600341797 295.215881347656 295.257049560547 295.293548583984 295.331207275391 295.369110107422 295.408081054688 295.436187744141 295.448333740234 295.462280273438 295.479766845703 295.495391845703 295.512451171875 295.529235839844 295.543579101562 295.557281494141 295.573425292969 295.590087890625 295.608123779297 295.625091552734 295.640625 295.657257080078 295.672393798828 295.693969726562 295.726867675781 295.765472412109 295.804412841797 295.84521484375 295.881896972656 295.913787841797 295.933776855469 295.951171875 295.967926025391 295.991882324219 296.012481689453 296.034698486328 296.061340332031 296.087219238281 296.101776123047 296.108184814453 296.110443115234 296.122100830078 296.131378173828 296.131713867188 296.163299560547 296.192352294922
294.908630371094 294.963317871094 295.0107421875 295.055847167969 295.098449707031 295.142272949219 295.186645507812 295.231018066406 295.276062011719 295.316558837891 295.354248046875 295.390930175781 295.42919921875 295.457183837891 295.472106933594 295.487274169922 295.50390625 295.519317626953 295.535583496094 295.551452636719 295.566253662109 295.581787109375 295.598449707031 295.615020751953 295.63232421875 295.649810791016 295.666717529297 295.681732177734 295.698303222656 295.718292236328 295.740905761719 295.778900146484 295.816528320312 295.852783203125 295.88916015625 295.924407958984 295.946075439453 295.966491699219 295.986785888672 296.007110595703 296.029968261719 296.057586669922 296.080902099609 296.095001220703 296.107055664062 296.123870849609 296.126831054688 296.123382568359 296.124359130859 296.151977539062 296.197723388672 296.219543457031
294.936645507812 294.982482910156 295.025177001953 295.069152832031 295.112945556641 295.157348632812 295.201965332031 295.246490478516 295.292785644531 295.336700439453 295.376373291016 295.412475585938 295.451782226562 295.483123779297 295.498992919922 295.512786865234 295.528076171875 295.542541503906 295.558715820312 295.574005126953 295.589477539062 295.606018066406 295.623016357422 295.639862060547 295.657958984375 295.676177978516 295.694732666016 295.710327148438 295.727569580078 295.750823974609 295.76611328125 295.794494628906 295.834197998047 295.870758056641 295.905181884766 295.9365234375 295.960571289062 295.982269287109 296.004272460938 296.027496337891 296.053619384766 296.077209472656 296.087799072266 296.096099853516 296.109405517578 296.126281738281 296.135650634766 296.122741699219 296.127899169922 296.170959472656 296.216705322266 296.23486328125
