R_scripts/int_process_data/Bio_14.asc
NCOLS 281 
NROWS 576 
XLLCORNER 81175.2677831308 
YLLCORNER 88.2293212990044 
CELLSIZE 1000 
NODATA_value -3.4e+38 
[rows 154 to 175 of 576, columns 200 to 249 of 281]
0.114088468253613 0.114251807332039 0.114415146410465 0.114578485488892 0.114741824567318 0.114905163645744 0.115068502724171 0.115231841802597 0.115395180881023 0.11555851995945 0.115317121148109 0.114920035004616 0.114522948861122 0.114125855267048 0.113728769123554 0.113331682980061 0.112934596836567 0.112537510693073 0.11214042454958 0.111743338406086 0.111808151006699 0.112081222236156 0.112354286015034 0.112627349793911 0.112900421023369 0.113173484802246 0.113446556031704 0.113719619810581 0.113992691040039 -3.4e+38 -3.4e+38 -3.4e+38 -3.4e+38 -3.4e+38 -3.4e+38 -3.4e+38 -3.4e+38 -3.4e+38 -3.4e+38 -3.4e+38 -3.4e+38 -3.4e+38 -3.4e+38 -3.4e+38 -3.4e+38 -3.4e+38 -3.4e+38 -3.4e+38 -3.4e+38 -3.4e+38
0.114230044186115 0.114425867795944 0.114621698856354 0.114817522466183 0.115013353526592 0.115209177136421 0.11540500074625 0.11560083180666 0.115796655416489 0.115992486476898 0.115758888423443 0.115360110998154 0.114961326122284 0.114562548696995 0.114163771271706 0.113764993846416 0.113366208970547 0.112967431545258 0.112568654119968 0.112169876694679 0.112247258424759 0.112539328634739 0.112831391394138 0.113123454153538 0.113415524363518 0.113707587122917 0.113999649882317 0.114291720092297 0.114583782851696 -3.4e+38 -3.4e+38 -3.4e+38 -3.4e+38 -3.4e+38 -3.4e+38 -3.4e+38 -3.4e+38 -3.4e+38 -3.4e+38 -3.4e+38 -3.4e+38 -3.4e+38 -3.4e+38 -3.4e+38 -3.4e+38 -3.4e+38 -3.4e+38 -3.4e+38 -3.4e+38 -3.4e+38
0.114371620118618 0.11459993571043 0.114828251302242 0.115056559443474 0.115284875035286 0.115513190627098 0.11574150621891 0.115969821810722 0.116198129951954 0.116426445543766 0.116200655698776 0.115800179541111 0.115399710834026 0.114999242126942 0.114598765969276 0.114198297262192 0.113797828555107 0.113397359848022 0.112996883690357 0.112596414983273 0.112686365842819 0.112997435033321 0.113308496773243 0.113619558513165 0.113930620253086 0.114241689443588 0.11455275118351 0.114863812923431 0.115174882113934 -3.4e+38 -3.4e+38 -3.4e+38 -3.4e+38 -3.4e+38 -3.4e+38 -3.4e+38 -3.4e+38 -3.4e+38 -3.4e+38 -3.4e+38 -3.4e+38 -3.4e+38 -3.4e+38 -3.4e+38 -3.4e+38 -3.4e+38 -3.4e+38 -3.4e+38 -3.4e+38 -3.4e+38
0.114513196051121 0.114773996174335 0.115034803748131 0.115295603871346 0.11555640399456 0.115817204117775 0.11607800424099 0.116338804364204 0.116599611938 0.116860412061214 0.11664242297411 0.116240255534649 0.115838095545769 0.115435928106308 0.115033768117428 0.114631608128548 0.114229440689087 0.113827280700207 0.113425113260746 0.113022953271866 0.11312547326088 0.113455541431904 0.113785602152348 0.114115662872791 0.114445723593235 0.114775791764259 0.115105852484703 0.115435913205147 0.115765973925591 -3.4e+38 -3.4e+38 -3.4e+38 -3.4e+38 -3.4e+38 -3.4e+38 -3.4e+38 -3.4e+38 -3.4e+38 -3.4e+38 -3.4e+38 -3.4e+38 -3.4e+38 -3.4e+38 -3.4e+38 -3.4e+38 -3.4e+38 -3.4e+38 -3.4e+38 -3.4e+38 -3.4e+38
0.114654771983624 0.114948064088821 0.115241348743439 0.115534640848637 0.115827932953835 0.116121217608452 0.11641450971365 0.116707794368267 0.117001086473465 0.117294378578663 0.117084190249443 0.116680331528187 0.116276480257511 0.115872621536255 0.115468770265579 0.115064911544323 0.114661060273647 0.114257201552391 0.113853350281715 0.113449491560459 0.11356458067894 0.113913647830486 0.114262707531452 0.114611767232418 0.114960826933384 0.11530988663435 0.115658946335316 0.116008013486862 0.116357073187828 0.116706132888794 -3.4e+38 -3.4e+38 -3.4e+38 -3.4e+38 -3.4e+38 -3.4e+38 -3.4e+38 -3.4e+38 -3.4e+38 -3.4e+38 -3.4e+38 -3.4e+38 -3.4e+38 -3.4e+38 -3.4e+38 -3.4e+38 -3.4e+38 -3.4e+38 -3.4e+38 -3.4e+38
0.114796347916126 0.115122124552727 0.115447901189327 0.115773677825928 0.116099454462528 0.116425231099129 0.116751007735729 0.11707678437233 0.11740256100893 0.117728337645531 0.117525957524776 0.117120407521725 0.116714857518673 0.116309314966202 0.11590376496315 0.115498222410679 0.115092672407627 0.114687122404575 0.114281579852104 0.113876029849052 0.114003688097 0.114371754229069 0.114739812910557 0.115107871592045 0.115475930273533 0.115843988955021 0.116212047636509 0.116580106317997 0.116948164999485 0.117316231131554 -3.4e+38 -3.4e+38 -3.4e+38 -3.4e+38 -3.4e+38 -3.4e+38 -3.4e+38 -3.4e+38 -3.4e+38 -3.4e+38 -3.4e+38 -3.4e+38 -3.4e+38 -3.4e+38 -3.4e+38 -3.4e+38 -3.4e+38 -3.4e+38 -3.4e+38 -3.4e+38
0.114937923848629 0.115296192467213 0.115654453635216 0.116012722253799 0.116370983421803 0.116729244589806 0.117087513208389 0.117445774376392 0.117804035544395 0.118162304162979 0.11796772480011 0.117560483515263 0.117153242230415 0.116746008396149 0.116338767111301 0.115931525826454 0.115524284541607 0.11511705070734 0.114709809422493 0.114302568137646 0.11444279551506 0.114829853177071 0.115216918289661 0.115603975951672 0.115991033613682 0.116378091275692 0.116765148937702 0.117152206599712 0.117539264261723 0.117926321923733 0.11851854622364 -3.4e+38 -3.4e+38 -3.4e+38 -3.4e+38 -3.4e+38 -3.4e+38 -3.4e+38 -3.4e+38 -3.4e+38 -3.4e+38 -3.4e+38 -3.4e+38 -3.4e+38 -3.4e+38 -3.4e+38 -3.4e+38 -3.4e+38 -3.4e+38 -3.4e+38
0.115079499781132 0.115470252931118 0.115861006081104 0.116251759231091 0.116642512381077 0.117033258080482 0.117424011230469 0.117814764380455 0.118205517530441 0.118596270680428 0.118409492075443 0.118000559508801 0.117591626942158 0.117182694375515 0.116773761808872 0.11636483669281 0.115955904126167 0.115546971559525 0.115138038992882 0.114729106426239 0.114881902933121 0.115287959575653 0.115694016218185 0.116100080311298 0.116506136953831 0.116912193596363 0.117318250238895 0.117724306881428 0.11813036352396 0.118536420166492 0.11914075165987 -3.4e+38 -3.4e+38 -3.4e+38 -3.4e+38 -3.4e+38 -3.4e+38 -3.4e+38 -3.4e+38 -3.4e+38 -3.4e+38 -3.4e+38 -3.4e+38 -3.4e+38 -3.4e+38 -3.4e+38 -3.4e+38 -3.4e+38 -3.4e+38 -3.4e+38
0.115221075713634 0.115644320845604 0.116067558526993 0.116490796208382 0.116914033889771 0.117337271571159 0.117760516703129 0.118183754384518 0.118606992065907 0.119030229747295 0.118851259350777 0.118440635502338 0.1180300116539 0.117619387805462 0.117208763957024 0.116798140108585 0.116387516260147 0.115976892411709 0.115566268563271 0.115155644714832 0.115321017801762 0.115746065974236 0.11617112159729 0.116596177220345 0.117021232843399 0.117446288466454 0.117871344089508 0.118296399712563 0.118721455335617 0.119146510958672 0.1197629570961 -3.4e+38 -3.4e+38 -3.4e+38 -3.4e+38 -3.4e+38 -3.4e+38 -3.4e+38 -3.4e+38 -3.4e+38 -3.4e+38 -3.4e+38 -3.4e+38 -3.4e+38 -3.4e+38 -3.4e+38 -3.4e+38 -3.4e+38 -3.4e+38 -3.4e+38
0.11537542194128 0.115788035094738 0.116200655698776 0.116613268852234 0.117025889456272 0.11743851006031 0.117851123213768 0.118263743817806 0.118676356971264 0.119088977575302 0.118920281529427 0.118527971208096 0.118135668337345 0.117743358016014 0.117351047694683 0.116958744823933 0.116566434502602 0.116174124181271 0.11578182131052 0.115389510989189 0.115568324923515 0.116004638373852 0.116440951824188 0.116877257823944 0.117313571274281 0.117749884724617 0.118186198174953 0.118622504174709 0.119058817625046 0.119495131075382 0.120114155113697 -3.4e+38 -3.4e+38 -3.4e+38 -3.4e+38 -3.4e+38 -3.4e+38 -3.4e+38 -3.4e+38 -3.4e+38 -3.4e+38 -3.4e+38 -3.4e+38 -3.4e+38 -3.4e+38 -3.4e+38 -3.4e+38 -3.4e+38 -3.4e+38 -3.4e+38
0.115536399185658 0.115915961563587 0.116295531392097 0.116675093770027 0.117054663598537 0.117434225976467 0.117813795804977 0.118193358182907 0.118572928011417 0.118952490389347 0.118795357644558 0.118431776762009 0.118068195879459 0.117704607546329 0.11734102666378 0.116977445781231 0.116613864898682 0.116250284016132 0.115886703133583 0.115523122251034 0.115715846419334 0.116159379482269 0.116602919995785 0.1170464605093 0.117490001022816 0.117933534085751 0.118377074599266 0.118820615112782 0.119264155626297 0.119707696139812 0.120324350893497 -3.4e+38 -3.4e+38 -3.4e+38 -3.4e+38 -3.4e+38 -3.4e+38 -3.4e+38 -3.4e+38 -3.4e+38 -3.4e+38 -3.4e+38 -3.4e+38 -3.4e+38 -3.4e+38 -3.4e+38 -3.4e+38 -3.4e+38 -3.4e+38 -3.4e+38
0.115697376430035 0.116043895483017 0.116390407085419 0.11673691868782 0.117083437740803 0.117429949343204 0.117776460945606 0.118122972548008 0.11846949160099 0.118816003203392 0.118670433759689 0.118335574865341 0.118000723421574 0.117665864527225 0.117331005632877 0.11699615418911 0.116661295294762 0.116326436400414 0.115991584956646 0.115656726062298 0.115863360464573 0.116314128041267 0.116764895617962 0.117215655744076 0.11766642332077 0.118117190897465 0.118567958474159 0.119018726050854 0.119469493627548 0.119920253753662 0.120534539222717 0.121234454214573 -3.4e+38 -3.4e+38 -3.4e+38 -3.4e+38 -3.4e+38 -3.4e+38 -3.4e+38 -3.4e+38 -3.4e+38 -3.4e+38 -3.4e+38 -3.4e+38 -3.4e+38 -3.4e+38 -3.4e+38 -3.4e+38 -3.4e+38 -3.4e+38
0.115858361124992 0.116171821951866 0.11648528277874 0.116798743605614 0.117112204432487 0.117425665259361 0.117739126086235 0.118052594363689 0.118366055190563 0.118679516017437 0.118545509874821 0.118239380419254 0.117933250963688 0.117627114057541 0.117320984601974 0.117014855146408 0.116708725690842 0.116402596235275 0.116096466779709 0.115790337324142 0.116010874509811 0.116468869149685 0.116926863789558 0.117384858429432 0.117842853069305 0.118300847709179 0.118758842349052 0.119216836988926 0.119674824178219 0.120132818818092 0.120744727551937 -3.4e+38 -3.4e+38 -3.4e+38 -3.4e+38 -3.4e+38 -3.4e+38 -3.4e+38 -3.4e+38 -3.4e+38 -3.4e+38 -3.4e+38 -3.4e+38 -3.4e+38 -3.4e+38 -3.4e+38 -3.4e+38 -3.4e+38 -3.4e+38 -3.4e+38
0.11601933836937 0.116299748420715 0.116580158472061 0.116860568523407 0.117140978574753 0.117421388626099 0.117701798677444 0.11798220872879 0.118262618780136 0.118543028831482 0.118420585989952 0.118143178522587 0.117865778505802 0.117588371038437 0.117310963571072 0.117033563554287 0.116756156086922 0.116478756070137 0.116201348602772 0.115923941135406 0.11615839600563 0.116623617708683 0.117088839411736 0.117554061114788 0.118019282817841 0.118484497070312 0.118949718773365 0.119414940476418 0.11988016217947 0.120345383882523 0.120954923331738 -3.4e+38 -3.4e+38 -3.4e+38 -3.4e+38 -3.4e+38 -3.4e+38 -3.4e+38 -3.4e+38 -3.4e+38 -3.4e+38 -3.4e+38 -3.4e+38 -3.4e+38 -3.4e+38 -3.4e+38 -3.4e+38 -3.4e+38 -3.4e+38 -3.4e+38
0.116180323064327 0.116427674889565 0.116675034165382 0.1169223934412 0.117169752717018 0.117417104542255 0.117664463818073 0.117911823093891 0.118159182369709 0.118406541645527 0.118295662105083 0.1180469840765 0.117798306047916 0.117549628019333 0.117300942540169 0.117052264511585 0.116803586483002 0.116554908454418 0.116306230425835 0.116057552397251 0.116305910050869 0.116778358817101 0.117250807583332 0.117723256349564 0.118195705115795 0.118668153882027 0.119140602648258 0.11961305141449 0.120085500180721 0.120557948946953 0.121165111660957 -3.4e+38 -3.4e+38 -3.4e+38 -3.4e+38 -3.4e+38 -3.4e+38 -3.4e+38 -3.4e+38 -3.4e+38 -3.4e+38 -3.4e+38 -3.4e+38 -3.4e+38 -3.4e+38 -3.4e+38 -3.4e+38 -3.4e+38 -3.4e+38 -3.4e+38
0.116341300308704 0.116555608808994 0.116769909858704 0.116984218358994 0.117198519408703 0.117412827908993 0.117627136409283 0.117841437458992 0.118055745959282 0.118270047008991 0.118170738220215 0.117950782179832 0.117730833590031 0.117510877549648 0.117290928959846 0.117070972919464 0.116851016879082 0.11663106828928 0.116411112248898 0.116191163659096 0.116453431546688 0.116933107376099 0.117412783205509 0.11789245903492 0.11837213486433 0.118851810693741 0.119331486523151 0.119811162352562 0.120290838181973 0.120770514011383 -3.4e+38 -3.4e+38 -3.4e+38 -3.4e+38 -3.4e+38 -3.4e+38 -3.4e+38 -3.4e+38 -3.4e+38 -3.4e+38 -3.4e+38 -3.4e+38 -3.4e+38 -3.4e+38 -3.4e+38 -3.4e+38 -3.4e+38 -3.4e+38 -3.4e+38 -3.4e+38
0.116502285003662 0.116683535277843 0.116864785552025 0.117046043276787 0.117227293550968 0.11740855127573 0.117589801549911 0.117771051824093 0.117952309548855 0.118133559823036 0.118045814335346 0.117854587733746 0.117663361132145 0.117472134530544 0.117280907928944 0.117089681327343 0.116898454725742 0.116707228124142 0.11651599407196 0.11632476747036 0.116600945591927 0.117087848484516 0.117574751377106 0.118061654269695 0.118548557162285 0.119035460054874 0.119522370398045 0.120009273290634 0.120496176183224 0.120983079075813 -3.4e+38 -3.4e+38 -3.4e+38 -3.4e+38 -3.4e+38 -3.4e+38 -3.4e+38 -3.4e+38 -3.4e+38 -3.4e+38 -3.4e+38 -3.4e+38 -3.4e+38 -3.4e+38 -3.4e+38 -3.4e+38 -3.4e+38 -3.4e+38 -3.4e+38 -3.4e+38
0.116663262248039 0.116811461746693 0.116959661245346 0.11710786819458 0.117256067693233 0.117404267191887 0.11755246669054 0.117700673639774 0.117848873138428 0.117997072637081 0.117920890450478 0.117758385837078 0.117595888674259 0.11743338406086 0.117270886898041 0.117108382284641 0.116945885121822 0.116783380508423 0.116620883345604 0.116458378732204 0.116748459637165 0.117242589592934 0.117736726999283 0.118230856955051 0.11872498691082 0.119219116866589 0.119713246822357 0.120207376778126 0.120701514184475 -3.4e+38 -3.4e+38 -3.4e+38 -3.4e+38 -3.4e+38 -3.4e+38 -3.4e+38 -3.4e+38 -3.4e+38 -3.4e+38 -3.4e+38 -3.4e+38 -3.4e+38 -3.4e+38 -3.4e+38 -3.4e+38 -3.4e+38 -3.4e+38 -3.4e+38 -3.4e+38 -3.4e+38
0.116824239492416 0.116939388215542 0.117054544389248 0.117169693112373 0.117284841835499 0.117399990558624 0.11751513928175 0.117630288004875 0.117745436728001 0.117860585451126 0.117795966565609 0.117662191390991 0.117528416216373 0.117394641041756 0.117260865867138 0.11712709069252 0.116993315517902 0.116859540343285 0.116725765168667 0.116591989994049 0.116895981132984 0.117397338151932 0.117898695170879 0.118400052189827 0.118901416659355 0.119402773678303 0.11990413069725 0.120405487716198 -3.4e+38 -3.4e+38 -3.4e+38 -3.4e+38 -3.4e+38 -3.4e+38 -3.4e+38 -3.4e+38 -3.4e+38 -3.4e+38 -3.4e+38 -3.4e+38 -3.4e+38 -3.4e+38 -3.4e+38 -3.4e+38 -3.4e+38 -3.4e+38 -3.4e+38 -3.4e+38 -3.4e+38 -3.4e+38
0.117417432367802 0.117507316172123 0.117597207427025 0.117687091231346 0.117776975035667 0.117866858839989 0.117956750094891 0.118046633899212 0.118136517703533 0.118226401507854 0.118161365389824 0.118036732077599 0.117912098765373 0.117787458002567 0.117662824690342 0.117538191378117 0.117413558065891 0.117288924753666 0.117164291441441 0.117039658129215 0.117328375577927 0.117803454399109 0.118278540670872 0.118753619492054 0.119228705763817 0.119703784584999 0.120178870856762 0.120653949677944 0.121129028499126 -3.4e+38 -3.4e+38 -3.4e+38 -3.4e+38 -3.4e+38 -3.4e+38 -3.4e+38 -3.4e+38 -3.4e+38 -3.4e+38 -3.4e+38 -3.4e+38 -3.4e+38 -3.4e+38 -3.4e+38 -3.4e+38 -3.4e+38 -3.4e+38 -3.4e+38 -3.4e+38 -3.4e+38
0.118270166218281 0.118339464068413 0.118408761918545 0.118478067219257 0.118547365069389 0.118616662919521 0.118685960769653 0.118755258619785 0.118824556469917 0.118893854320049 0.118821203708649 0.118693947792053 0.118566691875458 0.118439443409443 0.118312187492847 0.118184931576252 0.118057675659657 0.117930419743061 0.117803171277046 0.117675915360451 0.117931842803955 0.11836052685976 0.118789210915565 0.119217902421951 0.119646586477757 0.120075270533562 0.120503962039948 0.120932646095753 -3.4e+38 -3.4e+38 -3.4e+38 -3.4e+38 -3.4e+38 -3.4e+38 -3.4e+38 -3.4e+38 -3.4e+38 -3.4e+38 -3.4e+38 -3.4e+38 -3.4e+38 -3.4e+38 -3.4e+38 -3.4e+38 -3.4e+38 -3.4e+38 -3.4e+38 -3.4e+38 -3.4e+38 -3.4e+38
0.11912290006876 0.119171611964703 0.119220323860645 0.119269035756588 0.119317747652531 0.119366459548473 0.119415171444416 0.119463883340359 0.119512595236301 0.119561307132244 0.119481042027473 0.119351170957088 0.119221292436123 0.119091421365738 0.118961542844772 0.118831671774387 0.118701793253422 0.118571922183037 0.118442043662071 0.118312172591686 0.118535302579403 0.118917599320412 0.11929988861084 0.119682177901268 0.120064467191696 0.120446756482124 0.120829053223133 0.121211342513561 -3.4e+38 -3.4e+38 -3.4e+38 -3.4e+38 -3.4e+38 -3.4e+38 -3.4e+38 -3.4e+38 -3.4e+38 -3.4e+38 -3.4e+38 -3.4e+38 -3.4e+38 -3.4e+38 -3.4e+38 -3.4e+38 -3.4e+38 -3.4e+38 -3.4e+38 -3.4e+38 -3.4e+38 -3.4e+38
