R_scripts/int_process_data/Bio_13.asc
NCOLS 281 
NROWS 576 
XLLCORNER 81175.2677831308 
YLLCORNER 88.2293212990044 
CELLSIZE 1000 
NODATA_value -3.4e+38 
[rows 368 to 390 of 576, columns 0 to 51 of 281]
-3.4e+38 -3.4e+38 -3.4e+38 5.05546188354492 5.06034994125366 5.06034994125366 5.06034994125366 5.06034994125366 5.06034994125366 5.05725145339966 5.04912137985229 5.04099178314209 5.03286170959473 5.02473211288452 5.01660203933716 5.00847244262695 5.00034284591675 4.99221277236938 4.98408317565918 4.97173595428467 4.95149517059326 4.93125438690186 4.91101360321045 4.89077234268188 4.87053155899048 4.85029077529907 4.83004999160767 4.80980920791626 4.78956842422485 4.76987886428833 4.75138664245605 4.73289442062378 4.7144021987915 4.69590950012207 4.67741727828979 4.65892505645752 4.64043283462524 4.62194061279297 4.60344839096069 -3.4e+38 -3.4e+38 -3.4e+38 -3.4e+38 -3.4e+38 -3.4e+38 -3.4e+38 4.47380018234253 4.45781946182251 4.44183874130249 4.4233546257019 4.39733552932739 4.37131595611572
-3.4e+38 -3.4e+38 5.04297828674316 5.04366159439087 5.04854965209961 5.04854965209961 5.04854965209961 5.04854965209961 5.04854965209961 5.04521703720093 5.03647327423096 5.02772951126099 5.01898622512817 5.0102424621582 5.00149917602539 4.99275541305542 4.98401212692261 4.97526836395264 4.96652507781982 4.953932762146 4.93413734436035 4.91434240341187 4.89454698562622 4.87475156784058 4.85495615005493 4.83516073226929 4.8153657913208 4.79557037353516 4.77577495574951 4.75659227371216 4.73874092102051 4.72088956832886 4.70303773880005 4.6851863861084 4.66733503341675 4.64948320388794 -3.4e+38 4.61378049850464 -3.4e+38 -3.4e+38 -3.4e+38 -3.4e+38 -3.4e+38 -3.4e+38 -3.4e+38 -3.4e+38 4.46770191192627 -3.4e+38 4.43600463867188 4.41774225234985 4.39221620559692 4.36668968200684
-3.4e+38 -3.4e+38 5.03117799758911 5.03186130523682 5.03674936294556 5.03674936294556 5.03674936294556 5.03674936294556 5.03674936294556 5.0331826210022 5.02382516860962 5.01446771621704 5.00511074066162 4.99575328826904 4.98639583587646 4.97703838348389 4.96768140792847 4.95832395553589 4.94896650314331 4.93612957000732 4.9167799949646 4.89742994308472 4.87808036804199 4.85873031616211 4.83938074111938 4.8200306892395 4.80068111419678 4.78133106231689 4.76198148727417 4.74330615997314 4.72609519958496 4.70888471603394 4.69167375564575 4.67446327209473 4.65725231170654 4.64004182815552 4.62283086776733 -3.4e+38 -3.4e+38 -3.4e+38 -3.4e+38 -3.4e+38 -3.4e+38 -3.4e+38 -3.4e+38 -3.4e+38 -3.4e+38 -3.4e+38 4.4301700592041 4.4121298789978 4.38709688186646 4.36206388473511
-3.4e+38 5.01920366287231 5.0193772315979 5.02006053924561 5.02494859695435 5.02494859695435 5.02494859695435 5.02494859695435 5.02494859695435 5.02114820480347 5.01117706298828 5.0012059211731 4.99123477935791 4.98126363754272 4.97129249572754 4.96132183074951 4.95135068893433 4.94137954711914 4.93140840530396 4.91832685470581 4.89942216873169 4.88051795959473 4.86161375045776 4.8427095413208 4.82380533218384 4.80490112304688 4.78599643707275 4.76709222793579 4.74818801879883 4.73001956939697 4.71344995498657 4.69687986373901 4.68030977249146 4.6637396812439 4.6471700668335 4.63059997558594 -3.4e+38 -3.4e+38 -3.4e+38 -3.4e+38 -3.4e+38 -3.4e+38 -3.4e+38 -3.4e+38 -3.4e+38 -3.4e+38 -3.4e+38 -3.4e+38 -3.4e+38 4.40651750564575 4.38197755813599 4.35743761062622
-3.4e+38 5.00740337371826 5.00757694244385 5.00826025009155 5.01314830780029 5.01314830780029 5.01314830780029 5.01314830780029 5.01314830780029 5.00911378860474 4.99852895736694 4.98794412612915 4.97735929489136 4.96677446365356 4.95618963241577 4.94560480117798 4.93501996994019 4.92443513870239 4.9138503074646 4.90052366256714 4.88206481933594 4.86360597610474 4.84514713287354 4.82668828964233 4.80822992324829 4.78977108001709 4.77131223678589 4.75285339355469 4.73439455032349 4.71673345565796 4.70080423355103 4.68487501144409 4.66894578933716 4.65301656723022 4.63708734512329 4.62115812301636 -3.4e+38 -3.4e+38 -3.4e+38 -3.4e+38 -3.4e+38 -3.4e+38 -3.4e+38 -3.4e+38 -3.4e+38 -3.4e+38 -3.4e+38 -3.4e+38 -3.4e+38 4.4009051322937 4.37685823440552 4.35281133651733
5.00114917755127 5.00115156173706 5.00115728378296 5.00118064880371 5.00134754180908 5.00134754180908 5.00134754180908 5.00134754180908 5.00134754180908 4.99707937240601 4.98588085174561 4.97468233108521 4.96348333358765 4.95228481292725 4.94108629226685 4.92988777160645 4.91868925094604 4.90749073028564 4.89629220962524 4.88272047042847 4.86470746994019 4.84669399261475 4.82868051528931 4.81066751480103 4.79265403747559 4.7746410369873 4.75662755966187 4.73861455917358 4.72060108184814 4.70344686508179 4.68815851211548 4.67287015914917 4.65758180618286 4.64229345321655 4.62700510025024 4.61171627044678 -3.4e+38 -3.4e+38 -3.4e+38 -3.4e+38 -3.4e+38 -3.4e+38 -3.4e+38 -3.4e+38 -3.4e+38 -3.4e+38 -3.4e+38 -3.4e+38 -3.4e+38 -3.4e+38 4.37173891067505 4.34818553924561
5.0009446144104 5.0009446144104 5.0009446144104 5.0009446144104 5.0009446144104 5.0009446144104 5.0009446144104 5.0009446144104 5.0009446144104 4.99552249908447 4.9815034866333 4.96777486801147 4.95432758331299 4.94115304946899 4.9282431602478 4.91558980941772 4.90318584442139 4.89102411270142 4.87909650802612 4.86540222167969 4.84804582595825 4.83068943023682 4.81333351135254 4.7959771156311 4.77862071990967 4.76126432418823 4.7439079284668 4.72655153274536 4.70919561386108 4.69253969192505 4.677405834198 4.66227149963379 4.64713764190674 4.63200378417969 4.61686944961548 4.60173559188843 -3.4e+38 -3.4e+38 -3.4e+38 -3.4e+38 -3.4e+38 -3.4e+38 -3.4e+38 -3.4e+38 -3.4e+38 -3.4e+38 -3.4e+38 -3.4e+38 4.40607404708862 4.3891019821167 4.36624622344971 4.34339094161987
-3.4e+38 5.0009446144104 5.0009446144104 5.0009446144104 5.0009446144104 5.0009446144104 5.0009446144104 5.0009446144104 5.0009446144104 4.99406099319458 4.9765887260437 4.95991802215576 4.94399642944336 4.92877340316772 4.91420459747314 4.9002480506897 4.8868670463562 4.87402582168579 4.86169242858887 4.8481011390686 4.83140897750854 4.81471729278564 4.79802560806274 4.78133344650269 4.76464176177979 4.74794960021973 4.73125791549683 4.71456623077393 4.69787406921387 4.68171691894531 4.66671991348267 4.65172290802002 4.63672590255737 4.62172937393188 4.60673236846924 4.59173536300659 -3.4e+38 -3.4e+38 -3.4e+38 -3.4e+38 -3.4e+38 -3.4e+38 -3.4e+38 -3.4e+38 -3.4e+38 -3.4e+38 -3.4e+38 -3.4e+38 -3.4e+38 4.38289022445679 4.36074018478394 4.33859014511108
-3.4e+38 -3.4e+38 5.0009446144104 5.0009446144104 5.0009446144104 5.0009446144104 5.0009446144104 5.0009446144104 5.0009446144104 4.9922080039978 4.97053956985474 4.95051956176758 4.93196678161621 4.91472578048706 4.89866209030151 4.88365936279297 4.86961507797241 4.85644102096558 4.84405851364136 4.83079957962036 4.814772605896 4.79874515533447 4.78271770477295 4.76669025421143 4.7506628036499 4.73463535308838 4.71860790252686 4.70258045196533 4.68655300140381 4.67089366912842 4.65603399276733 4.64117431640625 4.62631464004517 4.61145496368408 4.59659481048584 4.58173513412476 -3.4e+38 -3.4e+38 -3.4e+38 -3.4e+38 -3.4e+38 -3.4e+38 -3.4e+38 -3.4e+38 -3.4e+38 -3.4e+38 -3.4e+38 -3.4e+38 4.39283514022827 4.37667894363403 4.35523414611816 4.33378982543945
-3.4e+38 -3.4e+38 5.0009446144104 5.0009446144104 5.0009446144104 5.0009446144104 5.0009446144104 5.0009446144104 5.0009446144104 4.98978185653687 4.96291303634644 4.9390754699707 4.9177827835083 4.89864873886108 4.88136100769043 4.86566400527954 4.85134840011597 4.83823919296265 4.82619047164917 4.81349849700928 4.79813575744629 4.78277254104614 4.76740980148315 4.75204658508301 4.73668384552002 4.72132062911987 4.70595788955688 4.69059467315674 4.67523193359375 4.66007089614868 4.645348072052 4.63062572479248 4.6159029006958 4.60118007659912 4.5864577293396 -3.4e+38 -3.4e+38 -3.4e+38 -3.4e+38 -3.4e+38 -3.4e+38 -3.4e+38 -3.4e+38 -3.4e+38 -3.4e+38 -3.4e+38 4.41439485549927 4.40030527114868 4.38621520996094 4.37046766281128 4.34972858428955 4.32898950576782
-3.4e+38 -3.4e+38 4.97803974151611 4.98759412765503 5.0009446144104 5.0009446144104 5.0009446144104 5.0009446144104 5.0009446144104 4.98646688461304 4.95299911499023 4.92483615875244 4.90080881118774 4.8800687789917 4.86198425292969 4.84607648849487 4.83197450637817 4.81938743591309 4.80808305740356 4.79619741439819 4.78149890899658 4.76680040359497 4.75210189819336 4.73740339279175 4.72270488739014 4.70800638198853 4.69330739974976 4.67860889434814 4.66391038894653 4.64924764633179 4.63466215133667 4.62007665634155 4.60549116134644 4.59090566635132 4.57632064819336 -3.4e+38 -3.4e+38 -3.4e+38 -3.4e+38 -3.4e+38 -3.4e+38 -3.4e+38 -3.4e+38 -3.4e+38 4.43471813201904 4.42093753814697 4.4071569442749 4.39337635040283 4.37959575653076 4.36425590515137 4.34422254562378 4.32418870925903
-3.4e+38 -3.4e+38 4.9718713760376 4.97987413406372 4.99072027206421 4.98966550827026 4.98837041854858 4.98674249649048 4.97916746139526 4.95639562606812 4.92565584182739 4.89932107925415 4.87625217437744 4.84840202331543 4.84013557434082 4.8246750831604 4.81138944625854 4.79984903335571 4.78973197937012 4.77889633178711 4.76486206054688 4.75082778930664 4.73679399490356 4.72275972366333 4.70872592926025 4.69469165802002 4.68065738677979 4.66662359237671 4.65258932113647 4.63842439651489 4.62397623062134 4.60952806472778 4.59507989883423 4.58063125610352 -3.4e+38 -3.4e+38 -3.4e+38 -3.4e+38 -3.4e+38 -3.4e+38 -3.4e+38 -3.4e+38 4.45380401611328 4.44033241271973 4.42686128616333 4.41339015960693 4.39991903305054 4.38644742965698 4.37297630310059 4.35804462432861 4.33871650695801 4.3193883895874
-3.4e+38 -3.4e+38 4.96022176742554 4.96489953994751 4.98059225082397 4.97859048843384 4.97615575790405 4.97313213348389 4.96345710754395 4.93913555145264 4.90854263305664 4.88179445266724 4.8360538482666 4.82086133956909 4.81530809402466 4.80119609832764 4.78947591781616 4.77958726882935 4.77113151550293 4.76159524917603 4.74822521209717 4.73485565185547 4.72148609161377 4.70811653137207 4.69474649429321 4.68137693405151 4.66800737380981 4.65463781356812 4.64126825332642 4.62760162353516 4.61329030990601 4.59897947311401 4.58466815948486 4.57035684585571 -3.4e+38 -3.4e+38 -3.4e+38 -3.4e+38 -3.4e+38 -3.4e+38 -3.4e+38 4.45849084854126 4.44532871246338 4.4321665763855 4.41900491714478 4.40584278106689 4.39268064498901 4.37951898574829 4.36635684967041 4.35183334350586 4.33321046829224 4.31458759307861
-3.4e+38 4.9402928352356 4.94401836395264 4.94595813751221 4.96812772750854 4.96504735946655 4.96133470535278 4.95677471160889 4.9454231262207 4.92001867294312 4.88888645172119 4.82304430007935 4.80500650405884 4.79065942764282 4.78684949874878 4.77532052993774 4.76610088348389 4.75856018066406 4.75227737426758 4.74429368972778 4.73158884048462 4.7188835144043 4.70617818832397 4.69347286224365 4.68076753616333 4.66806268692017 4.65535736083984 4.64265203475952 4.6299467086792 4.61677837371826 4.60260438919067 4.58843040466309 4.5742564201355 -3.4e+38 -3.4e+38 -3.4e+38 -3.4e+38 -3.4e+38 -3.4e+38 -3.4e+38 4.46255922317505 4.44970655441284 4.43685388565063 4.42400074005127 4.41114807128906 4.39829540252686 4.38544273376465 4.37259006500244 4.35973739624023 4.34562158584595 4.32770442962646 4.30978727340698
-3.4e+38 -3.4e+38 4.9235897064209 4.92330169677734 4.95293712615967 4.94863033294678 4.94348287582397 4.93722486495972 -3.4e+38 4.89745759963989 4.80832672119141 4.78783750534058 4.77015972137451 4.75607204437256 4.75389957427979 4.74666309356689 4.74111413955688 4.73672389984131 4.73316431045532 4.7269926071167 4.71495199203491 4.70291090011597 4.69087028503418 4.67882966995239 4.66678857803345 4.65474796295166 4.64270734786987 4.63066625595093 4.61862564086914 4.60595560073853 -3.4e+38 -3.4e+38 -3.4e+38 -3.4e+38 -3.4e+38 -3.4e+38 -3.4e+38 -3.4e+38 -3.4e+38 4.46600914001465 4.45346546173096 4.44092178344727 4.42837858200073 4.41583490371704 4.40329170227051 4.39074802398682 4.37820482254028 4.36566114425659 4.35311794281006 4.33941030502319 4.32219839096069 4.30498647689819
-3.4e+38 -3.4e+38 -3.4e+38 -3.4e+38 -3.4e+38 4.93805599212646 4.93215656280518 -3.4e+38 -3.4e+38 -3.4e+38 -3.4e+38 4.76357889175415 4.74654197692871 4.73153495788574 4.71530437469482 4.71474838256836 4.71434164047241 4.71403121948242 -3.4e+38 -3.4e+38 -3.4e+38 -3.4e+38 -3.4e+38 4.66418600082397 4.65280961990356 4.64143323898315 4.63005685806274 -3.4e+38 -3.4e+38 -3.4e+38 -3.4e+38 -3.4e+38 -3.4e+38 -3.4e+38 -3.4e+38 -3.4e+38 -3.4e+38 -3.4e+38 -3.4e+38 4.45660591125488 -3.4e+38 -3.4e+38 -3.4e+38 -3.4e+38 4.39543533325195 4.38320112228394 4.37096691131592 4.3587327003479 4.34649848937988 4.33319902420044 4.31669235229492 4.30018615722656
-3.4e+38 -3.4e+38 -3.4e+38 -3.4e+38 -3.4e+38 -3.4e+38 -3.4e+38 -3.4e+38 -3.4e+38 -3.4e+38 -3.4e+38 -3.4e+38 -3.4e+38 4.72978353500366 4.71247625350952 4.71247625350952 4.71247625350952 -3.4e+38 -3.4e+38 -3.4e+38 -3.4e+38 -3.4e+38 -3.4e+38 -3.4e+38 -3.4e+38 -3.4e+38 -3.4e+38 -3.4e+38 -3.4e+38 -3.4e+38 4.58243370056152 -3.4e+38 -3.4e+38 -3.4e+38 -3.4e+38 -3.4e+38 -3.4e+38 -3.4e+38 -3.4e+38 -3.4e+38 -3.4e+38 -3.4e+38 -3.4e+38 -3.4e+38 4.40533256530762 4.39373016357422 4.38212823867798 4.37052583694458 4.35892391204834 4.34632158279419 4.33070945739746 4.31509733200073
-3.4e+38 -3.4e+38 -3.4e+38 -3.4e+38 -3.4e+38 -3.4e+38 -3.4e+38 -3.4e+38 -3.4e+38 -3.4e+38 -3.4e+38 -3.4e+38 -3.4e+38 -3.4e+38 -3.4e+38 4.71247625350952 -3.4e+38 -3.4e+38 -3.4e+38 -3.4e+38 -3.4e+38 -3.4e+38 -3.4e+38 -3.4e+38 -3.4e+38 4.63664531707764 4.62647724151611 4.61671257019043 4.60732793807983 4.59712600708008 4.5844898223877 -3.4e+38 -3.4e+38 -3.4e+38 -3.4e+38 -3.4e+38 -3.4e+38 -3.4e+38 4.48340082168579 -3.4e+38 -3.4e+38 -3.4e+38 4.43840074539185 4.42745399475098 4.41650676727295 4.40556001663208 4.39461326599121 4.38366603851318 4.37271928787231 4.36083507537842 4.34613084793091 4.33142614364624
-3.4e+38 -3.4e+38 -3.4e+38 -3.4e+38 -3.4e+38 -3.4e+38 -3.4e+38 -3.4e+38 -3.4e+38 -3.4e+38 -3.4e+38 -3.4e+38 -3.4e+38 -3.4e+38 -3.4e+38 -3.4e+38 -3.4e+38 -3.4e+38 -3.4e+38 -3.4e+38 -3.4e+38 -3.4e+38 4.66681957244873 4.65525388717651 4.64446878433228 4.6343879699707 4.62494421005249 4.61607933044434 4.607741355896 4.59853315353394 -3.4e+38 -3.4e+38 -3.4e+38 -3.4e+38 -3.4e+38 -3.4e+38 -3.4e+38 4.50263595581055 4.49064874649048 4.47914028167725 -3.4e+38 4.45855665206909 4.44826507568359 4.43797302246094 4.42768144607544 4.41738986968994 4.40709829330444 4.39680624008179 4.38651466369629 4.3753490447998 4.36155223846436 4.34775543212891
-3.4e+38 -3.4e+38 -3.4e+38 -3.4e+38 -3.4e+38 -3.4e+38 -3.4e+38 -3.4e+38 -3.4e+38 -3.4e+38 -3.4e+38 -3.4e+38 -3.4e+38 -3.4e+38 -3.4e+38 -3.4e+38 -3.4e+38 -3.4e+38 -3.4e+38 -3.4e+38 -3.4e+38 4.6760311126709 4.66325902938843 4.65176963806152 4.64137935638428 4.6319375038147 4.62332010269165 4.61542320251465 4.60816049575806 4.59994029998779 4.58860206604004 -3.4e+38 -3.4e+38 -3.4e+38 -3.4e+38 4.53191089630127 4.52057266235352 4.50923442840576 4.49789619445801 4.48703861236572 -3.4e+38 4.46776533126831 4.45812892913818 4.44849252700806 4.43885612487793 4.4292197227478 4.41958284378052 4.40994644165039 4.40031003952026 4.38986253738403 4.3769736289978 4.36408472061157
-3.4e+38 -3.4e+38 -3.4e+38 -3.4e+38 -3.4e+38 -3.4e+38 -3.4e+38 -3.4e+38 -3.4e+38 -3.4e+38 -3.4e+38 -3.4e+38 -3.4e+38 -3.4e+38 -3.4e+38 -3.4e+38 -3.4e+38 -3.4e+38 -3.4e+38 -3.4e+38 -3.4e+38 -3.4e+38 4.65899515151978 4.64773988723755 4.63791656494141 4.62926816940308 4.62159633636475 4.61474370956421 4.60858583450317 4.60134744644165 4.59065818786621 4.57996892929077 4.56927967071533 -3.4e+38 -3.4e+38 -3.4e+38 4.52652263641357 4.51583337783813 4.5051441192627 4.4949369430542 4.48595571517944 4.47697448730469 4.46799325942993 -3.4e+38 4.45003032684326 4.44104909896851 4.43206787109375 4.42308664321899 4.41410541534424 4.40437602996826 4.39239501953125 4.38041353225708
-3.4e+38 -3.4e+38 -3.4e+38 -3.4e+38 -3.4e+38 -3.4e+38 -3.4e+38 -3.4e+38 -3.4e+38 -3.4e+38 -3.4e+38 -3.4e+38 -3.4e+38 -3.4e+38 -3.4e+38 -3.4e+38 -3.4e+38 -3.4e+38 -3.4e+38 -3.4e+38 -3.4e+38 -3.4e+38 -3.4e+38 4.63791990280151 4.63400840759277 4.62634944915771 4.61976289749146 4.61403846740723 4.60901689529419 4.60275459289551 4.59271430969238 -3.4e+38 -3.4e+38 -3.4e+38 4.55255317687988 4.54251289367676 -3.4e+38 -3.4e+38 4.51239156723022 4.50283527374268 4.49450922012329 4.48618316650391 4.47785711288452 4.46953105926514 4.46120500564575 4.45287895202637 4.44455289840698 4.4362268447876 4.42790079116821 4.41888999938965 4.4078164100647 4.39674282073975
-3.4e+38 -3.4e+38 -3.4e+38 -3.4e+38 -3.4e+38 -3.4e+38 -3.4e+38 -3.4e+38 -3.4e+38 -3.4e+38 -3.4e+38 -3.4e+38 -3.4e+38 -3.4e+38 -3.4e+38 -3.4e+38 -3.4e+38 -3.4e+38 -3.4e+38 -3.4e+38 -3.4e+38 -3.4e+38 -3.4e+38 4.63204669952393 4.629563331604 4.62314414978027 4.61780977249146 4.61330652236938 4.60945415496826 4.60416173934937 4.59477043151855 4.58537912368774 4.57598781585693 4.56659650802612 4.55720472335815 4.54781341552734 4.53842210769653 -3.4e+38 4.51963949203491 4.51073360443115 4.50306272506714 4.49539184570312 4.48772144317627 4.48005056381226 4.47237968444824 4.46470880508423 4.45703792572021 4.4493670463562 4.44169616699219 4.43340349197388 4.42323780059814 4.41307210922241
