R_scripts/int_process_data/Bio_15.asc
NCOLS 281 
NROWS 576 
XLLCORNER 81175.2677831308 
YLLCORNER 88.2293212990044 
CELLSIZE 1000 
NODATA_value -3.4e+38 
[rows 230 to 252 of 576, columns 156 to 207 of 281]
61.4520721435547 61.5162200927734 61.5803642272949 61.6445121765137 61.7686729431152 61.9004859924316 62.032299041748 62.1641120910645 62.2959213256836 62.427734375 62.5595474243164 62.6913604736328 62.8231735229492 62.9549827575684 62.950855255127 62.9234848022461 62.896110534668 62.8687400817871 62.8413696289062 62.8139991760254 62.7866249084473 62.7592544555664 62.7318840026855 62.7045135498047 62.6809616088867 62.6582412719727 62.6355209350586 62.6128044128418 62.5900840759277 62.5673637390137 62.5446434020996 62.5219268798828 62.4992065429688 62.4764862060547 62.474048614502 62.4770584106445 62.4800720214844 62.4830856323242 62.4860954284668 62.4891090393066 62.4921226501465 62.4951362609863 62.4981460571289 62.5011596679688 62.499698638916 62.4967880249023 62.4938774108887 62.490966796875 62.4880561828613 62.4851417541504 62.4822311401367 62.479320526123
61.6688346862793 61.7354507446289 61.8020629882812 61.8686752319336 61.9990653991699 62.1375846862793 62.2761039733887 62.414623260498 62.5531425476074 62.6916618347168 62.8301811218262 62.9687004089355 63.1072196960449 63.245735168457 63.2364463806152 63.2018852233887 63.1673278808594 63.1327667236328 63.0982055664062 63.0636444091797 63.0290832519531 62.9945220947266 62.9599609375 62.9253997802734 62.8969993591309 62.8699417114258 62.8428840637207 62.8158264160156 62.7887687683105 62.7617111206055 62.7346534729004 62.707592010498 62.680534362793 62.6534767150879 62.6463394165039 62.6445541381836 62.6427726745605 62.6409873962402 62.6392059326172 62.6374206542969 62.6356391906738 62.6338539123535 62.6320724487305 62.6302871704102 62.6298713684082 62.6298980712891 62.6299209594727 62.6299476623535 62.6299743652344 62.629997253418 62.6300239562988 62.6300506591797
61.8855972290039 61.9546813964844 62.0237617492676 62.0928421020508 62.2294578552246 62.374683380127 62.5199089050293 62.6651344299316 62.810359954834 62.9555854797363 63.1008110046387 63.2460403442383 63.3912658691406 63.536491394043 63.5220413208008 63.4802894592285 63.4385414123535 63.3967895507812 63.3550415039062 63.313289642334 63.271541595459 63.2297897338867 63.1880416870117 63.1462898254395 63.1130409240723 63.0816421508789 63.0502471923828 63.0188484191895 62.9874534606934 62.9560546875 62.9246597290039 62.8932609558105 62.8618659973145 62.8304672241211 62.8186302185059 62.8120498657227 62.8054695129395 62.7988929748535 62.7923126220703 62.7857322692871 62.7791557312012 62.772575378418 62.7659950256348 62.7594146728516 62.7600440979004 62.7630043029785 62.7659683227539 62.768928527832 62.7718925476074 62.7748527526855 62.7778167724609 62.7807769775391
62.0547790527344 62.1256332397461 62.1964874267578 62.2673377990723 62.4056549072266 62.5525703430176 62.6994857788086 62.8463973999023 62.9933128356934 63.1402282714844 63.2871437072754 63.4340591430664 63.5809745788574 63.7278900146484 63.7084999084473 63.6606788635254 63.6128616333008 63.5650405883789 63.517219543457 63.4693984985352 63.4215774536133 63.3737564086914 63.3259353637695 63.2781143188477 63.2401580810547 63.2043533325195 63.1685485839844 63.1327438354492 63.0969352722168 63.0611305236816 63.0253257751465 62.9895172119141 62.9537124633789 62.9179077148438 62.9030609130859 62.8938522338867 62.8846435546875 62.875431060791 62.8662223815918 62.8570137023926 62.8478050231934 62.8385925292969 62.8293838500977 62.8201751708984 62.8207664489746 62.8245391845703 62.8283081054688 62.8320770263672 62.8358497619629 62.8396186828613 62.8433876037598 62.8471603393555
62.1601448059082 62.2318344116211 62.303524017334 62.3752174377441 62.5091552734375 62.6510314941406 62.7929039001465 62.9347801208496 63.0766525268555 63.2185287475586 63.3604011535645 63.5022773742676 63.6441497802734 63.7860260009766 63.7619972229004 63.7096061706543 63.6572151184082 63.6048240661621 63.552433013916 63.5000457763672 63.4476547241211 63.395263671875 63.3428726196289 63.2904815673828 63.2480087280273 63.2077026367188 63.1673927307129 63.127082824707 63.0867767333984 63.0464668273926 63.0061569213867 62.9658508300781 62.9255409240723 62.8852310180664 62.8696479797363 62.8607139587402 62.8517799377441 62.8428421020508 62.8339080810547 62.8249740600586 62.8160362243652 62.8071022033691 62.798168182373 62.7892303466797 62.7883453369141 62.7900657653809 62.7917900085449 62.793514251709 62.7952346801758 62.7969589233398 62.7986793518066 62.8004035949707
62.2655067443848 62.3380355834961 62.4105644226074 62.4830932617188 62.6126594543457 62.7494926452637 62.8863258361816 63.0231590270996 63.1599922180176 63.2968254089355 63.4336585998535 63.5704917907715 63.7073249816895 63.8441619873047 63.8154945373535 63.7585334777832 63.7015724182129 63.6446113586426 63.5876502990723 63.530689239502 63.4737281799316 63.4167671203613 63.359806060791 63.3028450012207 63.255859375 63.2110481262207 63.1662368774414 63.1214256286621 63.0766143798828 63.0318031311035 62.9869918823242 62.9421806335449 62.8973693847656 62.8525581359863 62.8362350463867 62.8275756835938 62.8189125061035 62.8102531433105 62.8015937805176 62.7929306030273 62.7842712402344 62.7756080627441 62.7669486999512 62.7582893371582 62.7559204101562 62.7555961608887 62.7552719116211 62.7549476623535 62.7546234130859 62.7542991638184 62.7539749145508 62.7536468505859
62.3708686828613 62.4442367553711 62.5176048278809 62.5909729003906 62.7161598205566 62.8479537963867 62.9797477722168 63.1115379333496 63.2433319091797 63.3751258850098 63.5069160461426 63.6387100219727 63.7705039978027 63.9022941589355 63.8689918518066 63.8074607849121 63.7459297180176 63.684398651123 63.6228675842285 63.561336517334 63.4998054504395 63.4382743835449 63.3767433166504 63.3152122497559 63.2637100219727 63.2143974304199 63.1650810241699 63.1157684326172 63.0664558410645 63.0171394348145 62.9678268432617 62.9185104370117 62.869197845459 62.819881439209 62.8028221130371 62.7944374084473 62.7860488891602 62.7776641845703 62.7692756652832 62.7608909606934 62.7525024414062 62.7441177368164 62.7357292175293 62.7273445129395 62.7234992980957 62.7211265563965 62.7187538146973 62.716381072998 62.7140083312988 62.7116394042969 62.7092666625977 62.7068939208984
62.4762306213379 62.5504379272461 62.6246452331543 62.6988525390625 62.8196640014648 62.9464149475098 63.0731658935547 63.1999206542969 63.3266716003418 63.4534225463867 63.5801734924316 63.7069282531738 63.8336791992188 63.9604301452637 63.9224891662598 63.856388092041 63.7902870178223 63.7241859436035 63.6580848693848 63.591983795166 63.5258827209473 63.4597816467285 63.3936767578125 63.3275756835938 63.2715606689453 63.2177467346191 63.1639289855957 63.1101112365723 63.0562934875488 63.0024757385254 62.948657989502 62.8948440551758 62.8410263061523 62.7872085571289 62.7694129943848 62.7612991333008 62.7531852722168 62.7450752258301 62.7369613647461 62.7288513183594 62.7207374572754 62.7126235961914 62.7045135498047 62.6963996887207 62.6910743713379 62.6866569519043 62.6822357177734 62.6778182983398 62.673397064209 62.6689758300781 62.6645584106445 62.6601371765137
62.5815925598145 62.6566390991211 62.7316818237305 62.8067283630371 62.9231643676758 63.0448760986328 63.1665878295898 63.2882995605469 63.4100112915039 63.5317230224609 63.653434753418 63.775146484375 63.8968544006348 64.0185699462891 63.9759864807129 63.9053153991699 63.834644317627 63.763973236084 63.6932983398438 63.6226272583008 63.5519561767578 63.4812850952148 63.4106140136719 63.3399429321289 63.279411315918 63.2210922241211 63.1627731323242 63.1044540405273 63.0461349487305 62.9878120422363 62.9294929504395 62.8711738586426 62.8128547668457 62.7545356750488 62.7360000610352 62.7281608581543 62.7203216552734 62.7124862670898 62.704647064209 62.6968078613281 62.6889686584473 62.6811332702637 62.6732940673828 62.665454864502 62.6586532592773 62.6521873474121 62.6457176208496 62.6392517089844 62.6327857971191 62.6263160705566 62.6198501586914 62.6133842468262
62.686954498291 62.7628402709961 62.8387222290039 62.914608001709 63.026668548584 63.1433372497559 63.260009765625 63.3766784667969 63.493350982666 63.6100196838379 63.726692199707 63.8433609008789 63.960033416748 64.0767059326172 64.0294799804688 63.9542427062988 63.8789978027344 63.8037567138672 63.728515625 63.6532745361328 63.5780334472656 63.5027923583984 63.4275512695312 63.3523063659668 63.2872619628906 63.2244415283203 63.1616172790527 63.0987968444824 63.0359725952148 62.9731483459473 62.910327911377 62.8475036621094 62.7846832275391 62.7218589782715 62.7025871276855 62.6950225830078 62.6874580383301 62.6798934936523 62.6723327636719 62.6647682189941 62.6572036743164 62.6496391296387 62.6420745849609 62.6345138549805 62.6262321472168 62.6177139282227 62.6091995239258 62.6006851196289 62.592170715332 62.5836563110352 62.5751419067383 62.5666275024414
62.7923164367676 62.8690376281738 62.9457626342773 63.0224838256836 63.1301689147949 63.2417984008789 63.3534278869629 63.4650573730469 63.5766906738281 63.6883201599121 63.7999496459961 63.9115791320801 64.0232086181641 64.1348419189453 64.0829772949219 64.0031661987305 63.9233551025391 63.8435440063477 63.7637329101562 63.6839218139648 63.6041107177734 63.5242958068848 63.4444847106934 63.364673614502 63.2951126098633 63.2277870178223 63.1604614257812 63.0931358337402 63.0258140563965 62.9584884643555 62.8911628723145 62.8238372802734 62.7565116882324 62.6891860961914 62.6691741943359 62.6618843078613 62.6545944213867 62.6473045349121 62.6400146484375 62.6327247619629 62.6254386901855 62.6181488037109 62.6108589172363 62.6035690307617 62.593807220459 62.5832443237305 62.572681427002 62.5621223449707 62.5515594482422 62.5409965515137 62.5304336547852 62.5198707580566
62.8976783752441 62.9752388000488 63.0528030395508 63.1303634643555 63.2336692810059 63.340259552002 63.446849822998 63.5534400939941 63.660026550293 63.7666168212891 63.8732070922852 63.9797973632812 64.0863876342773 64.1929779052734 64.136474609375 64.0520935058594 63.9677124023438 63.8833312988281 63.7989501953125 63.7145652770996 63.630184173584 63.5458030700684 63.4614219665527 63.3770408630371 63.3029632568359 63.2311363220215 63.159309387207 63.0874786376953 63.0156517028809 62.9438247680664 62.8719940185547 62.8001670837402 62.7283401489258 62.6565093994141 62.6357612609863 62.6287460327148 62.6217308044434 62.6147155761719 62.6077003479004 62.6006851196289 62.5936698913574 62.5866546630859 62.5796394348145 62.572624206543 62.5613861083984 62.5487747192383 62.5361671447754 62.5235557556152 62.5109443664551 62.4983367919922 62.485725402832 62.4731178283691
63.0030403137207 63.0814399719238 63.159839630127 63.2382431030273 63.3371734619141 63.438720703125 63.5402717590332 63.6418190002441 63.7433662414551 63.8449172973633 63.9464645385742 64.0480117797852 64.1495590209961 64.2511138916016 64.1899719238281 64.1010208129883 64.0120697021484 63.9231185913086 63.8341636657715 63.7452125549316 63.6562614440918 63.567310333252 63.4783554077148 63.389404296875 63.3108139038086 63.2344856262207 63.1581535339355 63.0818214416504 63.0054893493652 62.9291610717773 62.8528289794922 62.776496887207 62.7001686096191 62.623836517334 62.6023483276367 62.5956077575684 62.5888671875 62.5821266174316 62.5753860473633 62.5686454772949 62.5619049072266 62.5551643371582 62.5484199523926 62.5416793823242 62.5289611816406 62.5143051147461 62.4996490478516 62.4849891662598 62.4703330993652 62.4556770324707 62.4410171508789 62.4263610839844
63.0350036621094 63.1101226806641 63.185245513916 63.2603645324707 63.3507347106934 63.4430503845215 63.5353660583496 63.6276779174805 63.7199935913086 63.8123092651367 63.9046249389648 63.996940612793 64.0892562866211 64.1815719604492 64.1154708862305 64.0222854614258 63.9291000366211 63.8359146118164 63.7427291870117 63.649543762207 63.5563583374023 63.4631767272949 63.3699913024902 63.2768058776855 63.1962394714355 63.1184272766113 63.0406150817871 62.9627990722656 62.8849868774414 62.8071746826172 62.7293586730957 62.6515464782715 62.5737342834473 62.4959182739258 62.4737510681152 62.4665412902832 62.4593353271484 62.4521293640137 62.4449195861816 62.4377136230469 62.4305076599121 62.4232978820801 62.4160919189453 62.4088859558105 62.3949813842773 62.37890625 62.3628311157227 62.3467559814453 62.330680847168 62.3146057128906 62.2985305786133 62.2824592590332
62.9541549682617 63.019660949707 63.0851707458496 63.1506805419922 63.2260589599609 63.3026962280273 63.3793334960938 63.4559707641602 63.5326042175293 63.6092414855957 63.6858787536621 63.7625160217285 63.8391532897949 63.9157905578613 63.8442268371582 63.7473297119141 63.6504287719727 63.5535316467285 63.4566307067871 63.359733581543 63.2628326416016 63.1659355163574 63.069034576416 62.9721336364746 62.8935012817383 62.81884765625 62.7441940307617 62.6695404052734 62.5948829650879 62.5202293395996 62.4455757141113 62.370922088623 62.2962684631348 62.2216148376465 62.1988487243652 62.1900367736816 62.181224822998 62.1724128723145 62.1636009216309 62.1547889709473 62.1459770202637 62.1371650695801 62.1283531188965 62.1195411682129 62.1049041748047 62.08837890625 62.0718574523926 62.0553321838379 62.0388069152832 62.0222854614258 62.0057601928711 61.9892387390137
62.8733024597168 62.9292030334473 62.9850997924805 63.0409965515137 63.1013832092285 63.1623420715332 63.2233009338379 63.2842597961426 63.34521484375 63.4061737060547 63.4671325683594 63.5280914306641 63.5890502929688 63.6500091552734 63.5729866027832 63.4723739624023 63.3717613220215 63.2711448669434 63.1705322265625 63.0699195861816 62.9693069458008 62.8686943054199 62.7680778503418 62.6674652099609 62.5907592773438 62.5192642211914 62.4477729797363 62.376277923584 62.3047828674316 62.2332878112793 62.161792755127 62.0902976989746 62.0188064575195 61.9473114013672 61.9239501953125 61.9135322570801 61.9031181335449 61.8927001953125 61.8822822570801 61.8718643188477 61.8614463806152 61.8510322570801 61.8406143188477 61.8301963806152 61.814826965332 61.7978553771973 61.7808837890625 61.7639083862305 61.7469367980957 61.7299613952637 61.7129898071289 61.6960144042969
62.7924537658691 62.8387413024902 62.8850250244141 62.9313125610352 62.9767074584961 63.0219879150391 63.067268371582 63.112548828125 63.157829284668 63.2031097412109 63.2483863830566 63.2936668395996 63.3389472961426 63.3842277526855 63.3017463684082 63.1974182128906 63.093090057373 62.9887619018555 62.8844337463379 62.7801055908203 62.6757774353027 62.5714530944824 62.4671249389648 62.3627967834473 62.2880210876465 62.2196846008301 62.1513519287109 62.0830154418945 62.0146789550781 61.946346282959 61.8780097961426 61.8096771240234 61.741340637207 61.6730041503906 61.6490516662598 61.6370277404785 61.6250076293945 61.6129837036133 61.6009635925293 61.588939666748 61.5769195556641 61.5648956298828 61.5528755187988 61.5408515930176 61.5247535705566 61.5073318481445 61.4899063110352 61.472484588623 61.4550628662109 61.4376411437988 61.4202194213867 61.4027938842773
62.7116050720215 62.7482795715332 62.7849540710449 62.8216285705566 62.8520317077637 62.8816337585449 62.9112358093262 62.9408378601074 62.9704399108887 63.0000419616699 63.0296440124512 63.0592460632324 63.0888481140137 63.1184501647949 63.0305061340332 62.9224624633789 62.8144187927246 62.7063789367676 62.5983352661133 62.4902954101562 62.382251739502 62.2742118835449 62.1661682128906 62.0581245422363 61.985279083252 61.9201049804688 61.8549308776855 61.7897529602051 61.7245788574219 61.6594047546387 61.5942268371582 61.529052734375 61.4638786315918 61.3987007141113 61.3741493225098 61.360523223877 61.3468971252441 61.3332710266113 61.3196449279785 61.3060150146484 61.2923889160156 61.2787628173828 61.26513671875 61.2515106201172 61.234676361084 61.2168045043945 61.1989326477051 61.1810607910156 61.1631889343262 61.1453170776367 61.1274452209473 61.1095733642578
62.6307525634766 62.6578178405762 62.6848793029785 62.7119445800781 62.7273559570312 62.7412796020508 62.7552032470703 62.7691268920898 62.7830505371094 62.7969741821289 62.8108978271484 62.824821472168 62.8387451171875 62.852668762207 62.7592620849609 62.6475067138672 62.5357513427734 62.4239959716797 62.3122367858887 62.2004814147949 62.0887260437012 61.9769706726074 61.8652114868164 61.7534561157227 61.6825408935547 61.6205253601074 61.5585060119629 61.4964904785156 61.4344749450684 61.3724594116211 61.3104438781738 61.2484283447266 61.1864128112793 61.124397277832 61.099250793457 61.0840187072754 61.0687866210938 61.0535545349121 61.0383224487305 61.0230941772461 61.0078620910645 60.9926300048828 60.9773979187012 60.9621658325195 60.9445991516113 60.9262809753418 60.907958984375 60.8896369934082 60.8713150024414 60.8529968261719 60.8346748352051 60.8163528442383
62.5499038696289 62.5673561096191 62.5848083496094 62.6022605895996 62.6026763916016 62.6009254455566 62.5991706848145 62.5974159240723 62.5956611633301 62.5939064025879 62.5921516418457 62.5903968811035 62.5886421203613 62.5868873596191 62.4880218505859 62.3725509643555 62.257080078125 62.1416091918945 62.0261383056641 61.9106674194336 61.7952003479004 61.6797294616699 61.5642585754395 61.448787689209 61.3797988891602 61.3209419250488 61.2620849609375 61.2032318115234 61.1443748474121 61.0855178833008 61.0266609191895 60.9678039550781 60.9089469909668 60.8500938415527 60.8243522644043 60.8075141906738 60.7906799316406 60.7738418579102 60.7570037841797 60.7401695251465 60.723331451416 60.7064933776855 60.6896591186523 60.6728210449219 60.6545257568359 60.6357536315918 60.6169853210449 60.5982131958008 60.5794448852539 60.5606727600098 60.5419044494629 60.5231323242188
62.4690551757812 62.4768943786621 62.4847373962402 62.4925765991211 62.4780006408691 62.4605674743652 62.4431381225586 62.4257049560547 62.4082717895508 62.3908386230469 62.373405456543 62.3559722900391 62.3385429382324 62.3211097717285 62.2167816162109 62.0975952148438 61.9784126281738 61.8592262268066 61.7400398254395 61.6208572387695 61.5016708374023 61.3824882507324 61.2633018493652 61.144115447998 61.0770606994629 61.0213623046875 60.9656639099121 60.909969329834 60.8542709350586 60.7985763549805 60.7428779602051 60.687183380127 60.6314849853516 60.5757865905762 60.5494537353516 60.5310096740723 60.5125694274902 60.4941253662109 60.4756851196289 60.4572448730469 60.4388008117676 60.4203605651855 60.4019203186035 60.3834762573242 60.3644485473633 60.3452301025391 60.3260078430176 60.3067893981934 60.2875709533691 60.2683525085449 60.2491302490234 60.2299118041992
62.3882026672363 62.3864326477051 62.3846626281738 62.3828926086426 62.3533248901367 62.3202133178711 62.2871055603027 62.2539939880371 62.2208824157715 62.1877708435059 62.1546592712402 62.1215515136719 62.0884399414062 62.0553283691406 61.9455375671387 61.822639465332 61.6997413635254 61.5768432617188 61.4539413452148 61.3310432434082 61.2081451416016 61.0852470397949 60.962345123291 60.8394470214844 60.7743186950684 60.7217826843262 60.6692428588867 60.6167068481445 60.5641708374023 60.5116310119629 60.4590950012207 60.4065589904785 60.3540191650391 60.3014831542969 60.2745513916016 60.2545051574707 60.2344589233398 60.214412689209 60.1943664550781 60.1743202209473 60.1542739868164 60.1342277526855 60.1141815185547 60.0941352844238 60.0743713378906 60.0547027587891 60.0350341796875 60.0153656005859 59.9956970214844 59.9760284423828 59.9563598632812 59.9366912841797
62.3073539733887 62.295970916748 62.2845916748047 62.2732086181641 62.2286491394043 62.179859161377 62.1310729980469 62.0822830200195 62.0334930419922 61.9847030639648 61.9359169006348 61.8871269226074 61.8383369445801 61.7895469665527 61.6742973327637 61.5476837158203 61.421070098877 61.2944564819336 61.1678428649902 61.0412330627441 60.9146194458008 60.7880058288574 60.6613922119141 60.5347785949707 60.4715766906738 60.4221992492676 60.3728218078613 60.3234443664551 60.2740669250488 60.2246894836426 60.1753120422363 60.1259346008301 60.0765571594238 60.0271797180176 59.9996528625488 59.9780006408691 59.9563484191895 59.934700012207 59.9130477905273 59.8913955688477 59.869743347168 59.8480911254883 59.8264427185059 59.8047904968262 59.7842979431152 59.7641792297363 59.7440605163574 59.7239418029785 59.7038230895996 59.6837043762207 59.6635894775391 59.6434707641602
