R_scripts/int_process_data/Bio_09.asc
NCOLS 281 
NROWS 576 
XLLCORNER 81175.2677831308 
YLLCORNER 88.2293212990044 
CELLSIZE 1000 
NODATA_value -3.4e+38 
[rows 414 to 436 of 576, columns 52 to 103 of 281]
-3.4e+38 -3.4e+38 -3.4e+38 -3.4e+38 -3.4e+38 -3.4e+38 21.4619293212891 -3.4e+38 21.6409606933594 21.5670318603516 21.6018714904785 21.6353302001953 -3.4e+38 21.7695388793945 -3.4e+38 -3.4e+38 -3.4e+38 -3.4e+38 -3.4e+38 -3.4e+38 21.8625526428223 21.8821468353271 21.901741027832 21.9213352203369 21.9409313201904 21.9605255126953 21.9801197052002 22.0056896209717 22.0649795532227 22.1242713928223 22.1835613250732 22.2428512573242 22.3021430969238 22.3614330291748 22.4207248687744 22.4800148010254 22.5393047332764 22.598518371582 22.6571369171143 22.7157573699951 22.774377822876 22.8329982757568 22.8916187286377 22.9502391815186 23.0088596343994 23.0674800872803 23.1261005401611 23.1824798583984 23.2146186828613 23.2467555999756 23.2788925170898 23.3110313415527
-3.4e+38 -3.4e+38 -3.4e+38 -3.4e+38 -3.4e+38 -3.4e+38 -3.4e+38 21.4365329742432 -3.4e+38 21.5045642852783 21.5386219024658 21.5755805969238 21.6548156738281 21.6795043945312 21.698974609375 21.7147235870361 21.7277221679688 21.7409820556641 21.763952255249 21.7869243621826 21.8098964691162 21.8328685760498 21.8558387756348 21.8788108825684 21.901782989502 21.9247550964355 21.9477272033691 21.9762344360352 22.0359916687012 22.0957489013672 22.1555061340332 22.2152633666992 22.2750186920166 22.3347759246826 22.3945331573486 22.4542903900146 22.5140476226807 22.5738658905029 22.6341552734375 22.6944446563721 22.754732131958 22.8150215148926 22.8753108978271 22.9355983734131 22.9958877563477 23.0561771392822 23.1164646148682 23.1745223999023 23.2084541320801 23.2423858642578 23.2763175964355 23.3102474212646
-3.4e+38 -3.4e+38 -3.4e+38 -3.4e+38 -3.4e+38 -3.4e+38 -3.4e+38 21.3924674987793 -3.4e+38 21.4386463165283 21.469482421875 21.5016288757324 21.5690841674805 21.5988616943359 21.6233043670654 21.6437301635742 21.6610527038574 21.6781940460205 21.7045421600342 21.7308921813965 21.7572402954102 21.7835884094238 21.8099384307861 21.8362865447998 21.8626365661621 21.8889846801758 21.9153327941895 21.9467811584473 22.0070037841797 22.0672264099121 22.1274509429932 22.1876735687256 22.247896194458 22.3081188201904 22.3683433532715 22.4285659790039 22.4887886047363 22.5492153167725 22.6111717224121 22.6731300354004 22.73508644104 22.7970447540283 22.859001159668 22.9209575653076 22.9829158782959 23.0448722839355 23.1068286895752 23.1665668487549 23.2022914886475 23.23801612854 23.2737407684326 23.3094654083252
-3.4e+38 -3.4e+38 -3.4e+38 -3.4e+38 -3.4e+38 -3.4e+38 -3.4e+38 -3.4e+38 -3.4e+38 21.3451461791992 21.4091167449951 21.4377880096436 21.4950180053711 21.5262126922607 21.5527591705322 21.5756225585938 21.5955219268799 21.615406036377 21.6451320648193 21.6748580932617 21.7045841217041 21.7343101501465 21.7640361785889 21.7937622070312 21.8234882354736 21.853214263916 21.8829402923584 21.9173278808594 21.9780158996582 22.0387058258057 22.0993938446045 22.160083770752 22.2207736968994 22.2814617156982 22.3421516418457 22.4028415679932 22.463529586792 22.524564743042 22.5881900787354 22.6518154144287 22.7154407501221 22.7790660858154 22.8426914215088 22.9063167572021 22.9699420928955 23.0335674285889 23.0971927642822 23.1586093902588 23.1961269378662 23.2336463928223 23.2711639404297 23.3086833953857
-3.4e+38 -3.4e+38 -3.4e+38 -3.4e+38 -3.4e+38 -3.4e+38 -3.4e+38 -3.4e+38 21.3181781768799 21.313362121582 21.3487453460693 21.3831424713135 21.4303874969482 21.4604244232178 21.4868316650391 21.5102272033691 21.5311012268066 21.5526180267334 21.5857219696045 21.6188259124756 21.651927947998 21.6850318908691 21.7181339263916 21.7512378692627 21.7843418121338 21.8174438476562 21.8505477905273 21.8878726959229 21.9490280151367 22.0101833343506 22.0713386535645 22.1324939727783 22.1936492919922 22.2548046112061 22.3159599304199 22.3771152496338 22.4382705688477 22.4999141693115 22.56520652771 22.630500793457 22.6957950592041 22.7610893249512 22.8263816833496 22.8916759490967 22.9569702148438 23.0222644805908 23.0875568389893 23.1506519317627 23.1899642944336 23.2292766571045 23.2685890197754 23.3078994750977
-3.4e+38 -3.4e+38 -3.4e+38 -3.4e+38 -3.4e+38 -3.4e+38 -3.4e+38 -3.4e+38 -3.4e+38 21.2721672058105 21.3098812103271 21.3434410095215 21.3734970092773 21.4005699157715 21.425085067749 21.4473857879639 21.4677619934082 21.4898319244385 21.5263118743896 21.5627918243408 21.599271774292 21.6357536315918 21.672233581543 21.7087135314941 21.7451934814453 21.7816734313965 21.8181552886963 21.858419418335 21.9200401306152 21.9816627502441 22.0432834625244 22.1049060821533 22.1665267944336 22.2281475067139 22.2897701263428 22.351390838623 22.413013458252 22.4752616882324 22.5422248840332 22.6091861724854 22.6761493682861 22.7431106567383 22.8100738525391 22.8770351409912 22.943998336792 23.0109596252441 23.0779209136963 23.1426963806152 23.183801651001 23.2249069213867 23.2660121917725 23.3071174621582
-3.4e+38 -3.4e+38 -3.4e+38 -3.4e+38 -3.4e+38 -3.4e+38 -3.4e+38 -3.4e+38 -3.4e+38 21.2429008483887 21.2717781066895 21.2984066009521 21.323034286499 21.3458805084229 21.3671340942383 21.3869514465332 21.4054775238037 21.4270439147949 21.4669017791748 21.5067596435547 21.5466156005859 21.5864734649658 21.6263313293457 21.6661891937256 21.7060470581055 21.7459030151367 21.7857608795166 21.8289642333984 21.8910522460938 21.9531402587891 22.0152282714844 22.0773162841797 22.139404296875 22.2014904022217 22.263578414917 22.3256664276123 22.3877544403076 22.450611114502 22.5192413330078 22.5878715515137 22.6565036773682 22.725133895874 22.7937641143799 22.8623943328857 22.9310245513916 22.9996547698975 23.068286895752 23.1347389221191 23.1776371002197 23.2205371856689 23.2634353637695 23.3063354492188
-3.4e+38 -3.4e+38 -3.4e+38 -3.4e+38 -3.4e+38 -3.4e+38 -3.4e+38 -3.4e+38 -3.4e+38 21.2191162109375 21.2397403717041 21.2593326568604 21.2779693603516 21.2957172393799 21.3126373291016 21.3287887573242 21.3442230224609 21.3642559051514 21.40749168396 21.4507255554199 21.4939613342285 21.5371952056885 21.5804290771484 21.623664855957 21.666898727417 21.7101345062256 21.7533683776855 21.7995109558105 21.8620643615723 21.924617767334 21.9871730804443 22.0497264862061 22.1122798919678 22.1748332977295 22.2373886108398 22.2999420166016 22.3624954223633 22.4259605407715 22.4962596893311 22.5665588378906 22.6368560791016 22.7071552276611 22.7774543762207 22.8477535247803 22.9180526733398 22.9883518218994 23.058650970459 23.126781463623 23.1714744567871 23.2161674499512 23.2608585357666 23.3055515289307
-3.4e+38 -3.4e+38 -3.4e+38 -3.4e+38 -3.4e+38 -3.4e+38 -3.4e+38 -3.4e+38 -3.4e+38 21.1994037628174 21.212423324585 21.2251110076904 21.2374782562256 21.2495365142822 21.2612972259521 21.2727718353271 21.283971786499 21.3014698028564 21.3480815887451 21.3946933746338 21.4413051605225 21.4879169464111 21.5345287322998 21.5811405181885 21.6277523040771 21.6743640899658 21.7209758758545 21.7700576782227 21.8330764770508 21.8960971832275 21.9591178894043 22.0221366882324 22.0851573944092 22.1481781005859 22.2111968994141 22.2742176055908 22.3372364044189 22.401309967041 22.4732761383057 22.5452442169189 22.6172103881836 22.6891784667969 22.7611446380615 22.8331127166748 22.9050788879395 22.9770469665527 23.049015045166 23.1188259124756 23.1653118133545 23.2117977142334 23.2582836151123 23.3047695159912
-3.4e+38 -3.4e+38 -3.4e+38 -3.4e+38 -3.4e+38 -3.4e+38 -3.4e+38 -3.4e+38 -3.4e+38 -3.4e+38 21.1888580322266 21.1948909759521 21.2009010314941 21.2068862915039 21.2128467559814 21.2187843322754 21.2246990203857 21.2386817932129 21.2886714935303 21.338659286499 21.3886489868164 21.4386367797852 21.4886264801025 21.5386161804199 21.5886039733887 21.6385936737061 21.6885814666748 21.7406024932861 21.8040885925293 21.8675746917725 21.9310607910156 21.9945468902588 22.058032989502 22.1215209960938 22.1850070953369 22.2484931945801 22.3119792938232 22.3766574859619 22.4502944946289 22.5239295959473 22.5975646972656 22.671199798584 22.744836807251 22.8184719085693 22.8921070098877 22.9657421112061 23.039379119873 23.1108684539795 23.1591472625732 23.2074279785156 23.2557067871094 23.3039875030518
-3.4e+38 -3.4e+38 -3.4e+38 -3.4e+38 -3.4e+38 -3.4e+38 -3.4e+38 -3.4e+38 -3.4e+38 -3.4e+38 21.2067813873291 21.2102661132812 21.2137508392334 21.2172355651855 21.2207202911377 21.2242050170898 21.227689743042 21.2398242950439 21.2904510498047 21.3410797119141 21.3917083740234 21.4423370361328 21.4929637908936 21.5435924530029 21.5942211151123 21.6448497772217 21.6954784393311 21.7480087280273 21.8112850189209 21.8745632171631 21.9378395080566 22.0011157989502 22.0643920898438 22.1276683807373 22.1909446716309 22.2542209625244 22.317497253418 22.3817768096924 22.4535980224609 22.5254173278809 22.5972385406494 22.6690578460693 22.7408790588379 22.8126983642578 22.8845195770264 22.9563388824463 23.0281600952148 23.0981483459473 23.1483306884766 23.1985111236572 23.2486934661865 23.2988739013672
-3.4e+38 -3.4e+38 -3.4e+38 -3.4e+38 -3.4e+38 -3.4e+38 -3.4e+38 -3.4e+38 -3.4e+38 -3.4e+38 21.2345294952393 21.2364406585693 21.2383518218994 21.2402629852295 21.2421741485596 21.2440853118896 21.2459964752197 21.2568378448486 21.3074264526367 21.3580131530762 21.4086017608643 21.4591884613037 21.5097770690918 21.5603637695312 21.6109523773193 21.6615390777588 21.7121276855469 21.7645683288574 21.8274669647217 21.8903656005859 21.9532642364502 22.0161628723145 22.0790615081787 22.141960144043 22.2048587799072 22.2677574157715 22.3306560516357 22.3942890167236 22.4634284973145 22.5325679779053 22.6017074584961 22.6708488464355 22.7399883270264 22.8091278076172 22.8782691955566 22.9474086761475 23.0165481567383 23.0842475891113 23.1363563537598 23.1884670257568 23.2405757904053 23.2926864624023
-3.4e+38 -3.4e+38 -3.4e+38 -3.4e+38 -3.4e+38 -3.4e+38 -3.4e+38 -3.4e+38 -3.4e+38 -3.4e+38 21.2622776031494 21.2626152038574 21.2629528045654 21.2632904052734 21.2636280059814 21.2639656066895 21.2643032073975 21.273853302002 21.3243999481201 21.3749465942383 21.4254951477051 21.4760417938232 21.5265884399414 21.5771369934082 21.6276836395264 21.6782302856445 21.7287788391113 21.7811279296875 21.8436489105225 21.9061698913574 21.9686908721924 22.0312118530273 22.0937328338623 22.1562519073486 22.2187728881836 22.2812938690186 22.3438148498535 22.4067993164062 22.473258972168 22.5397186279297 22.6061782836914 22.6726379394531 22.7390975952148 22.8055572509766 22.8720169067383 22.9384765625 23.0049362182617 23.0703449249268 23.1243839263916 23.1784210205078 23.2324600219727 23.2864990234375
-3.4e+38 -3.4e+38 -3.4e+38 -3.4e+38 -3.4e+38 -3.4e+38 -3.4e+38 -3.4e+38 -3.4e+38 -3.4e+38 21.2900276184082 21.2887916564941 21.2875537872314 21.2863178253174 21.2850818634033 21.2838459014893 21.2826099395752 21.2908668518066 21.3413734436035 21.3918800354004 21.4423885345459 21.4928951263428 21.5434017181396 21.5939083099365 21.6444149017334 21.6949214935303 21.7454280853271 21.7976875305176 21.8598289489746 21.9219722747803 21.9841156005859 22.0462589263916 22.1084022521973 22.1705455780029 22.2326889038086 22.2948322296143 22.3569755554199 22.4193096160889 22.4830894470215 22.5468692779541 22.6106491088867 22.6744270324707 22.7382068634033 22.8019866943359 22.8657665252686 22.9295463562012 22.9933242797852 23.0564441680908 23.1124095916748 23.1683769226074 23.22434425354 23.2803115844727
-3.4e+38 -3.4e+38 -3.4e+38 -3.4e+38 -3.4e+38 -3.4e+38 -3.4e+38 -3.4e+38 -3.4e+38 -3.4e+38 21.3177757263184 21.3149662017822 21.3121566772461 21.30934715271 21.3065357208252 21.3037261962891 21.3009166717529 21.30788230896 21.3583488464355 21.4088153839111 21.4592800140381 21.5097465515137 21.5602130889893 21.6106796264648 21.6611461639404 21.711612701416 21.7620792388916 21.814245223999 21.8760108947754 21.9377765655518 21.9995422363281 22.0613079071045 22.1230716705322 22.1848373413086 22.246603012085 22.3083686828613 22.3701343536377 22.4318218231201 22.492919921875 22.5540199279785 22.6151180267334 22.6762180328369 22.7373161315918 22.7984161376953 22.8595161437988 22.9206142425537 22.9817142486572 23.0425415039062 23.1004371643066 23.158332824707 23.2162284851074 23.2741222381592
-3.4e+38 -3.4e+38 -3.4e+38 -3.4e+38 -3.4e+38 -3.4e+38 -3.4e+38 -3.4e+38 -3.4e+38 -3.4e+38 21.3455238342285 21.3411407470703 21.3367576599121 21.3323745727539 21.3279914855957 21.3236064910889 21.3192234039307 21.3248977661133 21.3753223419189 21.4257488250732 21.4761734008789 21.5265998840332 21.5770263671875 21.6274509429932 21.6778774261475 21.7283039093018 21.7787284851074 21.8308048248291 21.8921928405762 21.9535808563232 22.0149669647217 22.0763549804688 22.1377429962158 22.1991310119629 22.26051902771 22.3219051361084 22.3832931518555 22.4443321228027 22.5027503967285 22.5611705780029 22.6195888519287 22.6780071258545 22.7364273071289 22.7948455810547 22.8532638549805 22.9116840362549 22.9701023101807 23.0286407470703 23.0884628295898 23.148286819458 23.2081108093262 23.2679347991943
-3.4e+38 -3.4e+38 -3.4e+38 -3.4e+38 -3.4e+38 -3.4e+38 -3.4e+38 -3.4e+38 -3.4e+38 -3.4e+38 21.3732719421387 21.3673152923584 21.3613586425781 21.3554019927979 21.3494453430176 21.3434886932373 21.3375301361084 21.341911315918 21.392297744751 21.4426822662354 21.4930667877197 21.5434532165527 21.5938377380371 21.6442241668701 21.6946086883545 21.7449932098389 21.7953796386719 21.8473644256592 21.9083728790283 21.9693832397461 22.0303936004639 22.0914039611816 22.1524124145508 22.2134227752686 22.2744331359863 22.3354434967041 22.3964519500732 22.4568424224854 22.512580871582 22.5683193206787 22.624059677124 22.6797981262207 22.7355365753174 22.7912750244141 22.8470134735107 22.9027519226074 22.9584903717041 23.0147380828857 23.0764904022217 23.1382427215576 23.1999950408936 23.2617473602295
-3.4e+38 -3.4e+38 -3.4e+38 -3.4e+38 -3.4e+38 -3.4e+38 -3.4e+38 -3.4e+38 -3.4e+38 -3.4e+38 -3.4e+38 21.3934917449951 21.3859596252441 21.3784294128418 21.3708992004395 21.3633689880371 21.3558387756348 21.3589267730713 21.4092712402344 21.4596157073975 21.5099601745605 21.5603046417236 21.6106510162354 21.6609954833984 21.7113399505615 21.7616844177246 21.8120288848877 21.8639221191406 21.9245548248291 21.9851875305176 22.0458183288574 22.1064510345459 22.1670837402344 22.2277164459229 22.2883472442627 22.3489799499512 22.4096126556396 22.4693546295166 22.5224113464355 22.5754699707031 22.6285285949707 22.6815872192383 22.7346458435059 22.7877044677734 22.840763092041 22.89381980896 22.9468784332275 23.0008354187012 23.0645179748535 23.1281986236572 23.1918792724609 23.2555599212646
-3.4e+38 -3.4e+38 -3.4e+38 -3.4e+38 -3.4e+38 -3.4e+38 -3.4e+38 -3.4e+38 -3.4e+38 -3.4e+38 -3.4e+38 21.4196662902832 21.4105625152588 21.4014568328857 21.3923530578613 21.3832492828369 21.3741455078125 21.375940322876 21.4262447357178 21.4765491485596 21.5268535614014 21.5771579742432 21.627462387085 21.6777667999268 21.7280712127686 21.7783756256104 21.8286800384521 21.8804817199707 21.9407367706299 22.0009899139404 22.0612449645996 22.1215000152588 22.1817531585693 22.2420082092285 22.3022632598877 22.3625164031982 22.4227714538574 22.4818649291992 22.5322437286377 22.5826206207275 22.632999420166 22.6833763122559 22.7337551116943 22.7841339111328 22.8345108032227 22.8848896026611 22.935266494751 22.9869346618652 23.0525436401367 23.1181526184082 23.1837635040283 23.2493724822998
-3.4e+38 -3.4e+38 -3.4e+38 -3.4e+38 -3.4e+38 -3.4e+38 -3.4e+38 -3.4e+38 -3.4e+38 -3.4e+38 -3.4e+38 21.4458408355713 21.4351634979248 21.4244861602783 21.4138069152832 21.4031295776367 21.3924522399902 21.3929557800293 21.4432201385498 21.4934825897217 21.5437469482422 21.5940113067627 21.6442737579346 21.6945381164551 21.7448024749756 21.7950668334961 21.845329284668 21.8970413208008 21.956916809082 22.0167942047119 22.0766716003418 22.136547088623 22.1964244842529 22.2562999725342 22.3161773681641 22.3760547637939 22.4359302520752 22.4943752288818 22.5420742034912 22.589771270752 22.6374683380127 22.6851673126221 22.7328643798828 22.7805633544922 22.8282604217529 22.8759574890137 22.923656463623 22.9730319976807 23.0405712127686 23.1081085205078 23.1756458282471 23.243185043335
-3.4e+38 -3.4e+38 -3.4e+38 -3.4e+38 -3.4e+38 -3.4e+38 -3.4e+38 -3.4e+38 -3.4e+38 -3.4e+38 -3.4e+38 21.4499683380127 21.4389400482178 21.4280853271484 21.4174003601074 21.4068813323975 21.3965225219727 21.3974723815918 21.4481010437012 21.4987297058105 21.5493602752686 21.5999889373779 21.6506195068359 21.7012481689453 21.7518787384033 21.8025074005127 21.8531360626221 21.9051666259766 21.9650955200195 22.0250244140625 22.0849552154541 22.1448841094971 22.20481300354 22.2647438049316 22.3246726989746 22.3846015930176 22.4445323944092 22.5030746459961 22.5512142181396 22.5993537902832 22.6474914550781 22.6956310272217 22.7437705993652 22.7919082641602 22.8400478363037 22.8881874084473 22.9363269805908 22.9860248565674 23.0525856018066 23.1191482543945 23.1857089996338 23.2522716522217
-3.4e+38 -3.4e+38 -3.4e+38 -3.4e+38 -3.4e+38 -3.4e+38 -3.4e+38 -3.4e+38 -3.4e+38 -3.4e+38 -3.4e+38 21.4471530914307 21.4361991882324 21.4256591796875 21.4155101776123 21.4057273864746 21.3962936401367 21.39821434021 21.449333190918 21.5004501342773 21.5515689849854 21.6026859283447 21.6538028717041 21.7049217224121 21.7560386657715 21.8071575164795 21.8582744598389 21.9107456207275 21.9708576202393 22.030969619751 22.0910835266113 22.151195526123 22.2113075256348 22.2714195251465 22.3315315246582 22.3916435241699 22.4517555236816 22.5106239318848 22.5601463317871 22.6096687316895 22.6591911315918 22.7087135314941 22.7582359313965 22.8077583312988 22.8572807312012 22.9068031311035 22.9563255310059 23.0071334838867 23.0718421936035 23.1365509033203 23.2012596130371 23.2659664154053
-3.4e+38 -3.4e+38 -3.4e+38 -3.4e+38 -3.4e+38 -3.4e+38 -3.4e+38 -3.4e+38 -3.4e+38 -3.4e+38 -3.4e+38 21.4439506530762 21.4331569671631 21.4230289459229 21.4135036468506 21.4045295715332 21.3960609436035 21.3989582061768 21.4505653381348 21.5021705627441 21.5537757873535 21.6053829193115 21.6569881439209 21.7085933685303 21.7602005004883 21.8118057250977 21.863410949707 21.9163265228271 21.9766216278076 22.0369148254395 22.0972099304199 22.1575050354004 22.2178001403809 22.2780952453613 22.3383903503418 22.3986854553223 22.4589805603027 22.5181713104248 22.5690784454346 22.6199836730957 22.6708908081055 22.7217960357666 22.7727012634277 22.8236083984375 22.8745136260986 22.9254207611084 22.9763259887695 23.0282440185547 23.0910987854004 23.1539535522461 23.2168083190918 23.2796630859375
