R_scripts/int_process_data/Bio_05_2001.2020.asc
NCOLS 281 
NROWS 577 
XLLCORNER 81175.2677831308 
YLLCORNER -911.770678700996 
CELLSIZE 1000 
NODATA_value -3.4e+38 
[rows 184 to 206 of 577, columns 52 to 103 of 281]
-3.4e+38 -3.4e+38 -3.4e+38 -3.4e+38 -3.4e+38 -3.4e+38 -3.4e+38 -3.4e+38 -3.4e+38 -3.4e+38 -3.4e+38 297.707641601562 297.977478027344 298.229675292969 298.473785400391 298.6484375 298.802856445312 298.953094482422 299.109130859375 299.258483886719 299.413024902344 299.56396484375 299.71728515625 299.861114501953 300.005889892578 300.157531738281 300.310607910156 300.465240478516 300.616638183594 300.770599365234 300.919403076172 301.071533203125 301.212310791016 301.360931396484 301.513580322266 301.660705566406 301.730804443359 301.754852294922 301.776947021484 301.791076660156 301.816192626953 301.842193603516 301.864166259766 301.889099121094 301.915130615234 301.942413330078 301.976776123047 302.024322509766 302.077880859375 302.125549316406 302.173004150391 302.227111816406
-3.4e+38 -3.4e+38 -3.4e+38 -3.4e+38 -3.4e+38 -3.4e+38 -3.4e+38 -3.4e+38 -3.4e+38 -3.4e+38 297.484741210938 297.713714599609 297.980255126953 298.238891601562 298.488983154297 298.66259765625 298.8173828125 298.968017578125 299.123931884766 299.273895263672 299.428924560547 299.579254150391 299.733489990234 299.878540039062 300.022857666016 300.173980712891 300.325805664062 300.4794921875 300.631988525391 300.786468505859 300.93505859375 301.087158203125 301.230041503906 301.381134033203 301.531005859375 301.675659179688 301.745758056641 301.768218994141 301.791259765625 301.807525634766 301.8291015625 301.8544921875 301.875274658203 301.898742675781 301.925872802734 301.956390380859 301.993255615234 302.0390625 302.084289550781 302.12939453125 302.161987304688 302.19140625
-3.4e+38 -3.4e+38 -3.4e+38 -3.4e+38 -3.4e+38 -3.4e+38 -3.4e+38 -3.4e+38 -3.4e+38 -3.4e+38 297.490081787109 297.716247558594 297.988250732422 298.253143310547 298.504425048828 298.676788330078 298.831512451172 298.982635498047 299.138671875 299.2890625 299.444427490234 299.594696044922 299.749359130859 299.895050048828 300.039031982422 300.189788818359 300.341949462891 300.495391845703 300.647521972656 300.802520751953 300.951812744141 301.105010986328 301.248840332031 301.398284912109 301.547271728516 301.692047119141 301.763702392578 301.785186767578 301.803283691406 301.821685791016 301.84423828125 301.868194580078 301.890838623047 301.916229248047 301.946136474609 301.975646972656 302.009033203125 302.048370361328 302.101409912109 302.146026611328 302.162414550781 302.170440673828
-3.4e+38 -3.4e+38 -3.4e+38 -3.4e+38 -3.4e+38 -3.4e+38 -3.4e+38 -3.4e+38 -3.4e+38 297.276947021484 297.465667724609 297.728729248047 298.001647949219 298.267852783203 298.519866943359 298.691009521484 298.845031738281 298.99658203125 299.153137207031 299.303680419922 299.459136962891 299.609954833984 299.764801025391 299.9111328125 300.054809570312 300.205047607422 300.35791015625 300.511840820312 300.663421630859 300.818237304688 300.968322753906 301.122497558594 301.267303466797 301.414672851562 301.563537597656 301.709625244141 301.782775878906 301.804290771484 301.818725585938 301.835632324219 301.859313964844 301.884155273438 301.908874511719 301.935791015625 301.963806152344 301.991485595703 302.021118164062 302.0615234375 302.117462158203 302.154418945312 302.179290771484 302.184020996094
-3.4e+38 -3.4e+38 -3.4e+38 -3.4e+38 -3.4e+38 -3.4e+38 -3.4e+38 -3.4e+38 -3.4e+38 297.285430908203 297.464660644531 297.742645263672 298.016540527344 298.282562255859 298.535400390625 298.705627441406 298.858673095703 299.010070800781 299.167114257812 299.318023681641 299.473541259766 299.624603271484 299.779571533203 299.926788330078 300.070648193359 300.220336914062 300.373291015625 300.527313232422 300.678894042969 300.833618164062 300.983764648438 301.138427734375 301.284606933594 301.431243896484 301.579437255859 301.726959228516 301.799438476562 301.820007324219 301.835327148438 301.851654052734 301.872833251953 301.897155761719 301.922515869141 301.949127197266 301.972808837891 302.001037597656 302.037017822266 302.081573486328 302.123870849609 302.148071289062 302.18212890625 302.205963134766
-3.4e+38 -3.4e+38 -3.4e+38 -3.4e+38 -3.4e+38 -3.4e+38 -3.4e+38 -3.4e+38 -3.4e+38 297.263000488281 297.479400634766 297.757263183594 298.031219482422 298.297454833984 298.551208496094 298.720336914062 298.872314453125 299.023468017578 299.180419921875 299.331970214844 299.487854003906 299.638977050781 299.794097900391 299.942169189453 300.086242675781 300.235595703125 300.388488769531 300.54248046875 300.694030761719 300.848724365234 300.999114990234 301.154541015625 301.301208496094 301.447540283203 301.595001220703 301.743255615234 301.815368652344 301.835906982422 301.852142333984 301.869659423828 301.889282226562 301.911041259766 301.933227539062 301.958343505859 301.98291015625 302.013275146484 302.051818847656 302.096282958984 302.125518798828 302.144714355469 302.186828613281 302.221588134766
-3.4e+38 -3.4e+38 -3.4e+38 -3.4e+38 -3.4e+38 -3.4e+38 -3.4e+38 -3.4e+38 -3.4e+38 297.221618652344 297.507263183594 297.771636962891 298.045532226562 298.312103271484 298.566741943359 298.734649658203 298.885498046875 299.036590576172 299.193359375 299.345123291016 299.501556396484 299.652862548828 299.808044433594 299.956939697266 300.101501464844 300.250427246094 300.403076171875 300.55712890625 300.708740234375 300.863677978516 301.014434814453 301.170135498047 301.316955566406 301.463348388672 301.610290527344 301.758850097656 301.831390380859 301.852661132812 301.869445800781 301.887817382812 301.907806396484 301.927124023438 301.946990966797 301.97216796875 301.996612548828 302.026580810547 302.061676025391 302.097351074219 302.127685546875 302.153167724609 302.196685791016 302.221008300781
-3.4e+38 -3.4e+38 -3.4e+38 -3.4e+38 -3.4e+38 -3.4e+38 -3.4e+38 -3.4e+38 -3.4e+38 297.23681640625 297.521514892578 297.786102294922 298.060089111328 298.326812744141 298.582092285156 298.749572753906 298.898864746094 299.049682617188 299.206756591797 299.358581542969 299.515380859375 299.667083740234 299.822143554688 299.971557617188 300.116851806641 300.265411376953 300.417755126953 300.571899414062 300.723754882812 300.87890625 301.029724121094 301.185363769531 301.332580566406 301.479034423828 301.625732421875 301.774536132812 301.847442626953 301.869476318359 301.886749267578 301.905731201172 301.926177978516 301.945159912109 301.963104248047 301.988067626953 302.012512207031 302.039154052734 302.070159912109 302.096343994141 302.126129150391 302.155059814453 302.191009521484 302.21240234375
-3.4e+38 -3.4e+38 -3.4e+38 -3.4e+38 -3.4e+38 -3.4e+38 -3.4e+38 -3.4e+38 297.037231445312 297.253295898438 297.535614013672 297.800323486328 298.074401855469 298.340728759766 298.596343994141 298.764404296875 298.911682128906 299.061676025391 299.219055175781 299.371276855469 299.528289794922 299.680603027344 299.836029052734 299.985931396484 300.131286621094 300.279479980469 300.431945800781 300.586303710938 300.73828125 300.893524169922 301.044311523438 301.199676513672 301.347564697266 301.494354248047 301.640838623047 301.789428710938 301.861968994141 301.884674072266 301.903259277344 301.922607421875 301.941986083984 301.961853027344 301.979705810547 302.001525878906 302.026306152344 302.051177978516 302.078826904297 302.103668212891 302.130981445312 302.161315917969 302.193878173828 302.208831787109
-3.4e+38 -3.4e+38 -3.4e+38 -3.4e+38 -3.4e+38 -3.4e+38 -3.4e+38 -3.4e+38 297.033538818359 297.269409179688 297.549957275391 297.814819335938 298.088806152344 298.354675292969 298.610534667969 298.779602050781 298.925689697266 299.074462890625 299.230865478516 299.383209228516 299.540802001953 299.693542480469 299.849456787109 300.00048828125 300.145782470703 300.293731689453 300.446533203125 300.600799560547 300.752502441406 300.907318115234 301.057891845703 301.214080810547 301.362976074219 301.509918212891 301.656372070312 301.805755615234 301.878173828125 301.901214599609 301.920471191406 301.939910888672 301.958587646484 301.977783203125 301.996124267578 302.015777587891 302.037872314453 302.062347412109 302.090881347656 302.118316650391 302.142425537109 302.170318603516 302.200256347656 302.216461181641
-3.4e+38 -3.4e+38 -3.4e+38 -3.4e+38 -3.4e+38 -3.4e+38 -3.4e+38 -3.4e+38 297.04833984375 297.28369140625 297.563842773438 297.828491210938 298.101928710938 298.367797851562 298.624114990234 298.794097900391 298.938262939453 299.086578369141 299.243103027344 299.395446777344 299.553192138672 299.706115722656 299.861938476562 300.013854980469 300.160034179688 300.308166503906 300.460388183594 300.614105224609 300.76513671875 300.919403076172 301.070892333984 301.228271484375 301.378021240234 301.525726318359 301.671875 301.820709228516 301.893798828125 301.917755126953 301.936737060547 301.956329345703 301.974975585938 301.993713378906 302.011627197266 302.030639648438 302.051483154297 302.075531005859 302.103057861328 302.130493164062 302.155426025391 302.179809570312 302.205841064453 302.228424072266
-3.4e+38 -3.4e+38 -3.4e+38 -3.4e+38 -3.4e+38 -3.4e+38 -3.4e+38 296.840423583984 297.029022216797 297.306884765625 297.578796386719 297.842742919922 298.116180419922 298.382720947266 298.638458251953 298.807312011719 298.949768066406 299.099334716797 299.258087158203 299.409759521484 299.567016601562 299.719451904297 299.875213623047 300.028076171875 300.175476074219 300.323181152344 300.474853515625 300.627838134766 300.778472900391 300.933441162109 301.0859375 301.243927001953 301.394134521484 301.541839599609 301.686462402344 301.833770751953 301.908233642578 301.933929443359 301.953186035156 301.973388671875 301.991851806641 302.010192871094 302.027648925781 302.045989990234 302.065612792969 302.087463378906 302.112731933594 302.139221191406 302.165069580078 302.188049316406 302.21533203125 302.239227294922
-3.4e+38 -3.4e+38 -3.4e+38 -3.4e+38 -3.4e+38 -3.4e+38 -3.4e+38 296.860961914062 297.040252685547 297.322235107422 297.593536376953 297.856506347656 298.129791259766 298.396301269531 298.651794433594 298.821899414062 298.964874267578 299.116424560547 299.274261474609 299.424743652344 299.580688476562 299.732299804688 299.889282226562 300.043212890625 300.191162109375 300.337219238281 300.48876953125 300.642059326172 300.793182373047 300.948608398438 301.100311279297 301.257873535156 301.408294677734 301.555480957031 301.698516845703 301.847106933594 301.923675537109 301.950164794922 301.969787597656 301.989837646484 302.008148193359 302.02587890625 302.042602539062 302.061218261719 302.080017089844 302.098937988281 302.120880126953 302.146026611328 302.172485351562 302.197601318359 302.223541259766 302.246551513672
-3.4e+38 -3.4e+38 -3.4e+38 -3.4e+38 -3.4e+38 -3.4e+38 -3.4e+38 296.835540771484 297.061248779297 297.336639404297 297.607696533203 297.870391845703 298.143280029297 298.408508300781 298.664520263672 298.837463378906 298.984375 299.134582519531 299.291381835938 299.44140625 299.597290039062 299.749176025391 299.905975341797 300.060089111328 300.208465576172 300.353485107422 300.505279541016 300.659301757812 300.810913085938 300.965026855469 301.115478515625 301.27197265625 301.421569824219 301.567962646484 301.711486816406 301.86181640625 301.939514160156 301.9658203125 301.986022949219 302.006256103516 302.024566650391 302.042419433594 302.059631347656 302.077301025391 302.094116210938 302.112121582031 302.128143310547 302.147918701172 302.177154541016 302.205474853516 302.231140136719 302.253631591797
-3.4e+38 -3.4e+38 -3.4e+38 -3.4e+38 -3.4e+38 -3.4e+38 -3.4e+38 296.810485839844 297.0869140625 297.350402832031 297.620788574219 297.883697509766 298.156036376953 298.419982910156 298.67578125 298.849243164062 298.998199462891 299.148376464844 299.305328369141 299.455444335938 299.611968994141 299.764465332031 299.920837402344 300.073577880859 300.221954345703 300.367126464844 300.5205078125 300.676147460938 300.828125 300.982238769531 301.131866455078 301.286712646484 301.434387207031 301.580352783203 301.725006103516 301.874938964844 301.951904296875 301.978912353516 301.998016357422 302.020202636719 302.039672851562 302.057800292969 302.075103759766 302.092315673828 302.108764648438 302.125610351562 302.139343261719 302.152130126953 302.177947998047 302.212432861328 302.240051269531 302.263214111328
-3.4e+38 -3.4e+38 -3.4e+38 -3.4e+38 -3.4e+38 -3.4e+38 -3.4e+38 296.829162597656 297.101165771484 297.365203857422 297.634490966797 297.896697998047 298.168365478516 298.431579589844 298.6875 298.860321044922 299.008697509766 299.159759521484 299.318908691406 299.469177246094 299.62548828125 299.777099609375 299.932495117188 300.084564208984 300.234344482422 300.3798828125 300.533599853516 300.690399169922 300.843200683594 300.997650146484 301.147521972656 301.301696777344 301.447723388672 301.593383789062 301.737182617188 301.888824462891 301.96484375 301.988555908203 302.008758544922 302.034027099609 302.055877685547 302.073333740234 302.089599609375 302.106262207031 302.122741699219 302.140167236328 302.154602050781 302.164184570312 302.1806640625 302.217132568359 302.249877929688 302.27294921875
-3.4e+38 -3.4e+38 -3.4e+38 -3.4e+38 -3.4e+38 -3.4e+38 296.641723632812 296.845703125 297.115631103516 297.379089355469 297.647888183594 297.909301757812 298.180725097656 298.443145751953 298.697418212891 298.870819091797 299.019256591797 299.170471191406 299.330505371094 299.482147216797 299.638488769531 299.791076660156 299.944183349609 300.095123291016 300.246307373047 300.392517089844 300.545715332031 300.702575683594 300.854858398438 301.009735107422 301.16064453125 301.313659667969 301.459045410156 301.606079101562 301.750671386719 301.902069091797 301.975280761719 301.999298095703 302.023406982422 302.046203613281 302.068115234375 302.08935546875 302.103668212891 302.121612548828 302.140350341797 302.153717041016 302.162963867188 302.179229736328 302.196502685547 302.220947265625 302.257110595703 302.281707763672
-3.4e+38 -3.4e+38 -3.4e+38 -3.4e+38 -3.4e+38 -3.4e+38 296.648712158203 296.861633300781 297.129577636719 297.392181396484 297.661315917969 297.922943115234 298.194000244141 298.456085205078 298.707611083984 298.881591796875 299.030517578125 299.179931640625 299.339019775391 299.490905761719 299.649353027344 299.804016113281 299.957824707031 300.107238769531 300.25732421875 300.403686523438 300.556915283203 300.713439941406 300.865295410156 301.021453857422 301.172973632812 301.327301025391 301.476226806641 301.622436523438 301.771148681641 301.920288085938 301.989837646484 302.016937255859 302.039703369141 302.057189941406 302.078826904297 302.104370117188 302.121887207031 302.139739990234 302.15576171875 302.163635253906 302.174377441406 302.201202392578 302.223022460938 302.231903076172 302.259826660156 302.294586181641
-3.4e+38 -3.4e+38 -3.4e+38 -3.4e+38 -3.4e+38 -3.4e+38 296.658111572266 296.877777099609 297.141845703125 297.403900146484 297.673065185547 297.934387207031 298.205627441406 298.467407226562 298.718475341797 298.892700195312 299.041076660156 299.187805175781 299.345367431641 299.498901367188 299.660217285156 299.814208984375 299.970642089844 300.120208740234 300.266571044922 300.411224365234 300.565460205078 300.722686767578 300.874786376953 301.031219482422 301.183288574219 301.341339111328 301.493804931641 301.639343261719 301.792266845703 301.94287109375 302.006713867188 302.032623291016 302.051910400391 302.067779541016 302.090484619141 302.113739013672 302.135589599609 302.157104492188 302.171905517578 302.178375244141 302.193603515625 302.220947265625 302.243896484375 302.252044677734 302.260681152344 302.298858642578
-3.4e+38 -3.4e+38 -3.4e+38 -3.4e+38 -3.4e+38 -3.4e+38 296.636016845703 296.90185546875 297.154724121094 297.416015625 297.684753417969 297.9453125 298.216918945312 298.478576660156 298.727874755859 298.901123046875 299.048858642578 299.196014404297 299.353118896484 299.508392333984 299.670654296875 299.823577880859 299.981384277344 300.132934570312 300.276397705078 300.417205810547 300.573120117188 300.730499267578 300.885040283203 301.045104980469 301.200469970703 301.359710693359 301.507690429688 301.652679443359 301.808990478516 301.964752197266 302.031585693359 302.051422119141 302.062164306641 302.076721191406 302.099487304688 302.123718261719 302.152526855469 302.175964355469 302.1875 302.201324462891 302.218719482422 302.231658935547 302.254516601562 302.273590087891 302.275756835938 302.292114257812
-3.4e+38 -3.4e+38 -3.4e+38 -3.4e+38 -3.4e+38 -3.4e+38 296.652648925781 296.916351318359 297.167755126953 297.428009033203 297.696411132812 297.958099365234 298.228637695312 298.488647460938 298.737548828125 298.910736083984 299.058624267578 299.205810546875 299.36376953125 299.51953125 299.681854248047 299.835083007812 299.989501953125 300.140106201172 300.287109375 300.428039550781 300.580291748047 300.741638183594 300.901214599609 301.060729980469 301.215972900391 301.377990722656 301.523345947266 301.665710449219 301.820983886719 301.981994628906 302.054260253906 302.064239501953 302.070983886719 302.085388183594 302.11181640625 302.145263671875 302.177642822266 302.198883056641 302.208923339844 302.220123291016 302.229400634766 302.238922119141 302.255950927734 302.279327392578 302.294891357422 302.301422119141
-3.4e+38 -3.4e+38 -3.4e+38 -3.4e+38 -3.4e+38 296.406311035156 296.680603027344 296.931030273438 297.180236816406 297.439453125 297.707824707031 297.971832275391 298.242584228516 298.501373291016 298.750579833984 298.924987792969 299.07373046875 299.218475341797 299.376281738281 299.532440185547 299.692596435547 299.845855712891 299.99951171875 300.147094726562 300.29736328125 300.440032958984 300.592864990234 300.755584716797 300.912475585938 301.070587158203 301.225189208984 301.391723632812 301.541809082031 301.683166503906 301.839019775391 302.000061035156 302.074401855469 302.084594726562 302.091918945312 302.103149414062 302.134674072266 302.175140380859 302.202331542969 302.217712402344 302.227020263672 302.2314453125 302.238891601562 302.252624511719 302.267456054688 302.283508300781 302.301940917969 302.321472167969
-3.4e+38 -3.4e+38 -3.4e+38 -3.4e+38 -3.4e+38 296.420471191406 296.692901611328 296.944702148438 297.19287109375 297.450500488281 297.719604492188 297.984588623047 298.255798339844 298.515197753906 298.766052246094 298.943359375 299.091491699219 299.233551025391 299.389495849609 299.544281005859 299.702056884766 299.855651855469 300.011077880859 300.156951904297 300.304260253906 300.453765869141 300.607147216797 300.76318359375 300.921356201172 301.083038330078 301.240020751953 301.406188964844 301.5595703125 301.703033447266 301.855865478516 302.013610839844 302.090942382812 302.109313964844 302.122589111328 302.135375976562 302.161407470703 302.200622558594 302.223114013672 302.231475830078 302.236511230469 302.243927001953 302.249114990234 302.261535644531 302.278717041016 302.296447753906 302.311187744141 302.337646484375
