R_scripts/int_process_data/Bio_09.asc
NCOLS 281 
NROWS 576 
XLLCORNER 81175.2677831308 
YLLCORNER 88.2293212990044 
CELLSIZE 1000 
NODATA_value -3.4e+38 
[rows 276 to 298 of 576, columns 104 to 155 of 281]
21.983455657959 22.0014495849609 22.0194435119629 22.0374374389648 22.0554313659668 22.072624206543 22.075122833252 22.0776214599609 22.0801200866699 22.0826187133789 22.0851192474365 22.0876178741455 22.0901165008545 22.0926151275635 22.0951137542725 22.0979461669922 22.1181945800781 22.1384449005127 22.1586933135986 22.1789436340332 22.1991920471191 22.2194423675537 22.2396907806396 22.2599411010742 22.2801914215088 22.3004398345947 22.343807220459 22.3875064849854 22.4312076568604 22.4749069213867 22.5186080932617 22.5623073577881 22.6060085296631 22.6497077941895 22.6934089660645 22.7371082305908 22.8373928070068 22.9404773712158 23.0435619354248 23.1466464996338 23.2497310638428 23.3528156280518 23.4559001922607 23.5589847564697 23.6620693206787 23.7651538848877 23.8034114837646 23.8360233306885 23.8686351776123 23.9012470245361 23.93385887146 23.9664707183838
22.0153102874756 22.0315380096436 22.0477676391602 22.0639953613281 22.0802230834961 22.0958137512207 22.0996837615967 22.1035537719727 22.1074256896973 22.1112957000732 22.1151657104492 22.1190357208252 22.1229076385498 22.1267776489258 22.1306476593018 22.1348857879639 22.1583766937256 22.1818656921387 22.2053546905518 22.2288436889648 22.2523326873779 22.275821685791 22.2993106842041 22.3227996826172 22.3462886810303 22.369779586792 22.4127445220947 22.4559936523438 22.4992408752441 22.5424880981445 22.5857353210449 22.6289825439453 22.6722297668457 22.7154769897461 22.7587261199951 22.8019733428955 22.898904800415 22.9984951019287 23.0980834960938 23.1976737976074 23.2972640991211 23.3968524932861 23.4964427947998 23.5960311889648 23.6956214904785 23.7952098846436 23.830623626709 23.8604488372803 23.8902721405029 23.9200973510742 23.9499206542969 23.9797439575195
22.0471649169922 22.0616283416748 22.0760898590088 22.0905532836914 22.105016708374 22.1190013885498 22.1242446899414 22.1294860839844 22.134729385376 22.1399707794189 22.1452140808105 22.1504554748535 22.1556987762451 22.1609401702881 22.1661834716797 22.1718273162842 22.1985569000244 22.2252864837646 22.2520141601562 22.2787437438965 22.3054733276367 22.3322010040283 22.3589305877686 22.3856601715088 22.4123878479004 22.4391174316406 22.4816837310791 22.5244789123535 22.5672740936279 22.6100673675537 22.6528625488281 22.6956577301025 22.738452911377 22.7812461853027 22.8240413665771 22.8668365478516 22.9604167938232 23.056510925293 23.1526069641113 23.2487010955811 23.3447952270508 23.4408893585205 23.5369853973389 23.6330795288086 23.7291736602783 23.825267791748 23.857837677002 23.8848724365234 23.9119091033936 23.9389457702637 23.9659824371338 23.9930191040039
22.0790195465088 22.0917167663574 22.1044139862061 22.1171112060547 22.1298084259033 22.1421909332275 22.1488056182861 22.1554183959961 22.1620330810547 22.1686477661133 22.1752605438232 22.1818752288818 22.1884899139404 22.195104598999 22.201717376709 22.2087688446045 22.2387371063232 22.2687072753906 22.2986755371094 22.3286437988281 22.3586120605469 22.3885822296143 22.418550491333 22.4485187530518 22.4784870147705 22.5084571838379 22.5506229400635 22.5929641723633 22.6353073120117 22.6776485443115 22.7199897766113 22.7623329162598 22.8046741485596 22.847017288208 22.8893585205078 22.9316997528076 23.0219287872314 23.1145286560059 23.2071285247803 23.2997283935547 23.3923282623291 23.4849281311035 23.5775260925293 23.6701259613037 23.7627258300781 23.8553256988525 23.8850498199463 23.9092979431152 23.9335460662842 23.9577960968018 23.9820442199707 24.0062923431396
22.1108722686768 22.12180519104 22.1327362060547 22.143669128418 22.1546001434326 22.1653804779053 22.1733665466309 22.1813526153564 22.1893367767334 22.197322845459 22.2053089141846 22.2132949829102 22.2212810516357 22.2292671203613 22.2372531890869 22.2457103729248 22.2789192199707 22.3121280670166 22.3453369140625 22.3785438537598 22.4117527008057 22.4449615478516 22.4781703948975 22.5113792419434 22.5445861816406 22.5777950286865 22.6195602416992 22.661449432373 22.7033386230469 22.7452278137207 22.7871170043945 22.829008102417 22.8708972930908 22.9127864837646 22.9546756744385 22.9965648651123 23.0834426879883 23.1725463867188 23.2616500854492 23.3507556915283 23.4398593902588 23.5289649963379 23.6180686950684 23.7071743011475 23.7962779998779 23.885383605957 23.9122619628906 23.933723449707 23.9551849365234 23.9766445159912 23.9981060028076 24.0195655822754
22.1427268981934 22.1518936157227 22.161060333252 22.1702270507812 22.1793918609619 22.188570022583 22.1979274749756 22.2072849273682 22.2166423797607 22.2259998321533 22.2353572845459 22.2447147369385 22.2540721893311 22.2634296417236 22.2727870941162 22.2826519012451 22.3190994262695 22.3555488586426 22.391996383667 22.4284439086914 22.4648933410645 22.5013408660889 22.5377902984619 22.5742378234863 22.6106853485107 22.6471347808838 22.6884994506836 22.7299365997314 22.7713718414307 22.8128089904785 22.8542461395264 22.8956813812256 22.9371185302734 22.9785556793213 23.0199909210205 23.0614280700684 23.1449546813965 23.2305641174316 23.3161735534668 23.401782989502 23.4873924255371 23.5730018615723 23.6586112976074 23.7442207336426 23.8298301696777 23.9154396057129 23.9394760131836 23.9581489562988 23.9768218994141 23.9954948425293 24.0141677856445 24.0328407287598
22.17458152771 22.1819820404053 22.1893825531006 22.1967830657959 22.2041854858398 22.2117576599121 22.2224864959717 22.2332172393799 22.2439460754395 22.254674911499 22.2654037475586 22.2761344909668 22.2868633270264 22.2975921630859 22.3083209991455 22.3195934295654 22.359281539917 22.3989696502686 22.4386577606201 22.4783458709717 22.5180339813232 22.5577201843262 22.5974082946777 22.6370964050293 22.6767845153809 22.7164726257324 22.757438659668 22.7984218597412 22.8394050598145 22.8803901672363 22.9213733673096 22.9623565673828 23.0033397674561 23.0443248748779 23.0853080749512 23.1262912750244 23.2064666748047 23.2885818481445 23.3706951141357 23.4528102874756 23.5349254608154 23.6170387268066 23.6991539001465 23.7812690734863 23.8633842468262 23.9454975128174 23.9666881561279 23.9825744628906 23.9984588623047 24.0143432617188 24.0302295684814 24.0461139678955
22.2088050842285 22.2146453857422 22.2204856872559 22.2263259887695 22.2321662902832 22.238353729248 22.2509212493896 22.2634887695312 22.2760562896729 22.2886219024658 22.3011894226074 22.313756942749 22.3263244628906 22.3388900756836 22.3514575958252 22.3645687103271 22.4061107635498 22.4476547241211 22.4891986846924 22.530740737915 22.5722846984863 22.6138286590576 22.6553707122803 22.6969146728516 22.7384586334229 22.7800006866455 22.8197383880615 22.8594493865967 22.8991584777832 22.9388694763184 22.9785804748535 23.0182914733887 23.0580024719238 23.097713470459 23.1374244689941 23.1771335601807 23.2540588378906 23.3328247070312 23.4115905761719 23.4903564453125 23.5691223144531 23.6478881835938 23.7266540527344 23.805419921875 23.8841857910156 23.9629516601562 23.9819202423096 23.9956817626953 24.0094413757324 24.0232028961182 24.0369644165039 24.050724029541
22.2496929168701 22.2545471191406 22.2594032287598 22.2642574310303 22.2691116333008 22.274528503418 22.2902431488037 22.3059577941895 22.3216743469238 22.3373889923096 22.3531036376953 22.3688201904297 22.3845348358154 22.4002494812012 22.4159660339355 22.4321269989014 22.4716339111328 22.5111408233643 22.5506477355957 22.5901527404785 22.62965965271 22.6691665649414 22.7086734771729 22.7481803894043 22.7876873016357 22.8271942138672 22.8633728027344 22.8995056152344 22.9356365203857 22.9717693328857 23.0079002380371 23.0440311431885 23.0801639556885 23.1162948608398 23.1524276733398 23.1885585784912 23.2625160217285 23.3383445739746 23.4141712188721 23.4899997711182 23.5658283233643 23.6416568756104 23.7174854278564 23.7933139801025 23.8691425323486 23.9449710845947 23.9634666442871 23.9769687652588 23.9904708862305 24.0039730072021 24.0174770355225 24.0309791564941
22.2905807495117 22.2944507598877 22.298318862915 22.302188873291 22.306058883667 22.3107013702393 22.3295650482178 22.3484287261963 22.3672924041748 22.3861560821533 22.4050197601318 22.4238834381104 22.4427471160889 22.4616107940674 22.4804725646973 22.4996852874756 22.5371551513672 22.5746250152588 22.6120948791504 22.6495666503906 22.6870365142822 22.7245063781738 22.7619762420654 22.799446105957 22.8369159698486 22.8743858337402 22.9070091247559 22.9395618438721 22.9721145629883 23.0046672821045 23.0372200012207 23.0697727203369 23.1023254394531 23.1348781585693 23.1674308776855 23.1999835968018 23.2709712982178 23.3438625335693 23.4167537689209 23.4896450042725 23.562536239624 23.6354274749756 23.7083187103271 23.7812099456787 23.8541011810303 23.9269924163818 23.9450130462646 23.9582576751709 23.9715003967285 23.9847450256348 23.9979877471924 24.0112323760986
22.3314685821533 22.3343524932861 22.3372364044189 22.3401203155518 22.3430042266846 22.3468761444092 22.3688869476318 22.3908996582031 22.4129104614258 22.4349231719971 22.4569339752197 22.478946685791 22.5009574890137 22.522970199585 22.5449810028076 22.5672435760498 22.6026782989502 22.638111114502 22.6735439300537 22.7089786529541 22.7444114685059 22.7798461914062 22.815279006958 22.8507118225098 22.8861465454102 22.9215793609619 22.9506454467773 22.9796180725098 23.0085926055908 23.0375652313232 23.0665397644043 23.0955123901367 23.1244869232178 23.1534614562988 23.1824340820312 23.2114086151123 23.2794284820557 23.3493824005127 23.4193363189697 23.4892902374268 23.5592441558838 23.6291980743408 23.6991500854492 23.7691040039062 23.8390579223633 23.9090118408203 23.9265613555908 23.939546585083 23.9525318145752 23.9655151367188 23.9785003662109 23.9914855957031
22.3723564147949 22.3742542266846 22.3761539459229 22.3780517578125 22.3799495697021 22.3830509185791 22.4082107543945 22.43337059021 22.4585304260254 22.4836902618408 22.5088500976562 22.5340099334717 22.5591697692871 22.5843296051025 22.609489440918 22.634801864624 22.6681995391846 22.7015972137451 22.734992980957 22.7683906555176 22.8017883300781 22.83518409729 22.8685817718506 22.9019775390625 22.935375213623 22.9687728881836 22.9942798614502 23.0196743011475 23.0450706481934 23.0704650878906 23.0958595275879 23.1212539672852 23.1466484069824 23.1720428466797 23.197437286377 23.2228317260742 23.2878856658936 23.3549022674561 23.4219188690186 23.4889335632324 23.5559501647949 23.6229667663574 23.6899833679199 23.7569999694824 23.8240165710449 23.8910312652588 23.9081077575684 23.9208335876465 23.9335613250732 23.9462871551514 23.9590129852295 23.9717407226562
22.4132442474365 22.4141578674316 22.4150695800781 22.4159832000732 22.4168949127197 22.4192237854004 22.4475326538086 22.4758396148682 22.5041484832764 22.5324554443359 22.5607643127441 22.5890731811523 22.6173801422119 22.6456890106201 22.6739959716797 22.7023620605469 22.7337226867676 22.7650814056396 22.7964420318604 22.8278026580811 22.8591632843018 22.8905239105225 22.9218845367432 22.9532451629639 22.9846038818359 23.0159645080566 23.0379161834717 23.0597324371338 23.0815467834473 23.1033630371094 23.1251792907715 23.146993637085 23.1688098907471 23.1906261444092 23.2124404907227 23.2342567443848 23.2963428497314 23.3604221343994 23.4244995117188 23.4885787963867 23.5526580810547 23.6167373657227 23.680814743042 23.74489402771 23.8089733123779 23.8730525970459 23.8896541595459 23.9021224975586 23.9145908355713 23.927059173584 23.939525604248 23.9519939422607
22.4541320800781 22.4540596008301 22.453987121582 22.453914642334 22.4538421630859 22.4553985595703 22.4868545532227 22.518310546875 22.5497665405273 22.5812225341797 22.612678527832 22.6441345214844 22.6755924224854 22.7070484161377 22.73850440979 22.7699203491211 22.799243927002 22.8285675048828 22.8578910827637 22.8872146606445 22.9165382385254 22.9458618164062 22.9751873016357 23.0045108795166 23.0338344573975 23.0631580352783 23.0815525054932 23.0997886657715 23.1180248260498 23.1362609863281 23.1544990539551 23.1727352142334 23.1909713745117 23.20920753479 23.227445602417 23.2456817626953 23.3048000335693 23.3659400939941 23.4270820617676 23.488224029541 23.5493659973145 23.6105060577393 23.6716480255127 23.7327899932861 23.7939300537109 23.8550720214844 23.8712005615234 23.8834114074707 23.8956203460693 23.907829284668 23.9200382232666 23.9322471618652
22.4950218200684 22.4939632415771 22.4929046630859 22.4918460845947 22.4907875061035 22.4915714263916 22.5261764526367 22.5607814788818 22.5953845977783 22.6299896240234 22.6645946502686 22.699197769165 22.7338027954102 22.7684078216553 22.8030109405518 22.8374786376953 22.864767074585 22.892053604126 22.919340133667 22.946626663208 22.9739151000977 23.0012016296387 23.0284881591797 23.0557765960693 23.0830631256104 23.1103496551514 23.125186920166 23.1398448944092 23.1545028686523 23.1691608428955 23.1838188171387 23.1984748840332 23.2131328582764 23.2277908325195 23.2424488067627 23.2571067810059 23.3132572174072 23.3714599609375 23.4296646118164 23.4878692626953 23.5460720062256 23.6042766571045 23.6624794006348 23.7206840515137 23.7788887023926 23.8370914459229 23.8527488708496 23.8646984100342 23.8766498565674 23.8886013031006 23.9005508422852 23.9125022888184
22.53590965271 22.5338649749756 22.5318202972412 22.5297775268555 22.5277328491211 22.5277462005615 22.5654983520508 22.60325050354 22.6410045623779 22.6787567138672 22.7165088653564 22.7542610168457 22.7920150756836 22.8297672271729 22.8675193786621 22.9050369262695 22.9302883148193 22.9555397033691 22.9807891845703 23.0060405731201 23.0312900543213 23.0565414428711 23.0817909240723 23.1070423126221 23.1322917938232 23.157543182373 23.1688232421875 23.1799011230469 23.1909809112549 23.2020587921143 23.2131385803223 23.2242164611816 23.235294342041 23.246374130249 23.2574520111084 23.2685298919678 23.3217124938965 23.3769798278809 23.4322471618652 23.487512588501 23.5427799224854 23.5980453491211 23.6533126831055 23.7085800170898 23.7638454437256 23.81911277771 23.8342952728271 23.8459873199463 23.8576793670654 23.8693714141846 23.8810634613037 23.8927555084229
22.5767974853516 22.573766708374 22.5707378387451 22.5677089691162 22.5646800994873 22.5639209747314 22.6048202514648 22.6457214355469 22.6866226196289 22.7275238037109 22.7684230804443 22.8093242645264 22.8502254486084 22.8911266326904 22.9320278167725 22.9725971221924 22.9958095550537 23.0190238952637 23.0422382354736 23.0654525756836 23.0886669158936 23.1118793487549 23.1350936889648 23.1583080291748 23.1815223693848 23.2047367095947 23.212459564209 23.2199592590332 23.2274589538574 23.2349586486816 23.2424564361572 23.2499561309814 23.2574558258057 23.2649555206299 23.2724552154541 23.2799549102783 23.3301696777344 23.3824996948242 23.4348278045654 23.4871578216553 23.5394859313965 23.5918159484863 23.6441440582275 23.6964740753174 23.7488040924072 23.8011322021484 23.8158416748047 23.8272762298584 23.8387088775635 23.8501434326172 23.8615760803223 23.873010635376
22.6098918914795 22.6061000823975 22.6023082733154 22.5985164642334 22.5947246551514 22.5933685302734 22.6367015838623 22.6800346374512 22.72336769104 22.7667007446289 22.8100337982178 22.8533668518066 22.8966999053955 22.9400329589844 22.9833660125732 23.0262813568115 23.04736328125 23.0684452056885 23.0895252227783 23.1106071472168 23.1316871643066 23.1527690887451 23.173849105835 23.1949310302734 23.2160129547119 23.2370929718018 23.2421283721924 23.2469329833984 23.2517375946045 23.2565422058105 23.2613468170166 23.2661514282227 23.2709560394287 23.2757606506348 23.2805652618408 23.2853698730469 23.3336639404297 23.3841094970703 23.4345550537109 23.4850006103516 23.5354461669922 23.5858898162842 23.6363353729248 23.6867809295654 23.7372264862061 23.7876720428467 23.8023929595947 23.814001083374 23.8256092071533 23.8372173309326 23.8488254547119 23.8604335784912
22.616813659668 22.6130084991455 22.609203338623 22.605396270752 22.6015911102295 22.6002235412598 22.6435852050781 22.6869468688965 22.7303066253662 22.7736682891846 22.8170299530029 22.8603916168213 22.903751373291 22.9471130371094 22.9904747009277 23.0333728790283 23.0519981384277 23.0706214904785 23.0892467498779 23.1078720092773 23.1264972686768 23.1451225280762 23.1637477874756 23.182373046875 23.2009963989258 23.2196216583252 23.2248935699463 23.2299728393555 23.235050201416 23.2401294708252 23.2452087402344 23.2502861022949 23.2553653717041 23.2604427337646 23.2655220031738 23.270601272583 23.320484161377 23.3725852966309 23.4246864318848 23.4767875671387 23.5288887023926 23.5809898376465 23.633092880249 23.6851940155029 23.7372951507568 23.7893962860107 23.8057479858398 23.8189868927002 23.8322257995605 23.8454647064209 23.8587036132812 23.8719425201416
22.6237354278564 22.6199169158936 22.616096496582 22.6122779846191 22.6084594726562 22.6070785522461 22.6504688262939 22.6938571929932 22.737247467041 22.7806358337402 22.8240261077881 22.8674144744873 22.9108047485352 22.9541931152344 22.9975833892822 23.0404624938965 23.0566310882568 23.0727996826172 23.0889701843262 23.1051387786865 23.1213073730469 23.1374759674072 23.1536445617676 23.1698131561279 23.1859817504883 23.2021503448486 23.2076568603516 23.2130107879639 23.2183628082275 23.2237148284912 23.2290687561035 23.2344207763672 23.2397727966309 23.2451267242432 23.2504787445068 23.2558307647705 23.3073062896729 23.36106300354 23.4148197174072 23.4685764312744 23.5223331451416 23.5760898590088 23.6298484802246 23.6836051940918 23.737361907959 23.7911186218262 23.809103012085 23.8239727020264 23.8388423919678 23.8537120819092 23.8685817718506 23.8834495544434
22.6306571960449 22.6268253326416 22.6229915618896 22.6191596984863 22.6153259277344 22.6139354705811 22.6573524475098 22.7007694244385 22.7441883087158 22.7876052856445 22.8310222625732 22.874439239502 22.9178581237793 22.961275100708 23.0046920776367 23.0475521087646 23.0612659454346 23.0749778747559 23.0886917114258 23.1024036407471 23.116117477417 23.1298294067383 23.1435413360596 23.1572551727295 23.1709671020508 23.1846809387207 23.1904220581055 23.1960487365723 23.2016754150391 23.2073020935059 23.2129287719727 23.2185554504395 23.2241821289062 23.229808807373 23.2354354858398 23.2410621643066 23.2941265106201 23.3495388031006 23.4049530029297 23.4603652954102 23.5157775878906 23.5711898803711 23.6266040802002 23.6820163726807 23.7374286651611 23.7928409576416 23.8124599456787 23.8289585113525 23.845458984375 23.8619594573975 23.8784580230713 23.8949584960938
22.6375789642334 22.633731842041 22.6298866271973 22.6260395050049 22.6221942901611 22.6207904815674 22.6642360687256 22.7076816558838 22.751127243042 22.7945728302002 22.8380184173584 22.8814640045166 22.9249095916748 22.968355178833 23.0118007659912 23.0546436309814 23.0659008026123 23.0771560668945 23.0884132385254 23.0996704101562 23.1109256744385 23.1221828460693 23.1334400177002 23.1446952819824 23.1559524536133 23.1672096252441 23.1731853485107 23.1790866851807 23.1849880218506 23.1908874511719 23.1967887878418 23.2026901245117 23.208589553833 23.2144908905029 23.2203922271729 23.2262916564941 23.2809467315674 23.3380165100098 23.3950843811035 23.4521541595459 23.5092220306396 23.5662899017334 23.6233596801758 23.6804275512695 23.7374954223633 23.7945652008057 23.8158149719238 23.8339443206787 23.8520755767822 23.8702049255371 23.8883361816406 23.9064674377441
22.6445007324219 22.6406402587891 22.6367797851562 22.6329212188721 22.6290607452393 22.6276473999023 22.6711196899414 22.7145938873291 22.7580680847168 22.8015422821045 22.8450145721436 22.8884887695312 22.9319629669189 22.975435256958 23.0189094543457 23.0617332458496 23.0705337524414 23.0793342590332 23.088134765625 23.0969352722168 23.1057357788086 23.1145362854004 23.1233367919922 23.132137298584 23.1409378051758 23.1497383117676 23.1559505462646 23.1621246337891 23.1682987213135 23.1744747161865 23.1806488037109 23.1868228912354 23.1929988861084 23.1991729736328 23.2053470611572 23.2115230560303 23.2677688598633 23.3264923095703 23.385217666626 23.443941116333 23.5026664733887 23.5613899230957 23.6201152801514 23.6788387298584 23.7375640869141 23.7962875366211 23.8191699981689 23.8389301300049 23.8586921691895 23.8784523010254 23.89821434021 23.9179744720459
