R_scripts/int_process_data/Bio_11.asc
NCOLS 281 
NROWS 576 
XLLCORNER 81175.2677831308 
YLLCORNER 88.2293212990044 
CELLSIZE 1000 
NODATA_value -3.4e+38 
[rows 92 to 114 of 576, columns 104 to 155 of 281]
8.1970739364624 8.15371799468994 8.11036109924316 8.0670051574707 8.02364826202393 7.97882080078125 7.90698766708374 7.83515453338623 7.76332187652588 7.69148874282837 7.61965560913086 7.54782247543335 7.475989818573 7.40415668487549 7.33232355117798 7.26095628738403 7.21397542953491 7.16699457168579 7.12001371383667 7.07303285598755 7.02605199813843 6.97907114028931 6.93209028244019 6.88510942459106 6.83812856674194 6.79114770889282 6.74368715286255 6.6962194442749 6.64875173568726 6.60128402709961 6.5538158416748 6.50634813308716 6.45888042449951 6.41141271591187 6.36394500732422 6.31647729873657 6.30791091918945 6.30127048492432 6.29463005065918 6.28798913955688 6.28134870529175 6.27470779418945 6.26806735992432 6.26142644882202 6.25478601455688 6.24814510345459 6.27538442611694 6.30557489395142 6.33576488494873 6.36595487594604 6.39614486694336 6.42633485794067
8.19470405578613 8.15144729614258 8.10818958282471 8.06493186950684 8.02167510986328 7.97694683074951 7.90522623062134 7.83350563049316 7.76178503036499 7.69006443023682 7.61834383010864 7.54662370681763 7.47490310668945 7.40318250656128 7.33146190643311 7.26020526885986 7.21323490142822 7.16626453399658 7.11929416656494 7.0723237991333 7.02535343170166 6.97838354110718 6.93141317367554 6.8844428062439 6.83747243881226 6.79050207138062 6.74321460723877 6.69592237472534 6.64862966537476 6.60133743286133 6.5540452003479 6.50675296783447 6.45946073532104 6.41216850280762 6.36487627029419 6.31758403778076 6.30941247940063 6.30317735671997 6.29694271087646 6.2907075881958 6.28447294235229 6.27823781967163 6.27200269699097 6.26576805114746 6.2595329284668 6.25329828262329 6.28091096878052 6.31147193908691 6.34203290939331 6.37259340286255 6.40315437316895 6.43371534347534
8.19470405578613 8.15144729614258 8.10818958282471 8.06493186950684 8.02167510986328 7.97694683074951 7.90522623062134 7.83350563049316 7.76178503036499 7.69006443023682 7.61834383010864 7.54662370681763 7.47490310668945 7.40318250656128 7.33146190643311 7.26020526885986 7.21323490142822 7.16626453399658 7.11929416656494 7.0723237991333 7.02535343170166 6.97838354110718 6.93141317367554 6.8844428062439 6.83747243881226 6.79050207138062 6.74321460723877 6.69592237472534 6.64862966537476 6.60133743286133 6.5540452003479 6.50675296783447 6.45946073532104 6.41216850280762 6.36487627029419 6.31758403778076 6.30941247940063 6.30317735671997 6.29694271087646 6.2907075881958 6.28447294235229 6.27823781967163 6.27200269699097 6.26576805114746 6.2595329284668 6.25329828262329 6.28091096878052 6.31147193908691 6.34203290939331 6.37259340286255 6.40315437316895 6.43371534347534
8.19470405578613 8.15144729614258 8.10818958282471 8.06493186950684 8.02167510986328 7.97694683074951 7.90522623062134 7.83350563049316 7.76178503036499 7.69006443023682 7.61834383010864 7.54662370681763 7.47490310668945 7.40318250656128 7.33146190643311 7.26020526885986 7.21323490142822 7.16626453399658 7.11929416656494 7.0723237991333 7.02535343170166 6.97838354110718 6.93141317367554 6.8844428062439 6.83747243881226 6.79050207138062 6.74321460723877 6.69592237472534 6.64862966537476 6.60133743286133 6.5540452003479 6.50675296783447 6.45946073532104 6.41216850280762 6.36487627029419 6.31758403778076 6.30941247940063 6.30317735671997 6.29694271087646 6.2907075881958 6.28447294235229 6.27823781967163 6.27200269699097 6.26576805114746 6.2595329284668 6.25329828262329 6.28091096878052 6.31147193908691 6.34203290939331 6.37259340286255 6.40315437316895 6.43371534347534
8.19470405578613 8.15144729614258 8.10818958282471 8.06493186950684 8.02167510986328 7.97694683074951 7.90522623062134 7.83350563049316 7.76178503036499 7.69006443023682 7.61834383010864 7.54662370681763 7.47490310668945 7.40318250656128 7.33146190643311 7.26020526885986 7.21323490142822 7.16626453399658 7.11929416656494 7.0723237991333 7.02535343170166 6.97838354110718 6.93141317367554 6.8844428062439 6.83747243881226 6.79050207138062 6.74321460723877 6.69592237472534 6.64862966537476 6.60133743286133 6.5540452003479 6.50675296783447 6.45946073532104 6.41216850280762 6.36487627029419 6.31758403778076 6.30941247940063 6.30317735671997 6.29694271087646 6.2907075881958 6.28447294235229 6.27823781967163 6.27200269699097 6.26576805114746 6.2595329284668 6.25329828262329 6.28091096878052 6.31147193908691 6.34203290939331 6.37259340286255 6.40315437316895 6.43371534347534
8.19470405578613 8.15144729614258 8.10818958282471 8.06493186950684 8.02167510986328 7.97694683074951 7.90522623062134 7.83350563049316 7.76178503036499 7.69006443023682 7.61834383010864 7.54662370681763 7.47490310668945 7.40318250656128 7.33146190643311 7.26020526885986 7.21323490142822 7.16626453399658 7.11929416656494 7.0723237991333 7.02535343170166 6.97838354110718 6.93141317367554 6.8844428062439 6.83747243881226 6.79050207138062 6.74321460723877 6.69592237472534 6.64862966537476 6.60133743286133 6.5540452003479 6.50675296783447 6.45946073532104 6.41216850280762 6.36487627029419 6.31758403778076 6.30941247940063 6.30317735671997 6.29694271087646 6.2907075881958 6.28447294235229 6.27823781967163 6.27200269699097 6.26576805114746 6.2595329284668 6.25329828262329 6.28091096878052 6.31147193908691 6.34203290939331 6.37259340286255 6.40315437316895 6.43371534347534
8.19470405578613 8.15144729614258 8.10818958282471 8.06493186950684 8.02167510986328 7.97694683074951 7.90522623062134 7.83350563049316 7.76178503036499 7.69006443023682 7.61834383010864 7.54662370681763 7.47490310668945 7.40318250656128 7.33146190643311 7.26020526885986 7.21323490142822 7.16626453399658 7.11929416656494 7.0723237991333 7.02535343170166 6.97838354110718 6.93141317367554 6.8844428062439 6.83747243881226 6.79050207138062 6.74321460723877 6.69592237472534 6.64862966537476 6.60133743286133 6.5540452003479 6.50675296783447 6.45946073532104 6.41216850280762 6.36487627029419 6.31758403778076 6.30941247940063 6.30317735671997 6.29694271087646 6.2907075881958 6.28447294235229 6.27823781967163 6.27200269699097 6.26576805114746 6.2595329284668 6.25329828262329 6.28091096878052 6.31147193908691 6.34203290939331 6.37259340286255 6.40315437316895 6.43371534347534
8.19470405578613 8.15144729614258 8.10818958282471 8.06493186950684 8.02167510986328 7.97694683074951 7.90522623062134 7.83350563049316 7.76178503036499 7.69006443023682 7.61834383010864 7.54662370681763 7.47490310668945 7.40318250656128 7.33146190643311 7.26020526885986 7.21323490142822 7.16626453399658 7.11929416656494 7.0723237991333 7.02535343170166 6.97838354110718 6.93141317367554 6.8844428062439 6.83747243881226 6.79050207138062 6.74321460723877 6.69592237472534 6.64862966537476 6.60133743286133 6.5540452003479 6.50675296783447 6.45946073532104 6.41216850280762 6.36487627029419 6.31758403778076 6.30941247940063 6.30317735671997 6.29694271087646 6.2907075881958 6.28447294235229 6.27823781967163 6.27200269699097 6.26576805114746 6.2595329284668 6.25329828262329 6.28091096878052 6.31147193908691 6.34203290939331 6.37259340286255 6.40315437316895 6.43371534347534
8.19470405578613 8.15144729614258 8.10818958282471 8.06493186950684 8.02167510986328 7.97694683074951 7.90522623062134 7.83350563049316 7.76178503036499 7.69006443023682 7.61834383010864 7.54662370681763 7.47490310668945 7.40318250656128 7.33146190643311 7.26020526885986 7.21323490142822 7.16626453399658 7.11929416656494 7.0723237991333 7.02535343170166 6.97838354110718 6.93141317367554 6.8844428062439 6.83747243881226 6.79050207138062 6.74321460723877 6.69592237472534 6.64862966537476 6.60133743286133 6.5540452003479 6.50675296783447 6.45946073532104 6.41216850280762 6.36487627029419 6.31758403778076 6.30941247940063 6.30317735671997 6.29694271087646 6.2907075881958 6.28447294235229 6.27823781967163 6.27200269699097 6.26576805114746 6.2595329284668 6.25329828262329 6.28091096878052 6.31147193908691 6.34203290939331 6.37259340286255 6.40315437316895 6.43371534347534
8.19470405578613 8.15144729614258 8.10818958282471 8.06493186950684 8.02167510986328 7.97694683074951 7.90522623062134 7.83350563049316 7.76178503036499 7.69006443023682 7.61834383010864 7.54662370681763 7.47490310668945 7.40318250656128 7.33146190643311 7.26020526885986 7.21323490142822 7.16626453399658 7.11929416656494 7.0723237991333 7.02535343170166 6.97838354110718 6.93141317367554 6.8844428062439 6.83747243881226 6.79050207138062 6.74321460723877 6.69592237472534 6.64862966537476 6.60133743286133 6.5540452003479 6.50675296783447 6.45946073532104 6.41216850280762 6.36487627029419 6.31758403778076 6.30941247940063 6.30317735671997 6.29694271087646 6.2907075881958 6.28447294235229 6.27823781967163 6.27200269699097 6.26576805114746 6.2595329284668 6.25329828262329 6.28091096878052 6.31147193908691 6.34203290939331 6.37259340286255 6.40315437316895 6.43371534347534
8.19470405578613 8.15144729614258 8.10818958282471 8.06493186950684 8.02167510986328 7.97694683074951 7.90522623062134 7.83350563049316 7.76178503036499 7.69006443023682 7.61834383010864 7.54662370681763 7.47490310668945 7.40318250656128 7.33146190643311 7.26020526885986 7.21323490142822 7.16626453399658 7.11929416656494 7.0723237991333 7.02535343170166 6.97838354110718 6.93141317367554 6.8844428062439 6.83747243881226 6.79050207138062 6.74321460723877 6.69592237472534 6.64862966537476 6.60133743286133 6.5540452003479 6.50675296783447 6.45946073532104 6.41216850280762 6.36487627029419 6.31758403778076 6.30941247940063 6.30317735671997 6.29694271087646 6.2907075881958 6.28447294235229 6.27823781967163 6.27200269699097 6.26576805114746 6.2595329284668 6.25329828262329 6.28091096878052 6.31147193908691 6.34203290939331 6.37259340286255 6.40315437316895 6.43371534347534
8.23462772369385 8.19218921661377 8.14974975585938 8.10731029510498 8.0648717880249 8.02083969116211 7.94758176803589 7.87432384490967 7.80106592178345 7.72780799865723 7.65455007553101 7.58129215240479 7.50803422927856 7.43477630615234 7.36151838302612 7.28873157501221 7.24059915542603 7.19246625900269 7.1443338394165 7.09620141983032 7.04806900024414 6.99993658065796 6.95180416107178 6.9036717414856 6.85553932189941 6.80740690231323 6.76196813583374 6.71656799316406 6.67116785049438 6.62576770782471 6.58036756515503 6.53496742248535 6.48956727981567 6.444167137146 6.39876699447632 6.35336685180664 6.34739303588867 6.34336996078491 6.33934736251831 6.33532476425171 6.33130216598511 6.32727909088135 6.32325649261475 6.31923389434814 6.31521129608154 6.31118822097778 6.33942556381226 6.3704719543457 6.40151834487915 6.43256521224976 6.4636116027832 6.49465799331665
8.28129863739014 8.2398157119751 8.19833278656006 8.15684986114502 8.11536693572998 8.0721492767334 7.99709463119507 7.92203950881958 7.84698438644409 7.7719292640686 7.69687414169312 7.62181949615479 7.5467643737793 7.47170925140381 7.39665412902832 7.32207822799683 7.27258729934692 7.22309589385986 7.17360496520996 7.12411403656006 7.07462310791016 7.02513217926025 6.97564125061035 6.92614984512329 6.87665891647339 6.82716798782349 6.78389024734497 6.7407021522522 6.69751405715942 6.65432596206665 6.61113786697388 6.5679497718811 6.52476119995117 6.4815731048584 6.43838500976562 6.39519691467285 6.39179134368896 6.3903546333313 6.38891792297363 6.38748121261597 6.3860445022583 6.38460779190063 6.38317108154297 6.3817343711853 6.38029766082764 6.37886095046997 6.40782785415649 6.43944215774536 6.47105646133423 6.5026707649231 6.53428506851196 6.56589937210083
8.32796859741211 8.28744220733643 8.24691581726074 8.20638942718506 8.16586303710938 8.123459815979 8.04660701751709 7.96975517272949 7.89290285110474 7.81605052947998 7.73919868469238 7.66234636306763 7.58549404144287 7.50864219665527 7.43178987503052 7.35542488098145 7.30457544326782 7.25372552871704 7.20287609100342 7.15202665328979 7.10117721557617 7.05032730102539 6.99947786331177 6.94862842559814 6.89777898788452 6.84692907333374 6.80581283569336 6.76483631134033 6.72386026382446 6.68288421630859 6.64190769195557 6.6009316444397 6.55995559692383 6.5189790725708 6.47800302505493 6.43702697753906 6.43618965148926 6.43733882904053 6.4384880065918 6.43963766098022 6.44078683853149 6.44193649291992 6.44308567047119 6.44423532485962 6.44538450241089 6.44653415679932 6.47623014450073 6.50841188430786 6.54059410095215 6.57277631759644 6.60495853424072 6.63714075088501
8.37463855743408 8.33506870269775 8.29549884796143 8.2559289932251 8.21635913848877 8.17476940155029 8.09611988067627 8.01747035980225 7.93882131576538 7.86017227172852 7.78152275085449 7.70287322998047 7.6242241859436 7.54557466506958 7.46692562103271 7.38877153396606 7.33656358718872 7.28435516357422 7.23214721679688 7.17993927001953 7.12773084640503 7.07552289962769 7.02331495285034 6.97110652923584 6.9188985824585 6.86669063568115 6.82773494720459 6.78897094726562 6.7502064704895 6.71144247055054 6.67267799377441 6.63391399383545 6.59514951705933 6.55638551712036 6.51762104034424 6.47885656356812 6.48058795928955 6.48432302474976 6.48805856704712 6.49179410934448 6.49552965164185 6.49926519393921 6.50300025939941 6.50673580169678 6.51047134399414 6.5142068862915 6.54463243484497 6.57738208770752 6.61013221740723 6.64288187026978 6.67563199996948 6.70838165283203
8.42130947113037 8.38269519805908 8.34408187866211 8.30546855926514 8.26685523986816 8.22607898712158 8.14563274383545 8.06518650054932 7.98473978042603 7.90429353713989 7.8238468170166 7.74340057373047 7.66295385360718 7.58250761032104 7.50206136703491 7.42211818695068 7.36855173110962 7.3149847984314 7.26141834259033 7.20785188674927 7.15428495407104 7.10071849822998 7.04715156555176 6.99358510971069 6.94001817703247 6.88645172119141 6.84965753555298 6.81310510635376 6.77655267715454 6.74000072479248 6.70344829559326 6.66689586639404 6.63034343719482 6.59379148483276 6.55723905563354 6.52068662643433 6.52498626708984 6.53130769729614 6.53762912750244 6.54395055770874 6.55027198791504 6.55659341812134 6.56291484832764 6.56923627853394 6.57555818557739 6.58187961578369 6.61303424835205 6.64635229110718 6.67966985702515 6.71298742294312 6.74630498886108 6.77962303161621
8.46797943115234 8.43032264709473 8.39266490936279 8.35500812530518 8.31735038757324 8.27738952636719 8.19514560699463 8.11290168762207 8.03065872192383 7.94841480255127 7.86617136001587 7.78392744064331 7.70168399810791 7.61944055557251 7.53719663619995 7.4554648399353 7.40053987503052 7.34561443328857 7.29068946838379 7.23576402664185 7.18083906173706 7.12591361999512 7.07098865509033 7.01606321334839 6.9611382484436 6.90621280670166 6.87158012390137 6.83723974227905 6.80289936065674 6.76855897903442 6.73421859741211 6.69987821578979 6.66553783416748 6.63119745254517 6.59685707092285 6.56251668930054 6.56938457489014 6.57829189300537 6.58719968795776 6.596107006073 6.60501432418823 6.61392211914062 6.62282943725586 6.63173723220825 6.64064455032349 6.64955234527588 6.68143653869629 6.71532201766968 6.74920749664307 6.78309297561646 6.81697845458984 6.85086393356323
8.51464939117432 8.47794914245605 8.44124794006348 8.40454769134521 8.36784648895264 8.32869911193848 8.24465847015381 8.16061782836914 8.07657718658447 7.99253606796265 7.90849542617798 7.82445478439331 7.74041414260864 7.65637302398682 7.57233238220215 7.48881149291992 7.43252801895142 7.37624406814575 7.31996059417725 7.26367664337158 7.20739316940308 7.15110921859741 7.09482526779175 7.03854179382324 6.98225784301758 6.92597436904907 6.8935022354126 6.86137390136719 6.82924556732178 6.79711723327637 6.7649884223938 6.73286008834839 6.70073175430298 6.66860342025757 6.63647508621216 6.60434627532959 6.61378288269043 6.6252760887146 6.63676977157593 6.64826345443726 6.65975713729858 6.67125082015991 6.68274402618408 6.69423770904541 6.70573139190674 6.71722507476807 6.74983882904053 6.78429222106934 6.81874561309814 6.85319852828979 6.8876519203186 6.92210531234741
8.56132030487061 8.52557563781738 8.48983097076416 8.45408630371094 8.41834259033203 8.38000869750977 8.29417133331299 8.20833301544189 8.12249565124512 8.03665733337402 7.95081949234009 7.86498165130615 7.77914381027222 7.69330596923828 7.60746812820435 7.5221586227417 7.46451616287231 7.40687370300293 7.3492317199707 7.29158926010132 7.23394680023193 7.17630481719971 7.11866235733032 7.06101989746094 7.00337791442871 6.94573545455933 6.91542482376099 6.88550806045532 6.85559177398682 6.82567548751831 6.79575872421265 6.76584243774414 6.73592567443848 6.70600938796997 6.67609262466431 6.6461763381958 6.65818119049072 6.67226076126099 6.68634033203125 6.70041990280151 6.71449947357178 6.72857904434204 6.74265909194946 6.75673866271973 6.77081823348999 6.78489780426025 6.81824111938477 6.85326242446899 6.88828325271606 6.92330408096313 6.95832538604736 6.99334621429443
8.60799026489258 8.57320213317871 8.53841400146484 8.50362586975098 8.46883773803711 8.43131923675537 8.34368419647217 8.25604915618896 8.16841411590576 8.08077907562256 7.99314403533936 7.90550899505615 7.81787395477295 7.73023891448975 7.64260387420654 7.55550527572632 7.49650430679321 7.43750333786011 7.378502368927 7.31950187683105 7.26050090789795 7.20149993896484 7.14249897003174 7.08349847793579 7.02449750900269 6.96549654006958 6.93734741210938 6.90964269638062 6.88193798065186 6.85423374176025 6.82652902603149 6.79882431030273 6.77112007141113 6.74341535568237 6.71571063995361 6.68800640106201 6.70257949829102 6.71924495697021 6.73591089248657 6.75257635116577 6.76924228668213 6.78590774536133 6.80257368087769 6.81923913955688 6.83590507507324 6.85257053375244 6.886643409729 6.92223215103149 6.95782089233398 6.99341011047363 7.02899885177612 7.06458759307861
8.65466022491455 8.62082862854004 8.58699703216553 8.55316543579102 8.5193338394165 8.48262882232666 8.39319705963135 8.30376434326172 8.21433258056641 8.12489986419678 8.03546810150146 7.94603586196899 7.85660362243652 7.76717138290405 7.67773962020874 7.58885192871094 7.52849245071411 7.46813297271729 7.40777349472046 7.34741401672363 7.28705501556396 7.22669553756714 7.16633605957031 7.10597658157349 7.04561710357666 6.98525762557983 6.95926952362061 6.93377685546875 6.90828418731689 6.8827919960022 6.85729932785034 6.83180665969849 6.80631399154663 6.78082132339478 6.75532865524292 6.72983598709106 6.74697780609131 6.76622915267944 6.78548097610474 6.80473279953003 6.82398462295532 6.84323644638062 6.86248826980591 6.88173961639404 6.90099143981934 6.92024326324463 6.95504570007324 6.99120235443115 7.02735900878906 7.06351566314697 7.09967231750488 7.13582849502563
8.69354820251465 8.65890216827393 8.6242561340332 8.58961009979248 8.55496406555176 8.51725101470947 8.42325973510742 8.32926845550537 8.23527717590332 8.14128589630127 8.04729557037354 7.95330381393433 7.85931301116943 7.76532173156738 7.67133045196533 7.57793712615967 7.51585817337036 7.4537787437439 7.39169931411743 7.32962036132812 7.26754093170166 7.2054615020752 7.14338254928589 7.08130311965942 7.01922369003296 6.95714473724365 6.93179082870483 6.90696668624878 6.88214254379272 6.85731840133667 6.83249425888062 6.80767011642456 6.78284597396851 6.75802183151245 6.7331976890564 6.70837354660034 6.7261323928833 6.74599933624268 6.76586580276489 6.78573274612427 6.80559968948364 6.82546615600586 6.84533309936523 6.86520004272461 6.88506650924683 6.9049334526062 6.93950271606445 6.97535276412964 7.01120281219482 7.04705238342285 7.08290243148804 7.11875247955322
8.73075580596924 8.69491291046143 8.65907096862793 8.62322807312012 8.5873851776123 8.54827117919922 8.44912528991699 8.34997940063477 8.25083255767822 8.151686668396 8.05254077911377 7.95339441299438 7.85424852371216 7.75510215759277 7.65595579147339 7.55747032165527 7.49359321594238 7.42971611022949 7.3658390045166 7.30196189880371 7.23808479309082 7.17420768737793 7.11033058166504 7.04645347595215 6.98257637023926 6.91869926452637 6.8936505317688 6.86916208267212 6.84467315673828 6.82018423080444 6.79569530487061 6.77120685577393 6.74671792984009 6.72222900390625 6.69774007797241 6.67325162887573 6.69120693206787 6.71126365661621 6.73131990432739 6.75137615203857 6.77143287658691 6.7914891242981 6.81154584884644 6.83160209655762 6.8516583442688 6.87171506881714 6.90584373474121 6.94119834899902 6.97655248641968 7.01190710067749 7.0472617149353 7.08261585235596
