R_scripts/int_process_data/Bio_15.asc
NCOLS 281 
NROWS 576 
XLLCORNER 81175.2677831308 
YLLCORNER 88.2293212990044 
CELLSIZE 1000 
NODATA_value -3.4e+38 
[rows 138 to 160 of 576, columns 52 to 103 of 281]
-3.4e+38 -3.4e+38 -3.4e+38 -3.4e+38 -3.4e+38 -3.4e+38 -3.4e+38 -3.4e+38 -3.4e+38 -3.4e+38 -3.4e+38 -3.4e+38 -3.4e+38 -3.4e+38 -3.4e+38 -3.4e+38 -3.4e+38 -3.4e+38 -3.4e+38 -3.4e+38 -3.4e+38 -3.4e+38 60.6693267822266 60.6693267822266 60.6693267822266 60.6693267822266 60.6693267822266 60.6685066223145 60.6630630493164 60.6576156616211 60.652172088623 60.6467247009277 60.6412811279297 60.6358337402344 60.6303901672363 60.624942779541 60.619499206543 60.6147842407227 60.6155433654785 60.6163063049316 60.6170654296875 60.6178245544434 60.6185874938965 60.6193466186523 60.6201095581055 60.6208686828613 60.6216278076172 60.6235427856445 60.6379127502441 60.652286529541 60.6666564941406 60.6810264587402
-3.4e+38 -3.4e+38 -3.4e+38 -3.4e+38 -3.4e+38 -3.4e+38 -3.4e+38 -3.4e+38 -3.4e+38 -3.4e+38 -3.4e+38 -3.4e+38 -3.4e+38 -3.4e+38 -3.4e+38 -3.4e+38 -3.4e+38 -3.4e+38 -3.4e+38 -3.4e+38 -3.4e+38 -3.4e+38 60.8014068603516 60.8014068603516 60.8014068603516 60.8014068603516 60.8014068603516 60.8006439208984 60.7955627441406 60.7904815673828 60.7853965759277 60.7803153991699 60.7752342224121 60.7701530456543 60.7650718688965 60.7599906921387 60.7549095153809 60.7505226135254 60.7513618469238 60.7522010803223 60.7530364990234 60.7538757324219 60.7547149658203 60.7555541992188 60.7563934326172 60.7572326660156 60.7580680847168 60.7602462768555 60.7768898010254 60.7935333251953 60.8101768493652 60.8268165588379
-3.4e+38 -3.4e+38 -3.4e+38 -3.4e+38 -3.4e+38 -3.4e+38 -3.4e+38 -3.4e+38 -3.4e+38 -3.4e+38 -3.4e+38 -3.4e+38 -3.4e+38 -3.4e+38 -3.4e+38 -3.4e+38 -3.4e+38 -3.4e+38 -3.4e+38 -3.4e+38 -3.4e+38 60.9881973266602 60.9334869384766 60.9334869384766 60.9334869384766 60.9334869384766 60.9334869384766 60.9327774047852 60.9280586242676 60.9233436584473 60.9186248779297 60.9139060974121 60.9091873168945 60.9044723510742 60.8997535705566 60.8950347900391 60.8903160095215 60.8862609863281 60.8871765136719 60.8880958557129 60.8890113830566 60.8899269104004 60.8908424377441 60.8917617797852 60.8926773071289 60.8935928344727 60.8945083618164 60.8969497680664 60.9158630371094 60.9347801208496 60.9536933898926 60.9726104736328
-3.4e+38 -3.4e+38 -3.4e+38 -3.4e+38 -3.4e+38 -3.4e+38 -3.4e+38 -3.4e+38 -3.4e+38 -3.4e+38 -3.4e+38 -3.4e+38 -3.4e+38 -3.4e+38 -3.4e+38 -3.4e+38 -3.4e+38 -3.4e+38 -3.4e+38 -3.4e+38 -3.4e+38 61.1202812194824 61.0655708312988 61.0655708312988 61.0655708312988 61.0655708312988 61.0655708312988 61.0649147033691 61.0605583190918 61.0562057495117 61.0518493652344 61.0474967956543 61.0431442260742 61.0387878417969 61.0344352722168 61.0300788879395 61.0257263183594 61.0219993591309 61.0229949951172 61.0239906311035 61.0249824523926 61.0259780883789 61.0269737243652 61.0279655456543 61.0289611816406 61.029956817627 61.030948638916 61.0336532592773 61.0548400878906 61.0760269165039 61.0972137451172 61.1184005737305
-3.4e+38 -3.4e+38 -3.4e+38 -3.4e+38 -3.4e+38 -3.4e+38 -3.4e+38 -3.4e+38 -3.4e+38 -3.4e+38 -3.4e+38 -3.4e+38 -3.4e+38 -3.4e+38 -3.4e+38 -3.4e+38 -3.4e+38 -3.4e+38 -3.4e+38 -3.4e+38 -3.4e+38 61.2487525939941 61.1976509094238 61.1976509094238 61.1976509094238 61.1976509094238 61.1976509094238 61.1970481872559 61.193058013916 61.1890678405762 61.1850776672363 61.1810874938965 61.1770973205566 61.1731071472168 61.169116973877 61.1651229858398 61.1611328125 61.1577377319336 61.1588096618652 61.1598854064941 61.1609573364258 61.1620292663574 61.1631011962891 61.1641731262207 61.1652450561523 61.166316986084 61.1673889160156 61.1703567504883 61.1938171386719 61.2172737121582 61.2407302856445 61.2641906738281
-3.4e+38 -3.4e+38 -3.4e+38 -3.4e+38 -3.4e+38 -3.4e+38 -3.4e+38 -3.4e+38 -3.4e+38 -3.4e+38 -3.4e+38 -3.4e+38 -3.4e+38 -3.4e+38 -3.4e+38 -3.4e+38 -3.4e+38 -3.4e+38 -3.4e+38 -3.4e+38 -3.4e+38 61.3707542419434 61.3210258483887 61.3210258483887 61.3210258483887 61.3210258483887 61.3210258483887 61.3207817077637 61.319164276123 61.3175468444824 61.3159255981445 61.3143081665039 61.3126907348633 61.3110694885254 61.3094520568848 61.3078308105469 61.3062133789062 61.3053321838379 61.3099937438965 61.3146514892578 61.3193130493164 61.3239707946777 61.3286285400391 61.3332901000977 61.337947845459 61.3426094055176 61.3472671508789 61.3534965515137 61.3766784667969 61.3998641967773 61.4230461120605 61.4462280273438
-3.4e+38 -3.4e+38 -3.4e+38 -3.4e+38 -3.4e+38 -3.4e+38 -3.4e+38 -3.4e+38 -3.4e+38 -3.4e+38 -3.4e+38 -3.4e+38 -3.4e+38 -3.4e+38 -3.4e+38 -3.4e+38 -3.4e+38 -3.4e+38 -3.4e+38 -3.4e+38 -3.4e+38 61.4926338195801 61.4410820007324 61.4410820007324 61.4410820007324 61.4410820007324 61.4410820007324 61.4413108825684 61.4428291320801 61.4443473815918 61.4458694458008 61.4473876953125 61.4489059448242 61.4504280090332 61.4519462585449 61.4534683227539 61.4549865722656 61.4574546813965 61.467041015625 61.4766273498535 61.486213684082 61.4958000183105 61.5053863525391 61.5149726867676 61.5245628356934 61.5341491699219 61.5437355041504 61.5543670654297 61.576301574707 61.5982398986816 61.620174407959 61.6421127319336
-3.4e+38 -3.4e+38 -3.4e+38 -3.4e+38 -3.4e+38 -3.4e+38 -3.4e+38 -3.4e+38 -3.4e+38 -3.4e+38 -3.4e+38 -3.4e+38 -3.4e+38 -3.4e+38 -3.4e+38 -3.4e+38 -3.4e+38 -3.4e+38 -3.4e+38 -3.4e+38 61.579231262207 61.5727615356445 -3.4e+38 61.5611343383789 61.5611343383789 61.5611343383789 61.5611343383789 61.5618362426758 61.5664939880371 61.5711517333984 61.5758094787598 61.5804672241211 61.5851249694824 61.5897827148438 61.5944404602051 61.5991020202637 61.603759765625 61.6095771789551 61.6240882873535 61.6386032104492 61.6531181335449 61.6676292419434 61.6821441650391 61.6966590881348 61.7111740112305 61.7256851196289 61.7402000427246 61.7552375793457 61.7759246826172 61.7966156005859 61.8173065185547 61.8379936218262
-3.4e+38 -3.4e+38 -3.4e+38 -3.4e+38 -3.4e+38 -3.4e+38 -3.4e+38 -3.4e+38 -3.4e+38 -3.4e+38 -3.4e+38 -3.4e+38 -3.4e+38 -3.4e+38 -3.4e+38 -3.4e+38 -3.4e+38 -3.4e+38 -3.4e+38 -3.4e+38 61.7422027587891 61.7336845397949 61.6811866760254 -3.4e+38 61.6811866760254 61.6811866760254 61.6811866760254 61.6823616027832 61.6901588439941 61.6979560852051 61.7057495117188 61.7135467529297 61.7213439941406 61.7291412353516 61.7369384765625 61.7447357177734 61.7525329589844 61.7616958618164 61.7811393737793 61.8005790710449 61.8200187683105 61.8394622802734 61.8589019775391 61.8783416748047 61.8977851867676 61.9172248840332 61.9366645812988 61.9561080932617 61.9755477905273 61.9949913024902 62.0144348144531 62.0338745117188
-3.4e+38 -3.4e+38 -3.4e+38 -3.4e+38 -3.4e+38 -3.4e+38 -3.4e+38 -3.4e+38 -3.4e+38 -3.4e+38 -3.4e+38 -3.4e+38 -3.4e+38 -3.4e+38 -3.4e+38 -3.4e+38 -3.4e+38 -3.4e+38 -3.4e+38 -3.4e+38 61.8522453308105 61.8480949401855 61.8012390136719 61.8012390136719 -3.4e+38 61.8012390136719 61.8012390136719 61.8028869628906 61.8138236999512 61.8247566223145 61.835693359375 61.8466262817383 61.8575630187988 61.8684997558594 61.8794326782227 61.8903694152832 61.9013023376465 61.913818359375 61.9381866455078 61.9625549316406 61.9869232177734 62.0112915039062 62.0356597900391 62.0600280761719 62.0843963623047 62.1087646484375 62.1331329345703 62.1569786071777 62.1751747131348 62.1933670043945 62.2115631103516 62.2297592163086
-3.4e+38 -3.4e+38 -3.4e+38 -3.4e+38 -3.4e+38 -3.4e+38 -3.4e+38 -3.4e+38 -3.4e+38 -3.4e+38 -3.4e+38 -3.4e+38 -3.4e+38 -3.4e+38 -3.4e+38 -3.4e+38 -3.4e+38 -3.4e+38 -3.4e+38 61.9548225402832 61.9605445861816 61.9615173339844 61.9212951660156 61.9212951660156 -3.4e+38 61.9212951660156 61.9212951660156 61.923412322998 61.9374847412109 61.9515609741211 61.965633392334 61.9797058105469 61.993782043457 62.0078544616699 62.0219268798828 62.036003112793 62.0500755310059 62.0659408569336 62.0952339172363 62.1245307922363 62.1538276672363 62.1831207275391 62.2124176025391 62.2417106628418 62.2710075378418 62.3003044128418 62.3295974731445 62.3578491210938 62.3747978210449 62.3917465209961 62.40869140625 62.4256401062012
-3.4e+38 -3.4e+38 -3.4e+38 -3.4e+38 -3.4e+38 -3.4e+38 -3.4e+38 -3.4e+38 -3.4e+38 -3.4e+38 -3.4e+38 -3.4e+38 -3.4e+38 -3.4e+38 -3.4e+38 -3.4e+38 -3.4e+38 -3.4e+38 -3.4e+38 62.0955352783203 62.1014938354492 -3.4e+38 62.0413475036621 -3.4e+38 62.0413475036621 62.0413475036621 62.0413475036621 62.0439376831055 62.061149597168 62.0783615112305 62.0955772399902 62.1127891540527 62.1300010681152 62.1472129821777 62.1644248962402 62.1816368103027 62.1988487243652 62.2180595397949 62.2522850036621 62.286506652832 62.320728302002 62.3549499511719 62.3891754150391 62.423397064209 62.4576187133789 62.4918403625488 62.526065826416 62.5587196350098 62.5744209289551 62.5901222229004 62.6058235168457 62.621524810791
-3.4e+38 -3.4e+38 -3.4e+38 -3.4e+38 -3.4e+38 -3.4e+38 -3.4e+38 -3.4e+38 -3.4e+38 -3.4e+38 -3.4e+38 -3.4e+38 -3.4e+38 -3.4e+38 -3.4e+38 -3.4e+38 -3.4e+38 -3.4e+38 -3.4e+38 62.1008567810059 62.1173133850098 -3.4e+38 -3.4e+38 62.1613998413086 62.1613998413086 62.1613998413086 62.1613998413086 62.1644630432129 62.184814453125 62.2051658630371 62.2255172729492 62.2458686828613 62.2662200927734 62.2865676879883 62.3069190979004 62.3272705078125 62.3476219177246 62.3701820373535 62.4093322753906 62.4484825134277 62.4876327514648 62.526782989502 62.5659294128418 62.6050796508789 62.644229888916 62.6833801269531 62.7225303649902 62.7595901489258 62.7740440368652 62.7884979248047 62.8029518127441 62.8174057006836
-3.4e+38 -3.4e+38 -3.4e+38 -3.4e+38 -3.4e+38 -3.4e+38 -3.4e+38 -3.4e+38 -3.4e+38 -3.4e+38 -3.4e+38 -3.4e+38 -3.4e+38 -3.4e+38 -3.4e+38 -3.4e+38 -3.4e+38 -3.4e+38 -3.4e+38 62.2419662475586 62.268985748291 62.2926826477051 62.2814559936523 62.2814559936523 62.2814559936523 62.2814559936523 62.2814559936523 62.2849922180176 62.308479309082 62.3319702148438 62.3554573059082 62.3789482116699 62.4024353027344 62.4259262084961 62.4494132995605 62.4729042053223 62.496395111084 62.5223045349121 62.5663795471191 62.6104583740234 62.6545333862305 62.6986122131348 62.7426872253418 62.7867660522461 62.8308410644531 62.8749198913574 62.9189949035645 62.9604606628418 62.9736671447754 62.986873626709 63.0000801086426 63.0132865905762
-3.4e+38 -3.4e+38 -3.4e+38 -3.4e+38 -3.4e+38 -3.4e+38 -3.4e+38 -3.4e+38 -3.4e+38 -3.4e+38 -3.4e+38 -3.4e+38 -3.4e+38 -3.4e+38 -3.4e+38 -3.4e+38 -3.4e+38 -3.4e+38 62.2400360107422 62.2706108093262 -3.4e+38 62.3449020385742 62.4015083312988 62.4015083312988 62.4015083312988 62.4015083312988 62.4015083312988 62.405517578125 62.4321441650391 62.4587707519531 62.4854011535645 62.5120277404785 62.5386543273926 62.5652809143066 62.591911315918 62.618537902832 62.6451644897461 62.6744232177734 62.7234306335449 62.7724342346191 62.8214378356934 62.8704414367676 62.9194450378418 62.968448638916 63.0174522399902 63.0664596557617 63.1154632568359 63.1613311767578 63.1732902526855 63.1852493286133 63.197208404541 63.209171295166
-3.4e+38 -3.4e+38 -3.4e+38 -3.4e+38 -3.4e+38 -3.4e+38 -3.4e+38 -3.4e+38 -3.4e+38 -3.4e+38 -3.4e+38 -3.4e+38 -3.4e+38 -3.4e+38 -3.4e+38 -3.4e+38 -3.4e+38 -3.4e+38 62.1861343383789 -3.4e+38 62.2565307617188 62.3006324768066 62.3813781738281 62.3962707519531 62.4074020385742 62.4160385131836 62.4229354858398 62.4325675964355 62.4643096923828 62.4960479736328 62.5277900695801 62.5595321655273 62.5912704467773 62.6230125427246 62.6547508239746 62.6864929199219 62.7182350158691 62.7525177001953 62.8058853149414 62.8592567443848 62.9126281738281 62.9659957885742 63.0193672180176 63.0727348327637 63.126106262207 63.1794738769531 63.2328453063965 63.2830390930176 63.2988777160645 63.3147163391113 63.3305549621582 63.3463935852051
-3.4e+38 -3.4e+38 -3.4e+38 -3.4e+38 -3.4e+38 -3.4e+38 -3.4e+38 -3.4e+38 -3.4e+38 -3.4e+38 -3.4e+38 -3.4e+38 -3.4e+38 -3.4e+38 -3.4e+38 -3.4e+38 -3.4e+38 -3.4e+38 62.1155891418457 -3.4e+38 -3.4e+38 62.2556266784668 62.3097686767578 62.340747833252 62.3650093078613 62.3845176696777 62.4005508422852 62.4177627563477 62.4555015563965 62.493236541748 62.5309753417969 62.5687141418457 62.6064491271973 62.6441879272461 62.6819229125977 62.7196617126465 62.7574005126953 62.7974586486816 62.8549423217773 62.912425994873 62.9699096679688 63.0273971557617 63.0848808288574 63.1423645019531 63.1998481750488 63.2573318481445 63.3148155212402 63.3692970275879 63.3913116455078 63.4133224487305 63.4353370666504 63.4573516845703
-3.4e+38 -3.4e+38 -3.4e+38 -3.4e+38 -3.4e+38 -3.4e+38 -3.4e+38 -3.4e+38 -3.4e+38 -3.4e+38 -3.4e+38 -3.4e+38 -3.4e+38 -3.4e+38 -3.4e+38 -3.4e+38 -3.4e+38 -3.4e+38 62.0490951538086 -3.4e+38 -3.4e+38 62.1992263793945 62.2488327026367 62.2911338806152 62.3256454467773 62.3543357849121 62.3785667419434 62.4029579162598 62.4466896057129 62.4904251098633 62.5341606140137 62.5778923034668 62.6216278076172 62.6653633117676 62.709098815918 62.7528305053711 62.7965660095215 62.842399597168 62.9039993286133 62.9655990600586 63.0271949768066 63.088794708252 63.150390625 63.2119903564453 63.2735900878906 63.3351860046387 63.396785736084 63.4555549621582 63.4837455749512 63.5119323730469 63.5401191711426 63.5683059692383
-3.4e+38 -3.4e+38 -3.4e+38 -3.4e+38 -3.4e+38 -3.4e+38 -3.4e+38 -3.4e+38 -3.4e+38 -3.4e+38 -3.4e+38 -3.4e+38 -3.4e+38 -3.4e+38 -3.4e+38 -3.4e+38 -3.4e+38 61.8149070739746 61.9815673828125 -3.4e+38 -3.4e+38 62.14990234375 62.1963500976562 62.2465286254883 62.2889976501465 62.3254089355469 62.3569755554199 62.3881492614746 62.4378814697266 62.4876136779785 62.5373458862305 62.5870742797852 62.6368064880371 62.6865386962891 62.736270904541 62.786003112793 62.8357315063477 62.8873443603516 62.9530563354492 63.0187683105469 63.0844802856445 63.1501922607422 63.2159042358398 63.2816162109375 63.3473320007324 63.4130439758301 63.4787559509277 63.5418128967285 63.5761756896973 63.610538482666 63.6449012756348 63.6792640686035
-3.4e+38 -3.4e+38 -3.4e+38 -3.4e+38 -3.4e+38 -3.4e+38 -3.4e+38 -3.4e+38 -3.4e+38 -3.4e+38 -3.4e+38 -3.4e+38 -3.4e+38 -3.4e+38 -3.4e+38 -3.4e+38 -3.4e+38 61.7723503112793 61.872013092041 -3.4e+38 -3.4e+38 62.0969123840332 62.1506767272949 62.2062072753906 62.2547950744629 62.297664642334 62.335765838623 62.3733444213867 62.4290733337402 62.4848022460938 62.5405311584473 62.5962562561035 62.651985168457 62.7077140808105 62.7634429931641 62.8191719055176 62.8749008178711 62.9322853088379 63.0021133422852 63.0719375610352 63.1417655944824 63.2115936279297 63.2814178466797 63.351245880127 63.421070098877 63.4908981323242 63.5607261657715 63.6280746459961 63.6686096191406 63.7091484069824 63.749683380127 63.7902221679688
-3.4e+38 -3.4e+38 -3.4e+38 -3.4e+38 -3.4e+38 -3.4e+38 -3.4e+38 -3.4e+38 -3.4e+38 -3.4e+38 -3.4e+38 -3.4e+38 -3.4e+38 -3.4e+38 -3.4e+38 -3.4e+38 -3.4e+38 61.6826858520508 61.7921447753906 -3.4e+38 -3.4e+38 -3.4e+38 -3.4e+38 -3.4e+38 62.2228012084961 -3.4e+38 62.3149261474609 62.3585395812988 62.4202651977539 62.481990814209 62.5437126159668 62.6054382324219 62.667163848877 62.728889465332 62.7906150817871 62.8523406982422 62.9140663146973 62.9772262573242 63.0511665344238 63.1251106262207 63.1990509033203 63.2729911804199 63.3469314575195 63.4208717346191 63.4948120117188 63.5687522888184 63.6426963806152 63.7143325805664 63.761043548584 63.8077545166016 63.8544654846191 63.9011764526367
-3.4e+38 -3.4e+38 -3.4e+38 -3.4e+38 -3.4e+38 -3.4e+38 -3.4e+38 -3.4e+38 -3.4e+38 -3.4e+38 -3.4e+38 -3.4e+38 -3.4e+38 -3.4e+38 -3.4e+38 -3.4e+38 61.6607933044434 61.6790733337402 61.7731704711914 -3.4e+38 -3.4e+38 62.0089263916016 62.0750694274902 62.1361808776855 62.1928062438965 62.2454261779785 62.2944526672363 62.3437309265137 62.4114532470703 62.479175567627 62.5468978881836 62.6146202087402 62.6823425292969 62.7500648498535 62.8177871704102 62.8855094909668 62.9532318115234 63.0221710205078 63.1002235412598 63.178279876709 63.2563362121582 63.3343887329102 63.4124450683594 63.4905014038086 63.5685539245605 63.6466102600098 63.724666595459 63.8005905151367 63.8534774780273 63.9063606262207 63.9592475891113 64.0121383666992
-3.4e+38 -3.4e+38 -3.4e+38 -3.4e+38 -3.4e+38 -3.4e+38 -3.4e+38 -3.4e+38 -3.4e+38 -3.4e+38 -3.4e+38 -3.4e+38 -3.4e+38 -3.4e+38 -3.4e+38 -3.4e+38 61.6607933044434 61.6763801574707 61.7583961486816 -3.4e+38 61.9087982177734 61.9779243469238 62.0434265136719 62.1055755615234 62.1646308898926 62.2208137512207 62.2743263244629 62.3289260864258 62.402645111084 62.4763641357422 62.5500831604004 62.6238021850586 62.6975212097168 62.771240234375 62.8449592590332 62.9186782836914 62.9923973083496 63.0671119689941 63.1492805480957 63.2314491271973 63.3136177062988 63.3957901000977 63.4779586791992 63.5601272583008 63.6422958374023 63.7244644165039 63.8066329956055 63.886848449707 63.9459075927734 64.0049667358398 64.0640335083008 64.1230926513672
