R_scripts/int_process_data/Bio_11_2001.2020.asc
NCOLS 281 
NROWS 577 
XLLCORNER 81175.2677831308 
YLLCORNER -911.770678700996 
CELLSIZE 1000 
NODATA_value -3.4e+38 
[rows 299 to 321 of 577, columns 0 to 50 of 281]
-3.4e+38 -3.4e+38 -3.4e+38 -3.4e+38 -3.4e+38 -3.4e+38 -3.4e+38 -3.4e+38 -3.4e+38 -3.4e+38 -3.4e+38 -3.4e+38 -3.4e+38 -3.4e+38 -3.4e+38 -3.4e+38 -3.4e+38 -3.4e+38 -3.4e+38 -3.4e+38 -3.4e+38 -3.4e+38 -3.4e+38 -3.4e+38 -3.4e+38 285.342895507812 284.760314941406 284.525573730469 285.024200439453 285.273712158203 285.314208984375 285.283782958984 285.334136962891 285.286376953125 284.924530029297 284.519378662109 284.549224853516 284.3671875 284.434722900391 284.579193115234 284.522399902344 284.325256347656 284.387725830078 284.122009277344 283.768493652344 283.485473632812 283.4482421875 283.554840087891 283.443176269531 283.117065429688 282.584533691406
-3.4e+38 -3.4e+38 -3.4e+38 -3.4e+38 -3.4e+38 -3.4e+38 -3.4e+38 -3.4e+38 -3.4e+38 -3.4e+38 -3.4e+38 -3.4e+38 -3.4e+38 -3.4e+38 -3.4e+38 -3.4e+38 -3.4e+38 -3.4e+38 -3.4e+38 -3.4e+38 -3.4e+38 -3.4e+38 -3.4e+38 -3.4e+38 -3.4e+38 285.264038085938 284.968719482422 284.822631835938 285.000915527344 285.200714111328 285.231231689453 285.278015136719 285.327178955078 285.129943847656 285.019104003906 284.824737548828 284.724914550781 284.486633300781 284.375122070312 284.358703613281 284.509460449219 284.284210205078 284.239959716797 284.300415039062 283.862091064453 283.510620117188 283.420715332031 283.533630371094 283.422698974609 283.021850585938 282.024047851562
-3.4e+38 -3.4e+38 -3.4e+38 -3.4e+38 -3.4e+38 -3.4e+38 -3.4e+38 -3.4e+38 -3.4e+38 -3.4e+38 -3.4e+38 -3.4e+38 -3.4e+38 -3.4e+38 -3.4e+38 -3.4e+38 -3.4e+38 -3.4e+38 -3.4e+38 -3.4e+38 -3.4e+38 -3.4e+38 -3.4e+38 -3.4e+38 285.585327148438 285.415618896484 285.306457519531 285.150665283203 285.137359619141 285.094207763672 285.146759033203 285.285278320312 285.257019042969 284.925598144531 284.846801757812 285.034057617188 284.880157470703 284.745208740234 284.647003173828 284.367584228516 284.286346435547 284.317626953125 284.196197509766 284.197601318359 283.940124511719 283.523162841797 283.432189941406 283.507019042969 283.404937744141 282.826751708984 281.661682128906
-3.4e+38 -3.4e+38 -3.4e+38 -3.4e+38 -3.4e+38 -3.4e+38 -3.4e+38 -3.4e+38 -3.4e+38 -3.4e+38 -3.4e+38 -3.4e+38 -3.4e+38 -3.4e+38 -3.4e+38 -3.4e+38 -3.4e+38 -3.4e+38 -3.4e+38 -3.4e+38 -3.4e+38 -3.4e+38 -3.4e+38 285.468658447266 285.476348876953 285.575805664062 285.419372558594 285.2646484375 285.220550537109 285.063323974609 285.146911621094 285.229827880859 285.129669189453 284.732696533203 284.570617675781 284.952789306641 284.946380615234 284.675659179688 284.546813964844 284.364166259766 284.238739013672 284.357299804688 284.293273925781 284.092498779297 283.829986572266 283.527282714844 283.447509765625 283.482513427734 283.343139648438 282.457580566406 281.512664794922
-3.4e+38 -3.4e+38 -3.4e+38 -3.4e+38 -3.4e+38 -3.4e+38 -3.4e+38 -3.4e+38 -3.4e+38 -3.4e+38 -3.4e+38 -3.4e+38 -3.4e+38 -3.4e+38 -3.4e+38 -3.4e+38 -3.4e+38 -3.4e+38 -3.4e+38 -3.4e+38 -3.4e+38 285.627380371094 285.410278320312 285.105560302734 285.250244140625 -3.4e+38 285.518768310547 285.309753417969 285.226531982422 285.082672119141 285.174072265625 285.158843994141 284.996429443359 284.582336425781 284.455169677734 284.762756347656 284.917449951172 284.662506103516 284.522521972656 284.403778076172 284.401489257812 284.296142578125 284.149780273438 283.992462158203 283.651336669922 283.446350097656 283.447265625 283.452911376953 283.173950195312 282.057586669922 281.745635986328
-3.4e+38 -3.4e+38 -3.4e+38 -3.4e+38 -3.4e+38 -3.4e+38 -3.4e+38 -3.4e+38 -3.4e+38 -3.4e+38 -3.4e+38 -3.4e+38 -3.4e+38 -3.4e+38 -3.4e+38 -3.4e+38 -3.4e+38 -3.4e+38 -3.4e+38 -3.4e+38 285.664642333984 285.422668457031 285.091339111328 284.971954345703 285.173431396484 285.513275146484 -3.4e+38 285.442993164062 285.361236572266 285.236236572266 285.242980957031 285.167419433594 284.93701171875 284.555786132812 284.393829345703 284.62744140625 284.849609375 284.815032958984 284.706604003906 284.611663818359 284.554534912109 284.364593505859 284.105346679688 283.862762451172 283.689880371094 283.541168212891 283.453643798828 283.441864013672 282.969635009766 282.004058837891 282.214691162109
-3.4e+38 -3.4e+38 -3.4e+38 -3.4e+38 -3.4e+38 -3.4e+38 -3.4e+38 -3.4e+38 -3.4e+38 -3.4e+38 -3.4e+38 -3.4e+38 -3.4e+38 -3.4e+38 -3.4e+38 -3.4e+38 -3.4e+38 -3.4e+38 -3.4e+38 -3.4e+38 285.576416015625 285.255767822266 285.068756103516 285.124084472656 285.330383300781 285.510345458984 285.53369140625 285.444244384766 285.318054199219 285.283294677734 285.221282958984 285.111724853516 284.933135986328 284.598480224609 284.382415771484 284.505035400391 284.674682617188 284.817077636719 284.637451171875 284.493560791016 284.400970458984 284.355377197266 284.249420166016 284.041412353516 283.918792724609 283.668640136719 283.501373291016 283.440063476562 282.788909912109 282.149444580078 282.698364257812
-3.4e+38 -3.4e+38 -3.4e+38 -3.4e+38 -3.4e+38 -3.4e+38 -3.4e+38 -3.4e+38 -3.4e+38 -3.4e+38 -3.4e+38 -3.4e+38 -3.4e+38 -3.4e+38 -3.4e+38 -3.4e+38 -3.4e+38 -3.4e+38 285.700561523438 285.509429931641 285.433959960938 285.232849121094 284.982086181641 285.011779785156 285.333526611328 285.441925048828 285.472229003906 285.428253173828 285.251525878906 285.190216064453 285.10791015625 285.012420654297 284.905212402344 284.614959716797 284.354736328125 284.311553955078 284.498413085938 284.757049560547 284.683624267578 284.546691894531 284.417633056641 284.190948486328 284.10498046875 283.993103027344 283.834075927734 283.578582763672 283.531219482422 283.396484375 282.646148681641 282.533905029297 282.990814208984
-3.4e+38 -3.4e+38 -3.4e+38 -3.4e+38 -3.4e+38 -3.4e+38 -3.4e+38 -3.4e+38 -3.4e+38 -3.4e+38 -3.4e+38 -3.4e+38 -3.4e+38 -3.4e+38 285.892333984375 -3.4e+38 285.694976806641 285.611663818359 285.546783447266 285.371185302734 285.318420410156 285.180572509766 284.915405273438 285.044738769531 285.331268310547 285.395111083984 285.507293701172 285.428680419922 285.331634521484 285.269653320312 285.07568359375 285.077239990234 284.921447753906 284.492492675781 284.191955566406 284.145690917969 284.333862304688 284.600280761719 284.653625488281 284.479827880859 284.371307373047 284.113067626953 283.995452880859 283.908843994141 283.710205078125 283.486968994141 283.543365478516 283.280029296875 282.719787597656 283.157836914062 283.41015625
-3.4e+38 -3.4e+38 -3.4e+38 -3.4e+38 -3.4e+38 -3.4e+38 -3.4e+38 -3.4e+38 -3.4e+38 285.951812744141 285.898834228516 285.904266357422 -3.4e+38 -3.4e+38 285.869934082031 285.786987304688 285.627532958984 285.453521728516 285.352905273438 285.220855712891 285.179260253906 285.162994384766 284.914978027344 284.990386962891 285.14990234375 285.267883300781 285.392669677734 285.415557861328 285.2412109375 285.301910400391 285.241882324219 285.230438232422 284.953186035156 284.497222900391 284.322296142578 284.377563476562 284.369293212891 284.345489501953 284.495727539062 284.454315185547 284.243438720703 284.038909912109 283.921051025391 283.843231201172 283.633270263672 283.561889648438 283.580078125 283.235260009766 283.248901367188 283.709289550781 283.711944580078
-3.4e+38 -3.4e+38 -3.4e+38 -3.4e+38 -3.4e+38 -3.4e+38 -3.4e+38 -3.4e+38 286.105712890625 285.982666015625 285.87841796875 285.906402587891 285.923828125 285.888153076172 285.851440429688 285.802520751953 285.684173583984 285.526977539062 285.307830810547 285.058776855469 285.027984619141 285.087524414062 284.879852294922 284.723571777344 284.925933837891 285.037139892578 285.159057617188 285.251861572266 284.921539306641 285.167175292969 285.245574951172 285.080718994141 284.864410400391 284.748962402344 284.725891113281 284.723602294922 284.637481689453 284.434753417969 284.384826660156 284.342956542969 284.169555664062 284.091522216797 283.932159423828 283.766815185547 283.62646484375 283.60888671875 283.557891845703 283.406219482422 283.79931640625 283.971038818359 283.757476806641
-3.4e+38 -3.4e+38 -3.4e+38 -3.4e+38 -3.4e+38 -3.4e+38 -3.4e+38 -3.4e+38 -3.4e+38 -3.4e+38 285.971405029297 285.964599609375 285.934661865234 285.869598388672 285.824371337891 285.77880859375 285.683380126953 285.549346923828 285.357788085938 284.967803955078 284.841125488281 284.899505615234 284.720977783203 284.607696533203 284.965270996094 285.005126953125 285.056365966797 285.152313232422 284.9970703125 285.103607177734 284.931640625 284.553741455078 284.453308105469 284.656005859375 284.788757324219 284.712127685547 284.732604980469 284.684509277344 284.455322265625 284.229797363281 284.096984863281 284.006317138672 283.931121826172 283.825714111328 283.821075439453 283.710998535156 283.629272460938 283.553161621094 283.865447998047 284.025970458984 283.816619873047
-3.4e+38 -3.4e+38 -3.4e+38 -3.4e+38 -3.4e+38 -3.4e+38 -3.4e+38 -3.4e+38 -3.4e+38 -3.4e+38 -3.4e+38 -3.4e+38 285.946411132812 285.871978759766 285.768707275391 285.652221679688 285.582580566406 285.401611328125 285.218719482422 284.980102539062 284.782196044922 284.679107666016 284.584197998047 284.744964599609 285.149017333984 285.252532958984 285.262268066406 285.319458007812 285.282196044922 284.917449951172 284.391510009766 284.058868408203 284.20947265625 284.472412109375 284.438018798828 284.328369140625 284.520965576172 284.56591796875 284.419281005859 284.204132080078 284.02392578125 283.909088134766 283.778839111328 283.76220703125 283.921478271484 283.810607910156 283.729797363281 283.853607177734 283.994537353516 284.060699462891 283.937744140625
-3.4e+38 -3.4e+38 -3.4e+38 -3.4e+38 -3.4e+38 -3.4e+38 -3.4e+38 -3.4e+38 -3.4e+38 -3.4e+38 -3.4e+38 -3.4e+38 -3.4e+38 285.861267089844 285.718627929688 285.550964355469 285.412841796875 285.328887939453 285.151000976562 284.936614990234 284.690307617188 284.52880859375 284.492828369141 284.861297607422 285.249542236328 285.355224609375 285.420043945312 285.437164306641 285.297729492188 284.649688720703 283.985168457031 283.798095703125 284.205139160156 284.389282226562 284.158355712891 284.127258300781 284.408142089844 284.346160888672 284.197692871094 284.322235107422 284.089385986328 283.909637451172 283.880340576172 283.8720703125 283.912506103516 283.702575683594 283.596435546875 283.812866210938 284.007537841797 284.072570800781 283.998748779297
-3.4e+38 -3.4e+38 -3.4e+38 -3.4e+38 -3.4e+38 -3.4e+38 -3.4e+38 -3.4e+38 -3.4e+38 -3.4e+38 -3.4e+38 -3.4e+38 285.965270996094 285.859252929688 285.642700195312 285.438232421875 285.251770019531 285.254058837891 285.215423583984 284.973571777344 284.634094238281 284.390747070312 284.336395263672 284.637756347656 285.043640136719 285.296997070312 285.367767333984 285.354827880859 285.256439208984 284.575378417969 283.915130615234 283.820831298828 284.035217285156 284.114135742188 283.987976074219 284.12548828125 284.423767089844 284.301116943359 284.049713134766 284.419647216797 284.392669677734 284.169830322266 284.197540283203 284.111572265625 283.927612304688 283.643585205078 283.569793701172 283.793487548828 283.936065673828 284.023101806641 284.057495117188
-3.4e+38 -3.4e+38 -3.4e+38 -3.4e+38 -3.4e+38 -3.4e+38 -3.4e+38 -3.4e+38 -3.4e+38 -3.4e+38 -3.4e+38 -3.4e+38 -3.4e+38 285.910034179688 285.633666992188 285.281494140625 285.102569580078 285.059143066406 285.199462890625 285.122192382812 284.632781982422 284.294952392578 284.262908935547 284.357940673828 284.777313232422 285.211242675781 285.27978515625 285.246398925781 285.209808349609 284.685333251953 284.150238037109 283.986572265625 283.79248046875 283.842712402344 283.925354003906 284.157379150391 284.350524902344 284.366882324219 284.039764404297 284.396270751953 284.496765136719 284.390747070312 284.321868896484 284.207855224609 283.931091308594 283.593048095703 283.668212890625 283.866241455078 283.906524658203 283.926513671875 284.056488037109
-3.4e+38 -3.4e+38 -3.4e+38 -3.4e+38 -3.4e+38 -3.4e+38 -3.4e+38 -3.4e+38 -3.4e+38 -3.4e+38 -3.4e+38 -3.4e+38 -3.4e+38 -3.4e+38 285.681243896484 285.188903808594 284.958557128906 284.839935302734 285.073760986328 285.153350830078 284.686431884766 284.339691162109 284.257843017578 284.231323242188 284.412628173828 284.657958984375 284.826507568359 285.051910400391 285.048858642578 284.951721191406 284.711578369141 284.282165527344 284.017425537109 283.994842529297 283.955291748047 284.0771484375 284.264221191406 284.311737060547 284.074371337891 284.344543457031 284.344696044922 284.355407714844 284.299255371094 284.058135986328 283.763580322266 283.63037109375 283.796203613281 283.907592773438 283.862152099609 283.891143798828 284.030395507812
-3.4e+38 -3.4e+38 -3.4e+38 -3.4e+38 -3.4e+38 -3.4e+38 -3.4e+38 -3.4e+38 -3.4e+38 -3.4e+38 -3.4e+38 -3.4e+38 -3.4e+38 -3.4e+38 285.785247802734 285.330383300781 284.9931640625 284.739776611328 285.023071289062 285.177734375 284.802062988281 284.377716064453 284.278900146484 284.211517333984 284.266998291016 284.28955078125 284.344970703125 284.605621337891 284.697265625 284.925659179688 285.086730957031 284.7216796875 284.447021484375 284.345275878906 284.135589599609 284.042144775391 284.127410888672 284.166564941406 284.033996582031 284.27880859375 284.320922851562 283.980438232422 283.711853027344 283.54248046875 283.58154296875 283.619689941406 283.829711914062 283.944488525391 283.980499267578 284.017639160156 284.055450439453
-3.4e+38 -3.4e+38 -3.4e+38 -3.4e+38 -3.4e+38 -3.4e+38 -3.4e+38 -3.4e+38 -3.4e+38 -3.4e+38 -3.4e+38 -3.4e+38 -3.4e+38 -3.4e+38 285.82470703125 285.463195800781 285.12841796875 284.890991210938 284.964324951172 285.081115722656 284.7177734375 284.412872314453 284.339324951172 284.195068359375 284.172546386719 284.233764648438 284.328247070312 284.532012939453 284.673400878906 284.994781494141 285.128692626953 284.96533203125 284.788848876953 284.643157958984 284.396484375 284.236633300781 284.218688964844 284.139068603516 284.020080566406 284.148651123047 284.248809814453 283.773590087891 283.6689453125 283.526458740234 283.650787353516 283.549163818359 283.686004638672 283.842315673828 283.934661865234 283.940155029297 283.930999755859
-3.4e+38 -3.4e+38 -3.4e+38 -3.4e+38 -3.4e+38 -3.4e+38 -3.4e+38 -3.4e+38 -3.4e+38 -3.4e+38 -3.4e+38 -3.4e+38 -3.4e+38 -3.4e+38 -3.4e+38 285.565185546875 285.349365234375 285.178161621094 284.892425537109 284.894134521484 284.556518554688 284.33056640625 284.244476318359 284.129821777344 284.111480712891 284.235992431641 284.431304931641 284.595825195312 284.810913085938 285.089721679688 285.09375 285.002105712891 284.936645507812 284.801361083984 284.631042480469 284.502502441406 284.408996582031 284.284423828125 284.084014892578 284.049560546875 284.244201660156 284.147674560547 284.098663330078 283.938873291016 283.868103027344 283.614929199219 283.655853271484 283.756896972656 283.829803466797 283.881439208984 283.871978759766
-3.4e+38 -3.4e+38 -3.4e+38 -3.4e+38 -3.4e+38 -3.4e+38 -3.4e+38 -3.4e+38 -3.4e+38 -3.4e+38 -3.4e+38 -3.4e+38 -3.4e+38 -3.4e+38 -3.4e+38 285.731475830078 285.607025146484 285.409820556641 285.008758544922 284.911071777344 284.618927001953 284.295349121094 284.107818603516 283.998046875 284.128875732422 284.202514648438 284.372589111328 284.578521728516 284.845703125 285.033050537109 285.055633544922 285.053344726562 284.819213867188 284.690155029297 284.734405517578 284.651550292969 284.536895751953 284.43896484375 284.259094238281 284.106536865234 284.10595703125 284.168609619141 284.09912109375 283.991790771484 283.890747070312 283.743103027344 283.794952392578 283.882629394531 283.946258544922 284.015930175781 284.024780273438
-3.4e+38 -3.4e+38 -3.4e+38 -3.4e+38 -3.4e+38 -3.4e+38 -3.4e+38 -3.4e+38 -3.4e+38 -3.4e+38 -3.4e+38 -3.4e+38 -3.4e+38 -3.4e+38 285.869201660156 285.758728027344 285.687225341797 285.495758056641 285.283203125 285.157501220703 284.849395751953 284.542755126953 284.358947753906 284.208923339844 284.171142578125 284.211364746094 284.400817871094 284.598724365234 284.871459960938 284.943664550781 285.010986328125 285.030059814453 284.810760498047 284.548248291016 284.572906494141 284.643890380859 284.476287841797 284.417419433594 284.341094970703 284.240966796875 284.10595703125 284.031433105469 283.919006347656 283.812652587891 283.797058105469 283.901062011719 283.994232177734 284.069488525391 284.064544677734 284.107757568359 284.167510986328
-3.4e+38 -3.4e+38 -3.4e+38 -3.4e+38 -3.4e+38 -3.4e+38 -3.4e+38 -3.4e+38 -3.4e+38 -3.4e+38 -3.4e+38 -3.4e+38 -3.4e+38 -3.4e+38 285.767303466797 285.501190185547 285.663940429688 285.543090820312 285.327453613281 285.233795166016 285.022766113281 284.840148925781 284.685516357422 284.494995117188 284.523498535156 284.568786621094 284.463470458984 284.578735351562 284.814239501953 284.900268554688 284.968139648438 284.906890869141 284.923278808594 284.662811279297 284.431518554688 284.558471679688 284.429992675781 284.219116210938 284.214050292969 284.235717773438 284.199920654297 284.05322265625 283.844970703125 283.708404541016 283.75 283.873870849609 283.950744628906 284.055999755859 284.018768310547 283.989044189453 284.074676513672
