R_scripts/int_process_data/Bio_18.asc
NCOLS 281 
NROWS 576 
XLLCORNER 81175.2677831308 
YLLCORNER 88.2293212990044 
CELLSIZE 1000 
NODATA_value -3.4e+38 
[rows 437 to 459 of 576, columns 156 to 207 of 281]
0.819680392742157 0.815032660961151 0.81038498878479 0.805737257003784 0.801491439342499 0.79729688167572 0.793102264404297 0.788907706737518 0.784713089466095 0.780518472194672 0.776323914527893 0.77212929725647 0.767934739589691 0.763740122318268 0.761207222938538 0.758958458900452 0.756709694862366 0.754460871219635 0.752212107181549 0.749963343143463 0.747714519500732 0.745465755462646 0.743216991424561 0.740968227386475 0.741167187690735 0.74189966917038 0.74263209104538 0.743364572525024 0.744097054004669 0.744829535484314 0.745562016963959 0.746294498443604 0.747026979923248 0.747759461402893 0.749385714530945 0.751252293586731 0.753118932247162 0.754985511302948 0.756852090358734 0.75871866941452 0.760585308074951 0.762451887130737 0.764318466186523 0.76618504524231 0.77235209941864 0.779913544654846 0.787474989891052 0.795036435127258 0.802597880363464 0.81015932559967 0.817720770835876 0.825282216072083
0.821005165576935 0.816790878772736 0.812576591968536 0.808362305164337 0.803793966770172 0.799180507659912 0.794567048549652 0.789953529834747 0.785340070724487 0.780726611614227 0.776113152503967 0.771499633789062 0.766886174678802 0.762272715568542 0.759781062602997 0.757652282714844 0.755523443222046 0.753394603729248 0.75126576423645 0.749136924743652 0.747008144855499 0.744879305362701 0.742750465869904 0.740621626377106 0.740924179553986 0.741756677627563 0.742589175701141 0.743421673774719 0.744254231452942 0.74508672952652 0.745919227600098 0.746751725673676 0.747584223747253 0.748416721820831 0.750072956085205 0.751950740814209 0.753828465938568 0.755706191062927 0.757583975791931 0.75946170091629 0.761339426040649 0.763217210769653 0.765094935894012 0.766972661018372 0.77316689491272 0.780760765075684 0.788354635238647 0.795948505401611 0.803542375564575 0.811136245727539 0.818730115890503 0.826324045658112
0.822329998016357 0.81854909658432 0.814768254756927 0.81098735332489 0.806096494197845 0.801064133644104 0.796031773090363 0.790999412536621 0.78596705198288 0.780934691429138 0.775902330875397 0.770869970321655 0.765837609767914 0.760805308818817 0.758354961872101 0.756346046924591 0.754337191581726 0.752328336238861 0.750319421291351 0.748310565948486 0.746301710605621 0.744292795658112 0.742283940315247 0.740275084972382 0.740681231021881 0.741613745689392 0.742546260356903 0.743478775024414 0.74441134929657 0.745343863964081 0.746276378631592 0.747208952903748 0.748141467571259 0.74907398223877 0.75076025724411 0.752649128437042 0.754537999629974 0.756426930427551 0.758315801620483 0.760204672813416 0.762093603610992 0.763982474803925 0.765871345996857 0.767760276794434 0.773981750011444 0.781608045101166 0.789234340190887 0.796860635280609 0.804486930370331 0.812113225460052 0.819739520549774 0.827365815639496
0.823654770851135 0.820307314395905 0.816959857940674 0.813612401485443 0.808398962020874 0.802947759628296 0.797496497631073 0.792045295238495 0.786594033241272 0.781142830848694 0.775691568851471 0.770240306854248 0.76478910446167 0.759337842464447 0.75692880153656 0.755039870738983 0.753150939941406 0.751262009143829 0.749373078346252 0.74748420715332 0.745595276355743 0.743706345558167 0.74181741476059 0.739928483963013 0.740438222885132 0.741470754146576 0.742503345012665 0.743535876274109 0.744568467140198 0.745600998401642 0.746633589267731 0.747666120529175 0.748698711395264 0.749731242656708 0.75144749879837 0.753347516059875 0.755247592926025 0.757147610187531 0.759047627449036 0.760947704315186 0.762847721576691 0.764747798442841 0.766647815704346 0.768547832965851 0.774796545505524 0.782455265522003 0.790113985538483 0.797772765159607 0.805431485176086 0.813090205192566 0.820748925209045 0.828407645225525
0.824979603290558 0.822065532207489 0.81915146112442 0.816237390041351 0.810701489448547 0.804831385612488 0.798961281776428 0.793091118335724 0.787221014499664 0.781350910663605 0.775480806827545 0.769610702991486 0.763740539550781 0.757870435714722 0.755502641201019 0.753733694553375 0.751964747905731 0.750195741653442 0.748426795005798 0.74665778875351 0.744888842105865 0.743119835853577 0.741350889205933 0.739581882953644 0.740195214748383 0.741327822208405 0.742460429668427 0.743592977523804 0.744725584983826 0.745858192443848 0.74699079990387 0.748123347759247 0.749255955219269 0.750388562679291 0.752134740352631 0.754045903682709 0.755957126617432 0.75786828994751 0.759779512882233 0.761690676212311 0.763601899147034 0.765513062477112 0.767424285411835 0.769335448741913 0.775611340999603 0.783302545547485 0.790993690490723 0.79868483543396 0.806376039981842 0.814067184925079 0.821758329868317 0.829449474811554
0.826304376125336 0.823823750019073 0.821343064308167 0.818862438201904 0.813004016876221 0.80671501159668 0.800426006317139 0.794137001037598 0.787847995758057 0.781558990478516 0.775270044803619 0.768981039524078 0.762692034244537 0.756403028964996 0.754076540470123 0.752427518367767 0.750778496265411 0.749129474163055 0.747480452060699 0.745831429958344 0.744182407855988 0.742533385753632 0.740884363651276 0.73923534154892 0.739952266216278 0.741184890270233 0.742417514324188 0.743650138378143 0.744882702827454 0.746115326881409 0.747347950935364 0.748580574989319 0.749813199043274 0.751045823097229 0.752821981906891 0.754744350910187 0.756666660308838 0.758589029312134 0.760511338710785 0.762433707714081 0.764356017112732 0.766278386116028 0.768200695514679 0.770123064517975 0.776426196098328 0.784149765968323 0.791873335838318 0.799596965312958 0.807320535182953 0.815044164657593 0.822767734527588 0.830491304397583
0.827629208564758 0.825581967830658 0.823534727096558 0.821487486362457 0.815306484699249 0.808598637580872 0.801890730857849 0.795182883739471 0.788474977016449 0.781767129898071 0.775059223175049 0.768351376056671 0.761643469333649 0.754935622215271 0.752650380134583 0.751121342182159 0.749592244625092 0.748063147068024 0.746534109115601 0.745005011558533 0.74347597360611 0.741946876049042 0.740417838096619 0.738888740539551 0.739709258079529 0.741041898727417 0.742374539375305 0.743707239627838 0.745039880275726 0.746372520923615 0.747705161571503 0.749037802219391 0.750370442867279 0.751703083515167 0.753509223461151 0.75544273853302 0.757376194000244 0.759309709072113 0.761243224143982 0.763176679611206 0.765110194683075 0.767043650150299 0.768977165222168 0.770910620689392 0.777240991592407 0.78499698638916 0.792753040790558 0.800509035587311 0.808265089988708 0.816021084785461 0.823777139186859 0.831533133983612
0.824233591556549 0.822572648525238 0.820911705493927 0.819250762462616 0.81308650970459 0.806348264217377 0.799609959125519 0.792871654033661 0.786133348941803 0.77939510345459 0.772656798362732 0.765918493270874 0.759180188179016 0.752441883087158 0.750275015830994 0.748889684677124 0.747504353523254 0.746119022369385 0.74473375082016 0.74334841966629 0.741963088512421 0.740577757358551 0.739192426204681 0.737807154655457 0.73866868019104 0.740019977092743 0.741371273994446 0.742722511291504 0.744073808193207 0.74542510509491 0.746776401996613 0.748127698898315 0.749478936195374 0.750830233097076 0.752683162689209 0.754670977592468 0.756658792495728 0.758646547794342 0.760634362697601 0.762622177600861 0.76460999250412 0.766597747802734 0.768585562705994 0.770573377609253 0.776919543743134 0.784678876399994 0.792438209056854 0.800197541713715 0.80795681476593 0.815716147422791 0.823475480079651 0.831234812736511
0.819137811660767 0.817846238613129 0.816554605960846 0.815262973308563 0.809237658977509 0.802608847618103 0.795980095863342 0.789351284503937 0.782722473144531 0.776093721389771 0.769464910030365 0.762836158275604 0.756207346916199 0.749578595161438 0.747557759284973 0.746324777603149 0.745091736316681 0.743858754634857 0.742625772953033 0.741392731666565 0.740159749984741 0.738926768302917 0.737693727016449 0.736460745334625 0.737340807914734 0.738681435585022 0.740022003650665 0.741362631320953 0.742703258991241 0.744043827056885 0.745384454727173 0.746725082397461 0.748065650463104 0.749406278133392 0.751312017440796 0.753369688987732 0.755427360534668 0.757484972476959 0.759542644023895 0.761600315570831 0.763657987117767 0.765715658664703 0.767773330211639 0.769831001758575 0.776188790798187 0.783940970897675 0.791693091392517 0.79944521188736 0.807197391986847 0.814949512481689 0.822701692581177 0.830453813076019
0.814042031764984 0.813119769096375 0.812197506427765 0.811275243759155 0.805388748645782 0.798869490623474 0.792350172996521 0.785830914974213 0.779311656951904 0.772792339324951 0.766273081302643 0.759753823280334 0.753234505653381 0.746715247631073 0.744840502738953 0.74375981092453 0.742679119110107 0.741598427295685 0.740517795085907 0.739437103271484 0.738356411457062 0.737275719642639 0.736195087432861 0.735114395618439 0.736012935638428 0.737342834472656 0.73867279291153 0.740002751350403 0.741332650184631 0.742662608623505 0.743992507457733 0.745322465896606 0.74665242433548 0.747982323169708 0.749940872192383 0.752068400382996 0.754195868968964 0.756323397159576 0.758450925350189 0.760578453540802 0.762705981731415 0.764833509922028 0.76696103811264 0.769088566303253 0.775458097457886 0.783203065395355 0.790948033332825 0.798692941665649 0.806437909603119 0.814182877540588 0.821927845478058 0.829672813415527
0.808946251869202 0.808393359184265 0.807840406894684 0.807287454605103 0.801539838314056 0.7951300740242 0.788720309734344 0.782310545444489 0.775900781154633 0.769491016864777 0.763081252574921 0.75667142868042 0.750261664390564 0.743851900100708 0.742123246192932 0.741194844245911 0.740266501903534 0.739338159561157 0.738409817218781 0.737481415271759 0.736553072929382 0.735624730587006 0.734696388244629 0.733767986297607 0.734685063362122 0.736004292964935 0.737323582172394 0.738642811775208 0.739962100982666 0.74128133058548 0.742600619792938 0.743919849395752 0.74523913860321 0.746558368206024 0.748569667339325 0.750767052173615 0.752964437007904 0.755161881446838 0.757359266281128 0.759556651115417 0.761754035949707 0.763951420783997 0.766148805618286 0.768346190452576 0.774727404117584 0.782465159893036 0.790202915668488 0.797940671443939 0.805678486824036 0.813416242599487 0.821153998374939 0.828891754150391
0.803850471973419 0.803666889667511 0.803483307361603 0.80329966545105 0.797690987586975 0.791390717029572 0.785090446472168 0.778790175914764 0.772489905357361 0.766189634799957 0.759889364242554 0.75358909368515 0.747288823127747 0.740988552570343 0.739405930042267 0.738629937171936 0.73785388469696 0.737077832221985 0.736301839351654 0.735525786876678 0.734749734401703 0.733973681926727 0.733197689056396 0.732421636581421 0.733357131481171 0.734665751457214 0.735974311828613 0.737282931804657 0.738591492176056 0.739900052547455 0.741208672523499 0.742517232894897 0.743825852870941 0.74513441324234 0.747198522090912 0.749465763568878 0.751733005046844 0.754000306129456 0.756267547607422 0.758534789085388 0.760802030563354 0.763069272041321 0.765336573123932 0.767603814601898 0.773996651172638 0.781727254390717 0.789457857608795 0.797188401222229 0.804919004440308 0.812649548053741 0.82038015127182 0.828110754489899
0.798754692077637 0.798940420150757 0.799126148223877 0.799311876296997 0.793842077255249 0.787651300430298 0.781460583209991 0.77526980638504 0.769079029560089 0.762888252735138 0.756697535514832 0.75050675868988 0.744315981864929 0.738125264644623 0.736688673496246 0.736064970493317 0.735441267490387 0.734817564487457 0.734193861484528 0.733570098876953 0.732946395874023 0.732322692871094 0.731698989868164 0.731075286865234 0.732029259204865 0.733327209949493 0.734625101089478 0.735922992229462 0.737220942974091 0.738518834114075 0.739816725254059 0.741114616394043 0.742412567138672 0.743710458278656 0.745827376842499 0.748164474964142 0.750501573085785 0.752838730812073 0.755175828933716 0.757512927055359 0.759850084781647 0.76218718290329 0.764524281024933 0.766861438751221 0.773265957832336 0.780989348888397 0.788712739944458 0.796436131000519 0.80415952205658 0.81188291311264 0.819606304168701 0.827329695224762
0.793658912181854 0.794214010238647 0.794769048690796 0.795324146747589 0.789993166923523 0.783911943435669 0.77783066034317 0.771749436855316 0.765668153762817 0.759586930274963 0.753505647182465 0.747424423694611 0.741343140602112 0.735261917114258 0.733971416950226 0.733500063419342 0.733028650283813 0.732557237148285 0.732085883617401 0.731614470481873 0.731143057346344 0.730671644210815 0.730200290679932 0.729728877544403 0.730701386928558 0.731988608837128 0.733275890350342 0.734563112258911 0.73585033416748 0.73713755607605 0.738424777984619 0.739712059497833 0.740999281406403 0.742286503314972 0.744456231594086 0.746863186359406 0.749270141124725 0.75167715549469 0.75408411026001 0.756491124629974 0.758898079395294 0.761305034160614 0.763712048530579 0.766119003295898 0.772535264492035 0.780251443386078 0.787967681884766 0.795683860778809 0.803400099277496 0.811116278171539 0.818832516670227 0.82654869556427
0.788563132286072 0.789487540721893 0.790411949157715 0.791336357593536 0.786144316196442 0.780172526836395 0.774200797080994 0.768229067325592 0.76225733757019 0.756285548210144 0.750313818454742 0.744342088699341 0.738370299339294 0.732398569583893 0.731254160404205 0.730935096740723 0.73061603307724 0.730296969413757 0.72997784614563 0.729658782482147 0.729339718818665 0.729020655155182 0.728701591491699 0.728382527828217 0.729373514652252 0.730650067329407 0.731926620006561 0.733203172683716 0.734479784965515 0.73575633764267 0.737032890319824 0.738309442996979 0.739585995674133 0.740862548351288 0.743085026741028 0.745561897754669 0.748038709163666 0.750515580177307 0.752992391586304 0.755469262599945 0.757946074008942 0.760422945022583 0.76289975643158 0.765376627445221 0.771804511547089 0.779513537883759 0.787222564220428 0.794931590557098 0.802640616893768 0.810349643230438 0.818058669567108 0.825767695903778
0.783467352390289 0.784761130809784 0.786054849624634 0.787348568439484 0.782295405864716 0.776433169841766 0.770570933818817 0.764708697795868 0.758846461772919 0.752984225749969 0.74712198972702 0.741259753704071 0.735397517681122 0.729535222053528 0.728536903858185 0.728370130062103 0.728203415870667 0.728036642074585 0.727869868278503 0.727703154087067 0.727536380290985 0.727369666099548 0.727202892303467 0.727036118507385 0.728045642375946 0.729311525821686 0.730577409267426 0.731843292713165 0.733109176158905 0.734375059604645 0.735640943050385 0.736906826496124 0.738172709941864 0.739438593387604 0.741713881492615 0.744260609149933 0.746807277202606 0.749354004859924 0.751900732517242 0.754447400569916 0.756994128227234 0.759540796279907 0.762087523937225 0.764634251594543 0.771073818206787 0.778775632381439 0.786477506160736 0.794179320335388 0.80188113451004 0.809583008289337 0.817284822463989 0.824986636638641
0.778371572494507 0.78003466129303 0.781697750091553 0.783360779285431 0.77844649553299 0.772693753242493 0.766941070556641 0.761188328266144 0.755435585975647 0.74968284368515 0.743930101394653 0.738177359104156 0.732424676418304 0.726671934127808 0.725819647312164 0.725805222988129 0.725790798664093 0.725776374340057 0.725761890411377 0.725747466087341 0.725733041763306 0.72571861743927 0.725704193115234 0.725689768791199 0.72671777009964 0.727972984313965 0.72922819852829 0.730483412742615 0.731738567352295 0.73299378156662 0.734248995780945 0.73550420999527 0.736759424209595 0.73801463842392 0.740342736244202 0.742959320545197 0.745575845241547 0.748192429542542 0.750809013843536 0.753425538539886 0.756042122840881 0.758658707141876 0.761275291442871 0.763891816139221 0.770343065261841 0.77803772687912 0.785732388496399 0.793427050113678 0.801121711730957 0.808816313743591 0.81651097536087 0.824205636978149
0.774117708206177 0.77587229013443 0.777626812458038 0.779381394386292 0.77498722076416 0.769809186458588 0.76463121175766 0.759453177452087 0.75427520275116 0.749097168445587 0.743919193744659 0.738741159439087 0.733563184738159 0.728385150432587 0.727243185043335 0.726791262626648 0.726339340209961 0.725887417793274 0.725435435771942 0.724983513355255 0.724531590938568 0.724079668521881 0.723627746105194 0.723175823688507 0.72416764497757 0.725474119186401 0.726780593395233 0.728087067604065 0.729393601417542 0.730700075626373 0.732006549835205 0.733313024044037 0.734619557857513 0.735926032066345 0.738301575183868 0.740964591503143 0.743627607822418 0.746290683746338 0.748953700065613 0.751616716384888 0.754279732704163 0.756942749023438 0.759605765342712 0.762268781661987 0.768774807453156 0.776526927947998 0.784278988838196 0.792031049728394 0.799783170223236 0.807535231113434 0.815287351608276 0.823039412498474
0.770220816135406 0.771949052810669 0.773677289485931 0.775405526161194 0.771693050861359 0.767287015914917 0.76288104057312 0.758475005626678 0.754068970680237 0.749662935733795 0.745256900787354 0.740850925445557 0.736444890499115 0.732038855552673 0.730422377586365 0.729282915592194 0.728143393993378 0.727003872394562 0.725864350795746 0.724724888801575 0.723585367202759 0.722445845603943 0.721306324005127 0.720166862010956 0.721099257469177 0.722483277320862 0.723867356777191 0.725251376628876 0.72663539648056 0.728019416332245 0.729403495788574 0.730787515640259 0.732171535491943 0.733555614948273 0.73597639799118 0.738675951957703 0.741375505924225 0.744075059890747 0.746774613857269 0.749474167823792 0.752173721790314 0.754873275756836 0.757572829723358 0.76027238368988 0.766851425170898 0.774688363075256 0.782525241374969 0.790362179279327 0.798199117183685 0.806036055088043 0.813872992992401 0.821709871292114
0.766323924064636 0.768025875091553 0.769727766513824 0.771429657936096 0.768398940563202 0.764764904975891 0.76113086938858 0.757496774196625 0.753862738609314 0.750228703022003 0.746594667434692 0.742960631847382 0.739326596260071 0.73569256067276 0.733601629734039 0.731774508953094 0.729947447776794 0.728120386600494 0.72629326581955 0.72446620464325 0.722639083862305 0.720812022686005 0.718984961509705 0.71715784072876 0.71803092956543 0.719492495059967 0.720954060554504 0.722415626049042 0.723877251148224 0.725338816642761 0.726800382137299 0.728262007236481 0.729723572731018 0.731185138225555 0.733651161193848 0.736387252807617 0.739123344421387 0.741859436035156 0.744595527648926 0.747331619262695 0.750067710876465 0.752803802490234 0.755539894104004 0.758275985717773 0.764927983283997 0.772849798202515 0.780771553516388 0.788693308830261 0.796615064144135 0.804536819458008 0.812458574771881 0.820380389690399
0.762427031993866 0.764102637767792 0.765778243541718 0.767453849315643 0.7651047706604 0.76224273443222 0.759380638599396 0.756518602371216 0.753656566143036 0.750794470310211 0.747932434082031 0.745070338249207 0.742208302021027 0.739346206188202 0.736780822277069 0.73426616191864 0.731751501560211 0.729236841201782 0.726722180843353 0.724207520484924 0.721692860126495 0.719178199768066 0.716663539409637 0.714148879051208 0.714962542057037 0.716501653194427 0.718040823936462 0.719579935073853 0.721119046211243 0.722658216953278 0.724197328090668 0.725736439228058 0.727275609970093 0.728814721107483 0.73132598400116 0.734098553657532 0.736871182918549 0.739643812179565 0.742416441440582 0.745189070701599 0.747961699962616 0.750734329223633 0.75350695848465 0.756279528141022 0.76300460100174 0.771011233329773 0.779017806053162 0.787024438381195 0.795031011104584 0.803037643432617 0.811044216156006 -3.4e+38
0.758530139923096 0.760179400444031 0.761828660964966 0.763477981090546 0.761810660362244 0.75972056388855 0.757630467414856 0.755540430545807 0.753450334072113 0.751360237598419 0.749270141124725 0.747180104255676 0.745090007781982 0.742999911308289 0.739960074424744 0.736757814884186 0.733555555343628 0.730353355407715 0.727151095867157 0.723948836326599 0.720746636390686 0.717544376850128 0.71434211730957 0.711139857769012 0.711894154548645 0.713510870933533 0.715127527713776 0.716744244098663 0.718360900878906 0.719977557659149 0.721594274044037 0.72321093082428 0.724827587604523 0.72644430398941 0.729000747203827 0.731809914112091 0.734619081020355 0.737428188323975 0.740237355232239 0.743046522140503 0.745855689048767 0.748664855957031 0.751473963260651 0.754283130168915 0.761081218719482 0.769172668457031 0.777264058589935 0.785355508327484 0.793446958065033 0.801538407802582 0.809629857540131 -3.4e+38
0.754633247852325 0.75625616312027 0.757879137992859 0.759502112865448 0.758516550064087 0.757198393344879 0.755880296230316 0.754562199115753 0.75324410200119 0.751926004886627 0.750607907772064 0.749289810657501 0.747971713542938 0.746653616428375 0.743139266967773 0.739249467849731 0.735359668731689 0.731469810009003 0.727580010890961 0.723690152168274 0.719800353050232 0.71591055393219 0.712020695209503 0.708130896091461 0.708825826644897 0.710520029067993 0.712214291095734 0.713908493518829 0.715602695941925 0.717296957969666 0.718991160392761 0.720685422420502 0.722379624843597 0.724073827266693 0.726675570011139 0.729521214962006 0.732366919517517 0.735212624073029 0.738058269023895 0.740903973579407 0.743749678134918 0.746595323085785 0.749441027641296 0.752286732196808 0.759157776832581 0.76733410358429 0.775510370731354 0.783686637878418 0.791862905025482 0.800039231777191 0.808215498924255 -3.4e+38
