R_scripts/int_process_data/Bio_11_2001.2020.asc
NCOLS 281 
NROWS 577 
XLLCORNER 81175.2677831308 
YLLCORNER -911.770678700996 
CELLSIZE 1000 
NODATA_value -3.4e+38 
[rows 345 to 367 of 577, columns 51 to 101 of 281]
284.473327636719 284.448913574219 284.416015625 284.383544921875 284.360290527344 284.332275390625 284.305328369141 284.277252197266 284.253967285156 284.230651855469 284.192016601562 284.167816162109 284.083465576172 284.024871826172 284.012878417969 283.993377685547 283.964599609375 283.893615722656 283.841033935547 283.796661376953 283.751922607422 283.731719970703 283.724700927734 283.642333984375 283.542877197266 283.508911132812 283.465393066406 283.481353759766 283.472503662109 283.501007080078 283.44384765625 283.47412109375 283.497161865234 283.473114013672 283.440704345703 283.450592041016 283.494476318359 283.488372802734 283.421173095703 283.334136962891 283.220855712891 283.16064453125 283.167327880859 283.268463134766 283.387542724609 283.353912353516 283.347869873047 283.438293457031 283.586273193359 283.447784423828 283.345977783203
284.464172363281 284.435150146484 284.408966064453 284.381072998047 284.3564453125 284.32568359375 284.298278808594 284.272552490234 284.246368408203 284.210205078125 284.151214599609 284.127105712891 284.054351806641 283.969665527344 283.919128417969 283.953033447266 284.000793457031 283.924346923828 283.820007324219 283.766632080078 283.739562988281 283.738098144531 283.718994140625 283.585723876953 283.52001953125 283.500091552734 283.445220947266 283.448944091797 283.40625 283.443878173828 283.478057861328 283.486541748047 283.510650634766 283.468536376953 283.418060302734 283.380676269531 283.381744384766 283.41796875 283.383209228516 283.320587158203 283.23291015625 283.298400878906 283.288726806641 283.352020263672 283.477691650391 283.4189453125 283.483917236328 283.598480224609 283.527770996094 283.357879638672 283.427795410156
284.441711425781 284.408294677734 284.382232666016 284.358215332031 284.327362060547 284.303619384766 284.272918701172 284.254730224609 284.229339599609 284.160552978516 284.076843261719 284.046875 284.024566650391 283.94580078125 283.869232177734 283.882171630859 283.972564697266 283.965484619141 283.828521728516 283.789428710938 283.767181396484 283.764831542969 283.728820800781 283.601684570312 283.535186767578 283.474975585938 283.434722900391 283.413421630859 283.423400878906 283.472625732422 283.544799804688 283.562438964844 283.541717529297 283.497833251953 283.449737548828 283.409301757812 283.392333984375 283.401397705078 283.400604248047 283.356536865234 283.352081298828 283.486694335938 283.481353759766 283.505645751953 283.549163818359 283.554290771484 283.634429931641 283.623199462891 283.635345458984 283.562194824219 283.63134765625
284.422058105469 284.393859863281 284.369018554688 284.343170166016 284.314697265625 284.2880859375 284.264221191406 284.242523193359 284.206909179688 284.129302978516 284.058898925781 284.030395507812 283.986968994141 283.933563232422 283.874084472656 283.858947753906 283.909698486328 283.975067138672 283.938049316406 283.847351074219 283.79736328125 283.779327392578 283.72314453125 283.622375488281 283.550994873047 283.4873046875 283.466735839844 283.436492919922 283.472229003906 283.521362304688 283.583343505859 283.609161376953 283.559875488281 283.542633056641 283.494384765625 283.449035644531 283.419311523438 283.442169189453 283.454162597656 283.510589599609 283.564239501953 283.658538818359 283.6953125 283.720153808594 283.69970703125 283.694091796875 283.66015625 283.749847412109 283.939361572266 283.943817138672 283.950927734375
284.407989501953 284.384552001953 284.357696533203 284.332092285156 284.305633544922 284.280364990234 284.257659912109 284.229125976562 284.2001953125 284.151519775391 284.096313476562 284.036773681641 283.958892822266 283.914276123047 283.864898681641 283.81982421875 283.804992675781 283.850860595703 283.908996582031 283.868103027344 283.815246582031 283.765258789062 283.704406738281 283.614349365234 283.560821533203 283.537200927734 283.521942138672 283.514556884766 283.53515625 283.567993164062 283.599853515625 283.649078369141 283.601135253906 283.553314208984 283.491516113281 283.460357666016 283.465118408203 283.528656005859 283.600677490234 283.777618408203 283.881317138672 283.897155761719 283.810455322266 283.769256591797 283.828643798828 283.915802001953 283.977752685547 284.025848388672 284.070404052734 284.062835693359 284.041717529297
284.419586181641 284.396575927734 284.369201660156 284.34423828125 284.319580078125 284.294494628906 284.267852783203 284.2353515625 284.203826904297 284.177825927734 284.146209716797 284.065704345703 283.968933105469 283.903594970703 283.833312988281 283.778778076172 283.757202148438 283.730041503906 283.770050048828 283.860137939453 283.892791748047 283.812072753906 283.694641113281 283.592620849609 283.558319091797 283.552398681641 283.558410644531 283.610656738281 283.620330810547 283.585906982422 283.629608154297 283.70654296875 283.604736328125 283.522674560547 283.528472900391 283.537384033203 283.625701904297 283.7607421875 283.910247802734 284.045288085938 284.057220458984 284.070648193359 284.061706542969 284.056182861328 284.065887451172 284.072540283203 284.061340332031 284.029296875 283.996795654297 283.943054199219 283.896118164062
284.449615478516 284.423156738281 284.395599365234 284.371429443359 284.344055175781 284.316253662109 284.271575927734 284.213684082031 284.188446044922 284.168914794922 284.157897949219 284.125854492188 284.044769287109 283.956237792969 283.850128173828 283.766723632812 283.731842041016 283.686828613281 283.697998046875 283.774261474609 283.869750976562 283.859039306641 283.728851318359 283.624145507812 283.633666992188 283.644195556641 283.629058837891 283.706359863281 283.714569091797 283.625091552734 283.703857421875 283.723114013672 283.6083984375 283.607940673828 283.613800048828 283.669219970703 283.830749511719 284.045288085938 284.133697509766 284.148498535156 284.147125244141 284.13427734375 284.113708496094 284.098388671875 284.061828613281 284.016876220703 283.961151123047 283.87548828125 283.793487548828 283.68115234375 283.644561767578
284.481353759766 284.45166015625 284.421112060547 284.393615722656 284.368438720703 284.340759277344 284.266143798828 284.178771972656 284.160675048828 284.140441894531 284.14404296875 284.149139404297 284.115997314453 284.061767578125 283.954223632812 283.844940185547 283.809448242188 283.758270263672 283.745025634766 283.732513427734 283.768432617188 283.779266357422 283.787628173828 283.789520263672 283.775451660156 283.772674560547 283.764739990234 283.801147460938 283.814819335938 283.778533935547 283.786499023438 283.714233398438 283.702484130859 283.735412597656 283.734191894531 283.837219238281 284.038482666016 284.165618896484 284.175018310547 284.155364990234 284.128875732422 284.094757080078 284.038604736328 283.994110107422 283.931213378906 283.899993896484 283.859924316406 283.700836181641 283.619995117188 283.565093994141 283.495544433594
284.506774902344 284.478576660156 284.448425292969 284.419250488281 284.393218994141 284.363616943359 284.290679931641 284.198089599609 284.163391113281 284.141479492188 284.144012451172 284.154296875 284.098022460938 284.08349609375 284.053588867188 284.018737792969 284.003234863281 283.950103759766 283.889038085938 283.803253173828 283.779357910156 283.639526367188 283.692626953125 283.770294189453 283.739776611328 283.744537353516 283.778778076172 283.827331542969 283.810485839844 283.829650878906 283.808807373047 283.768859863281 283.794494628906 283.804809570312 283.934112548828 284.059692382812 284.171600341797 284.181579589844 284.157073974609 284.135345458984 284.08349609375 284.005065917969 283.944671630859 283.916137695312 283.890380859375 283.82666015625 283.781524658203 283.690734863281 283.675933837891 283.63525390625 283.577667236328
284.528137207031 284.503967285156 284.475311279297 284.445190429688 284.414337158203 284.382019042969 284.332122802734 284.234802246094 284.180572509766 284.145904541016 284.121765136719 284.135589599609 284.103057861328 284.011993408203 283.987823486328 284.012847900391 284.043518066406 284.065307617188 284.049194335938 283.999603271484 283.964416503906 283.851593017578 283.831848144531 283.810791015625 283.781402587891 283.754150390625 283.743011474609 283.747894287109 283.723175048828 283.734344482422 283.752349853516 283.760009765625 283.814117431641 283.943420410156 284.135650634766 284.199951171875 284.193542480469 284.157257080078 284.110412597656 284.065521240234 284.037384033203 284.00244140625 283.925476074219 283.882141113281 283.846343994141 283.769989013672 283.698852539062 283.698669433594 283.693176269531 283.674133300781 283.646942138672
284.550994873047 284.525268554688 284.5 284.468353271484 284.430969238281 284.393188476562 284.371398925781 284.288055419922 284.20849609375 284.139099121094 284.091186523438 284.121215820312 284.143615722656 283.958435058594 283.881713867188 283.886138916016 283.905975341797 283.962615966797 284.005706787109 284.082214355469 284.103363037109 284.109161376953 284.100891113281 284.068145751953 284.049835205078 284.021179199219 283.937744140625 283.849395751953 283.852020263672 283.820922851562 283.77587890625 283.823181152344 284.026672363281 284.179748535156 284.216644287109 284.214569091797 284.185668945312 284.131256103516 284.071990966797 283.992645263672 283.955047607422 284.023010253906 283.975952148438 283.831329345703 283.769165039062 283.724548339844 283.659606933594 283.603607177734 283.564392089844 283.572540283203 283.565795898438
284.572662353516 284.545989990234 284.521484375 284.470123291016 284.397125244141 284.360504150391 284.388366699219 284.330963134766 284.256561279297 284.166595458984 284.093902587891 284.084350585938 284.098327636719 284.018920898438 283.964538574219 283.932952880859 283.879913330078 283.876159667969 283.884490966797 283.929748535156 283.901702880859 283.996307373047 284.090454101562 284.129730224609 284.163360595703 284.168090820312 284.134124755859 284.100250244141 284.113891601562 284.097015380859 284.063842773438 284.103637695312 284.211761474609 284.227508544922 284.205627441406 284.1904296875 284.158782958984 284.090942382812 284.037902832031 283.974731445312 283.933349609375 283.957305908203 284.002838134766 283.874755859375 283.723602294922 283.674102783203 283.651794433594 283.629241943359 283.650238037109 283.614654541016 283.547393798828
284.595764160156 284.566741943359 284.517425537109 284.445556640625 284.381408691406 284.354522705078 284.395660400391 284.360565185547 284.285797119141 284.216033935547 284.126831054688 284.056121826172 283.988952636719 283.95947265625 283.932159423828 283.955322265625 283.947631835938 283.891540527344 283.865539550781 283.760925292969 283.730743408203 283.836120605469 283.927856445312 283.980041503906 284.007995605469 284.030059814453 284.084838867188 284.165832519531 284.210601806641 284.224945068359 284.235595703125 284.233032226562 284.218109130859 284.201812744141 284.173614501953 284.134490966797 284.11083984375 284.052520751953 284.01025390625 283.968780517578 283.936126708984 283.888854980469 283.907897949219 283.961547851562 283.880218505859 283.775115966797 283.741363525391 283.782409667969 283.792907714844 283.74072265625 283.656311035156
284.618194580078 284.577667236328 284.491088867188 284.432708740234 284.399291992188 284.368316650391 284.411437988281 284.387145996094 284.312438964844 284.232635498047 284.136871337891 284.040405273438 283.958374023438 283.917175292969 283.880920410156 283.903686523438 283.950073242188 283.914703369141 283.839477539062 283.701141357422 283.700653076172 283.741729736328 283.846008300781 283.852661132812 283.826782226562 283.840301513672 283.870880126953 283.992309570312 284.094329833984 284.135467529297 284.174407958984 284.184173583984 284.167083740234 284.135559082031 284.113342285156 284.065795898438 284.0537109375 284.027435302734 283.976593017578 283.9521484375 283.916381835938 283.854309082031 283.801879882812 283.864532470703 283.934661865234 283.962554931641 283.959533691406 283.973693847656 283.952331542969 283.911193847656 283.832702636719
284.637359619141 284.583648681641 284.508941650391 284.472290039062 284.439483642578 284.389404296875 284.387420654297 284.410247802734 284.355072021484 284.245086669922 284.132751464844 284.053863525391 283.999633789062 283.9423828125 283.888549804688 283.894653320312 283.933288574219 283.865081787109 283.794158935547 283.7734375 283.764526367188 283.769683837891 283.843231201172 283.849822998047 283.780456542969 283.744659423828 283.755615234375 283.846130371094 283.896209716797 283.916229248047 284.038177490234 284.093505859375 284.106597900391 284.061279296875 284.038879394531 284.037048339844 284.023864746094 284.026428222656 283.973480224609 283.936645507812 283.892700195312 283.82958984375 283.768035888672 283.744140625 283.781677246094 283.901977539062 283.927093505859 283.909576416016 283.890960693359 283.884490966797 283.941345214844
284.642761230469 284.601379394531 284.551544189453 284.518402099609 284.473327636719 284.407012939453 284.366516113281 284.371520996094 284.36083984375 284.31982421875 284.21923828125 284.108703613281 284.037170410156 283.950531005859 283.90380859375 283.896148681641 283.898712158203 283.889038085938 283.902191162109 283.88427734375 283.856689453125 283.87158203125 283.873870849609 283.868225097656 283.827606201172 283.763793945312 283.704437255859 283.744598388672 283.783203125 283.807067871094 283.902374267578 283.959320068359 284.040985107422 283.96728515625 283.898040771484 283.974578857422 283.974548339844 283.9638671875 283.979278564453 283.933227539062 283.856719970703 283.777526855469 283.730773925781 283.693206787109 283.682434082031 283.822814941406 283.787567138672 283.766357421875 283.733123779297 283.689056396484 283.872711181641
284.643463134766 284.628845214844 284.599761962891 284.542999267578 284.484741210938 284.418121337891 284.367279052734 284.307495117188 284.244903564453 284.280029296875 284.293151855469 284.208740234375 284.064361572266 283.970947265625 283.907897949219 283.846221923828 283.825988769531 283.869415283203 283.930786132812 283.955017089844 283.928131103516 283.919647216797 283.891510009766 283.888031005859 283.877899169922 283.825744628906 283.73876953125 283.700561523438 283.717987060547 283.798126220703 283.848419189453 283.898529052734 283.968322753906 283.919677734375 283.774230957031 283.86474609375 283.882598876953 283.83203125 283.916351318359 283.925476074219 283.804321289062 283.725524902344 283.647888183594 283.643035888672 283.710968017578 283.806732177734 283.701354980469 283.637390136719 283.632659912109 283.573150634766 283.772308349609
284.649475097656 284.644409179688 284.634979248047 284.589538574219 284.503479003906 284.435852050781 284.389923095703 284.298919677734 284.201446533203 284.199798583984 284.224792480469 284.268432617188 284.142028808594 283.998321533203 283.866363525391 283.799987792969 283.823394775391 283.853637695312 283.880035400391 283.926910400391 283.907073974609 283.905334472656 283.882720947266 283.870971679688 283.863983154297 283.84423828125 283.7998046875 283.729827880859 283.673309326172 283.751037597656 283.809234619141 283.843963623047 283.848327636719 283.872924804688 283.742065429688 283.852966308594 283.835815429688 283.732696533203 283.858551025391 283.907592773438 283.719818115234 283.6552734375 283.602569580078 283.617431640625 283.695465087891 283.719604492188 283.723388671875 283.594757080078 283.517517089844 283.46337890625 283.659362792969
284.658538818359 284.654571533203 284.639953613281 284.62646484375 284.566711425781 284.510498046875 284.448822021484 284.316680908203 284.20703125 284.190551757812 284.178466796875 284.247314453125 284.243408203125 284.083312988281 283.908538818359 283.884582519531 283.904052734375 283.877532958984 283.865356445312 283.900695800781 283.876739501953 283.880645751953 283.88623046875 283.857360839844 283.828887939453 283.834106445312 283.828918457031 283.797515869141 283.718841552734 283.721710205078 283.818511962891 283.809722900391 283.801605224609 283.761596679688 283.753784179688 283.842102050781 283.799011230469 283.741485595703 283.864379882812 283.855255126953 283.660522460938 283.566131591797 283.558166503906 283.541290283203 283.586975097656 283.564727783203 283.626281738281 283.604400634766 283.413360595703 283.459045410156 283.664978027344
284.667266845703 284.649353027344 284.620178222656 284.622924804688 284.590484619141 284.562103271484 284.483978271484 284.329498291016 284.245727539062 284.212646484375 284.17138671875 284.160949707031 284.216461181641 284.187347412109 284.131744384766 284.046112060547 284.019409179688 283.956085205078 283.900726318359 283.879913330078 283.850036621094 283.824584960938 283.843017578125 283.847137451172 283.793182373047 283.775665283203 283.812561035156 283.811126708984 283.756256103516 283.750946044922 283.788665771484 283.730804443359 283.753814697266 283.72802734375 283.712646484375 283.751983642578 283.768981933594 283.797546386719 283.909484863281 283.852722167969 283.671569824219 283.590606689453 283.577362060547 283.527923583984 283.501403808594 283.437438964844 283.458892822266 283.495208740234 283.376861572266 283.551330566406 283.730194091797
284.664916992188 284.636596679688 284.601593017578 284.596618652344 284.563690185547 284.530059814453 284.507720947266 284.405212402344 284.324249267578 284.262023925781 284.217468261719 284.126892089844 284.082336425781 284.087097167969 284.192138671875 284.171936035156 284.128784179688 284.043334960938 283.962707519531 283.918701171875 283.902923583984 283.838592529297 283.808441162109 283.809326171875 283.781616210938 283.741180419922 283.744873046875 283.790374755859 283.781066894531 283.700744628906 283.6865234375 283.674743652344 283.684143066406 283.690002441406 283.649536132812 283.678070068359 283.729522705078 283.807830810547 283.868835449219 283.861053466797 283.785186767578 283.755096435547 283.715423583984 283.631683349609 283.508331298828 283.384765625 283.373626708984 283.417175292969 283.437744140625 283.610626220703 283.721740722656
284.654663085938 284.632751464844 284.585052490234 284.563079833984 284.537750244141 284.467346191406 284.430725097656 284.465148925781 284.402740478516 284.336730957031 284.268585205078 284.158294677734 284.036987304688 284.00244140625 284.068908691406 284.122253417969 284.166229248047 284.141357421875 284.097229003906 284.047149658203 283.974517822266 283.892730712891 283.855529785156 283.812805175781 283.767669677734 283.745422363281 283.711944580078 283.729553222656 283.761566162109 283.690063476562 283.619720458984 283.602966308594 283.586181640625 283.567230224609 283.542938232422 283.592926025391 283.689910888672 283.771392822266 283.739532470703 283.772064208984 283.801574707031 283.842926025391 283.768402099609 283.703002929688 283.604431152344 283.501678466797 283.428680419922 283.384338378906 283.506774902344 283.663330078125 283.631011962891
284.639862060547 284.637023925781 284.599334716797 284.538818359375 284.499542236328 284.421600341797 284.372833251953 284.443969726562 284.379577636719 284.294006347656 284.210418701172 284.176940917969 284.102783203125 284.000274658203 283.987152099609 284.00244140625 284.083435058594 284.144744873047 284.166046142578 284.162170410156 284.022521972656 283.933532714844 283.889343261719 283.838562011719 283.772857666016 283.739624023438 283.704376220703 283.685577392578 283.714935302734 283.717102050781 283.660522460938 283.599456787109 283.543212890625 283.478118896484 283.4697265625 283.558746337891 283.621459960938 283.670288085938 283.642425537109 283.688110351562 283.739105224609 283.748382568359 283.665679931641 283.673553466797 283.616973876953 283.53515625 283.43896484375 283.426361083984 283.541961669922 283.558441162109 283.512573242188
