R_scripts/int_process_data/Bio_04_2001.2020.asc
NCOLS 281 
NROWS 577 
XLLCORNER 81175.2677831308 
YLLCORNER -911.770678700996 
CELLSIZE 1000 
NODATA_value -3.4e+38 
[rows 138 to 160 of 577, columns 104 to 155 of 281]
477.802032470703 487.867126464844 504.384979248047 514.289672851562 528.241027832031 543.464965820312 521.750122070312 510.764343261719 518.715209960938 494.461730957031 476.484954833984 498.429840087891 525.235107421875 522.937927246094 526.331115722656 538.716247558594 504.386871337891 482.223083496094 493.933471679688 514.997619628906 521.975341796875 507.789184570312 492.923431396484 482.317321777344 481.593353271484 477.003509521484 470.387878417969 494.302001953125 523.309631347656 514.866577148438 506.603485107422 516.8955078125 530.346313476562 527.193481445312 531.270324707031 538.0390625 540.350341796875 538.047180175781 542.635375976562 553.736694335938 568.008972167969 579.151672363281 581.702270507812 575.483764648438 572.144104003906 571.273132324219 573.928466796875 577.266906738281 579.444091796875 579.604125976562 584.499694824219 589.780944824219
503.641540527344 513.40478515625 527.062683105469 547.2099609375 568.356689453125 563.558288574219 544.171997070312 544.615417480469 531.314392089844 496.719512939453 477.985748291016 495.202484130859 524.893981933594 548.19873046875 561.027465820312 567.00830078125 534.643798828125 504.467163085938 494.617584228516 495.12890625 515.792297363281 541.167175292969 538.87255859375 519.800842285156 505.535583496094 501.986297607422 484.262115478516 514.809753417969 541.849975585938 532.706237792969 514.718688964844 510.139953613281 516.153564453125 521.014404296875 524.8515625 524.091491699219 525.138854980469 533.867004394531 553.247741699219 564.860534667969 571.51318359375 577.239868164062 576.389770507812 570.270629882812 566.297241210938 569.703979492188 573.4892578125 575.396179199219 577.918762207031 581.79443359375 585.899841308594 586.448852539062
546.339782714844 548.975830078125 565.161987304688 588.96826171875 604.86962890625 591.453552246094 582.574035644531 584.732604980469 554.916198730469 512.213317871094 485.305694580078 487.064056396484 500.011474609375 538.051086425781 568.527587890625 565.70654296875 561.165222167969 518.946411132812 531.26171875 524.597229003906 532.948974609375 560.771240234375 567.277465820312 536.711364746094 511.892761230469 512.663696289062 501.327819824219 534.378356933594 546.913635253906 530.567260742188 528.338317871094 525.481323242188 512.883911132812 512.577758789062 514.404846191406 516.883422851562 518.5703125 529.19873046875 551.443115234375 571.5693359375 578.022705078125 580.893127441406 571.733825683594 562.662780761719 567.459899902344 577.074951171875 577.931457519531 579.4638671875 583.234924316406 587.203857421875 586.13037109375 582.196044921875
578.501647949219 585.017761230469 599.8935546875 610.531494140625 616.150329589844 615.302551269531 609.056213378906 600.061584472656 572.306457519531 523.416198730469 501.784820556641 511.818664550781 498.937316894531 522.318725585938 549.302124023438 561.126770019531 575.955261230469 549.566040039062 568.528015136719 565.590393066406 575.445068359375 572.156066894531 552.953369140625 523.036743164062 498.524261474609 501.848724365234 513.022155761719 543.414794921875 540.9013671875 533.589477539062 537.118957519531 527.669555664062 519.933654785156 522.387512207031 525.37939453125 528.412170410156 523.364807128906 524.812805175781 538.769226074219 561.756164550781 575.161743164062 576.583251953125 566.133728027344 559.285339355469 569.0517578125 577.420837402344 579.752197265625 583.96435546875 586.860717773438 586.334411621094 582.960571289062 579.772705078125
575.958923339844 588.223083496094 598.808471679688 605.632141113281 609.640686035156 617.220092773438 617.827087402344 608.390075683594 587.086791992188 544.229614257812 524.172912597656 541.854187011719 522.511108398438 520.022277832031 535.694396972656 563.98876953125 572.450622558594 579.8525390625 592.424255371094 587.541625976562 578.672668457031 554.7314453125 522.422546386719 501.057708740234 486.045806884766 490.816497802734 518.253112792969 539.6728515625 530.583618164062 530.903564453125 535.914184570312 522.736083984375 519.426696777344 521.904357910156 529.22412109375 540.076049804688 538.108520507812 534.091552734375 528.886474609375 548.144348144531 566.434204101562 569.936157226562 563.1826171875 558.476196289062 568.209533691406 573.355163574219 577.846374511719 583.724182128906 584.930114746094 581.698852539062 577.393493652344 578.227966308594
550.720031738281 567.607543945312 588.206359863281 604.7158203125 610.168823242188 613.660095214844 616.845581054688 610.506652832031 592.098327636719 565.755432128906 553.371215820312 554.627014160156 536.826171875 533.663269042969 528.200927734375 540.238220214844 568.121643066406 591.440185546875 581.36474609375 564.11572265625 554.44189453125 529.015747070312 496.147033691406 477.982727050781 481.051635742188 503.148284912109 524.098754882812 529.90283203125 523.772338867188 527.689758300781 529.088439941406 516.059204101562 515.342407226562 520.46728515625 534.701049804688 537.840393066406 547.058227539062 539.156127929688 534.251525878906 544.758239746094 556.643188476562 564.929382324219 558.999633789062 553.704040527344 564.740295410156 568.295227050781 573.368469238281 577.638427734375 580.097351074219 579.882141113281 575.04150390625 575.103637695312
536.797912597656 564.173400878906 595.832824707031 608.030883789062 608.485717773438 602.153442382812 600.603088378906 594.480407714844 599.471618652344 592.901733398438 587.234924316406 563.95654296875 556.8291015625 574.022888183594 557.246154785156 541.561462402344 568.944091796875 588.705322265625 561.242004394531 528.2451171875 520.882568359375 498.427612304688 476.494720458984 464.778686523438 480.429138183594 513.258483886719 522.772583007812 516.850524902344 517.981811523438 528.166381835938 520.697143554688 507.290924072266 508.548583984375 523.068481445312 533.747863769531 532.398498535156 554.299133300781 550.814208984375 538.771423339844 535.823181152344 542.366088867188 549.685729980469 547.318176269531 549.531127929688 560.885070800781 561.129333496094 567.468383789062 571.634094238281 575.432556152344 575.459716796875 573.085632324219 573.084411621094
551.799377441406 574.048645019531 600.060424804688 596.870971679688 582.566955566406 584.978759765625 586.183776855469 571.526489257812 577.906616210938 592.071166992188 612.721801757812 602.847961425781 591.696411132812 602.908752441406 592.455444335938 561.729919433594 565.248596191406 580.471130371094 563.022155761719 513.294677734375 499.439147949219 480.584747314453 465.424041748047 461.885681152344 481.126434326172 516.437438964844 514.98291015625 507.587677001953 519.919738769531 530.581726074219 516.190795898438 505.900207519531 514.075012207031 526.283142089844 526.015991210938 533.048767089844 547.189575195312 543.532531738281 552.42578125 551.542053222656 540.930480957031 537.164428710938 540.084594726562 544.975891113281 551.512451171875 556.485290527344 563.830993652344 568.12060546875 572.171875 575.813171386719 576.828002929688 576.693420410156
562.332702636719 558.712341308594 575.191284179688 560.093566894531 538.205688476562 556.658752441406 570.186706542969 554.23876953125 547.271240234375 568.132446289062 596.638061523438 615.219665527344 611.471008300781 605.401306152344 608.791259765625 601.325622558594 596.811950683594 596.246459960938 576.343383789062 528.0546875 505.826293945312 479.600494384766 461.028289794922 469.584228515625 491.981689453125 513.060180664062 504.546203613281 503.321075439453 520.365661621094 525.5625 510.967864990234 508.110321044922 522.116516113281 525.844970703125 520.333557128906 531.636535644531 528.151794433594 528.303161621094 563.572387695312 578.627624511719 561.615112304688 547.668884277344 546.005554199219 548.70361328125 553.227722167969 564.428649902344 567.449829101562 571.990295410156 576.438720703125 580.145446777344 582.145324707031 579.714050292969
556.650024414062 535.656188964844 542.724426269531 531.525085449219 502.706420898438 516.68408203125 541.57421875 533.595642089844 547.275451660156 571.503845214844 587.929504394531 606.662841796875 610.776733398438 608.107482910156 613.354431152344 602.774353027344 576.230895996094 572.815673828125 556.169372558594 534.530456542969 512.317687988281 483.3369140625 464.320037841797 479.342834472656 494.200073242188 502.421173095703 498.548095703125 507.708160400391 520.817077636719 518.518798828125 505.950439453125 508.119567871094 519.7021484375 513.551208496094 514.617248535156 520.562561035156 519.684387207031 540.011352539062 568.9228515625 582.72705078125 572.998474121094 563.170288085938 558.113952636719 557.218322753906 561.780151367188 567.156127929688 568.776123046875 573.973327636719 575.881042480469 578.712768554688 580.387756347656 572.353271484375
546.837341308594 529.812255859375 520.440490722656 515.158325195312 492.128875732422 481.787780761719 506.647308349609 526.875610351562 562.711364746094 592.44677734375 600.125549316406 603.895385742188 592.831665039062 598.525146484375 607.09228515625 583.6767578125 539.341674804688 527.26806640625 522.672424316406 517.746337890625 497.713348388672 472.730834960938 468.959442138672 480.555358886719 489.606109619141 502.058197021484 505.650573730469 517.687805175781 518.512268066406 512.579833984375 505.338958740234 509.414642333984 514.326110839844 500.597930908203 509.447265625 512.403076171875 526.378784179688 547.25341796875 568.973937988281 582.993835449219 575.260437011719 563.491394042969 559.570007324219 560.37890625 565.844055175781 562.980895996094 562.873107910156 567.281616210938 570.192321777344 577.955444335938 576.160217285156 563.738464355469
527.682006835938 521.983764648438 512.713012695312 494.224914550781 476.655914306641 472.892486572266 503.1181640625 540.48681640625 569.074401855469 586.359069824219 589.526000976562 585.89892578125 564.864990234375 573.548522949219 575.836120605469 547.714904785156 519.550598144531 505.209197998047 502.103393554688 502.495483398438 489.488098144531 467.664733886719 481.002471923828 490.248046875 496.600280761719 506.246520996094 514.657470703125 519.053283691406 509.665771484375 504.808197021484 505.597015380859 498.640045166016 494.6748046875 490.887176513672 501.145660400391 515.151977539062 527.560302734375 532.927612304688 554.984558105469 578.322570800781 576.093383789062 557.82373046875 553.052795410156 559.907958984375 571.568054199219 567.315307617188 558.317993164062 559.149658203125 565.317687988281 576.781677246094 568.562255859375 558.375793457031
516.49462890625 506.956207275391 504.504028320312 482.4443359375 462.629943847656 481.0546875 509.636077880859 542.376525878906 565.9052734375 574.274841308594 564.433776855469 554.317199707031 539.990478515625 546.205749511719 540.935302734375 512.094543457031 498.778472900391 493.196929931641 491.696014404297 491.145874023438 477.779479980469 468.472137451172 496.958862304688 508.098327636719 506.705627441406 503.006561279297 512.011291503906 509.116424560547 500.416595458984 499.105895996094 500.883972167969 486.164672851562 484.971160888672 490.353332519531 496.403076171875 509.704650878906 519.616882324219 535.732849121094 555.8173828125 564.17041015625 564.543518066406 552.465637207031 549.278625488281 557.264953613281 565.458251953125 565.641784667969 559.166809082031 554.982177734375 563.642456054688 570.65673828125 560.123168945312 556.425476074219
515.634948730469 501.655029296875 490.717956542969 465.735015869141 452.779693603516 477.125946044922 506.369201660156 522.598205566406 541.024597167969 566.487854003906 545.744445800781 521.047119140625 514.336669921875 517.40283203125 509.202880859375 493.000610351562 486.663848876953 487.044982910156 486.175384521484 478.281585693359 463.888641357422 472.068572998047 501.332305908203 509.385772705078 503.915863037109 504.154846191406 503.973907470703 495.302886962891 490.682342529297 497.780792236328 494.579284667969 484.409057617188 499.747680664062 512.86865234375 518.429626464844 519.292724609375 530.595275878906 541.324523925781 546.35693359375 543.732299804688 548.174743652344 545.981384277344 543.52294921875 548.455078125 546.712158203125 545.666015625 548.722900390625 553.942932128906 560.567749023438 559.417663574219 550.934692382812 551.731140136719
510.806182861328 493.094757080078 477.440399169922 452.945709228516 454.274749755859 477.078308105469 498.452453613281 505.677612304688 515.300659179688 547.719360351562 534.100280761719 500.449890136719 490.861877441406 493.674224853516 490.274475097656 483.670593261719 481.648864746094 484.853576660156 486.5078125 474.604339599609 457.712524414062 464.482177734375 490.751434326172 497.858337402344 496.52490234375 502.291412353516 496.944671630859 482.183654785156 486.664581298828 494.044311523438 487.212097167969 493.720092773438 513.005554199219 522.044372558594 528.783569335938 532.258422851562 532.312133789062 530.375305175781 532.059265136719 532.12841796875 537.122680664062 534.98388671875 532.645874023438 534.702880859375 534.329833984375 535.053344726562 536.4580078125 544.574462890625 547.156005859375 546.599060058594 545.297546386719 548.002990722656
502.413757324219 484.976593017578 464.41064453125 445.960052490234 455.374420166016 464.138824462891 471.642364501953 487.947570800781 507.337585449219 519.15478515625 508.184112548828 483.965423583984 477.260437011719 479.330718994141 480.324615478516 478.624084472656 481.53564453125 487.739074707031 488.775512695312 483.969390869141 462.232635498047 457.038177490234 477.881866455078 483.221221923828 483.63427734375 482.616546630859 479.018890380859 475.049865722656 480.927032470703 483.953399658203 490.430541992188 506.072723388672 515.617065429688 522.855346679688 523.892639160156 522.636047363281 518.957336425781 519.938293457031 521.266906738281 522.717834472656 525.349060058594 525.13525390625 528.58154296875 534.086608886719 537.895141601562 536.173217773438 539.705322265625 539.151062011719 540.473327636719 542.604858398438 547.498779296875 548.630798339844
474.426330566406 459.664703369141 444.516967773438 437.886016845703 440.578857421875 441.355255126953 446.031158447266 466.947235107422 495.410400390625 490.326507568359 480.687194824219 470.163238525391 477.643768310547 481.487487792969 479.932769775391 479.822998046875 485.888153076172 491.625122070312 485.308959960938 473.684417724609 455.86328125 452.08154296875 463.600280761719 473.098175048828 479.436248779297 482.341827392578 476.33349609375 478.657775878906 483.892028808594 486.739440917969 495.082275390625 503.95068359375 509.501037597656 515.727294921875 513.10302734375 510.991851806641 510.031921386719 512.373474121094 513.122131347656 513.960693359375 518.031372070312 528.105529785156 536.270935058594 541.493835449219 545.733276367188 548.316955566406 550.861389160156 548.529174804688 547.403991699219 551.642395019531 559.199401855469 558.053527832031
447.512939453125 441.645446777344 444.099792480469 447.178344726562 448.963592529297 450.134796142578 445.886322021484 449.192443847656 461.498138427734 455.085327148438 456.606109619141 456.927734375 467.801116943359 476.916351318359 476.504730224609 480.432891845703 484.648040771484 478.307739257812 466.253051757812 453.51611328125 447.102783203125 454.754272460938 464.946228027344 479.120086669922 492.129425048828 499.699005126953 497.402618408203 503.462860107422 510.916748046875 509.829254150391 503.387481689453 504.769500732422 504.920928955078 511.331176757812 516.258544921875 518.192321777344 514.69775390625 517.902770996094 513.219177246094 512.009765625 520.621032714844 526.510192871094 527.934204101562 534.084533691406 540.644165039062 546.062377929688 548.5859375 550.769348144531 549.788940429688 551.766296386719 557.527954101562 555.256225585938
443.407043457031 455.709564208984 467.94482421875 465.597290039062 468.904968261719 470.990814208984 462.751159667969 449.964263916016 446.145355224609 451.357086181641 456.732452392578 462.895172119141 459.253204345703 456.925384521484 459.070922851562 468.115631103516 471.196502685547 463.888305664062 452.255950927734 448.972442626953 449.997039794922 465.007293701172 468.452270507812 473.153594970703 482.818695068359 493.481109619141 505.089660644531 516.519897460938 524.886657714844 524.587158203125 520.5751953125 521.873779296875 515.710632324219 519.76953125 527.974426269531 533.247741699219 527.163452148438 527.427429199219 520.252380371094 518.243225097656 527.137634277344 531.989196777344 530.881958007812 534.346130371094 535.971008300781 538.567260742188 542.460510253906 541.875183105469 541.585998535156 545.02294921875 549.195190429688 549.320556640625
462.857971191406 480.995178222656 487.614318847656 479.916961669922 484.451263427734 490.810211181641 491.896484375 477.305450439453 471.344665527344 478.976959228516 486.115203857422 484.829528808594 477.645568847656 467.576873779297 464.344268798828 462.966766357422 459.105987548828 454.895660400391 455.96484375 462.118835449219 460.441833496094 475.814392089844 480.71923828125 478.382690429688 480.954193115234 490.560577392578 504.088104248047 514.398010253906 521.719787597656 525.862182617188 527.51806640625 529.39599609375 527.53173828125 529.9794921875 535.128173828125 539.222106933594 538.659118652344 533.349609375 526.354431152344 524.439758300781 534.11083984375 540.688659667969 543.010009765625 543.1103515625 537.742736816406 537.738647460938 537.326293945312 532.631652832031 538.398071289062 547.387145996094 553.462951660156 552.337829589844
487.057952880859 500.148162841797 494.536865234375 490.349029541016 501.141906738281 509.055023193359 512.105285644531 501.661956787109 499.994140625 503.233245849609 506.338226318359 499.165588378906 492.833557128906 486.736114501953 488.025299072266 478.818481445312 465.138031005859 470.191833496094 481.816711425781 476.584655761719 469.394866943359 488.321929931641 496.237823486328 491.846038818359 495.802398681641 501.299438476562 504.417297363281 508.615234375 512.077941894531 514.718627929688 521.094116210938 527.053649902344 530.386413574219 533.659301757812 538.214111328125 541.090393066406 544.066101074219 540.951354980469 535.550964355469 532.590942382812 539.684936523438 544.245666503906 545.072021484375 539.852905273438 529.421813964844 530.17529296875 532.06640625 526.061828613281 538.980041503906 549.371826171875 553.984680175781 548.774291992188
523.101867675781 525.164367675781 512.974792480469 515.227172851562 522.371337890625 520.220458984375 518.726257324219 512.63232421875 515.697509765625 516.799072265625 514.169677734375 509.101470947266 504.375854492188 502.102447509766 503.875762939453 499.65087890625 499.302368164062 500.333038330078 507.214263916016 500.688262939453 484.887115478516 501.703948974609 507.053375244141 505.408813476562 509.233367919922 514.304260253906 512.338562011719 510.125671386719 506.894836425781 508.342254638672 514.356994628906 524.453796386719 529.0390625 533.469116210938 538.289306640625 535.340270996094 536.473815917969 538.255432128906 542.46240234375 541.641662597656 537.365295410156 534.029479980469 533.166381835938 527.162536621094 518.231872558594 517.292846679688 518.756042480469 518.440307617188 530.242797851562 535.357727050781 537.174377441406 533.956420898438
544.979919433594 554.561767578125 549.659973144531 540.614074707031 527.316772460938 517.058837890625 514.507446289062 509.162475585938 511.911651611328 512.822814941406 509.859283447266 510.018249511719 511.705078125 515.18896484375 514.668029785156 524.853881835938 537.365112304688 519.647583007812 515.180725097656 516.503784179688 498.742889404297 505.905212402344 506.785278320312 511.908752441406 519.187805175781 520.963256835938 521.002380371094 519.144226074219 511.769927978516 514.597534179688 516.422729492188 522.329956054688 526.217041015625 528.551818847656 528.810913085938 524.844604492188 525.867431640625 531.244140625 538.986267089844 537.074462890625 527.955688476562 525.524108886719 520.237854003906 515.257263183594 512.508605957031 507.846984863281 505.512878417969 513.515930175781 521.727355957031 522.094360351562 523.282043457031 524.21923828125
