R_scripts/int_process_data/Bio_05.asc
NCOLS 281 
NROWS 576 
XLLCORNER 81175.2677831308 
YLLCORNER 88.2293212990044 
CELLSIZE 1000 
NODATA_value -3.4e+38 
[rows 529 to 551 of 576, columns 52 to 103 of 281]
-3.4e+38 -3.4e+38 -3.4e+38 -3.4e+38 -3.4e+38 26.6447448730469 26.6447448730469 26.7181701660156 27.0262889862061 27.2911682128906 27.521312713623 27.7231349945068 27.9015598297119 28.060432434082 28.2028007507324 28.3311080932617 28.4473419189453 28.5589790344238 28.6927509307861 28.8265209197998 28.9602928161621 29.0940628051758 29.2278347015381 29.3616046905518 29.4953765869141 29.6291465759277 29.76291847229 29.8916263580322 29.9917659759521 30.0919055938721 30.192045211792 30.2921829223633 30.3923225402832 30.4924621582031 30.592601776123 30.692741394043 30.7928810119629 30.8941802978516 31.0041942596436 31.1142063140869 31.2242202758789 31.3342342376709 31.4442462921143 31.5542602539062 31.6642723083496 31.7742862701416 31.884298324585 31.9891204833984 32.0377922058105 32.0864601135254 32.1351318359375 32.1837997436523
-3.4e+38 -3.4e+38 -3.4e+38 -3.4e+38 -3.4e+38 26.6447448730469 26.6447448730469 26.707332611084 26.9784355163574 27.2230243682861 27.444803237915 27.6468238830566 27.8316135406494 28.0012874603271 28.1576251983643 28.3021411895752 28.4361267089844 28.5629215240479 28.6960430145264 28.8291645050049 28.9622859954834 29.0954074859619 29.2285289764404 29.3616504669189 29.4947738647461 29.6278953552246 29.7610168457031 29.8891754150391 29.9893360137939 30.0894966125488 30.1896572113037 30.2898178100586 30.3899784088135 30.4901390075684 30.5902996063232 30.6904602050781 30.790620803833 30.8920631408691 31.0031261444092 31.1141891479492 31.2252521514893 31.3363151550293 31.4473781585693 31.5584411621094 31.6695041656494 31.7805671691895 31.8916320800781 31.9974784851074 32.0469169616699 32.0963554382324 32.1457939147949 32.1952285766602
-3.4e+38 -3.4e+38 -3.4e+38 -3.4e+38 26.6447448730469 26.6447448730469 26.6447448730469 26.6993141174316 26.9413909912109 27.1680908203125 27.3808307647705 27.5808658599854 27.7692966461182 27.9471073150635 28.1151714324951 28.2742671966553 28.4250965118408 28.5668640136719 28.6993350982666 28.83180809021 28.9642810821533 29.096752166748 29.2292251586914 29.3616981506348 29.4941692352295 29.6266422271729 29.7591152191162 29.8867263793945 29.9869079589844 30.0870895385742 30.1872711181641 30.2874526977539 30.3876342773438 30.4878158569336 30.5879974365234 30.6881790161133 30.7883605957031 30.8899440765381 31.0020580291748 31.1141719818115 31.2262840270996 31.3383979797363 31.4505100250244 31.5626239776611 31.6747379302979 31.7868499755859 31.8989639282227 32.0058364868164 32.0560417175293 32.1062469482422 32.1564521789551 32.2066612243652
-3.4e+38 -3.4e+38 -3.4e+38 -3.4e+38 26.6447448730469 26.6447448730469 26.6447448730469 26.6931400299072 26.9118633270264 27.1228637695312 27.3265476226807 27.5232849121094 27.7134246826172 27.8972969055176 28.0752029418945 28.2474308013916 28.4142475128174 28.5708045959473 28.7026290893555 28.834451675415 28.9662742614746 29.0980968475342 29.2299213409424 29.361743927002 29.4935665130615 29.6253890991211 29.7572116851807 29.8842754364014 29.9844779968262 30.084680557251 30.1848831176758 30.2850875854492 30.385290145874 30.4854927062988 30.5856952667236 30.6858978271484 30.7861003875732 30.8878269195557 31.0009899139404 31.1141529083252 31.22731590271 31.3404788970947 31.4536437988281 31.5668067932129 31.6799697875977 31.7931327819824 31.9062957763672 32.0141944885254 32.0651702880859 32.1161422729492 32.1671142578125 32.218090057373
-3.4e+38 -3.4e+38 -3.4e+38 26.6447448730469 26.6447448730469 26.6447448730469 26.6447448730469 26.6882400512695 26.8877754211426 27.0849838256836 27.2799053192139 27.4725799560547 27.6630477905273 27.8513450622559 28.0375061035156 28.2215728759766 28.4035758972168 28.5747470855713 28.7059211730957 28.8370952606201 28.9682674407959 29.0994415283203 29.2306156158447 29.3617897033691 29.4929637908936 29.624137878418 29.7553100585938 29.8818264007568 29.9820499420166 30.0822734832764 30.1824970245361 30.2827205657959 30.3829441070557 30.4831676483154 30.5833930969238 30.6836166381836 30.7838401794434 30.8857078552246 30.9999217987061 31.1141357421875 31.2283477783203 31.3425617218018 31.4567756652832 31.570987701416 31.6852016448975 31.7994155883789 31.9136276245117 32.0225524902344 32.0742950439453 32.1260375976562 32.1777763366699 32.2295188903809
-3.4e+38 -3.4e+38 -3.4e+38 26.6337337493896 26.6337337493896 26.6337337493896 26.6337337493896 26.6749572753906 26.8654384613037 27.0559196472168 27.2463989257812 27.4368801116943 27.6273593902588 27.8178405761719 28.008321762085 28.1988010406494 28.3892822265625 28.5686473846436 28.698543548584 28.8284397125244 28.9583377838135 29.0882339477539 29.2181301116943 29.3480262756348 29.4779224395752 29.6078205108643 29.7377166748047 29.8631439208984 29.9633560180664 30.0635681152344 30.1637802124023 30.2639923095703 30.3642063140869 30.4644184112549 30.5646305084229 30.6648426055908 30.7650547027588 30.8668403625488 30.9804458618164 31.094051361084 31.2076568603516 31.3212604522705 31.4348659515381 31.5484714508057 31.6620769500732 31.7756805419922 31.8892860412598 31.9976596832275 32.0494422912598 32.1012229919434 32.153003692627 32.2047843933105
-3.4e+38 -3.4e+38 26.6086311340332 26.6086311340332 26.6086311340332 26.6086311340332 26.6086311340332 26.649995803833 26.8411273956299 27.0322589874268 27.2233905792236 27.4145240783691 27.605655670166 27.7967872619629 27.9879188537598 28.1790504455566 28.3701820373535 28.5496978759766 28.6775131225586 28.8053283691406 28.9331455230713 29.0609607696533 29.1887760162354 29.316593170166 29.444408416748 29.5722255706787 29.7000408172607 29.823694229126 29.9238529205322 30.0240097045898 30.1241683959961 30.2243270874023 30.3244857788086 30.4246444702148 30.5248031616211 30.6249618530273 30.7251205444336 30.8265399932861 30.9374141693115 31.0482883453369 31.1591644287109 31.2700386047363 31.3809127807617 31.4917869567871 31.6026630401611 31.7135372161865 31.8244113922119 31.9302101135254 31.9811019897461 32.0319938659668 32.0828857421875 32.1337776184082
-3.4e+38 26.502685546875 26.5835266113281 26.5835266113281 26.5835266113281 26.5835266113281 26.5835266113281 26.6250343322754 26.8168163299561 27.0086002349854 27.2003841400146 27.3921661376953 27.5839500427246 27.7757320404053 27.9675159454346 28.1592998504639 28.3510818481445 28.5307483673096 28.6564826965332 28.7822189331055 28.9079532623291 29.0336894989014 29.159423828125 29.2851600646973 29.4108943939209 29.5366306304932 29.6623649597168 29.7842426300049 29.8843479156494 29.9844532012939 30.0845565795898 30.1846618652344 30.2847671508789 30.3848724365234 30.484977722168 30.5850830078125 30.685188293457 30.7862377166748 30.8943824768066 31.0025272369385 31.1106719970703 31.2188148498535 31.3269596099854 31.4351043701172 31.543249130249 31.6513919830322 31.7595367431641 31.8627605438232 31.9127616882324 31.9627647399902 32.0127639770508 32.0627670288086
-3.4e+38 26.4731540679932 26.5584239959717 26.5584239959717 26.5584239959717 26.5584239959717 26.5584239959717 26.6000728607178 26.7925071716309 26.9849414825439 27.177375793457 27.3698101043701 27.5622444152832 27.7546787261963 27.9471130371094 28.1395473480225 28.3319816589355 28.5117969512939 28.6354522705078 28.7591075897217 28.8827610015869 29.0064163208008 29.1300716400146 29.2537250518799 29.3773803710938 29.501033782959 29.6246891021729 29.7447910308838 29.8448429107666 29.9448947906494 30.0449447631836 30.1449966430664 30.2450485229492 30.345100402832 30.4451522827148 30.545202255249 30.6452541351318 30.7459373474121 30.8513507843018 30.9567642211914 31.0621795654297 31.1675930023193 31.273006439209 31.3784198760986 31.4838352203369 31.5892486572266 31.6946620941162 31.7953128814697 31.8444232940674 31.8935356140137 31.9426460266113 31.9917583465576
-3.4e+38 26.4428577423096 26.5333213806152 26.5333213806152 26.5333213806152 26.5333213806152 26.5333213806152 26.5751094818115 26.768196105957 26.9612808227539 27.1543674468994 27.3474540710449 27.5405387878418 27.7336254119873 27.9267101287842 28.1197967529297 28.3128833770752 28.492847442627 28.6144218444824 28.7359962463379 28.8575706481934 28.9791431427002 29.1007175445557 29.2222919464111 29.3438663482666 29.4654388427734 29.5870132446289 29.7053394317627 29.8053379058838 29.9053363800049 30.0053329467773 30.1053314208984 30.2053298950195 30.3053283691406 30.4053249359131 30.5053234100342 30.6053218841553 30.7056350708008 30.8083190917969 30.911003112793 31.0136871337891 31.1163692474365 31.2190532684326 31.3217372894287 31.4244213104248 31.5271053314209 31.6297874450684 31.7278633117676 31.7760848999023 31.8243064880371 31.8725280761719 31.9207496643066
-3.4e+38 -3.4e+38 26.5082187652588 26.5082187652588 26.5082187652588 26.5082187652588 26.5082187652588 26.5501480102539 26.7438850402832 26.9376220703125 27.1313591003418 27.3250961303711 27.5188331604004 27.7125720977783 27.9063091278076 28.1000461578369 28.2937831878662 28.47389793396 28.593391418457 28.7128849029541 28.8323783874512 28.9518718719482 29.0713653564453 29.1908588409424 29.3103504180908 29.4298439025879 29.549337387085 29.6658878326416 29.765832901001 29.8657779693604 29.9657211303711 30.0656661987305 30.1656112670898 30.2655544281006 30.36549949646 30.4654445648193 30.5653877258301 30.6653347015381 30.765287399292 30.8652400970459 30.9651947021484 31.0651473999023 31.1651000976562 31.2650547027588 31.3650074005127 31.4649600982666 31.5649147033691 31.6604137420654 31.7077445983887 31.7550773620605 31.8024082183838 31.849739074707
-3.4e+38 -3.4e+38 26.4831161499023 26.4831161499023 26.4831161499023 26.4831161499023 26.4831161499023 26.5251865386963 26.7195739746094 26.9139633178711 27.1083526611328 27.3027400970459 27.4971294403076 27.6915168762207 27.8859062194824 28.0802936553955 28.2746829986572 28.454948425293 28.5723609924316 28.6897735595703 28.807186126709 28.9245986938477 29.0420112609863 29.159423828125 29.2768363952637 29.3942489624023 29.511661529541 29.6264381408691 29.7263278961182 29.8262195587158 29.9261093139648 30.0260009765625 30.1258926391602 30.2257823944092 30.3256740570068 30.4255638122559 30.5254554748535 30.6250324249268 30.7222557067871 30.8194789886475 30.9167022705078 31.0139236450195 31.1111469268799 31.2083702087402 31.3055934906006 31.4028167724609 31.5000400543213 31.5929641723633 31.6394062042236 31.685848236084 31.7322902679443 31.7787303924561
-3.4e+38 -3.4e+38 26.4580135345459 26.4580135345459 26.4580135345459 26.4580135345459 26.4580135345459 26.5002250671387 26.6952648162842 26.8903045654297 27.0853443145752 27.2803840637207 27.4754238128662 27.6704635620117 27.8655033111572 28.0605430603027 28.2555828094482 28.435998916626 28.5513305664062 28.6666622161865 28.7819938659668 28.8973255157471 29.012659072876 29.1279907226562 29.2433223724365 29.3586540222168 29.4739856719971 29.586986541748 29.6868228912354 29.7866611480713 29.8864974975586 29.9863357543945 30.0861721038818 30.1860103607178 30.2858467102051 30.385684967041 30.4855213165283 30.5847301483154 30.6792240142822 30.7737159729004 30.8682098388672 30.9627017974854 31.0571937561035 31.1516876220703 31.2461795806885 31.3406715393066 31.4351654052734 31.5255165100098 31.5710678100586 31.6166191101074 31.6621704101562 31.7077217102051
-3.4e+38 -3.4e+38 26.4329109191895 26.4329109191895 26.4329109191895 26.4329109191895 26.4329109191895 26.4752616882324 26.6709537506104 26.8666439056396 27.0623359680176 27.2580280303955 27.4537181854248 27.6494102478027 27.845100402832 28.04079246521 28.2364826202393 28.417049407959 28.5303001403809 28.6435508728027 28.7568035125732 28.8700542449951 28.983304977417 29.0965576171875 29.2098083496094 29.3230590820312 29.4363117218018 29.547534942627 29.6473178863525 29.7471027374268 29.8468856811523 29.9466705322266 30.0464534759521 30.1462383270264 30.246021270752 30.3458061218262 30.4455890655518 30.5444297790527 30.6361923217773 30.727954864502 30.8197174072266 30.9114780426025 31.0032405853271 31.0950031280518 31.1867656707764 31.278528213501 31.3702907562256 31.4580669403076 31.5027275085449 31.5473899841309 31.5920524597168 31.6367130279541
-3.4e+38 -3.4e+38 26.4078063964844 26.4078063964844 26.4078063964844 26.4078063964844 26.4078063964844 26.4503002166748 26.6466426849365 26.8429851531982 27.03932762146 27.2356700897217 27.4320125579834 27.6283550262451 27.8246974945068 28.0210399627686 28.2173824310303 28.3980979919434 28.5092697143555 28.6204395294189 28.7316112518311 28.8427810668945 28.9539527893066 29.0651226043701 29.1762943267822 29.2874641418457 29.3986358642578 29.5080833435059 29.6078147888184 29.7075443267822 29.8072738647461 29.9070053100586 30.0067348480225 30.1064643859863 30.2061958312988 30.3059253692627 30.4056549072266 30.5041275024414 30.5931606292725 30.6821918487549 30.7712249755859 30.8602561950684 30.9492874145508 31.0383205413818 31.1273517608643 31.2163848876953 31.3054161071777 31.3906173706055 31.4343891143799 31.4781608581543 31.5219326019287 31.5657043457031
-3.4e+38 26.0064678192139 26.2556953430176 26.2851276397705 26.3068885803223 26.3236312866211 26.3369102478027 26.3874130249023 26.5818367004395 26.7778434753418 26.9754505157471 27.1746768951416 27.375545501709 27.5780735015869 27.782283782959 27.9881973266602 28.1958332061768 28.3868370056152 28.4967708587646 28.6067047119141 28.7166404724121 28.8265743255615 28.9365081787109 29.0464420318604 29.1563758850098 29.2663116455078 29.3762454986572 29.4846382141113 29.5843372344971 29.6840362548828 29.7837333679199 29.8834323883057 29.9831314086914 30.0828285217285 30.1825275421143 30.2822265625 30.3819236755371 30.4801769256592 30.5675868988037 30.6549968719482 30.7424049377441 30.8298149108887 30.9172248840332 31.0046348571777 31.0920429229736 31.1794528961182 31.2668628692627 31.3505344390869 31.3937759399414 31.4370193481445 31.4802627563477 31.5235042572021
-3.4e+38 25.7337970733643 25.9558296203613 26.0402908325195 26.1057376861572 26.1579418182373 26.200553894043 26.2686138153076 26.4555702209473 26.6479167938232 26.8458881378174 27.0497341156006 27.2597198486328 27.4761295318604 27.6992607116699 27.9294319152832 28.1669807434082 28.3868370056152 28.4967708587646 28.6067047119141 28.7166404724121 28.8265743255615 28.9365081787109 29.0464420318604 29.1563758850098 29.2663116455078 29.3762454986572 29.4846382141113 29.5843372344971 29.6840362548828 29.7837333679199 29.8834323883057 29.9831314086914 30.0828285217285 30.1825275421143 30.2822265625 30.3819236755371 30.4801769256592 30.5675868988037 30.6549968719482 30.7424049377441 30.8298149108887 30.9172248840332 31.0046348571777 31.0920429229736 31.1794528961182 31.2668628692627 31.3505344390869 31.3937759399414 31.4370193481445 31.4802627563477 31.5235042572021
-3.4e+38 25.5001411437988 25.7006664276123 25.8212547302246 25.9186840057373 25.9990425109863 26.0664520263672 26.149299621582 26.3261604309082 26.5119476318359 26.7073554992676 26.9131488800049 27.1301803588867 27.359395980835 27.6018524169922 27.8587284088135 28.1313514709473 28.3868370056152 28.4967708587646 28.6067047119141 28.7166404724121 28.8265743255615 28.9365081787109 29.0464420318604 29.1563758850098 29.2663116455078 29.3762454986572 29.4846382141113 29.5843372344971 29.6840362548828 29.7837333679199 29.8834323883057 29.9831314086914 30.0828285217285 30.1825275421143 30.2822265625 30.3819236755371 30.4801769256592 30.5675868988037 30.6549968719482 30.7424049377441 30.8298149108887 30.9172248840332 31.0046348571777 31.0920429229736 31.1794528961182 31.2668628692627 31.3505344390869 31.3937759399414 31.4370193481445 31.4802627563477 31.5235042572021
25.1632995605469 25.2969532012939 25.4809055328369 25.6241493225098 25.7442989349365 25.8465232849121 25.9345531463623 26.0294704437256 26.193489074707 26.3695049285889 26.5588874816895 26.7632179260254 26.9843368530273 27.2244052886963 27.4859657287598 27.7720394134521 28.0862407684326 28.3868370056152 28.4967708587646 28.6067047119141 28.7166404724121 28.8265743255615 28.9365081787109 29.0464420318604 29.1563758850098 29.2663116455078 29.3762454986572 29.4846382141113 29.5843372344971 29.6840362548828 29.7837333679199 29.8834323883057 29.9831314086914 30.0828285217285 30.1825275421143 30.2822265625 30.3819236755371 30.4801769256592 30.5675868988037 30.6549968719482 30.7424049377441 30.8298149108887 30.9172248840332 31.0046348571777 31.0920429229736 31.1794528961182 31.2668628692627 31.3505344390869 31.3937759399414 31.4370193481445 31.4802627563477 31.5235042572021
24.9250755310059 25.1163921356201 25.2896556854248 25.4458351135254 25.581335067749 25.7000064849854 25.804801940918 25.9091186523438 26.057430267334 26.2201175689697 26.3993797302246 26.5978832244873 26.8189067840576 27.0665092468262 27.3457908630371 27.6632499694824 28.027286529541 28.3868370056152 28.4967708587646 28.6067047119141 28.7166404724121 28.8265743255615 28.9365081787109 29.0464420318604 29.1563758850098 29.2663116455078 29.3762454986572 29.4846382141113 29.5843372344971 29.6840362548828 29.7837333679199 29.8834323883057 29.9831314086914 30.0828285217285 30.1825275421143 30.2822265625 30.3819236755371 30.4801769256592 30.5675868988037 30.6549968719482 30.7424049377441 30.8298149108887 30.9172248840332 31.0046348571777 31.0920429229736 31.1794528961182 31.2668628692627 31.3505344390869 31.3937759399414 31.4370193481445 31.4802627563477 31.5235042572021
24.7326774597168 24.9393711090088 25.1217060089111 25.283748626709 25.4287071228027 25.5591468811035 25.6771469116211 25.7882461547852 25.9178524017334 26.0632610321045 26.2275485992432 26.414644241333 26.713207244873 26.9804630279541 27.2792892456055 27.6145496368408 27.973653793335 28.237190246582 28.3639068603516 28.4868412017822 28.6071357727051 28.7255115509033 28.8424549102783 28.9583015441895 29.0732898712158 29.187593460083 29.421142578125 29.5259342193604 29.6256332397461 29.7253322601318 29.8250293731689 29.9247283935547 30.0244274139404 30.1241245269775 30.2238235473633 30.323522567749 30.4226207733154 30.5163841247559 30.6037940979004 30.6912021636963 30.7786121368408 30.8660221099854 30.9534320831299 31.0408401489258 31.1282501220703 31.2156600952148 31.3015213012695 31.3684463500977 31.374641418457 31.4133148193359 31.451265335083 31.4883117675781
24.6010303497314 24.795503616333 24.9730453491211 25.1357707977295 25.2854595184326 25.4236221313477 25.5515365600586 25.6668453216553 25.7746181488037 25.8983631134033 26.0419082641602 26.2104244232178 26.312967300415 26.808069229126 27.1166667938232 27.4572353363037 27.8169937133789 28.0753192901611 28.2151679992676 28.3486289978027 28.4775314331055 28.6030750274658 28.7260723114014 28.8470993041992 28.9665699005127 29.0847873687744 29.4274215698242 29.5317096710205 29.6314086914062 29.731107711792 29.8308048248291 29.9305038452148 30.0302028656006 30.1298999786377 30.2295989990234 30.3292980194092 30.4283123016357 30.5214462280273 30.6088562011719 30.6962661743164 30.7836742401123 30.8710842132568 30.9584941864014 31.0459041595459 31.1333122253418 31.2207221984863 31.3063678741455 31.3709506988525 31.3288345336914 31.3627986907959 31.3953533172607 31.4261512756348
24.4909439086914 24.6711082458496 24.8405284881592 25.0001354217529 25.1507568359375 25.2931327819824 25.427921295166 25.5449123382568 25.6275825500488 25.7247886657715 25.8407287597656 25.9814033508301 26.0606079101562 26.2313480377197 26.9183101654053 27.2647304534912 27.6273059844971 27.8914737701416 28.0447521209717 28.1892471313477 28.3273544311523 28.4606838226318 28.5903453826904 28.7171363830566 28.8416385650635 28.9642848968506 29.4290142059326 29.5331745147705 29.6328735351562 29.732572555542 29.8322696685791 29.9319686889648 30.0316677093506 30.1313648223877 30.2310638427734 30.3307628631592 30.4297561645508 30.5227317810059 30.6101417541504 30.6975498199463 30.7849597930908 30.8723697662354 30.9597797393799 31.0471878051758 31.1345977783203 31.2220077514648 31.307596206665 31.3715858459473 31.260290145874 31.2883949279785 31.314281463623 31.3374290466309
