R_scripts/int_process_data/Bio_14.asc
NCOLS 281 
NROWS 576 
XLLCORNER 81175.2677831308 
YLLCORNER 88.2293212990044 
CELLSIZE 1000 
NODATA_value -3.4e+38 
[rows 110 to 131 of 576, columns 150 to 199 of 281]
0.317018806934357 0.30859962105751 0.300180464982986 0.291761308908463 0.283342152833939 0.274922996759415 0.266503810882568 0.258084654808044 0.249665498733521 0.241246327757835 0.23816354572773 0.235760986804962 0.233358427882195 0.230955883860588 0.22855332493782 0.226150780916214 0.223748221993446 0.22134567797184 0.218943119049072 0.216540575027466 0.214792236685753 0.213155746459961 0.211519256234169 0.209882780909538 0.208246290683746 0.206609800457954 0.204973325133324 0.203336834907532 0.20170034468174 0.200063854455948 0.19815893471241 0.196195498108864 0.194232076406479 0.192268639802933 0.190305203199387 0.18834176659584 0.186378344893456 0.184414908289909 0.182451471686363 0.180488035082817 0.178901374340057 0.177416011691093 0.175930634140968 0.174445271492004 0.17295990884304 0.171474546194077 0.169989183545113 0.168503820896149 0.167018443346024 0.16553308069706
0.315409868955612 0.306970238685608 0.298530578613281 0.290090948343277 0.28165128827095 0.273211658000946 0.264771997928619 0.256332367658615 0.24789272248745 0.239453077316284 0.23643496632576 0.234107956290245 0.23178094625473 0.229453936219215 0.227126911282539 0.224799901247025 0.22247289121151 0.220145881175995 0.21781887114048 0.215491846203804 0.21379879117012 0.212214127182961 0.210629463195801 0.209044799208641 0.20746012032032 0.20587545633316 0.204290792346001 0.202706128358841 0.20112144947052 0.19953678548336 0.197674840688705 0.195752456784248 0.193830072879791 0.191907688975334 0.189985305070877 0.18806292116642 0.186140552163124 0.184218168258667 0.18229578435421 0.180373400449753 0.178807184100151 0.177336737513542 0.175866305828094 0.174395859241486 0.172925412654877 0.171454980969429 0.16998453438282 0.168514087796211 0.167043656110764 0.165573209524155
0.31380096077919 0.305340826511383 0.296880692243576 0.288420587778091 0.279960453510284 0.271500319242477 0.263040214776993 0.254580080509186 0.246119946241379 0.237659826874733 0.234706401824951 0.232454925775528 0.230203449726105 0.227951973676682 0.225700497627258 0.223449021577835 0.221197560429573 0.21894608438015 0.216694608330727 0.214443132281303 0.212805360555649 0.21127250790596 0.209739655256271 0.208206817507744 0.206673964858055 0.205141112208366 0.203608259558678 0.20207542181015 0.200542569160461 0.199009716510773 0.197190746665001 0.195309415459633 0.193428084254265 0.191546753048897 0.189665421843529 0.187784075737 0.185902744531631 0.184021413326263 0.182140082120895 0.180258750915527 0.178712993860245 0.177257478237152 0.175801962614059 0.174346446990967 0.172890931367874 0.17143540084362 0.169979885220528 0.168524369597435 0.167068853974342 0.165613323450089
0.312923222780228 0.304477870464325 0.2960324883461 0.287587106227875 0.279141753911972 0.270696371793747 0.262250989675522 0.253805637359619 0.245360255241394 0.23691488802433 0.233984127640724 0.231756314635277 0.229528501629829 0.227300703525543 0.225072890520096 0.222845077514648 0.220617279410362 0.218389466404915 0.216161653399467 0.213933855295181 0.212281450629234 0.210727423429489 0.209173396229744 0.207619369029999 0.206065341830254 0.204511314630508 0.202957287430763 0.201403260231018 0.199849247932434 0.198295220732689 0.196497812867165 0.19464735686779 0.192796915769577 0.190946459770203 0.189096003770828 0.187245562672615 0.185395106673241 0.183544650673866 0.181694209575653 0.179843753576279 0.178269758820534 0.176770105957985 0.175270453095436 0.173770785331726 0.172271132469177 0.170771479606628 0.16927182674408 0.16777215898037 0.166272506117821 0.164772853255272
0.31220331788063 0.303780287504196 0.295357286930084 0.28693425655365 0.278511255979538 0.270088255405426 0.261665225028992 0.25324222445488 0.244819208979607 0.236396193504333 0.233479008078575 0.231263682246208 0.22904834151268 0.226833000779152 0.224617660045624 0.222402334213257 0.220186993479729 0.217971652746201 0.215756312012672 0.213540971279144 0.211858853697777 0.210267901420593 0.20867694914341 0.207085996866226 0.205495044589043 0.203904092311859 0.202313125133514 0.200722172856331 0.199131220579147 0.197540268301964 0.195759803056717 0.193938046693802 0.192116275429726 0.190294519066811 0.188472747802734 0.186650991439819 0.184829220175743 0.183007463812828 0.181185692548752 0.179363936185837 0.177751183509827 0.176194652915001 0.174638107419014 0.173081576824188 0.171525031328201 0.169968485832214 0.168411955237389 0.166855409741402 0.165298864245415 0.163742333650589
0.311483383178711 0.30308273434639 0.294682085514069 0.286281436681747 0.277880758047104 0.269480109214783 0.261079460382462 0.25267881155014 0.244278147816658 0.235877498984337 0.232973903417587 0.230771034955978 0.228568181395531 0.226365312933922 0.224162444472313 0.221959576010704 0.219756707549095 0.217553839087486 0.215350970625877 0.213148102164268 0.21143627166748 0.209808394312859 0.208180502057076 0.206552624702454 0.204924732446671 0.203296855092049 0.201668962836266 0.200041085481644 0.198413208127022 0.196785315871239 0.19502180814743 0.193228721618652 0.191435649991035 0.189642578363419 0.187849491834641 0.186056420207024 0.184263348579407 0.182470262050629 0.180677190423012 0.178884118795395 0.177232623100281 0.175619199872017 0.174005776643753 0.172392353415489 0.170778930187225 0.169165506958961 0.167552083730698 0.165938660502434 0.16432523727417 0.162711814045906
0.310763478279114 0.302385181188583 0.294006884098053 0.285628587007523 0.277250289916992 0.268871992826462 0.260493695735931 0.252115398645401 0.243737101554871 0.23535880446434 0.232468798756599 0.23027840256691 0.22808800637722 0.225897610187531 0.223707213997841 0.221516817808151 0.219326421618462 0.217136025428772 0.214945629239082 0.212755233049393 0.211013689637184 0.209348872303963 0.207684054970741 0.206019252538681 0.20435443520546 0.202689617872238 0.201024800539017 0.199359998106956 0.197695180773735 0.196030363440514 0.194283798336983 0.192519411444664 0.190755024552345 0.188990637660027 0.187226235866547 0.185461848974228 0.183697462081909 0.18193307518959 0.180168688297272 0.178404301404953 0.176714047789574 0.175043746829033 0.173373430967331 0.17170313000679 0.170032829046249 0.168362513184547 0.166692212224007 0.165021896362305 0.163351595401764 0.161681279540062
0.310043543577194 0.301687598228455 0.293331682682037 0.284975737333298 0.276619791984558 0.268263846635818 0.259907931089401 0.251551985740662 0.243196040391922 0.234840109944344 0.231963694095612 0.229785770177841 0.227607846260071 0.2254299223423 0.22325199842453 0.22107407450676 0.218896150588989 0.216718226671219 0.214540287852287 0.212362363934517 0.210591107606888 0.208889365196228 0.207187622785568 0.205485880374908 0.203784123063087 0.202082380652428 0.200380638241768 0.198678895831108 0.196977153420448 0.195275411009789 0.193545788526535 0.191810086369514 0.190074384212494 0.188338682055473 0.186602979898453 0.184867277741432 0.183131575584412 0.181395873427391 0.17966017127037 0.17792446911335 0.176195487380028 0.174468293786049 0.17274110019207 0.171013906598091 0.169286713004112 0.167559534311295 0.165832340717316 0.164105147123337 0.162377953529358 0.160650759935379
0.309323638677597 0.300990045070648 0.292656481266022 0.284322887659073 0.275989323854446 0.267655730247498 0.259322136640549 0.250988572835922 0.242654994130135 0.234321415424347 0.231458589434624 0.229293137788773 0.22712767124176 0.224962219595909 0.222796767950058 0.220631316304207 0.218465864658356 0.216300413012505 0.214134961366653 0.211969494819641 0.21016851067543 0.208429843187332 0.206691175699234 0.204952493309975 0.203213825821877 0.201475158333778 0.19973649084568 0.197997808456421 0.196259140968323 0.194520473480225 0.192807793617249 0.191100776195526 0.189393758773804 0.187686741352081 0.185979723930359 0.184272721409798 0.182565703988075 0.180858686566353 0.17915166914463 0.177444651722908 0.175676912069321 0.173892840743065 0.172108769416809 0.170324683189392 0.168540611863136 0.16675654053688 0.164972469210625 0.163188397884369 0.161404311656952 0.159620240330696
0.308603703975677 0.300292491912842 0.291981250047684 0.283670037984848 0.275358825922012 0.267047613859177 0.258736371994019 0.250425159931183 0.242113932967186 0.23380272090435 0.230953484773636 0.228800490498543 0.226647511124611 0.224494531750679 0.222341552376747 0.220188558101654 0.218035578727722 0.21588259935379 0.213729619979858 0.211576625704765 0.209745928645134 0.207970321178436 0.2061947286129 0.204419121146202 0.202643528580666 0.200867921113968 0.199092328548431 0.197316721081734 0.195541113615036 0.1937655210495 0.192069783806801 0.190391451120377 0.188713133335114 0.187034800648689 0.185356467962265 0.183678150177002 0.181999817490578 0.180321499705315 0.17864316701889 0.176964834332466 0.175158336758614 0.173317387700081 0.171476423740387 0.169635474681854 0.16779451072216 0.165953546762466 0.164112597703934 0.16227163374424 0.160430684685707 0.158589720726013
0.30788379907608 0.299594938755035 0.291306048631668 0.283017188310623 0.274728327989578 0.266439467668533 0.258150607347488 0.249861747026443 0.241572886705399 0.233284011483192 0.230448365211487 0.228307858109474 0.226167351007462 0.224026829004288 0.221886321902275 0.219745814800262 0.217605292797089 0.215464785695076 0.213324278593063 0.21118375658989 0.209323346614838 0.207510814070702 0.205698281526566 0.20388574898243 0.202073216438293 0.200260683894157 0.198448166251183 0.196635633707047 0.19482310116291 0.193010568618774 0.191331773996353 0.189682140946388 0.188032492995262 0.186382859945297 0.184733211994171 0.183083578944206 0.181433945894241 0.179784297943115 0.17813466489315 0.176485016942024 0.174639776349068 0.172741934657097 0.170844092965126 0.168946251273155 0.167048409581184 0.165150567889214 0.163252726197243 0.161354884505272 0.159457042813301 0.15755920112133
0.307163864374161 0.298897355794907 0.290630847215652 0.282364338636398 0.274097859859467 0.265831351280212 0.257564842700958 0.249298334121704 0.24103182554245 0.232765316963196 0.229943260550499 0.227815225720406 0.225687175989151 0.223559141159058 0.221431091427803 0.21930305659771 0.217175021767616 0.215046972036362 0.212918937206268 0.210790887475014 0.20890074968338 0.207051292061806 0.205201834440231 0.203352376818657 0.201502919197083 0.199653461575508 0.197804003953934 0.195954546332359 0.194105073809624 0.192255616188049 0.190593779087067 0.188972815871239 0.187351867556572 0.185730919241905 0.184109970927238 0.182489007711411 0.180868059396744 0.179247111082077 0.177626147866249 0.176005199551582 0.174121201038361 0.172166481614113 0.170211747288704 0.168257027864456 0.166302308440208 0.164347574114799 0.162392854690552 0.160438120365143 0.158483400940895 0.156528681516647
0.306443959474564 0.2981998026371 0.289955645799637 0.281711518764496 0.273467361927032 0.265223205089569 0.256979078054428 0.248734921216965 0.240490779280663 0.232246622443199 0.229438155889511 0.227322578430176 0.225207015872002 0.223091438412666 0.220975875854492 0.218860298395157 0.216744735836983 0.214629158377647 0.212513595819473 0.210398018360138 0.208478167653084 0.206591784954071 0.204705387353897 0.202819004654884 0.200932621955872 0.199046224355698 0.197159841656685 0.195273444056511 0.193387061357498 0.191500663757324 0.189855769276619 0.18826350569725 0.186671242117882 0.185078978538513 0.183486714959145 0.181894436478615 0.180302172899246 0.178709909319878 0.177117645740509 0.17552538216114 0.173602640628815 0.171591028571129 0.169579416513443 0.167567804455757 0.165556192398071 0.163544595241547 0.161532983183861 0.159521371126175 0.157509759068489 0.155498147010803
0.306706368923187 0.298436522483826 0.290166676044464 0.281896859407425 0.273627012968063 0.265357166528702 0.25708732008934 0.24881748855114 0.240547657012939 0.232277825474739 0.229423642158508 0.227259799838066 0.225095972418785 0.222932130098343 0.220768302679062 0.21860446035862 0.216440618038177 0.214276790618896 0.212112948298454 0.209949120879173 0.208025917410851 0.206143870949745 0.204261809587479 0.202379763126373 0.200497701764107 0.198615655303001 0.196733593940735 0.194851532578468 0.192969486117363 0.191087424755096 0.18942429125309 0.187808871269226 0.186193451285362 0.184578031301498 0.182962611317635 0.181347191333771 0.179731771349907 0.178116351366043 0.176500931382179 0.174885511398315 0.172964379191399 0.170961052179337 0.168957710266113 0.166954383254051 0.164951056241989 0.162947729229927 0.160944387316704 0.158941060304642 0.15693773329258 0.154934406280518
0.307230621576309 0.298922270536423 0.290613949298859 0.282305598258972 0.273997277021408 0.265688925981522 0.257380604743958 0.249072253704071 0.240763917565346 0.23245558142662 0.229539886116982 0.227311596274376 0.22508330643177 0.222855016589165 0.220626726746559 0.218398436903954 0.216170147061348 0.213941857218742 0.211713567376137 0.209485277533531 0.207565769553185 0.205699041485786 0.20383232831955 0.201965600252151 0.200098872184753 0.198232159018517 0.196365430951118 0.194498717784882 0.192631989717484 0.190765261650085 0.189074516296387 0.187422126531601 0.185769736766815 0.184117332100868 0.182464942336082 0.180812552571297 0.17916014790535 0.177507758140564 0.175855368375778 0.174202963709831 0.172294214367867 0.170316532254219 0.168338850140572 0.166361168026924 0.164383485913277 0.162405803799629 0.160428106784821 0.158450424671173 0.156472742557526 0.154495060443878
0.307754874229431 0.299408048391342 0.291061192750931 0.282714366912842 0.274367541074753 0.266020685434341 0.257673859596252 0.249327018857002 0.240980178117752 0.232633352279663 0.229656130075455 0.227363377809525 0.225070640444756 0.222777903079987 0.220485150814056 0.218192413449287 0.215899676084518 0.213606923818588 0.211314186453819 0.20902144908905 0.207105606794357 0.205254226922989 0.203402832150459 0.201551452279091 0.199700057506561 0.197848662734032 0.195997282862663 0.194145888090134 0.192294493317604 0.190443113446236 0.188724741339684 0.187035381793976 0.185346007347107 0.183656647801399 0.18196727335453 0.180277898907661 0.178588539361954 0.176899164915085 0.175209805369377 0.173520430922508 0.171624064445496 0.169672027230263 0.16771999001503 0.165767937898636 0.163815900683403 0.16186386346817 0.159911826252937 0.157959789037704 0.156007751822472 0.154055714607239
0.308279126882553 0.299893796443939 0.291508466005325 0.283123135566711 0.274737775325775 0.266352444887161 0.257967114448547 0.249581784009933 0.24119645357132 0.232811108231544 0.229772374033928 0.227415174245834 0.225057974457741 0.222700789570808 0.220343589782715 0.217986389994621 0.215629190206528 0.213272005319595 0.210914805531502 0.208557605743408 0.206645458936691 0.20480939745903 0.20297335088253 0.201137289404869 0.199301227927208 0.197465181350708 0.195629119873047 0.193793058395386 0.191957011818886 0.190120950341225 0.18837496638298 0.186648637056351 0.18492229282856 0.183195948600769 0.181469604372978 0.179743260145187 0.178016915917397 0.176290586590767 0.174564242362976 0.172837898135185 0.170953899621964 0.169027507305145 0.167101114988327 0.165174722671509 0.163248330354691 0.161321938037872 0.159395560622215 0.157469168305397 0.155542775988579 0.153616383671761
0.308803379535675 0.300379544496536 0.291955709457397 0.283531874418259 0.27510803937912 0.266684204339981 0.258260369300842 0.249836549162865 0.241412714123726 0.232988879084587 0.229888617992401 0.227466970682144 0.225045323371887 0.222623661160469 0.220202013850212 0.217780366539955 0.215358719229698 0.212937071919441 0.210515424609184 0.208093762397766 0.206185311079025 0.204364582896233 0.20254385471344 0.200723126530647 0.198902413249016 0.197081685066223 0.19526095688343 0.193440228700638 0.191619515419006 0.189798787236214 0.188025191426277 0.186261877417564 0.184498563408852 0.182735249400139 0.180971935391426 0.179208621382713 0.177445307374001 0.175681993365288 0.173918679356575 0.172155365347862 0.170283734798431 0.168382987380028 0.166482254862785 0.164581507444382 0.162680760025978 0.160780012607574 0.158879280090332 0.156978532671928 0.155077785253525 0.153177037835121
0.309327632188797 0.300865322351456 0.292402982711792 0.283940643072128 0.275478303432465 0.267015963792801 0.25855365395546 0.250091314315796 0.241628974676132 0.233166635036469 0.230004861950874 0.227518752217293 0.225032657384872 0.222546547651291 0.220060452818871 0.217574343085289 0.215088248252869 0.212602138519287 0.210116028785706 0.207629933953285 0.205725148320198 0.203919753432274 0.202114373445511 0.200308978557587 0.198503583669662 0.196698188781738 0.194892808794975 0.193087413907051 0.191282019019127 0.189476624131203 0.187675431370735 0.185875132679939 0.184074848890305 0.18227456510067 0.180474266409874 0.178673982620239 0.176873683929443 0.175073400139809 0.173273116350174 0.171472817659378 0.16961358487606 0.167738482356071 0.165863379836082 0.163988292217255 0.162113189697266 0.160238087177277 0.158362999558449 0.15648789703846 0.154612794518471 0.152737706899643
0.309851884841919 0.301351070404053 0.292850226163864 0.284349411725998 0.275848567485809 0.267347723245621 0.258846908807755 0.250346064567566 0.241845235228539 0.233344405889511 0.230121105909348 0.227570548653603 0.225019991397858 0.222469434142113 0.219918876886368 0.217368319630623 0.214817762374878 0.212267205119133 0.209716647863388 0.207166090607643 0.205265000462532 0.203474938869476 0.201684877276421 0.199894815683365 0.198104754090309 0.196314707398415 0.194524645805359 0.192734584212303 0.190944522619247 0.189154461026192 0.187325656414032 0.185488387942314 0.183651119470596 0.18181386590004 0.179976597428322 0.178139343857765 0.176302075386047 0.17446480691433 0.172627553343773 0.170790284872055 0.168943420052528 0.167093962430954 0.165244519710541 0.163395062088966 0.161545619368553 0.159696161746979 0.157846719026566 0.155997261404991 0.154147818684578 0.152298361063004
0.310376167297363 0.30183681845665 0.293297499418259 0.284758150577545 0.276218831539154 0.267679482698441 0.259140163660049 0.250600844621658 0.242061495780945 0.233522176742554 0.230237349867821 0.227622345089912 0.225007325410843 0.222392320632935 0.219777315855026 0.217162296175957 0.214547291398048 0.211932271718979 0.209317266941071 0.206702262163162 0.204804837703705 0.203030109405518 0.201255396008492 0.199480667710304 0.197705939412117 0.19593121111393 0.194156482815742 0.192381754517555 0.190607026219368 0.188832312822342 0.186975881457329 0.185101643204689 0.183227404952049 0.181353166699409 0.17947892844677 0.17760469019413 0.175730466842651 0.173856228590012 0.171981990337372 0.170107752084732 0.168273255228996 0.166449457406998 0.164625644683838 0.162801846861839 0.160978049039841 0.159154236316681 0.157330438494682 0.155506625771523 0.153682827949524 0.151859030127525
0.310900419950485 0.302322566509247 0.293744742870331 0.285166919231415 0.276589095592499 0.26801124215126 0.259433418512344 0.250855594873428 0.242277771234512 0.233699932694435 0.230353593826294 0.227674126625061 0.224994674324989 0.222315207123756 0.219635739922523 0.216956272721291 0.214276805520058 0.211597353219986 0.208917886018753 0.20623841881752 0.204344689846039 0.20258529484272 0.200825899839401 0.199066504836082 0.197307109832764 0.195547714829445 0.193788319826126 0.192028939723969 0.19026954472065 0.188510149717331 0.186626106500626 0.184714898467064 0.182803690433502 0.180892467498779 0.178981259465218 0.177070051431656 0.175158843398094 0.173247635364532 0.171336427330971 0.169425219297409 0.167603105306625 0.16580493748188 0.164006784558296 0.162208631634712 0.160410463809967 0.158612310886383 0.156814157962799 0.155016005039215 0.15321783721447 0.151419684290886
