R_scripts/int_process_data/Bio_07.asc
NCOLS 281 
NROWS 576 
XLLCORNER 81175.2677831308 
YLLCORNER 88.2293212990044 
CELLSIZE 1000 
NODATA_value -3.4e+38 
[rows 345 to 367 of 576, columns 0 to 51 of 281]
-3.4e+38 -3.4e+38 -3.4e+38 -3.4e+38 -3.4e+38 -3.4e+38 -3.4e+38 14.3139553070068 14.3139553070068 14.3982181549072 14.6192836761475 14.840350151062 15.0614156723022 15.2824821472168 15.503547668457 15.7246141433716 15.9456796646118 16.1667461395264 16.3878116607666 16.6375789642334 16.9410667419434 17.2445545196533 17.5480422973633 17.8515319824219 18.1550197601318 18.4585075378418 18.7619953155518 19.0654850006104 19.3689727783203 19.6606750488281 19.9267826080322 20.1928882598877 20.4589939117432 20.7251014709473 20.9912071228027 21.2573146820068 21.5234203338623 21.7895278930664 22.0556335449219 22.2763843536377 22.3818378448486 22.4872894287109 22.5927429199219 22.6981964111328 22.8036499023438 22.9091014862061 23.014554977417 23.1200084686279 23.2254600524902 23.3555126190186 23.5596027374268 23.7636947631836
-3.4e+38 -3.4e+38 -3.4e+38 -3.4e+38 -3.4e+38 -3.4e+38 -3.4e+38 14.3139553070068 14.3139553070068 14.3982181549072 14.6192836761475 14.840350151062 15.0614156723022 15.2824821472168 15.503547668457 15.7246141433716 15.9456796646118 16.1667461395264 16.3878116607666 16.6375789642334 16.9410667419434 17.2445545196533 17.5480422973633 17.8515319824219 18.1550197601318 18.4585075378418 18.7619953155518 19.0654850006104 19.3689727783203 19.6606750488281 19.9267826080322 20.1928882598877 20.4589939117432 20.7251014709473 20.9912071228027 21.2573146820068 21.5234203338623 21.7895278930664 22.0556335449219 22.2763843536377 22.3818378448486 22.4872894287109 22.5927429199219 22.6981964111328 22.8036499023438 22.9091014862061 23.014554977417 23.1200084686279 23.2254600524902 23.356761932373 23.5658683776855 23.7749729156494
-3.4e+38 -3.4e+38 -3.4e+38 -3.4e+38 -3.4e+38 -3.4e+38 -3.4e+38 14.3139553070068 14.3139553070068 14.3982181549072 14.6192836761475 14.840350151062 15.0614156723022 15.2824821472168 15.503547668457 15.7246141433716 15.9456796646118 16.1667461395264 16.3878116607666 16.6375789642334 16.9410667419434 17.2445545196533 17.5480422973633 17.8515319824219 18.1550197601318 18.4585075378418 18.7619953155518 19.0654850006104 19.3689727783203 19.6606750488281 19.9267826080322 20.1928882598877 20.4589939117432 20.7251014709473 20.9912071228027 21.2573146820068 21.5234203338623 21.7895278930664 22.0556335449219 22.2763843536377 22.3818378448486 22.4872894287109 22.5927429199219 22.6981964111328 22.8036499023438 22.9091014862061 23.014554977417 23.1200084686279 23.2254600524902 23.3580131530762 23.5721321105957 23.7862510681152
-3.4e+38 -3.4e+38 -3.4e+38 -3.4e+38 -3.4e+38 -3.4e+38 -3.4e+38 14.3139553070068 14.3139553070068 14.3982181549072 14.6192836761475 14.840350151062 15.0614156723022 15.2824821472168 15.503547668457 15.7246141433716 15.9456796646118 16.1667461395264 16.3878116607666 16.6375789642334 16.9410667419434 17.2445545196533 17.5480422973633 17.8515319824219 18.1550197601318 18.4585075378418 18.7619953155518 19.0654850006104 19.3689727783203 19.6606750488281 19.9267826080322 20.1928882598877 20.4589939117432 20.7251014709473 20.9912071228027 21.2573146820068 21.5234203338623 21.7895278930664 22.0556335449219 22.2763843536377 22.3818378448486 22.4872894287109 22.5927429199219 22.6981964111328 22.8036499023438 22.9091014862061 23.014554977417 23.1200084686279 23.2254600524902 23.3592624664307 23.5783958435059 23.7975273132324
-3.4e+38 -3.4e+38 -3.4e+38 -3.4e+38 -3.4e+38 -3.4e+38 -3.4e+38 14.3139553070068 14.3139553070068 14.3982181549072 14.6192836761475 14.840350151062 15.0614156723022 15.2824821472168 15.503547668457 15.7246141433716 15.9456796646118 16.1667461395264 16.3878116607666 16.6375789642334 16.9410667419434 17.2445545196533 17.5480422973633 17.8515319824219 18.1550197601318 18.4585075378418 18.7619953155518 19.0654850006104 19.3689727783203 19.6606750488281 19.9267826080322 20.1928882598877 20.4589939117432 20.7251014709473 20.9912071228027 21.2573146820068 21.5234203338623 21.7895278930664 22.0556335449219 22.2763843536377 22.3818378448486 22.4872894287109 22.5927429199219 22.6981964111328 22.8036499023438 22.9091014862061 23.014554977417 23.1200084686279 23.2254600524902 23.3605136871338 23.584659576416 23.8088054656982
-3.4e+38 -3.4e+38 -3.4e+38 -3.4e+38 -3.4e+38 -3.4e+38 -3.4e+38 14.3139553070068 14.3139553070068 14.3982181549072 14.6192836761475 14.840350151062 15.0614156723022 15.2824821472168 15.503547668457 15.7246141433716 15.9456796646118 16.1667461395264 16.3878116607666 16.6375789642334 16.9410667419434 17.2445545196533 17.5480422973633 17.8515319824219 18.1550197601318 18.4585075378418 18.7619953155518 19.0654850006104 19.3689727783203 19.6606750488281 19.9267826080322 20.1928882598877 20.4589939117432 20.7251014709473 20.9912071228027 21.2573146820068 21.5234203338623 21.7895278930664 22.0556335449219 22.2763843536377 22.3818378448486 22.4872894287109 22.5927429199219 22.6981964111328 22.8036499023438 22.9091014862061 23.014554977417 23.1200084686279 23.2254600524902 23.3617630004883 23.5909233093262 23.8200817108154
-3.4e+38 -3.4e+38 -3.4e+38 -3.4e+38 -3.4e+38 -3.4e+38 -3.4e+38 14.3139553070068 14.3139553070068 14.3982181549072 14.6192836761475 14.840350151062 15.0614156723022 15.2824821472168 15.503547668457 15.7246141433716 15.9456796646118 16.1667461395264 16.3878116607666 16.6375789642334 16.9410667419434 17.2445545196533 17.5480422973633 17.8515319824219 18.1550197601318 18.4585075378418 18.7619953155518 19.0654850006104 19.3689727783203 19.6606750488281 19.9267826080322 20.1928882598877 20.4589939117432 20.7251014709473 20.9912071228027 21.2573146820068 21.5234203338623 21.7895278930664 22.0556335449219 22.2763843536377 22.3818378448486 22.4872894287109 22.5927429199219 22.6981964111328 22.8036499023438 22.9091014862061 23.014554977417 23.1200084686279 23.2254600524902 23.3630142211914 23.5971870422363 23.8313598632812
-3.4e+38 -3.4e+38 -3.4e+38 -3.4e+38 -3.4e+38 -3.4e+38 -3.4e+38 14.3139553070068 14.3139553070068 14.3982181549072 14.6192836761475 14.840350151062 15.0614156723022 15.2824821472168 15.503547668457 15.7246141433716 15.9456796646118 16.1667461395264 16.3878116607666 16.6375789642334 16.9410667419434 17.2445545196533 17.5480422973633 17.8515319824219 18.1550197601318 18.4585075378418 18.7619953155518 19.0654850006104 19.3689727783203 19.6606750488281 19.9267826080322 20.1928882598877 20.4589939117432 20.7251014709473 20.9912071228027 21.2573146820068 21.5234203338623 21.7895278930664 22.0556335449219 22.2763843536377 22.3818378448486 22.4872894287109 22.5927429199219 22.6981964111328 22.8036499023438 22.9091014862061 23.014554977417 23.1200084686279 23.2254600524902 23.3642635345459 23.6034507751465 23.8426380157471
-3.4e+38 -3.4e+38 -3.4e+38 -3.4e+38 -3.4e+38 -3.4e+38 -3.4e+38 14.3160943984985 14.3160943984985 14.4002904891968 14.6211805343628 14.8420705795288 15.0629606246948 15.2838506698608 15.5047407150269 15.7256307601929 15.9465208053589 16.1674098968506 16.3882999420166 16.6379451751709 16.9414119720459 17.2448768615723 17.5483436584473 17.8518104553223 18.1552753448486 18.4587421417236 18.76220703125 19.065673828125 19.369140625 19.6608200073242 19.9269046783447 20.1929874420166 20.4590702056885 20.725154876709 20.9912376403809 21.2573204040527 21.5234050750732 21.7894878387451 22.0555725097656 22.2762889862061 22.3816814422607 22.4870758056641 22.5924682617188 22.6978607177734 22.8032531738281 22.9086475372314 23.0140399932861 23.1194324493408 23.2248268127441 23.3648357391357 23.6090469360352 23.8532562255859
-3.4e+38 -3.4e+38 -3.4e+38 -3.4e+38 -3.4e+38 -3.4e+38 -3.4e+38 -3.4e+38 14.383508682251 14.4655914306641 14.6809368133545 14.8962831497192 15.111629486084 15.3269748687744 15.5423212051392 15.7576665878296 15.9730129241943 16.1883583068848 16.4037055969238 16.6494941711426 16.952262878418 17.255033493042 17.557804107666 17.8605728149414 18.1633434295654 18.4661121368408 18.7688827514648 19.0716533660889 19.3744220733643 19.665397644043 19.9307556152344 20.1961135864258 20.4614715576172 20.7268295288086 20.9921894073486 21.25754737854 21.5229053497314 21.7882633209229 22.0536212921143 22.2732849121094 22.3767890930176 22.4802932739258 22.583797454834 22.6873016357422 22.7908058166504 22.8943099975586 22.9978141784668 23.101318359375 23.2048225402832 23.3447380065918 23.5942554473877 23.8437728881836
-3.4e+38 -3.4e+38 -3.4e+38 -3.4e+38 -3.4e+38 -3.4e+38 -3.4e+38 -3.4e+38 14.4509229660034 14.5308923721313 14.7406940460205 14.9504957199097 15.1602983474731 15.3701000213623 15.5799016952515 15.7897033691406 15.9995050430298 16.2093067169189 16.4191093444824 16.6610412597656 16.9631156921387 17.2651901245117 17.5672626495361 17.8693370819092 18.1714096069336 18.4734840393066 18.7755584716797 19.0776309967041 19.3797054290771 19.6699752807617 19.9346084594727 20.1992416381836 20.4638729095459 20.7285060882568 20.9931392669678 21.2577724456787 21.5224056243896 21.7870388031006 22.0516700744629 22.2702808380127 22.3718967437744 22.4735107421875 22.5751266479492 22.6767425537109 22.778356552124 22.8799724578857 22.9815864562988 23.0832023620605 23.1848182678223 23.3246402740479 23.5794658660889 23.8342914581299
-3.4e+38 -3.4e+38 -3.4e+38 -3.4e+38 -3.4e+38 -3.4e+38 -3.4e+38 14.5183372497559 14.5183372497559 14.5961933135986 14.8004512786865 15.0047092437744 15.208966255188 15.4132242202759 15.6174821853638 15.8217401504517 16.0259971618652 16.2302551269531 16.434513092041 16.6725902557373 16.9739685058594 17.2753448486328 17.5767230987549 17.8780994415283 18.1794776916504 18.4808559417725 18.7822322845459 19.083610534668 19.3849868774414 19.6745529174805 19.9384593963623 20.2023677825928 20.4662742614746 20.7301826477051 20.9940910339355 21.2579975128174 21.5219058990479 21.7858123779297 22.0497207641602 22.267276763916 22.3670024871826 22.4667301177979 22.5664558410645 22.6661815643311 22.7659091949463 22.8656349182129 22.9653606414795 23.0650882720947 23.1648139953613 23.3045406341553 23.5646743774414 23.8248081207275
-3.4e+38 -3.4e+38 -3.4e+38 -3.4e+38 -3.4e+38 -3.4e+38 -3.4e+38 14.585750579834 14.585750579834 14.6614942550659 14.8602075576782 15.0589218139648 15.2576351165771 15.4563493728638 15.6550626754761 15.8537769317627 16.052490234375 16.2512035369873 16.4499187469482 16.684139251709 16.9848194122314 17.2855014801025 17.5861835479736 17.8868637084961 18.1875457763672 18.4882259368896 18.7889080047607 19.0895881652832 19.3902702331543 19.6791286468506 19.9423122406006 20.205493927002 20.4686756134033 20.7318592071533 20.9950408935547 21.2582225799561 21.5214061737061 21.7845878601074 22.0477695465088 22.2642726898193 22.3621101379395 22.4599475860596 22.5577850341797 -3.4e+38 22.7534599304199 22.85129737854 22.9491348266602 23.0469722747803 23.1448097229004 23.2844429016113 23.5498847961426 23.8153266906738
-3.4e+38 -3.4e+38 -3.4e+38 -3.4e+38 -3.4e+38 -3.4e+38 -3.4e+38 14.6531648635864 14.6531648635864 14.7267951965332 14.9199647903442 15.1131343841553 15.3063039779663 15.4994735717773 15.6926431655884 15.8858137130737 16.0789833068848 16.2721519470215 16.4653224945068 16.6956882476807 16.9956722259521 17.2956581115723 17.5956420898438 17.8956279754639 18.1956119537354 18.4955978393555 18.795581817627 19.0955677032471 19.3955516815186 19.6837062835693 19.9461631774902 20.2086200714111 20.471076965332 20.7335338592529 20.9959907531738 21.2584495544434 21.5209064483643 21.7833633422852 22.0458202362061 22.2612686157227 22.3572158813477 22.4531650543213 22.5491142272949 -3.4e+38 -3.4e+38 22.8369598388672 22.9329090118408 23.0288562774658 23.1248054504395 23.2643451690674 23.5350952148438 23.8058433532715
-3.4e+38 -3.4e+38 -3.4e+38 -3.4e+38 -3.4e+38 -3.4e+38 14.7205791473389 14.7205791473389 14.7205791473389 14.7920961380005 14.9797210693359 15.1673469543457 15.3549728393555 15.5425987243652 15.730224609375 15.9178495407104 16.1054763793945 16.2931022644043 16.4807262420654 16.7072353363037 17.0065250396729 17.3058128356934 17.6051025390625 17.904390335083 18.2036800384521 18.5029678344727 18.8022575378418 19.1015453338623 19.4008350372314 19.6882839202881 19.9500160217285 20.2117462158203 20.4734783172607 20.7352104187012 20.9969425201416 21.258674621582 21.5204067230225 21.7821369171143 22.0438690185547 22.258264541626 22.3523235321045 22.4463844299316 -3.4e+38 22.6345024108887 -3.4e+38 22.8226222991943 22.9166812896729 23.0107421875 23.1048011779785 23.2442455291748 23.5203037261963 23.7963619232178
-3.4e+38 -3.4e+38 -3.4e+38 -3.4e+38 -3.4e+38 -3.4e+38 14.7879934310913 14.7879934310913 14.7879934310913 14.8573961257935 15.039478302002 15.2215595245361 15.4036417007446 15.5857229232788 15.7678050994873 15.9498863220215 16.1319675445557 16.3140506744385 16.4961318969727 16.7187843322754 17.0173759460449 17.3159694671631 17.6145610809326 17.9131546020508 18.2117481231689 18.5103397369385 18.8089332580566 19.1075248718262 19.4061183929443 19.6928596496582 19.9538669586182 20.2148742675781 20.4758796691895 20.7368869781494 20.9978923797607 21.2588996887207 21.5199069976807 21.780912399292 22.041919708252 22.2552604675293 22.3474311828613 22.4396018981934 -3.4e+38 22.6239433288574 -3.4e+38 22.8082847595215 22.9004554748535 22.9926261901855 23.0847969055176 23.2241477966309 23.5055141448975 23.7868785858154
-3.4e+38 -3.4e+38 -3.4e+38 -3.4e+38 -3.4e+38 -3.4e+38 14.8554077148438 14.8554077148438 14.8554077148438 14.9226970672607 15.099235534668 15.2757730484009 15.4523105621338 15.6288480758667 15.8053855895996 15.9819231033325 16.1584606170654 16.3349990844727 16.5115356445312 16.7303333282471 17.0282287597656 17.3261260986328 17.6240215301514 17.9219188690186 18.2198143005371 18.5177116394043 18.8156070709229 19.11350440979 19.4113998413086 19.697437286377 19.9577178955078 20.2180004119873 20.4782810211182 20.7385635375977 20.9988441467285 21.2591247558594 21.5194072723389 21.7796878814697 22.0399684906006 22.2522563934326 22.3425369262695 22.4328193664551 -3.4e+38 22.6133842468262 22.7036647796631 22.7939472198486 22.8842296600342 22.9745121002197 23.0647926330566 23.2040500640869 23.49072265625 23.7773971557617
-3.4e+38 -3.4e+38 -3.4e+38 -3.4e+38 -3.4e+38 14.9228210449219 14.9228210449219 14.9228210449219 14.9228210449219 14.987998008728 15.1589918136597 15.3299856185913 15.5009794235229 15.6719722747803 15.8429660797119 16.0139598846436 16.1849536895752 16.3559474945068 16.5269393920898 16.7418804168701 17.0390815734863 17.3362808227539 17.6334819793701 17.9306812286377 18.2278823852539 18.5250816345215 18.8222827911377 19.1194820404053 19.4166831970215 19.7020149230957 19.9615707397461 20.2211265563965 20.4806823730469 20.7402381896973 20.9997940063477 21.259349822998 21.5189075469971 21.7784633636475 22.0380191802979 22.2492523193359 22.3376445770264 22.4260387420654 -3.4e+38 -3.4e+38 22.6912174224854 22.7796096801758 22.8680038452148 22.9563961029053 23.0447883605957 23.1839504241943 23.4759330749512 23.7679138183594
-3.4e+38 -3.4e+38 -3.4e+38 -3.4e+38 -3.4e+38 14.9902353286743 14.9902353286743 14.9902353286743 14.9902353286743 15.0532989501953 15.2187490463257 15.3841981887817 15.5496473312378 15.7150974273682 15.8805465698242 16.0459957122803 16.2114448547363 16.376895904541 16.5423450469971 16.7534294128418 17.049934387207 17.3464374542236 17.6429405212402 17.9394454956055 18.2359485626221 18.5324535369873 18.8289566040039 19.1254615783691 19.4219646453857 19.7065925598145 19.9654216766357 20.2242527008057 20.4830837249756 20.7419147491455 21.0007457733154 21.2595767974854 21.5184059143066 21.7772369384766 22.0360679626465 22.2462482452393 22.3327522277832 -3.4e+38 -3.4e+38 22.592264175415 22.678768157959 22.7652721405029 22.8517761230469 22.9382801055908 23.0247840881348 23.1638526916504 23.4611434936523 23.7584323883057
-3.4e+38 -3.4e+38 -3.4e+38 -3.4e+38 -3.4e+38 14.8305788040161 14.8305788040161 14.8305788040161 14.8305788040161 14.8969135284424 15.0709447860718 15.2449750900269 15.4190053939819 15.593035697937 15.7670660018921 15.9410972595215 16.1151275634766 16.2891578674316 16.4631881713867 16.6792869567871 16.9741306304932 17.2689723968506 17.563814163208 17.8586578369141 18.1534996032715 18.4483413696289 18.743185043335 19.0380268096924 19.3328685760498 19.6120834350586 19.8573551177979 20.1026268005371 20.3478984832764 20.5931701660156 20.8384418487549 21.0837135314941 21.3289852142334 21.5742568969727 21.8195266723633 22.0178813934326 -3.4e+38 -3.4e+38 22.2551345825195 22.3342208862305 22.4133052825928 22.4923896789551 22.5714740753174 22.6505584716797 22.729642868042 22.8690166473389 23.1898574829102 23.5106983184814
-3.4e+38 -3.4e+38 -3.4e+38 -3.4e+38 14.6706466674805 14.6706466674805 14.6706466674805 14.6706466674805 14.6706466674805 14.7402591705322 14.922887802124 15.1055164337158 15.2881450653076 15.4707736968994 15.6534023284912 15.836030960083 16.0186595916748 16.2012882232666 16.3839168548584 16.6050415039062 16.8982219696045 17.1914005279541 17.4845809936523 17.777759552002 18.0709400177002 18.3641185760498 18.657299041748 18.9504776000977 19.2436580657959 19.5174541473389 19.7491512298584 19.9808483123779 20.2125453948975 20.4442405700684 20.6759376525879 20.9076347351074 21.139331817627 21.3710289001465 21.602725982666 21.7892398834229 21.8608989715576 -3.4e+38 22.0042171478271 22.0758743286133 22.147533416748 22.2191925048828 22.2908496856689 22.3625087738037 22.4341678619385 22.573844909668 22.9182605743408 23.2626762390137
-3.4e+38 -3.4e+38 -3.4e+38 -3.4e+38 14.5107145309448 14.5107145309448 14.5107145309448 14.5107145309448 14.5107145309448 14.5836038589478 14.7748308181763 14.9660577774048 15.1572847366333 15.3485116958618 15.5397386550903 15.7309656143188 15.9221925735474 16.1134185791016 16.3046455383301 16.5307960510254 16.8223133087158 17.1138286590576 17.405345916748 17.6968631744385 17.9883804321289 18.2798957824707 18.5714130401611 18.8629302978516 19.154447555542 19.4228248596191 19.6409473419189 19.8590698242188 20.0771903991699 20.2953128814697 20.5134353637695 20.7315578460693 20.9496803283691 21.1678028106689 21.3859252929688 21.5606002807617 -3.4e+38 -3.4e+38 -3.4e+38 -3.4e+38 21.8817615509033 21.9459953308105 22.0102272033691 22.0744590759277 22.1386909484863 22.2786731719971 22.6466636657715 23.0146541595459
-3.4e+38 -3.4e+38 -3.4e+38 14.2845363616943 14.3507823944092 14.3507823944092 14.3507823944092 14.3507823944092 14.3507823944092 14.4269485473633 14.6267738342285 14.8265991210938 15.026424407959 15.2262496948242 15.4260749816895 15.6258993148804 15.8257246017456 16.0255489349365 16.2253742218018 16.4565505981445 16.7464046478271 17.0362586975098 17.3261127471924 17.615966796875 17.9058208465576 18.1956748962402 18.4855289459229 18.7753829956055 19.0652370452881 19.3281955718994 19.5327434539795 19.7372913360596 19.941837310791 20.1463851928711 20.3509330749512 20.5554809570312 20.7600269317627 -3.4e+38 21.1691226959229 21.3319606781006 -3.4e+38 -3.4e+38 -3.4e+38 -3.4e+38 -3.4e+38 21.6727981567383 21.7296028137207 21.7864093780518 21.8432159423828 21.9835014343262 22.3750667572021 22.7666320800781
