R_scripts/int_process_data/Bio_19.asc
NCOLS 281 
NROWS 576 
XLLCORNER 81175.2677831308 
YLLCORNER 88.2293212990044 
CELLSIZE 1000 
NODATA_value -3.4e+38 
[rows 414 to 436 of 576, columns 156 to 207 of 281]
6.04677677154541 6.03247880935669 6.01818084716797 6.00388288497925 5.96594667434692 5.92499732971191 5.88404846191406 5.84309911727905 5.80214977264404 5.76120090484619 5.72025156021118 5.67930221557617 5.63835334777832 5.59740400314331 5.57532405853271 5.55646991729736 5.53761577606201 5.51876163482666 5.49990749359131 5.48105382919312 5.46219968795776 5.44334554672241 5.42449140548706 5.40563726425171 5.39952993392944 5.39620065689087 5.39287090301514 5.38954162597656 5.38621234893799 5.38288307189941 5.37955331802368 5.37622404098511 5.37289476394653 5.36956548690796 5.37533330917358 5.38354730606079 5.391761302948 -3.4e+38 -3.4e+38 -3.4e+38 -3.4e+38 -3.4e+38 -3.4e+38 -3.4e+38 -3.4e+38 -3.4e+38 -3.4e+38 -3.4e+38 -3.4e+38 -3.4e+38 -3.4e+38 -3.4e+38
6.03708410263062 6.02312612533569 6.00916767120361 5.99520921707153 5.95761251449585 5.91700220108032 5.87639236450195 5.83578205108643 5.7951717376709 5.75456190109253 5.713951587677 5.67334175109863 5.63273143768311 5.59212112426758 5.57008028030396 5.55121469497681 5.5323486328125 5.51348257064819 5.49461650848389 5.47575044631958 5.45688486099243 5.43801879882812 5.41915273666382 5.40028667449951 5.39424467086792 5.39099740982056 5.38775014877319 5.38450288772583 5.38125562667847 5.3780083656311 5.37476110458374 5.37151384353638 5.36826658248901 5.36501932144165 5.3715672492981 5.38074827194214 5.38992929458618 -3.4e+38 -3.4e+38 -3.4e+38 -3.4e+38 -3.4e+38 -3.4e+38 -3.4e+38 -3.4e+38 -3.4e+38 -3.4e+38 -3.4e+38 -3.4e+38 -3.4e+38 -3.4e+38 -3.4e+38
6.02739143371582 6.01377296447754 6.00015449523926 5.98653602600098 5.94927835464478 5.90900707244873 5.86873626708984 5.8284649848938 5.78819370269775 5.74792289733887 5.70765161514282 5.66738080978394 5.62710952758789 5.58683824539185 5.56483697891235 5.54595899581909 5.52708101272583 5.50820350646973 5.48932552337646 5.4704475402832 5.4515700340271 5.43269205093384 5.41381406784058 5.39493608474731 5.3889594078064 5.38579416275024 5.38262891769409 5.3794641494751 5.37629890441895 5.37313413619995 5.3699688911438 5.36680364608765 5.36363887786865 5.3604736328125 5.36780071258545 5.37794923782349 5.38809776306152 5.3982458114624 -3.4e+38 -3.4e+38 -3.4e+38 -3.4e+38 -3.4e+38 -3.4e+38 -3.4e+38 -3.4e+38 -3.4e+38 -3.4e+38 -3.4e+38 -3.4e+38 -3.4e+38 -3.4e+38
6.01769876480103 6.00441980361938 5.9911413192749 5.97786283493042 5.9409441947937 5.90101194381714 5.86108016967773 5.82114791870117 5.78121566772461 5.74128389358521 5.70135164260864 5.66141986846924 5.62148761749268 5.58155584335327 5.55959367752075 5.54070377349854 5.52181386947632 5.5029239654541 5.48403453826904 5.46514463424683 5.44625473022461 5.42736530303955 5.40847539901733 5.38958549499512 5.38367414474487 5.38059091567993 5.37750816345215 5.37442541122437 5.37134218215942 5.36825942993164 5.36517667770386 5.36209344863892 5.35901069641113 5.35592794418335 5.36403465270996 5.37515020370483 5.38626575469971 5.39738130569458 -3.4e+38 -3.4e+38 -3.4e+38 -3.4e+38 -3.4e+38 -3.4e+38 -3.4e+38 -3.4e+38 -3.4e+38 -3.4e+38 -3.4e+38 -3.4e+38 -3.4e+38 -3.4e+38
6.00800561904907 5.99506711959839 5.98212814331055 5.96918916702271 5.93261003494263 5.89301681518555 5.85342407226562 5.81383085250854 5.77423763275146 5.73464488983154 5.69505167007446 5.65545892715454 5.61586570739746 5.57627296447754 5.55434989929199 5.53544855117798 5.51654672622681 5.49764490127563 5.47874355316162 5.45984172821045 5.44093990325928 5.42203855514526 5.40313673019409 5.38423490524292 5.37838888168335 5.37538814544678 5.37238740921021 5.36938667297363 5.36638593673706 5.36338520050049 5.36038446426392 5.35738372802734 5.35438299179077 5.3513822555542 5.36026859283447 5.37235116958618 5.38443374633789 5.39651679992676 5.40859937667847 -3.4e+38 -3.4e+38 -3.4e+38 -3.4e+38 -3.4e+38 -3.4e+38 -3.4e+38 -3.4e+38 -3.4e+38 -3.4e+38 -3.4e+38 -3.4e+38 -3.4e+38
5.99831295013428 5.98571395874023 5.97311496734619 5.96051597595215 5.92427587509155 5.88502168655396 5.84576797485352 5.80651378631592 5.76725959777832 5.72800588607788 5.68875169754028 5.64949798583984 5.61024379730225 5.57099008560181 5.54910659790039 5.53019285202026 5.51127958297729 5.49236583709717 5.47345209121704 5.45453882217407 5.43562507629395 5.41671133041382 5.39779806137085 5.37888431549072 5.37310361862183 5.37018489837646 5.3672661781311 5.36434745788574 5.36142921447754 5.35851049423218 5.35559177398682 5.35267353057861 5.34975481033325 5.34683609008789 5.35650205612183 5.36955213546753 5.38260221481323 5.39565181732178 5.40870189666748 5.42175197601318 -3.4e+38 -3.4e+38 -3.4e+38 -3.4e+38 -3.4e+38 -3.4e+38 -3.4e+38 -3.4e+38 -3.4e+38 -3.4e+38 -3.4e+38 -3.4e+38
5.98862028121948 5.97636079788208 5.96410179138184 5.95184278488159 5.91594171524048 5.87702655792236 5.83811187744141 5.79919672012329 5.76028203964233 5.72136688232422 5.6824517250061 5.64353704452515 5.60462188720703 5.56570720672607 5.54386329650879 5.52493762969971 5.50601196289062 5.4870867729187 5.46816110610962 5.4492359161377 5.43031024932861 5.41138458251953 5.39245939254761 5.37353372573853 5.36781787872314 5.36498165130615 5.36214542388916 5.35930871963501 5.35647249221802 5.35363578796387 5.35079956054688 5.34796333312988 5.34512662887573 5.34229040145874 5.35273599624634 5.36675310134888 5.38077020645142 5.39478731155396 5.40880441665649 5.42282152175903 5.43683862686157 -3.4e+38 -3.4e+38 -3.4e+38 -3.4e+38 -3.4e+38 -3.4e+38 -3.4e+38 -3.4e+38 -3.4e+38 -3.4e+38 -3.4e+38
5.97892761230469 5.96700811386108 5.95508861541748 5.94316959381104 5.90760707855225 5.86903142929077 5.83045530319214 5.79187965393066 5.75330400466919 5.71472787857056 5.67615222930908 5.63757610321045 5.59900045394897 5.56042432785034 5.53861951828003 5.51968240737915 5.50074481964111 5.48180723190308 5.4628701210022 5.44393253326416 5.42499542236328 5.40605783462524 5.38712072372437 5.36818313598633 5.36253261566162 5.35977840423584 5.35702419281006 5.35426998138428 5.3515157699585 5.34876155853271 5.34600734710693 5.34325313568115 5.34049892425537 5.33774471282959 5.34896993637085 5.36395406723022 5.3789381980896 5.39392280578613 5.40890693664551 5.42389106750488 5.43887567520142 5.45385980606079 -3.4e+38 -3.4e+38 -3.4e+38 -3.4e+38 -3.4e+38 -3.4e+38 -3.4e+38 -3.4e+38 -3.4e+38 -3.4e+38
5.96923446655273 5.95765495300293 5.94607543945312 5.93449592590332 5.89927291870117 5.86103630065918 5.82279920578003 5.78456258773804 5.74632596969604 5.70808887481689 5.6698522567749 5.63161516189575 5.59337854385376 5.55514144897461 5.53337621688843 5.51442670822144 5.4954776763916 5.47652816772461 5.45757913589478 5.43862962722778 5.41968059539795 5.40073108673096 5.38178205490112 5.36283254623413 5.3572473526001 5.35457563400269 5.35190343856812 5.34923124313354 5.34655904769897 5.3438868522644 5.34121513366699 5.33854293823242 5.33587074279785 5.33319854736328 5.34520387649536 5.36115503311157 5.37710666656494 5.39305782318115 5.40900945663452 5.42496109008789 5.4409122467041 5.45686388015747 -3.4e+38 -3.4e+38 -3.4e+38 -3.4e+38 -3.4e+38 -3.4e+38 -3.4e+38 -3.4e+38 -3.4e+38 -3.4e+38
5.95954179763794 5.94830226898193 5.93706226348877 5.92582273483276 5.8909387588501 5.85304117202759 5.81514310836792 5.77724552154541 5.7393479347229 5.70144987106323 5.66355228424072 5.62565422058105 5.58775663375854 5.54985857009888 5.52813243865967 5.50917148590088 5.49021005630493 5.47124910354614 5.4522876739502 5.43332672119141 5.41436529159546 5.39540433883667 5.37644290924072 5.35748195648193 5.35196208953857 5.34937238693237 5.34678220748901 5.34419250488281 5.34160232543945 5.33901262283325 5.33642244338989 5.33383274078369 5.33124256134033 5.32865285873413 5.34143733978271 5.35835599899292 5.37527465820312 5.39219331741333 5.40911197662354 5.42603063583374 5.44294929504395 5.45986795425415 5.47678661346436 5.49370527267456 -3.4e+38 -3.4e+38 -3.4e+38 -3.4e+38 -3.4e+38 -3.4e+38 -3.4e+38 -3.4e+38
5.94565296173096 5.93506288528442 5.92447233200073 5.9138822555542 5.87990427017212 5.84294557571411 5.8059868812561 5.76902770996094 5.73206901550293 5.69511032104492 5.65815114974976 5.62119245529175 5.58423376083374 5.54727458953857 5.52597951889038 5.50736284255981 5.48874568939209 5.47012853622437 5.4515118598938 5.43289470672607 5.41427755355835 5.39566087722778 5.37704372406006 5.35842704772949 5.35332918167114 5.35117816925049 5.34902667999268 5.34687566757202 5.34472465515137 5.34257364273071 5.34042263031006 5.3382716178894 5.33612060546875 5.33396911621094 5.34680509567261 5.36367082595825 5.3805365562439 5.39740228652954 5.41426801681519 5.43113374710083 5.44799947738647 5.46486520767212 5.48173093795776 5.49859666824341 -3.4e+38 -3.4e+38 -3.4e+38 -3.4e+38 -3.4e+38 -3.4e+38 -3.4e+38 -3.4e+38
5.93072271347046 5.92085838317871 5.91099452972412 5.90113019943237 5.86819934844971 5.83232831954956 5.79645776748657 5.76058673858643 5.72471570968628 5.68884468078613 5.65297365188599 5.61710262298584 5.58123159408569 5.54536056518555 5.52459383010864 5.50640964508057 5.48822546005249 5.47004079818726 5.45185661315918 5.4336724281311 5.41548776626587 5.39730358123779 5.37911939620972 5.36093473434448 5.35634756088257 5.35472393035889 5.35310029983521 5.35147666931152 5.34985303878784 5.34822940826416 5.34660577774048 5.34498167037964 5.34335803985596 5.34173440933228 5.35444116592407 5.37100028991699 5.38755989074707 5.40411949157715 5.42067909240723 5.4372386932373 5.45379829406738 5.47035789489746 5.48691701889038 5.50347661972046 5.51847696304321 -3.4e+38 -3.4e+38 -3.4e+38 -3.4e+38 -3.4e+38 -3.4e+38 -3.4e+38
5.9157919883728 5.90665435791016 5.89751625061035 5.88837814331055 5.85649442672729 5.82171154022217 5.78692817687988 5.75214529037476 5.71736240386963 5.68257904052734 5.64779615402222 5.61301279067993 5.5782299041748 5.54344654083252 5.5232081413269 5.50545644760132 5.48770475387573 5.46995306015015 5.45220136642456 5.43444967269897 5.41669797897339 5.3989462852478 5.38119459152222 5.36344289779663 5.35936594009399 5.35826969146729 5.35717344284058 5.35607719421387 5.35498094558716 5.35388469696045 5.35278844833374 5.35169219970703 5.35059595108032 5.34949970245361 5.36207675933838 5.37833023071289 5.39458322525024 5.41083669662476 5.42709016799927 5.44334316253662 5.45959663391113 5.47585010528564 5.49210357666016 5.50835657119751 5.52386379241943 -3.4e+38 -3.4e+38 -3.4e+38 -3.4e+38 -3.4e+38 -3.4e+38 -3.4e+38
5.9008617401123 5.89244985580444 5.88403797149658 5.87562656402588 5.84478950500488 5.81109428405762 5.77739906311035 5.74370384216309 5.71000862121582 5.67631340026855 5.64261817932129 5.60892295837402 5.57522773742676 5.54153251647949 5.52182245254517 5.50450325012207 5.48718452453613 5.46986532211304 5.45254611968994 5.43522691726685 5.41790819168091 5.40058898925781 5.38326978683472 5.36595106124878 5.36238431930542 5.36181545257568 5.36124658584595 5.36067819595337 5.36010932922363 5.3595404624939 5.35897159576416 5.35840272903442 5.35783386230469 5.35726499557495 5.36971235275269 5.38565969467163 5.40160655975342 5.41755390167236 5.43350076675415 5.4494481086731 5.46539545059204 5.48134231567383 5.49728965759277 5.51323652267456 5.52925062179565 5.54528617858887 -3.4e+38 -3.4e+38 -3.4e+38 -3.4e+38 -3.4e+38 -3.4e+38
5.88593101501465 5.87824583053589 5.87056016921997 5.86287450790405 5.83308506011963 5.80047750473022 5.76786994934082 5.73526287078857 5.70265531539917 5.67004823684692 5.63744068145752 5.60483312606812 5.57222604751587 5.53961849212646 5.52043676376343 5.50355052947998 5.48666381835938 5.46977758407593 5.45289087295532 5.43600463867188 5.41911792755127 5.40223169326782 5.38534545898438 5.36845874786377 5.36540269851685 5.36536169052124 5.36532020568848 5.36527872085571 5.36523723602295 5.36519575119019 5.36515426635742 5.36511325836182 5.36507177352905 5.36503028869629 5.37734794616699 5.39298915863037 5.40862989425659 5.42427110671997 5.43991184234619 5.45555305480957 5.47119379043579 5.48683500289917 5.50247573852539 5.51811695098877 5.53463745117188 5.55144357681274 -3.4e+38 -3.4e+38 -3.4e+38 -3.4e+38 -3.4e+38 -3.4e+38
5.87100076675415 5.86404132843018 5.8570818901062 5.85012245178223 5.82138013839722 5.78986024856567 5.75834083557129 5.7268214225769 5.69530200958252 5.66378259658813 5.63226318359375 5.60074377059937 5.56922388076782 5.53770446777344 5.51905107498169 5.50259733200073 5.48614358901978 5.46968984603882 5.4532356262207 5.43678188323975 5.42032814025879 5.40387439727783 5.38742065429688 5.37096691131592 5.36842155456543 5.36890745162964 5.36939334869385 5.36987924575806 5.37036561965942 5.37085151672363 5.37133741378784 5.37182331085205 5.37230968475342 5.37279558181763 5.3849835395813 5.40031862258911 5.41565322875977 5.43098831176758 5.44632291793823 5.46165752410889 5.4769926071167 5.49232721328735 5.50766181945801 5.52299690246582 5.5400242805481 5.55760049819946 5.57517719268799 -3.4e+38 -3.4e+38 -3.4e+38 -3.4e+38 -3.4e+38
5.85607004165649 5.84983730316162 5.84360408782959 5.83737087249756 5.8096752166748 5.77924346923828 5.74881172180176 5.71837997436523 5.68794870376587 5.65751695632935 5.62708520889282 5.59665393829346 5.56622219085693 5.53579044342041 5.51766538619995 5.50164413452148 5.48562288284302 5.46960163116455 5.45358085632324 5.43755960464478 5.42153835296631 5.40551710128784 5.38949584960938 5.37347507476807 5.37143993377686 5.37245321273804 5.37346649169922 5.37448024749756 5.37549352645874 5.37650680541992 5.37752056121826 5.37853384017944 5.37954711914062 5.38056087493896 5.39261960983276 5.40764808654785 5.42267656326294 5.43770503997803 5.45273399353027 5.46776247024536 5.48279094696045 5.49781942367554 5.51284837722778 5.52787685394287 5.54541110992432 5.56375789642334 5.58210468292236 5.60045099258423 5.61879777908325 -3.4e+38 -3.4e+38 -3.4e+38
5.841139793396 5.83563280105591 5.83012580871582 5.82461881637573 5.79797029495239 5.76862621307373 5.73928260803223 5.70993900299072 5.68059539794922 5.65125131607056 5.62190771102905 5.59256410598755 5.56322050094604 5.53387641906738 5.51627969741821 5.50069093704224 5.48510265350342 5.46951389312744 5.45392560958862 5.43833684921265 5.42274856567383 5.40715980529785 5.39157152175903 5.37598276138306 5.37445831298828 5.37599897384644 5.37754011154175 5.3790807723999 5.38062191009521 5.38216257095337 5.38370323181152 5.38524436950684 5.38678503036499 5.3883261680603 5.40025520324707 5.41497755050659 5.42969989776611 5.44442224502563 5.45914459228516 5.47386693954468 5.48858976364136 5.50331211090088 5.5180344581604 5.53275680541992 5.55079793930054 5.56991481781006 5.58903169631958 5.60814905166626 5.62726593017578 -3.4e+38 -3.4e+38 -3.4e+38
5.82620906829834 5.8214282989502 5.81664752960205 5.81186676025391 5.78626537322998 5.75800943374634 5.7297534942627 5.70149755477905 5.67324161529541 5.64498615264893 5.61673021316528 5.58847427368164 5.560218334198 5.53196239471436 5.51489400863647 5.49973821640015 5.48458194732666 5.46942615509033 5.454270362854 5.43911457061768 5.42395877838135 5.40880250930786 5.39364671707153 5.37849092483521 5.37747669219971 5.37954521179199 5.38161325454712 5.3836817741394 5.38574981689453 5.38781833648682 5.38988637924194 5.39195489883423 5.39402294158936 5.39609146118164 5.40789079666138 5.42230701446533 5.43672323226929 5.45113945007324 5.4655556678772 5.47997188568115 5.49438810348511 5.50880432128906 5.52322053909302 5.53763675689697 5.55618476867676 5.57607173919678 5.59595918655396 5.61584663391113 5.63573408126831 5.65562152862549 -3.4e+38 -3.4e+38
5.81127882003784 5.80722427368164 5.80316972732544 5.79911518096924 5.77456045150757 5.74739217758179 5.72022438049316 5.69305658340454 5.66588830947876 5.63872051239014 5.61155223846436 5.58438444137573 5.55721664428711 5.53004837036133 5.51350831985474 5.4987850189209 5.48406171798706 5.46933841705322 5.45461511611938 5.43989181518555 5.42516851425171 5.41044521331787 5.39572191238403 5.38099908828735 5.38049507141113 5.38309097290039 5.38568639755249 5.38828229904175 5.39087820053101 5.39347362518311 5.39606952667236 5.39866495132446 5.40126085281372 5.40385627746582 5.41552639007568 5.42963647842407 5.44374656677246 5.45785665512085 5.47196674346924 5.48607683181763 5.50018692016602 5.51429653167725 5.52840662002563 5.54251670837402 5.56157112121582 5.58222913742065 5.60288667678833 5.62354469299316 5.64420223236084 -3.4e+38 -3.4e+38 -3.4e+38
5.79307174682617 5.78944683074951 5.78582239151001 5.78219747543335 5.75638484954834 5.72774362564087 5.6991024017334 5.67046165466309 5.64182043075562 5.61317920684814 5.58453798294067 5.55589723587036 5.52725601196289 5.49861478805542 5.48237943649292 5.46826505661011 5.45415019989014 5.44003582000732 5.42592144012451 5.4118070602417 5.39769268035889 5.38357782363892 5.3694634437561 5.35534906387329 5.35761213302612 5.36344480514526 5.36927795410156 5.3751106262207 5.38094329833984 5.38677597045898 5.39260911941528 5.39844179153442 5.40427446365356 5.41010761260986 5.42246437072754 5.43657541275024 5.45068693161011 5.46479797363281 5.47890949249268 5.49302053451538 5.50713157653809 5.52124309539795 5.53535413742065 5.54946517944336 5.56877946853638 5.58978080749512 5.61078214645386 5.6317834854126 5.65278482437134 5.67378616333008 -3.4e+38 -3.4e+38
5.77387571334839 5.77059125900269 5.76730680465698 5.76402282714844 5.73625612258911 5.7053689956665 5.6744818687439 5.64359474182129 5.61270713806152 5.58182001113892 5.55093288421631 5.5200457572937 5.48915863037109 5.45827102661133 5.44227313995361 5.42882061004639 5.41536808013916 5.40191555023193 5.38846302032471 5.37501049041748 5.36155796051025 5.34810543060303 5.3346529006958 5.32120037078857 5.32691097259521 5.33679866790771 5.34668684005737 5.35657453536987 5.36646223068237 5.37634992599487 5.38623809814453 5.39612579345703 5.40601348876953 5.41590118408203 5.42919158935547 5.4433970451355 5.45760202407837 5.47180700302124 5.48601245880127 5.50021743774414 5.51442289352417 5.52862787246704 5.54283285140991 5.55703830718994 5.57653760910034 5.59775352478027 5.61896991729736 5.64018583297729 5.66140174865723 5.68261766433716 -3.4e+38 -3.4e+38
5.75467967987061 5.75173568725586 5.74879169464111 5.74584770202637 5.71612787246704 5.68299436569214 5.64986085891724 5.61672782897949 5.58359432220459 5.55046081542969 5.51732778549194 5.48419427871704 5.45106077194214 5.41792726516724 5.40216684341431 5.38937616348267 5.37658548355103 5.36379480361938 5.35100412368774 5.33821392059326 5.32542324066162 5.31263256072998 5.29984188079834 5.2870512008667 5.29621028900146 5.31015300750732 5.32409572601318 5.33803844451904 5.3519811630249 5.36592388153076 5.37986707687378 5.39380979537964 5.4077525138855 5.42169523239136 5.4359188079834 5.45021820068359 5.46451711654663 5.47881603240967 5.49311542510986 5.5074143409729 5.5217137336731 5.53601264953613 5.55031204223633 5.56461095809937 5.58429574966431 5.60572624206543 5.62715721130371 5.64858818054199 5.67001867294312 5.6914496421814 5.71288061141968 -3.4e+38
