R_scripts/int_process_data/Bio_07_2001.2020.asc
NCOLS 281 
NROWS 577 
XLLCORNER 81175.2677831308 
YLLCORNER -911.770678700996 
CELLSIZE 1000 
NODATA_value -3.4e+38 
[rows 437 to 459 of 577, columns 153 to 203 of 281]
22.7558975219727 22.750846862793 23.2785377502441 23.4940948486328 23.1855754852295 22.7268981933594 22.4530220031738 21.9908409118652 22.0551128387451 22.8673191070557 23.2567863464355 23.1712131500244 22.841775894165 22.5947418212891 22.5448589324951 22.5131587982178 22.2158317565918 22.1616039276123 22.0611686706543 21.6262264251709 21.4028091430664 21.3070201873779 21.2108192443848 21.3545455932617 21.6378211975098 21.9854412078857 22.1343193054199 22.1918201446533 22.2577667236328 22.2928791046143 22.2642345428467 22.278226852417 22.3035869598389 22.3014659881592 22.2563381195068 22.1462421417236 22.0813598632812 22.1213226318359 22.1475067138672 22.191915512085 22.132984161377 22.138916015625 22.1884613037109 22.1862010955811 22.225004196167 22.2003650665283 22.2420024871826 22.3464107513428 22.3607788085938 22.346508026123 22.3401889801025
21.8240623474121 21.8162574768066 22.0332584381104 22.2277088165283 22.4094123840332 22.6279735565186 22.5317249298096 21.8487205505371 21.5745983123779 22.2310886383057 22.6321029663086 22.9467601776123 22.7692699432373 22.2317581176758 22.0895690917969 22.080057144165 21.9078788757324 22.2269821166992 22.5673980712891 22.3075981140137 21.8428554534912 21.3837337493896 21.596118927002 21.8640117645264 21.9021606445312 22.1445426940918 22.3130989074707 22.3489894866943 22.3242683410645 22.3253402709961 22.2802295684814 22.2639942169189 22.2587280273438 22.174337387085 22.1750545501709 22.1533336639404 22.0635833740234 22.0070762634277 22.1180877685547 22.1854667663574 22.0906448364258 22.0682640075684 22.107889175415 22.1099681854248 22.1177673339844 22.1281833648682 22.1889343261719 22.2404842376709 22.2383689880371 22.2364368438721 22.178581237793
21.1431503295898 21.0746936798096 21.0112800598145 21.1410865783691 21.2580242156982 21.4522476196289 21.4920749664307 21.0961952209473 20.9735107421875 21.3800048828125 21.7644195556641 22.1258182525635 22.0775108337402 21.5233573913574 21.4490165710449 21.3759708404541 21.5633296966553 22.2570610046387 22.8289527893066 22.8628158569336 22.638786315918 21.8712177276611 21.6384754180908 22.1009407043457 22.1523551940918 22.0860252380371 22.1547317504883 22.2095546722412 22.2195873260498 22.1191291809082 22.0984535217285 22.1503944396973 22.1567401885986 22.0476989746094 22.0418949127197 22.0326862335205 22.0027256011963 21.8730239868164 22.0545692443848 22.1621036529541 22.0841331481934 21.9956703186035 22.0268096923828 22.0391235351562 22.0753173828125 22.1413631439209 22.1645851135254 22.1320152282715 22.1297359466553 22.1907081604004 22.1347942352295
21.1137561798096 21.08447265625 20.7936248779297 20.7328853607178 20.6963138580322 20.6867790222168 20.7105464935303 20.609992980957 20.4743099212646 20.7190380096436 20.9909191131592 21.003137588501 20.9351062774658 20.7466793060303 20.7978935241699 20.9144821166992 21.25368309021 21.725757598877 22.1113548278809 22.2676486968994 22.352611541748 21.8918380737305 21.3533210754395 21.7717838287354 21.8755283355713 21.6893711090088 21.704309463501 21.7896728515625 21.8663005828857 21.816032409668 21.8120975494385 21.8506488800049 21.9389972686768 21.8760776519775 21.8676376342773 21.8596115112305 21.7988567352295 21.7445106506348 21.9321880340576 22.0843696594238 22.0647430419922 21.9582901000977 21.948371887207 21.9948291778564 22.0765857696533 22.1292304992676 22.0790710449219 22.0364551544189 22.0470409393311 22.1266384124756 22.1452732086182
21.0504112243652 21.0172843933105 20.8268127441406 20.6912651062012 20.5873184204102 20.531681060791 20.5000038146973 20.5087547302246 20.418701171875 20.5740756988525 20.7431945800781 20.7346076965332 20.6318550109863 20.4554615020752 20.5962867736816 20.6735515594482 20.8240623474121 21.0735015869141 21.2801113128662 21.4280548095703 21.5152130126953 21.3767776489258 21.1249237060547 21.2973308563232 21.2261371612549 21.14621925354 21.2944679260254 21.4179553985596 21.4436378479004 21.4933815002441 21.5042667388916 21.5075531005859 21.6083889007568 21.6395435333252 21.728572845459 21.7187767028809 21.6754169464111 21.6804027557373 21.8969058990479 22.0597286224365 22.0258769989014 21.922435760498 21.8726806640625 21.9138946533203 22.014181137085 22.0570011138916 21.9994144439697 21.9679794311523 21.9427394866943 22.0034809112549 22.0393486022949
20.9595813751221 20.8989524841309 20.8821220397949 20.8676471710205 20.7972564697266 20.6953086853027 20.5301914215088 20.4364719390869 20.3935298919678 20.529806137085 20.7185306549072 20.7838897705078 20.5312023162842 20.5858306884766 20.849853515625 20.8902034759521 20.8270874023438 20.8366851806641 20.9813365936279 21.107328414917 21.1272048950195 20.9656753540039 20.9974937438965 21.2683696746826 21.1472454071045 21.0002861022949 21.1346817016602 21.3082885742188 21.4658756256104 21.5010852813721 21.5178070068359 21.5209274291992 21.7127361297607 21.7654438018799 21.7268123626709 21.7491073608398 21.8128643035889 21.693790435791 21.8600463867188 21.9603633880615 21.9687442779541 21.8666973114014 21.7776489257812 21.7681560516357 21.8806056976318 21.9598159790039 21.9771194458008 21.8879165649414 21.7723579406738 21.8426475524902 21.8774547576904
20.953929901123 20.8007831573486 20.8423252105713 20.890832901001 20.9760227203369 20.863166809082 20.6677951812744 20.5397491455078 20.4022808074951 20.4258003234863 20.5966205596924 20.6552352905273 20.386402130127 20.6659297943115 20.9439888000488 21.0999298095703 21.146915435791 21.0025577545166 20.9390869140625 20.9879188537598 20.9876842498779 21.0462055206299 21.2073307037354 21.3740234375 21.4129066467285 21.3116779327393 21.4257755279541 21.5156364440918 21.7027397155762 21.675386428833 21.6797142028809 21.6405754089355 21.7158050537109 21.920711517334 21.9343643188477 21.9452991485596 21.9153575897217 21.7260799407959 21.7586231231689 21.787841796875 21.836368560791 21.7559490203857 21.740161895752 21.8226375579834 21.7861957550049 21.8408794403076 21.9371719360352 21.8096542358398 21.6869487762451 21.7199859619141 21.7150573730469
20.9378604888916 20.7164154052734 20.6942577362061 20.8587455749512 21.0561714172363 21.0349445343018 20.8468475341797 20.7083988189697 20.6896190643311 20.6455497741699 20.6004028320312 20.4444160461426 20.3229866027832 20.5899333953857 20.8612976074219 21.1442356109619 21.3344097137451 21.293830871582 21.3353748321533 21.3256950378418 21.2718563079834 21.3361282348633 21.4782028198242 21.5215091705322 21.6226119995117 21.6957359313965 21.7144107818604 21.7171363830566 21.8885192871094 21.873498916626 21.8784847259521 21.7892150878906 21.6793155670166 21.8869457244873 22.0167198181152 22.0682964324951 22.039514541626 21.9549026489258 21.8075084686279 21.7292976379395 21.7724533081055 21.7663307189941 21.8127059936523 21.9335269927979 21.8749599456787 21.7652034759521 21.795036315918 21.739767074585 21.749137878418 21.6883544921875 21.6394786834717
20.8160057067871 20.7245044708252 20.6478061676025 20.9848155975342 21.1089725494385 21.0839099884033 20.9673538208008 20.9127311706543 20.9837036132812 20.9078788757324 20.8119773864746 20.404125213623 20.3000659942627 20.5920085906982 20.8626899719238 21.1175594329834 21.3136577606201 21.4404125213623 21.5878219604492 21.6356105804443 21.5869636535645 21.5598640441895 21.6686382293701 21.6631393432617 21.8362998962402 22.1025810241699 22.1354541778564 21.9168605804443 21.9346351623535 22.0091686248779 22.0124588012695 21.9523391723633 21.706033706665 21.8182964324951 21.9893398284912 22.1072406768799 22.1445045471191 22.0576591491699 21.9464721679688 21.9623775482178 22.0072765350342 21.9648303985596 21.9271945953369 21.9754333496094 21.9758739471436 21.7756328582764 21.7870635986328 21.7915458679199 21.7905368804932 21.7838687896729 21.7410278320312
20.5995750427246 20.609001159668 20.5430870056152 20.8163280487061 20.94895362854 21.0539646148682 21.0997428894043 21.0801906585693 21.0789127349854 21.0459041595459 20.8217697143555 20.4127101898193 20.4789390563965 20.8316783905029 21.0856094360352 21.2959461212158 21.3579025268555 21.4804706573486 21.6389007568359 21.7652759552002 21.7961978912354 21.7171840667725 21.7700481414795 21.8346920013428 22.0315532684326 22.2940521240234 22.4017696380615 22.2054824829102 21.9512462615967 22.0164546966553 22.10422706604 22.0638561248779 21.8215560913086 21.7120094299316 21.8976402282715 22.0402317047119 22.1355152130127 22.085901260376 22.0068111419678 22.0667552947998 22.1142883300781 22.0500679016113 21.9879550933838 22.0116996765137 21.9792537689209 21.8158740997314 21.8878078460693 21.9677276611328 22.0040225982666 21.9628086090088 21.8140048980713
20.5249290466309 20.4337348937988 20.3852767944336 20.4841747283936 20.7005729675293 20.9838066101074 21.1421756744385 21.1126976013184 20.9304542541504 20.8408966064453 20.576789855957 20.4092273712158 20.7574081420898 21.0113067626953 21.1907329559326 21.3640213012695 21.4190979003906 21.4905071258545 21.6553211212158 21.7786521911621 21.8514366149902 21.8155326843262 21.8741664886475 22.0703010559082 22.1591567993164 22.3217697143555 22.4900398254395 22.3745346069336 22.1035900115967 21.997049331665 22.1522903442383 22.1431865692139 21.9305553436279 21.7708339691162 21.7804069519043 21.8302059173584 21.9176025390625 21.9638633728027 21.9831008911133 22.0261077880859 22.0793876647949 22.0508060455322 22.0266399383545 22.064151763916 21.9693126678467 21.8503742218018 21.8428001403809 21.8943195343018 22.0340518951416 22.1286315917969 22.0613555908203
20.5388240814209 20.5002021789551 20.6037654876709 20.4327182769775 20.4693012237549 20.744758605957 20.9919376373291 20.9803314208984 20.6773300170898 20.4786109924316 20.4875240325928 20.6674823760986 20.763708114624 20.8933277130127 21.0387840270996 21.2166595458984 21.3104190826416 21.4503574371338 21.6710567474365 21.7674770355225 21.8495273590088 21.9036235809326 22.0296688079834 22.1925048828125 22.2642097473145 22.3149318695068 22.424108505249 22.3848094940186 22.1927833557129 22.1032943725586 22.2577457427979 22.3131122589111 22.1651573181152 22.0252208709717 21.9056625366211 21.8346214294434 21.7365989685059 21.7569580078125 21.8219947814941 21.9004001617432 21.9958000183105 22.0582408905029 22.0905857086182 22.0729007720947 21.9461288452148 21.9244136810303 21.9337310791016 21.8257732391357 21.8832130432129 22.0860481262207 22.1930675506592
20.5300102233887 20.7523460388184 20.998197555542 20.7442569732666 20.4618396759033 20.4591846466064 20.6831378936768 20.6701316833496 20.4053421020508 20.5534801483154 20.8616161346436 21.0224704742432 20.9487152099609 20.9814281463623 21.0090198516846 21.0653743743896 21.1874809265137 21.3890113830566 21.6020183563232 21.7651424407959 21.8416442871094 21.9625358581543 22.1347808837891 22.253698348999 22.2883415222168 22.3606605529785 22.4656562805176 22.4067192077637 22.299243927002 22.24560546875 22.3831672668457 22.4378318786621 22.3605289459229 22.2505397796631 22.1247024536133 22.0066261291504 21.8727741241455 21.7800121307373 21.7490139007568 21.8291454315186 21.9271469116211 22.0302696228027 22.0859069824219 22.014289855957 21.9278030395508 21.97239112854 21.9900035858154 21.8727855682373 21.9076385498047 21.98388671875 22.1337089538574
20.7814044952393 21.1605091094971 21.3638000488281 21.0829792022705 20.764123916626 20.6089572906494 20.5555305480957 20.4393730163574 20.4998760223389 20.9871940612793 21.1211109161377 21.0551280975342 21.0607452392578 21.1521320343018 21.1831092834473 21.1840076446533 21.1766815185547 21.37327003479 21.5907020568848 21.7172813415527 21.8563194274902 22.0411567687988 22.1882228851318 22.2556381225586 22.2917385101318 22.3836345672607 22.5096282958984 22.445987701416 22.4146213531494 22.3316078186035 22.3589763641357 22.3969593048096 22.3903007507324 22.2992668151855 22.1972389221191 22.0861930847168 22.0190601348877 21.8951206207275 21.7495346069336 21.7835464477539 21.8641471862793 21.9577159881592 22.0148506164551 21.9863796234131 21.968090057373 22.027702331543 22.0044746398926 21.9039993286133 22.0213279724121 22.041088104248 22.0427722930908
21.1868782043457 21.4511108398438 21.5798244476318 21.3598976135254 21.0394973754883 20.9586563110352 20.8220081329346 20.5183773040771 20.4317016601562 20.8254432678223 20.9156742095947 20.8260974884033 20.9912567138672 21.0669574737549 21.1939029693604 21.3614921569824 21.3799152374268 21.411190032959 21.5514392852783 21.6958045959473 21.8700332641602 22.0693912506104 22.1903114318848 22.2373352050781 22.2805709838867 22.3116798400879 22.3436641693115 22.3489227294922 22.3679447174072 22.3409061431885 22.3920783996582 22.4388103485107 22.3838653564453 22.304271697998 22.2761096954346 22.2202339172363 22.1312313079834 21.9536418914795 21.7744216918945 21.721809387207 21.8006858825684 21.967529296875 22.0205707550049 21.990592956543 22.039041519165 22.092155456543 22.0649261474609 21.9745903015137 21.9858703613281 22.1067123413086 22.1173515319824
21.5593528747559 21.6142387390137 21.4936485290527 21.3427715301514 21.1645603179932 21.1014995574951 21.0885887145996 20.9230937957764 20.5882434844971 20.3954486846924 20.539234161377 20.756311416626 21.0318241119385 21.0571727752686 21.1842422485352 21.4248046875 21.5250778198242 21.5714302062988 21.5801181793213 21.6407566070557 21.8268604278564 22.0337181091309 22.1574268341064 22.232889175415 22.274377822876 22.2727184295654 22.2678279876709 22.2849426269531 22.3432025909424 22.4278430938721 22.4426460266113 22.4972038269043 22.494104385376 22.4362125396729 22.4740905761719 22.5243854522705 22.4155902862549 22.0778903961182 21.9091663360596 21.7747898101807 21.7338008880615 21.8402862548828 21.9077796936035 21.9468441009521 22.0369033813477 22.1236438751221 22.1538047790527 22.1291084289551 22.0289974212646 22.0720500946045 22.2541580200195
21.7216777801514 21.7957496643066 21.8241405487061 21.64892578125 21.4262580871582 21.3419628143311 21.2850341796875 21.057186126709 20.6377296447754 20.1783390045166 20.3370933532715 20.7156372070312 20.9102077484131 20.9763832092285 21.1333541870117 21.3025093078613 21.4321231842041 21.5902290344238 21.6500587463379 21.6615905761719 21.771671295166 21.9019603729248 22.0463199615479 22.1408729553223 22.2096939086914 22.260046005249 22.2761287689209 22.2999286651611 22.3574371337891 22.5741062164307 22.6324996948242 22.5793838500977 22.5640411376953 22.5742206573486 22.6709365844727 22.8553199768066 22.9464778900146 22.4195804595947 22.0988101959229 21.9267978668213 21.7711219787598 21.734245300293 21.7685470581055 21.8540859222412 21.9692935943604 22.0974292755127 22.2306499481201 22.266637802124 22.2092704772949 22.0942058563232 22.1652851104736
21.8325538635254 21.931324005127 22.105899810791 21.9701538085938 21.7298812866211 21.5625514984131 21.3898220062256 20.9595012664795 20.4775276184082 20.2477054595947 20.40940284729 20.7138481140137 20.8996295928955 21.0446166992188 21.1896533966064 21.3115482330322 21.4712219238281 21.6632671356201 21.7232093811035 21.7380752563477 21.8348445892334 21.9438591003418 21.9839820861816 22.0027179718018 22.0944957733154 22.170841217041 22.2143459320068 22.2727642059326 22.3485813140869 22.5279388427734 22.8128490447998 22.8810653686523 22.7440223693848 22.5792121887207 22.5816078186035 22.6985702514648 22.9002056121826 22.8780212402344 22.451639175415 22.0963649749756 21.8991394042969 21.798978805542 21.7731475830078 21.825345993042 21.8801155090332 21.9779434204102 22.1080570220947 22.20578956604 22.297061920166 22.2927989959717 22.2301044464111
22.0882930755615 22.1255836486816 22.3211803436279 22.2076168060303 21.9412231445312 21.744384765625 21.4773769378662 21.0122680664062 20.5551471710205 20.5933952331543 20.7927265167236 21.0005950927734 21.1412143707275 21.2657604217529 21.4039669036865 21.5454483032227 21.6351013183594 21.7399215698242 21.833080291748 21.8327522277832 21.8969383239746 22.0249404907227 22.1079864501953 22.0732307434082 22.1514320373535 22.1182041168213 22.1309719085693 22.1956062316895 22.265064239502 22.3672904968262 22.5522327423096 22.886438369751 23.0585651397705 22.7676296234131 22.5779361724854 22.6627960205078 22.6671524047852 22.6400375366211 22.7199897766113 22.38649559021 22.0347900390625 21.8707885742188 21.830696105957 21.9171543121338 21.9219264984131 21.9118633270264 21.9610481262207 22.0321140289307 22.1688098907471 22.3587303161621 22.3812828063965
22.1219100952148 22.2759571075439 22.4417304992676 22.2788906097412 22.0941219329834 21.8334159851074 21.5606307983398 21.1977500915527 20.58616065979 20.6761093139648 20.9247188568115 21.0852012634277 21.2443370819092 21.3541030883789 21.5137691497803 21.6840896606445 21.7771797180176 21.7866134643555 21.8759899139404 21.9427337646484 21.953145980835 22.0497856140137 22.1421813964844 22.1537990570068 22.2095794677734 22.2486610412598 22.2142486572266 22.1665573120117 22.1805477142334 22.2594814300537 22.4024982452393 22.679515838623 23.0680370330811 23.0261039733887 22.696268081665 22.7253150939941 22.8824119567871 22.6616344451904 22.4088230133057 22.3395137786865 22.1054458618164 21.9267158508301 21.9382572174072 22.0577278137207 22.0776138305664 22.0175037384033 22.0375061035156 22.0853748321533 22.1960372924805 22.3341884613037 22.3797206878662
21.8321514129639 22.0162353515625 22.1042213439941 21.9324150085449 21.9068946838379 21.7623920440674 21.6373538970947 21.2327842712402 20.5178031921387 20.5017852783203 21.0488815307617 21.3525257110596 21.5407314300537 21.5887813568115 21.6386318206787 21.7617301940918 21.8488883972168 21.8609199523926 21.9003982543945 21.9923801422119 22.0352153778076 22.1441879272461 22.1864223480225 22.2199592590332 22.2016353607178 22.2620830535889 22.2954349517822 22.227237701416 22.2086238861084 22.2594261169434 22.4225120544434 22.5593795776367 22.7746677398682 23.0869312286377 22.8604888916016 22.6680393218994 22.8788452148438 23.0112838745117 22.4635028839111 22.1921825408936 22.1009559631348 22.0361995697021 21.9927310943604 22.0572605133057 22.1335926055908 22.1242218017578 22.1257972717285 22.2018299102783 22.2626304626465 22.3956069946289 22.5185108184814
21.4231929779053 21.640438079834 21.7369136810303 21.5847396850586 21.5315437316895 21.4473876953125 21.4396152496338 21.0646858215332 20.4478816986084 20.4201679229736 21.2086086273193 21.6538047790527 21.6978588104248 21.6492938995361 21.6567211151123 21.729320526123 21.7916564941406 21.8569412231445 21.924280166626 22.0142612457275 22.0997200012207 22.1986980438232 22.2954998016357 22.2956962585449 22.2191047668457 22.2093200683594 22.2891902923584 22.2987613677979 22.2531604766846 22.280065536499 22.4354763031006 22.6014461517334 22.7543411254883 22.9548397064209 22.9202251434326 22.7340240478516 22.715763092041 23.0294647216797 23.0398235321045 22.4712543487549 22.177713394165 22.151123046875 22.1032218933105 22.0423107147217 22.1356430053711 22.2207412719727 22.2680149078369 22.2983264923096 22.3873081207275 22.4407577514648 22.626880645752
21.176643371582 21.3687915802002 21.455415725708 21.4585475921631 21.3448028564453 21.2088966369629 21.133472442627 20.8570461273193 20.3677978515625 20.3650989532471 21.1513824462891 21.6280384063721 21.5788478851318 21.4266166687012 21.4882431030273 21.6492023468018 21.7712516784668 21.8265895843506 21.8784828186035 21.9609699249268 22.0149841308594 22.1325855255127 22.3076438903809 22.339054107666 22.1468315124512 22.1135711669922 22.2228584289551 22.2915077209473 22.2754211425781 22.3056831359863 22.4265460968018 22.6393966674805 22.8278636932373 22.8597602844238 22.8972587585449 22.821325302124 22.7039661407471 23.0550785064697 23.4162006378174 22.7234172821045 22.2901401519775 22.2738876342773 22.258487701416 22.2026081085205 22.2470645904541 22.2928638458252 22.4376754760742 22.5350646972656 22.6389579772949 22.6646404266357 22.7988300323486
