R_scripts/int_process_data/Bio_08_2001.2020.asc
NCOLS 281 
NROWS 577 
XLLCORNER 81175.2677831308 
YLLCORNER -911.770678700996 
CELLSIZE 1000 
NODATA_value -3.4e+38 
[rows 529 to 551 of 577, columns 52 to 103 of 281]
-3.4e+38 -3.4e+38 -3.4e+38 -3.4e+38 -3.4e+38 287.774993896484 287.548065185547 287.406311035156 287.330444335938 287.266082763672 287.172821044922 287.036651611328 286.958343505859 286.926300048828 286.779327392578 286.599456787109 286.342163085938 286.448272705078 286.310272216797 286.414581298828 286.77880859375 286.861297607422 286.649169921875 286.435089111328 286.026763916016 285.725433349609 285.798828125 285.649291992188 285.807250976562 285.686767578125 285.348175048828 285.273254394531 285.272521972656 285.4365234375 285.720672607422 285.915435791016 286.103485107422 286.350250244141 286.480377197266 286.574737548828 286.6162109375 286.642211914062 286.687255859375 286.808532714844 286.737396240234 286.781677246094 286.845458984375 286.795806884766 286.690704345703 286.630065917969 286.713256835938 286.577697753906
-3.4e+38 -3.4e+38 -3.4e+38 -3.4e+38 287.909393310547 287.666015625 287.482421875 287.374694824219 287.352416992188 287.345855712891 287.232025146484 287.030517578125 286.843048095703 286.753387451172 286.558319091797 286.423431396484 286.29150390625 286.102813720703 286.102569580078 286.412017822266 286.655700683594 286.681427001953 286.658935546875 286.342620849609 286.033294677734 285.677093505859 285.489807128906 285.291046142578 285.496917724609 285.628540039062 285.6025390625 285.485992431641 285.325378417969 285.557525634766 285.931579589844 286.185760498047 286.236633300781 286.301086425781 286.230712890625 286.223449707031 286.422668457031 286.664093017578 286.657745361328 286.726379394531 286.863220214844 286.896484375 286.810150146484 286.713592529297 286.589569091797 286.497253417969 286.514801025391 286.505035400391
-3.4e+38 -3.4e+38 -3.4e+38 -3.4e+38 287.7958984375 287.583312988281 287.442413330078 287.326354980469 287.337585449219 287.394348144531 287.206756591797 286.980712890625 286.774444580078 286.569793701172 286.305755615234 286.125396728516 286.112091064453 286.025573730469 286.204284667969 286.452239990234 286.510803222656 286.478057861328 286.568878173828 286.502044677734 286.377502441406 286.086120605469 285.720001220703 285.472137451172 285.189453125 285.272888183594 285.368194580078 285.311462402344 285.471649169922 285.889556884766 285.973846435547 286.098480224609 286.221343994141 286.322723388672 286.445922851562 286.334930419922 286.129486083984 286.425018310547 286.711517333984 286.688690185547 286.756256103516 286.929382324219 286.854766845703 286.780944824219 286.739776611328 286.683807373047 286.557403564453 286.513000488281
-3.4e+38 -3.4e+38 -3.4e+38 -3.4e+38 287.816986083984 287.578247070312 287.391998291016 287.280090332031 287.333251953125 287.428192138672 287.236846923828 287.038787841797 286.830993652344 286.543731689453 286.194458007812 285.993743896484 285.893798828125 285.978149414062 286.311309814453 286.294769287109 286.227905273438 286.220886230469 286.222442626953 286.194793701172 286.134094238281 286.080841064453 285.906341552734 285.705108642578 285.333740234375 284.997589111328 285.083953857422 285.521484375 285.828216552734 286.069152832031 286.154083251953 286.022796630859 285.971801757812 286.03271484375 286.277435302734 286.553741455078 286.366149902344 286.296081542969 286.586883544922 286.761444091797 286.719970703125 286.860076904297 286.949615478516 286.905700683594 286.829315185547 286.719970703125 286.546875 286.404022216797
-3.4e+38 -3.4e+38 -3.4e+38 287.911010742188 287.852874755859 287.62353515625 287.376953125 287.265197753906 287.338714599609 287.452758789062 287.289978027344 287.137023925781 286.90087890625 286.561126708984 286.319854736328 286.157745361328 285.865509033203 285.842498779297 286.073059082031 286.063385009766 285.961303710938 285.878723144531 285.956787109375 285.690704345703 285.592163085938 285.520385742188 285.330200195312 285.365997314453 285.258117675781 285.07470703125 285.15380859375 285.639038085938 285.999938964844 286.152160644531 286.240783691406 286.282012939453 286.164337158203 285.802307128906 285.99658203125 286.577941894531 286.654052734375 286.530853271484 286.534973144531 286.761566162109 286.920379638672 286.922576904297 286.876068115234 286.857391357422 286.776000976562 286.722869873047 286.628265380859 286.407440185547
-3.4e+38 -3.4e+38 287.98828125 287.783233642578 287.824798583984 287.783050537109 287.464141845703 287.343017578125 287.43603515625 287.398284912109 287.264862060547 287.138275146484 286.922790527344 286.716613769531 286.661071777344 286.453826904297 286.032165527344 285.707794189453 285.714202880859 285.830261230469 285.751220703125 285.593719482422 285.695770263672 285.5888671875 285.211761474609 284.649627685547 284.319702148438 284.501251220703 284.745239257812 285.027313232422 285.472229003906 285.763244628906 285.758666992188 285.596343994141 285.794525146484 286.118621826172 286.336364746094 285.924102783203 285.998199462891 286.480194091797 286.823822021484 286.802673339844 286.718200683594 286.760040283203 286.893188476562 286.904479980469 286.757354736328 286.749450683594 286.813934326172 286.731140136719 286.651000976562 286.561096191406
-3.4e+38 -3.4e+38 287.820648193359 287.729217529297 287.707397460938 287.790771484375 287.628448486328 287.560974121094 287.585632324219 287.336700439453 287.200653076172 287.141143798828 286.937103271484 286.759063720703 286.667877197266 286.598266601562 286.120300292969 285.769897460938 285.696350097656 285.771179199219 285.570648193359 285.369171142578 285.311584472656 285.288360595703 284.722198486328 283.717132568359 283.290069580078 283.713073730469 284.136322021484 284.67724609375 285.314514160156 285.420654296875 284.968475341797 284.56787109375 285.057312011719 285.814666748047 286.404876708984 286.022613525391 286.041412353516 286.535614013672 286.908355712891 286.798156738281 286.630310058594 286.547668457031 286.449310302734 286.602966308594 286.718139648438 286.600128173828 286.664093017578 286.70068359375 286.624328613281 286.599700927734
288.166168212891 287.936737060547 287.659851074219 287.655059814453 287.618835449219 287.595581054688 287.618286132812 287.690460205078 287.643951416016 287.437774658203 287.358276367188 287.157318115234 286.755706787109 286.404693603516 286.362884521484 286.557678222656 286.262725830078 285.969909667969 285.827911376953 285.736633300781 285.505950927734 285.462432861328 285.227996826172 284.858917236328 284.100219726562 283.235534667969 283.031005859375 283.359130859375 283.966674804688 284.826477050781 285.124450683594 284.626861572266 284.003540039062 284.154754638672 284.79150390625 285.742919921875 286.546966552734 286.264556884766 286.234527587891 286.761749267578 286.846954345703 286.693115234375 286.536315917969 286.452667236328 286.198577880859 286.160736083984 286.528564453125 286.558929443359 286.492065429688 286.645355224609 286.76611328125 286.716552734375
288.172790527344 287.9228515625 287.638702392578 287.550659179688 287.476898193359 287.4111328125 287.372772216797 287.568634033203 287.585540771484 287.433166503906 287.313873291016 286.998687744141 286.645751953125 286.391418457031 286.251495361328 286.351348876953 286.216979980469 285.872589111328 285.662780761719 285.551940917969 285.072937011719 285.049346923828 284.847961425781 284.3037109375 283.721221923828 283.404998779297 283.53369140625 283.954559326172 284.62060546875 284.927307128906 284.509979248047 283.938415527344 284.028961181641 284.564025878906 285.19189453125 286.187103271484 286.648742675781 286.651550292969 286.675262451172 286.736999511719 286.700164794922 286.582397460938 286.392608642578 286.236694335938 286.240234375 286.082580566406 286.245513916016 286.498962402344 286.592224121094 286.630554199219 286.786315917969 286.88671875
288.177825927734 287.984252929688 287.682739257812 287.464233398438 287.367736816406 287.314758300781 287.273162841797 287.486938476562 287.481750488281 287.289764404297 287.154907226562 286.760406494141 286.356048583984 286.277099609375 286.227783203125 286.011535644531 285.935516357422 285.852294921875 285.738037109375 285.743041992188 285.285461425781 285.057525634766 284.873748779297 284.369659423828 284.234832763672 284.392700195312 284.678100585938 285.044036865234 285.310729980469 285.007904052734 284.400115966797 284.285034179688 285.030120849609 285.546203613281 286.003601074219 286.628295898438 286.707916259766 286.903228759766 286.935638427734 286.460510253906 286.307159423828 286.203063964844 286.069732666016 286.065612792969 286.234710693359 286.318969726562 286.340911865234 286.517364501953 286.698822021484 286.752136230469 286.770050048828 286.932189941406
288.192657470703 288.054046630859 287.744049072266 287.503845214844 287.381317138672 287.255798339844 287.261322021484 287.464050292969 287.398529052734 287.135070800781 287.023223876953 286.633544921875 286.216857910156 286.036804199219 286.055358886719 285.893493652344 285.998870849609 286.100860595703 285.978698730469 286.044555664062 285.883270263672 285.62451171875 285.402679443359 285.107574462891 285.202697753906 285.418518066406 285.528717041016 285.619171142578 285.660125732422 285.528259277344 285.333801269531 285.459106445312 285.988403320312 286.256500244141 286.479064941406 286.939178466797 286.974151611328 286.944915771484 286.750518798828 286.392303466797 286.168334960938 286.092468261719 286.009735107422 286.187103271484 286.455780029297 286.527954101562 286.572418212891 286.674987792969 286.715759277344 286.875885009766 286.896697998047 286.934783935547
-3.4e+38 -3.4e+38 287.787689208984 287.616912841797 287.484649658203 287.260986328125 287.268676757812 287.451934814453 287.335418701172 287.022735595703 286.940673828125 286.671020507812 286.368347167969 286.222290039062 286.186279296875 286.07861328125 286.174774169922 286.303863525391 286.277893066406 286.306427001953 286.179138183594 285.958404541016 285.850982666016 285.809112548828 285.845397949219 285.924468994141 285.984375 286.011932373047 286.081726074219 286.187164306641 286.212280273438 286.301513671875 286.436645507812 286.582305908203 286.66748046875 287.004150390625 287.095275878906 286.865753173828 286.528594970703 286.341461181641 286.322082519531 286.136688232422 286.109619140625 286.427307128906 286.679351806641 286.662475585938 286.688598632812 286.820190429688 286.806427001953 286.888946533203 287.015625 287.005065917969
-3.4e+38 288.127166748047 287.90380859375 287.650695800781 287.457122802734 287.209655761719 287.242767333984 287.375213623047 287.176086425781 286.940155029297 286.78369140625 286.687438964844 286.479370117188 286.464782714844 286.481811523438 286.409912109375 286.522857666016 286.536865234375 286.422943115234 286.482574462891 286.40625 286.230407714844 286.141143798828 286.177520751953 286.182159423828 286.161437988281 286.259368896484 286.408660888672 286.451416015625 286.574401855469 286.671356201172 286.645446777344 286.674163818359 286.766571044922 286.831481933594 287.085266113281 287.044372558594 286.828338623047 286.54052734375 286.385803222656 286.371612548828 286.280151367188 286.176147460938 286.435424804688 286.853088378906 286.843658447266 286.901611328125 286.805541992188 286.747314453125 286.753662109375 286.920928955078 287.021789550781
-3.4e+38 -3.4e+38 287.884490966797 287.529449462891 287.280883789062 287.130859375 287.258728027344 287.298645019531 287.059783935547 286.808471679688 286.648223876953 286.543518066406 286.403381347656 286.512908935547 286.676116943359 286.654998779297 286.717071533203 286.529571533203 286.446472167969 286.59814453125 286.588684082031 286.536682128906 286.453399658203 286.481567382812 286.499114990234 286.441162109375 286.425628662109 286.605712890625 286.7109375 286.789916992188 286.852172851562 286.814910888672 286.847930908203 286.939971923828 286.975799560547 287.035980224609 286.789733886719 286.558990478516 286.418029785156 286.508514404297 286.464660644531 286.424743652344 286.296508789062 286.514862060547 286.861145019531 286.851715087891 286.811676025391 286.670562744141 286.653930664062 286.738525390625 286.78125 286.863464355469
-3.4e+38 -3.4e+38 287.827606201172 287.474365234375 287.222045898438 287.276123046875 287.339508056641 287.198120117188 287.004760742188 286.852203369141 286.670104980469 286.459930419922 286.434448242188 286.567016601562 286.794281005859 286.789367675781 286.760070800781 286.566772460938 286.623687744141 286.667633056641 286.653503417969 286.722564697266 286.672637939453 286.714874267578 286.755645751953 286.658782958984 286.525726318359 286.595825195312 286.835021972656 286.947509765625 286.947418212891 286.912170410156 286.964752197266 287.151672363281 287.174377441406 286.919769287109 286.572967529297 286.395812988281 286.432159423828 286.665222167969 286.680450439453 286.565002441406 286.467346191406 286.675231933594 286.999084472656 286.943420410156 286.919677734375 286.863861083984 286.825866699219 286.693054199219 286.721435546875 286.693084716797
-3.4e+38 288.005859375 287.674987792969 287.428100585938 287.310272216797 287.419647216797 287.321441650391 287.115447998047 286.974639892578 286.860809326172 286.666320800781 286.494110107422 286.601257324219 286.783813476562 286.910339355469 286.910125732422 286.869293212891 286.738525390625 286.763519287109 286.739044189453 286.703765869141 286.806945800781 286.806854248047 286.871063232422 286.936126708984 286.858612060547 286.760986328125 286.732604980469 286.913970947266 287.059753417969 287.074554443359 286.997528076172 287.117584228516 287.301116943359 287.164276123047 286.694213867188 286.531646728516 286.542266845703 286.630645751953 286.818664550781 286.825073242188 286.671295166016 286.626129150391 286.774261474609 287.192016601562 287.211395263672 287.088684082031 287.095336914062 286.996520996094 286.678833007812 286.639495849609 286.748504638672
-3.4e+38 287.800659179688 287.483764648438 287.374816894531 287.393371582031 287.479705810547 287.318786621094 287.095764160156 286.946563720703 286.851013183594 286.748596191406 286.592926025391 286.689392089844 286.905059814453 287.034362792969 287.044342041016 286.929168701172 286.902435302734 286.912780761719 286.81640625 286.842254638672 286.931854248047 286.973785400391 287.00439453125 287.092529296875 287.055999755859 287.040008544922 287.067626953125 287.098114013672 287.191711425781 287.206756591797 287.105529785156 287.21484375 287.355529785156 287.071472167969 286.732360839844 286.740570068359 286.791381835938 286.81396484375 286.938903808594 286.971740722656 286.864776611328 286.793090820312 286.904327392578 287.230316162109 287.320831298828 287.153503417969 287.201446533203 287.03759765625 286.858367919922 286.962646484375 287.002624511719
288.050903320312 287.719940185547 287.5986328125 287.581604003906 287.500091552734 287.465606689453 287.313140869141 287.109069824219 286.942291259766 286.832122802734 286.724243164062 286.657043457031 286.807800292969 286.951354980469 287.041900634766 287.118591308594 287.062103271484 287.06396484375 286.966064453125 286.847320556641 286.975128173828 287.082000732422 287.099761962891 287.094116210938 287.190765380859 287.203704833984 287.209747314453 287.241424560547 287.236450195312 287.27978515625 287.308624267578 287.187622070312 287.154144287109 287.313232421875 287.216461181641 287.029266357422 287.005493164062 286.933227539062 286.889373779297 287.105834960938 287.156005859375 287.037780761719 286.956207275391 286.985382080078 287.257873535156 287.448883056641 287.271942138672 287.080810546875 286.998046875 287.111999511719 287.244232177734 287.263977050781
288.047637939453 287.828338623047 287.866882324219 287.747222900391 287.551025390625 287.443756103516 287.327362060547 287.127471923828 286.928741455078 286.754669189453 286.825378417969 286.934936523438 287.004913330078 286.989196777344 287.015777587891 287.151580810547 287.23046875 287.161071777344 286.95947265625 286.972808837891 287.066833496094 287.178771972656 287.189392089844 287.219299316406 287.325805664062 287.325012207031 287.350280761719 287.374450683594 287.368988037109 287.347045898438 287.419067382812 287.342041015625 287.255554199219 287.415344238281 287.421264648438 287.281219482422 287.213836669922 287.142517089844 287.112884521484 287.214385986328 287.216400146484 287.104644775391 287.167999267578 287.296508789062 287.482208251953 287.493499755859 287.173797607422 287.073638916016 287.143829345703 287.258758544922 287.352966308594 287.383087158203
288.151489257812 288.063598632812 287.989715576172 287.821014404297 287.677856445312 287.589752197266 287.403137207031 287.16455078125 286.964080810547 286.901641845703 287.117889404297 287.186889648438 287.183746337891 287.189178466797 287.14404296875 287.23681640625 287.294860839844 287.107055664062 287.068817138672 287.177185058594 287.234344482422 287.264099121094 287.239959716797 287.298980712891 287.401062011719 287.400207519531 287.422973632812 287.488739013672 287.460296630859 287.377777099609 287.476684570312 287.47900390625 287.422393798828 287.558135986328 287.562561035156 287.437683105469 287.354217529297 287.290283203125 287.316345214844 287.307250976562 287.394073486328 287.38037109375 287.459289550781 287.570892333984 287.568725585938 287.365020751953 287.240509033203 287.328186035156 287.417053222656 287.443206787109 287.472747802734 287.485534667969
288.240905761719 288.115417480469 288.020782470703 287.876342773438 287.779876708984 287.664245605469 287.399078369141 287.207641601562 287.077270507812 287.093597412109 287.275451660156 287.331390380859 287.317962646484 287.336090087891 287.306945800781 287.276214599609 287.307891845703 287.258361816406 287.173919677734 287.206390380859 287.335113525391 287.396484375 287.340454101562 287.365997314453 287.47412109375 287.522613525391 287.511657714844 287.584350585938 287.539001464844 287.401885986328 287.492584228516 287.5869140625 287.502716064453 287.512969970703 287.696563720703 287.577392578125 287.482086181641 287.480834960938 287.467620849609 287.449493408203 287.612731933594 287.615600585938 287.61767578125 287.587066650391 287.435119628906 287.295257568359 287.389404296875 287.510986328125 287.585571289062 287.563690185547 287.503356933594 287.474273681641
288.240844726562 288.029418945312 287.903594970703 287.801086425781 287.65576171875 287.533447265625 287.450103759766 287.356567382812 287.275756835938 287.167297363281 287.282287597656 287.421478271484 287.444458007812 287.463439941406 287.438568115234 287.398681640625 287.384033203125 287.4345703125 287.313568115234 287.269927978516 287.350982666016 287.502471923828 287.474243164062 287.482391357422 287.619354248047 287.612854003906 287.593811035156 287.646820068359 287.581451416016 287.491485595703 287.5859375 287.655975341797 287.568603515625 287.481628417969 287.659576416016 287.658477783203 287.613067626953 287.661102294922 287.64453125 287.68359375 287.666595458984 287.602874755859 287.582427978516 287.493591308594 287.345825195312 287.359466552734 287.482299804688 287.580749511719 287.602020263672 287.561737060547 287.579071044922 287.55712890625
288.282684326172 288.119964599609 287.858245849609 287.688110351562 287.633666992188 287.620544433594 287.598876953125 287.536285400391 287.403839111328 287.254089355469 287.350402832031 287.478729248047 287.490966796875 287.537353515625 287.563873291016 287.5458984375 287.577117919922 287.542297363281 287.37353515625 287.439270019531 287.528747558594 287.628234863281 287.586791992188 287.610809326172 287.738494873047 287.712066650391 287.700653076172 287.719116210938 287.608795166016 287.569091796875 287.664764404297 287.735443115234 287.662139892578 287.553802490234 287.663635253906 287.770050048828 287.70458984375 287.767303466797 287.757537841797 287.691253662109 287.534454345703 287.461791992188 287.449523925781 287.410522460938 287.396636962891 287.42236328125 287.531860351562 287.588134765625 287.546508789062 287.551452636719 287.699920654297 287.721771240234
