R_scripts/int_process_data/Bio_08.asc
NCOLS 281 
NROWS 576 
XLLCORNER 81175.2677831308 
YLLCORNER 88.2293212990044 
CELLSIZE 1000 
NODATA_value -3.4e+38 
[rows 69 to 91 of 576, columns 52 to 103 of 281]
-3.4e+38 -3.4e+38 -3.4e+38 -3.4e+38 -3.4e+38 -3.4e+38 -3.4e+38 -3.4e+38 -3.4e+38 -3.4e+38 -3.4e+38 -3.4e+38 11.6230421066284 11.6230421066284 11.6230421066284 11.6230421066284 11.6230421066284 11.6130628585815 11.5586700439453 11.5042781829834 11.4498863220215 11.3954935073853 11.3411016464233 11.2867097854614 11.2323169708252 11.1779251098633 11.1235332489014 11.0715188980103 11.0329275131226 10.9943361282349 10.9557447433472 10.9171543121338 10.8785629272461 10.8399715423584 10.8013801574707 10.762788772583 10.7241973876953 10.6854410171509 10.6454439163208 10.605447769165 10.5654516220093 10.5254545211792 10.4854583740234 10.4454612731934 10.4054651260376 10.3654680252075 10.3254718780518 10.2844476699829 10.2323112487793 10.1801748275757 10.1280384063721 10.0759019851685
-3.4e+38 -3.4e+38 -3.4e+38 -3.4e+38 -3.4e+38 -3.4e+38 -3.4e+38 -3.4e+38 -3.4e+38 -3.4e+38 -3.4e+38 -3.4e+38 11.6347875595093 11.6347875595093 11.6347875595093 11.6347875595093 11.6347875595093 11.6253690719604 11.5740346908569 11.5227003097534 11.4713659286499 11.4200315475464 11.3686981201172 11.3173637390137 11.2660293579102 11.2146949768066 11.1633605957031 11.113715171814 11.0735940933228 11.0334739685059 10.9933528900146 10.9532327651978 10.9131126403809 10.8729915618896 10.8328714370728 10.7927503585815 10.7526302337646 10.7123908996582 10.6712636947632 10.6301364898682 10.5890092849731 10.5478820800781 10.5067548751831 10.4656276702881 10.4245004653931 10.383373260498 10.342246055603 10.300220489502 10.248477935791 10.1967353820801 10.1449918746948 10.0932493209839
-3.4e+38 -3.4e+38 -3.4e+38 -3.4e+38 -3.4e+38 -3.4e+38 -3.4e+38 -3.4e+38 -3.4e+38 -3.4e+38 -3.4e+38 -3.4e+38 11.6465320587158 11.6465320587158 11.6465320587158 11.6465320587158 11.6465320587158 11.6376752853394 11.5893983840942 11.5411224365234 11.4928464889526 11.4445705413818 11.3962936401367 11.3480176925659 11.2997417449951 11.25146484375 11.2031888961792 11.1559104919434 11.1142606735229 11.0726108551025 11.0309610366821 10.9893112182617 10.9476613998413 10.9060125350952 10.8643627166748 10.8227128982544 10.781063079834 10.7393417358398 10.6970834732056 10.6548261642456 10.6125679016113 10.5703105926514 10.5280523300171 10.4857950210571 10.4435367584229 10.4012784957886 10.3590211868286 10.315993309021 10.2646446228027 10.2132949829102 10.1619462966919 10.1105966567993
-3.4e+38 -3.4e+38 -3.4e+38 -3.4e+38 -3.4e+38 -3.4e+38 -3.4e+38 -3.4e+38 -3.4e+38 -3.4e+38 -3.4e+38 -3.4e+38 11.6582775115967 11.6582775115967 11.6582775115967 11.6582775115967 11.6582775115967 11.6499814987183 11.6047630310059 11.5595445632935 11.5143260955811 11.469108581543 11.4238901138306 11.3786716461182 11.3334541320801 11.2882356643677 11.2430171966553 11.1981058120728 11.1549272537231 11.1117477416992 11.0685691833496 11.025390625 10.9822111129761 10.9390325546265 10.8958539962769 10.8526744842529 10.8094959259033 10.7662925720215 10.7229032516479 10.6795148849487 10.6361265182495 10.5927381515503 10.5493497848511 10.5059614181519 10.4625730514526 10.4191846847534 10.3757953643799 10.3317670822144 10.2808113098145 10.2298555374146 10.1788997650146 10.1279439926147
-3.4e+38 -3.4e+38 -3.4e+38 -3.4e+38 -3.4e+38 -3.4e+38 -3.4e+38 -3.4e+38 -3.4e+38 -3.4e+38 -3.4e+38 -3.4e+38 11.6759195327759 11.6759195327759 11.6759195327759 11.6759195327759 11.6759195327759 11.667781829834 11.6234254837036 11.5790681838989 11.5347118377686 11.4903554916382 11.4459991455078 11.4016427993774 11.3572864532471 11.3129291534424 11.268572807312 11.2241868972778 11.1796340942383 11.135082244873 11.0905294418335 11.0459766387939 11.0014238357544 10.9568719863892 10.9123191833496 10.8677663803101 10.8232145309448 10.7785902023315 10.7334280014038 10.6882667541504 10.6431045532227 10.5979433059692 10.5527820587158 10.5076198577881 10.4624586105347 10.4172964096069 10.3721351623535 10.3265008926392 10.2757558822632 10.2250108718872 10.1742658615112 10.1235208511353
-3.4e+38 -3.4e+38 -3.4e+38 -3.4e+38 -3.4e+38 -3.4e+38 -3.4e+38 -3.4e+38 -3.4e+38 -3.4e+38 -3.4e+38 -3.4e+38 -3.4e+38 11.6938447952271 11.6938447952271 11.6938447952271 11.6938447952271 11.685845375061 11.6422452926636 11.5986452102661 11.5550451278687 11.5114450454712 11.4678449630737 11.4242448806763 11.3806447982788 11.3370456695557 11.2934455871582 11.2494964599609 11.2035779953003 11.1576585769653 11.1117401123047 11.065821647644 11.0199022293091 10.9739837646484 10.9280652999878 10.8821468353271 10.8362274169922 10.7901859283447 10.7432203292847 10.6962547302246 10.6492891311646 10.6023235321045 10.5553579330444 10.5083923339844 10.4614267349243 10.4144611358643 10.3674955368042 10.3202276229858 10.2696847915649 10.2191410064697 10.1685981750488 10.1180553436279
-3.4e+38 -3.4e+38 -3.4e+38 -3.4e+38 -3.4e+38 -3.4e+38 -3.4e+38 -3.4e+38 -3.4e+38 -3.4e+38 -3.4e+38 -3.4e+38 -3.4e+38 11.7117691040039 11.7117691040039 11.7117691040039 11.7117691040039 11.7039089202881 11.6610651016235 11.618221282959 11.5753784179688 11.5325345993042 11.489691734314 11.4468479156494 11.4040040969849 11.3611612319946 11.3183174133301 11.2748050689697 11.227520942688 11.1802358627319 11.1329507827759 11.0856657028198 11.0383806228638 10.9910955429077 10.943811416626 10.8965263366699 10.8492412567139 10.8017816543579 10.7530126571655 10.7042427062988 10.6554737091064 10.6067037582397 10.5579347610474 10.5091648101807 10.4603958129883 10.4116258621216 10.3628568649292 10.3139543533325 10.2636127471924 10.2132720947266 10.1629304885864 10.1125898361206
-3.4e+38 -3.4e+38 -3.4e+38 -3.4e+38 -3.4e+38 -3.4e+38 -3.4e+38 -3.4e+38 -3.4e+38 -3.4e+38 -3.4e+38 -3.4e+38 -3.4e+38 11.7296943664551 11.7296943664551 11.7296943664551 11.7296943664551 11.7219724655151 11.6798849105835 11.6377983093262 11.5957117080688 11.5536241531372 11.5115375518799 11.4694509506226 11.4273633956909 11.3852767944336 11.343189239502 11.3001146316528 11.2514638900757 11.2028121948242 11.1541614532471 11.1055107116699 11.0568590164185 11.0082082748413 10.9595565795898 10.9109058380127 10.8622550964355 10.8133773803711 10.7628040313721 10.712230682373 10.661657333374 10.611083984375 10.560510635376 10.509937286377 10.4593639373779 10.4087905883789 10.3582172393799 10.3076801300049 10.2575416564941 10.2074022293091 10.157262802124 10.1071243286133
-3.4e+38 -3.4e+38 -3.4e+38 -3.4e+38 -3.4e+38 -3.4e+38 -3.4e+38 -3.4e+38 -3.4e+38 -3.4e+38 -3.4e+38 -3.4e+38 -3.4e+38 11.7476186752319 11.7476186752319 11.7476186752319 11.7476186752319 11.7400360107422 11.6987056732178 11.6573753356934 11.6160440444946 11.5747137069702 11.5333833694458 11.4920530319214 11.450722694397 11.4093923568726 11.3680620193481 11.3254241943359 11.2754068374634 11.2253894805908 11.1753721237183 11.1253547668457 11.0753374099731 11.0253200531006 10.975302696228 10.9252853393555 10.8752679824829 10.8249731063843 10.7725963592529 10.7202186584473 10.6678419113159 10.6154642105103 10.5630874633789 10.5107097625732 10.4583320617676 10.4059553146362 10.3535776138306 10.3014068603516 10.2514696121216 10.2015323638916 10.1515951156616 10.1016578674316
-3.4e+38 -3.4e+38 -3.4e+38 -3.4e+38 -3.4e+38 -3.4e+38 -3.4e+38 -3.4e+38 -3.4e+38 -3.4e+38 -3.4e+38 -3.4e+38 -3.4e+38 11.7655439376831 11.7655439376831 11.7655439376831 11.7655439376831 11.7580995559692 11.7175254821777 11.6769514083862 11.6363773345947 11.5958032608032 11.555230140686 11.5146560668945 11.474081993103 11.4335079193115 11.39293384552 11.3507328033447 11.2993497848511 11.2479658126831 11.1965827941895 11.1451988220215 11.0938158035278 11.0424318313599 10.9910488128662 10.9396657943726 10.8882818222046 10.8365697860718 10.7823886871338 10.7282066345215 10.6740255355835 10.6198444366455 10.5656633377075 10.5114822387695 10.4573011398315 10.4031200408936 10.3489389419556 10.2951335906982 10.2453985214233 10.1956634521484 10.1459274291992 10.0961923599243
-3.4e+38 -3.4e+38 -3.4e+38 -3.4e+38 -3.4e+38 -3.4e+38 -3.4e+38 -3.4e+38 -3.4e+38 -3.4e+38 -3.4e+38 -3.4e+38 -3.4e+38 11.78346824646 11.78346824646 11.78346824646 11.78346824646 11.7761631011963 11.7363452911377 11.6965284347534 11.6567106246948 11.6168937683105 11.577075958252 11.5372581481934 11.4974412918091 11.4576234817505 11.4178066253662 11.3760423660278 11.3232927322388 11.2705430984497 11.2177934646606 11.1650438308716 11.1122941970825 11.0595445632935 11.0067949295044 10.9540452957153 10.9012956619263 10.848165512085 10.7921800613403 10.73619556427 10.6802101135254 10.6242246627808 10.5682401657104 10.5122547149658 10.4562692642212 10.4002838134766 10.3442993164062 10.2888603210449 10.2393264770508 10.189793586731 10.1402606964111 10.090726852417
-3.4e+38 -3.4e+38 -3.4e+38 -3.4e+38 -3.4e+38 -3.4e+38 -3.4e+38 -3.4e+38 -3.4e+38 -3.4e+38 -3.4e+38 -3.4e+38 11.8013935089111 11.8013935089111 11.8013935089111 11.8013935089111 11.8013935089111 11.7942266464233 11.7551651000977 11.7161045074463 11.6770439147949 11.6379833221436 11.5989217758179 11.5598611831665 11.5208005905151 11.4817390441895 11.4426784515381 11.4013509750366 11.3472356796265 11.293119430542 11.2390041351318 11.1848878860474 11.1307725906372 11.0766563415527 11.0225410461426 10.9684247970581 10.9143085479736 10.8597612380981 10.8019723892212 10.7441835403442 10.686393737793 10.628604888916 10.5708160400391 10.5130271911621 10.4552383422852 10.3974485397339 10.3396596908569 10.2825860977173 10.2332553863525 10.1839237213135 10.1345930099487 10.0852613449097
-3.4e+38 -3.4e+38 -3.4e+38 -3.4e+38 -3.4e+38 -3.4e+38 -3.4e+38 -3.4e+38 -3.4e+38 -3.4e+38 -3.4e+38 -3.4e+38 11.819317817688 11.819317817688 11.819317817688 11.819317817688 11.819317817688 11.8122901916504 11.7739858627319 11.7356815338135 11.697377204895 11.6590728759766 11.6207685470581 11.5824642181396 11.5441598892212 11.5058546066284 11.46755027771 11.4266605377197 11.3711786270142 11.3156967163086 11.260214805603 11.2047328948975 11.1492509841919 11.093768119812 11.0382862091064 10.9828042984009 10.9273223876953 10.8713569641113 10.8117647171021 10.7521715164185 10.6925783157349 10.6329851150513 10.5733919143677 10.5137996673584 10.4542064666748 10.3946132659912 10.3350200653076 10.276312828064 10.22718334198 10.1780548095703 10.1289253234863 10.0797958374023
-3.4e+38 -3.4e+38 -3.4e+38 -3.4e+38 -3.4e+38 -3.4e+38 -3.4e+38 -3.4e+38 -3.4e+38 -3.4e+38 -3.4e+38 -3.4e+38 11.8372430801392 11.8372430801392 11.8372430801392 11.8372430801392 11.8372430801392 11.8303537368774 11.7928056716919 11.7552576065063 11.7177095413208 11.6801624298096 11.642614364624 11.6050662994385 11.5675182342529 11.5299711227417 11.4924230575562 11.4519701004028 11.3951215744019 11.3382730484009 11.2814254760742 11.2245769500732 11.1677284240723 11.1108808517456 11.0540323257446 10.997184753418 10.940336227417 10.8829526901245 10.8215560913086 10.7601594924927 10.6987628936768 10.6373653411865 10.5759687423706 10.5145721435547 10.4531745910645 10.3917779922485 10.3303813934326 10.2700395584106 10.2211122512817 10.1721849441528 10.1232576370239 10.074330329895
-3.4e+38 -3.4e+38 -3.4e+38 -3.4e+38 -3.4e+38 -3.4e+38 -3.4e+38 -3.4e+38 -3.4e+38 -3.4e+38 -3.4e+38 -3.4e+38 -3.4e+38 11.863245010376 11.863245010376 11.863245010376 11.863245010376 11.8560428619385 11.8167886734009 11.7775344848633 11.7382802963257 11.6990261077881 11.6597719192505 11.6205177307129 11.5812635421753 11.5420093536377 11.5027542114258 11.4605894088745 11.4019975662231 11.3434057235718 11.2848138809204 11.2262210845947 11.1676292419434 11.109037399292 11.0504455566406 10.9918537139893 10.9332609176636 10.8741846084595 10.8114738464355 10.7487621307373 10.6860504150391 10.6233396530151 10.5606279373169 10.497917175293 10.4352054595947 10.3724937438965 10.3097829818726 10.2482748031616 10.1997871398926 10.1512994766235 10.1028118133545 10.0543241500854
-3.4e+38 -3.4e+38 -3.4e+38 -3.4e+38 -3.4e+38 -3.4e+38 -3.4e+38 -3.4e+38 -3.4e+38 -3.4e+38 -3.4e+38 -3.4e+38 -3.4e+38 11.8899374008179 11.8899374008179 11.8899374008179 11.8899374008179 11.8823833465576 11.8412132263184 11.8000421524048 11.7588710784912 11.7177000045776 11.6765289306641 11.6353578567505 11.5941867828369 11.5530157089233 11.5118446350098 11.4677848815918 11.407416343689 11.3470478057861 11.2866802215576 11.2263116836548 11.1659440994263 11.1055755615234 11.0452079772949 10.9848394393921 10.9244709014893 10.8636779785156 10.7996940612793 10.735710144043 10.6717262268066 10.6077423095703 10.543758392334 10.4797744750977 10.415789604187 10.3518056869507 10.2878217697144 10.2251882553101 10.1771602630615 10.129132270813 10.0811042785645 10.0330762863159
-3.4e+38 -3.4e+38 -3.4e+38 -3.4e+38 -3.4e+38 -3.4e+38 -3.4e+38 -3.4e+38 -3.4e+38 -3.4e+38 -3.4e+38 -3.4e+38 -3.4e+38 11.9166297912598 11.9166297912598 11.9166297912598 11.9166297912598 11.9087247848511 11.8656368255615 11.822548866272 11.7794618606567 11.7363739013672 11.6932859420776 11.6501979827881 11.6071109771729 11.5640230178833 11.5209350585938 11.4749794006348 11.4128351211548 11.3506908416748 11.2885465621948 11.2264022827148 11.1642580032349 11.1021137237549 11.0399694442749 10.9778251647949 10.9156808853149 10.8531713485718 10.787914276123 10.7226581573486 10.6574010848999 10.5921449661255 10.5268878936768 10.461630821228 10.3963747024536 10.3311176300049 10.2658615112305 10.2021017074585 10.1545333862305 10.1069650650024 10.0593976974487 10.0118293762207
-3.4e+38 -3.4e+38 -3.4e+38 -3.4e+38 -3.4e+38 -3.4e+38 -3.4e+38 -3.4e+38 -3.4e+38 -3.4e+38 -3.4e+38 -3.4e+38 -3.4e+38 -3.4e+38 11.9433221817017 11.9433221817017 11.9433221817017 11.9350652694702 11.8900604248047 11.8450565338135 11.8000516891479 11.7550477981567 11.7100429534912 11.6650390625 11.6200342178345 11.5750303268433 11.5300254821777 11.4821739196777 11.4182538986206 11.3543338775635 11.290412902832 11.2264928817749 11.1625728607178 11.0986518859863 11.0347318649292 10.9708118438721 10.9068918228149 10.8426647186279 10.7761354446411 10.70960521698 10.6430759429932 10.5765466690063 10.5100173950195 10.4434881210327 10.3769588470459 10.3104295730591 10.2439002990723 10.1790151596069 10.1319065093994 10.0847988128662 10.0376901626587 9.99058246612549
-3.4e+38 -3.4e+38 -3.4e+38 -3.4e+38 -3.4e+38 -3.4e+38 -3.4e+38 -3.4e+38 -3.4e+38 -3.4e+38 -3.4e+38 -3.4e+38 -3.4e+38 -3.4e+38 11.9700145721436 11.9700145721436 11.9700145721436 11.9614057540894 11.9144849777222 11.8675632476807 11.8206424713135 11.7737216949463 11.7267999649048 11.6798791885376 11.6329584121704 11.5860376358032 11.5391159057617 11.489369392395 11.4236726760864 11.3579759597778 11.2922801971436 11.226583480835 11.1608867645264 11.0951910018921 11.0294942855835 10.9637975692749 10.8981018066406 10.8321571350098 10.7643556594849 10.6965532302856 10.6287517547607 10.5609493255615 10.4931478500366 10.4253454208374 10.3575439453125 10.2897415161133 10.2219400405884 10.1559276580811 10.1092796325684 10.0626316070557 10.0159826278687 9.96933460235596
-3.4e+38 -3.4e+38 -3.4e+38 -3.4e+38 -3.4e+38 -3.4e+38 -3.4e+38 -3.4e+38 -3.4e+38 -3.4e+38 -3.4e+38 -3.4e+38 -3.4e+38 -3.4e+38 -3.4e+38 11.9967069625854 11.9967069625854 11.9877462387085 11.9389085769653 11.8900709152222 11.841233253479 11.7923955917358 11.7435579299927 11.6947202682495 11.6458826065063 11.5970439910889 11.5482063293457 11.496563911438 11.4290914535522 11.3616189956665 11.2941465377808 11.226674079895 11.1592016220093 11.0917291641235 11.0242567062378 10.9567842483521 10.8893117904663 10.8216505050659 10.7525758743286 10.6835012435913 10.614426612854 10.5453519821167 10.4762773513794 10.4072027206421 10.3381280899048 10.2690534591675 10.1999788284302 10.1328411102295 10.0866527557373 10.0404644012451 9.99427604675293 9.94808769226074
-3.4e+38 -3.4e+38 -3.4e+38 -3.4e+38 -3.4e+38 -3.4e+38 -3.4e+38 -3.4e+38 -3.4e+38 -3.4e+38 -3.4e+38 -3.4e+38 -3.4e+38 -3.4e+38 -3.4e+38 12.0233993530273 12.0233993530273 12.0140867233276 11.9633321762085 11.9125776290894 11.8618240356445 11.8110694885254 11.7603149414062 11.7095603942871 11.658805847168 11.6080513000488 11.5572967529297 11.503758430481 11.4345102310181 11.3652620315552 11.296012878418 11.2267646789551 11.1575155258179 11.088267326355 11.0190191268921 10.9497699737549 10.880521774292 10.8111438751221 10.7407960891724 10.670449256897 10.6001014709473 10.5297546386719 10.4594068527222 10.3890600204468 10.3187122344971 10.2483654022217 10.178017616272 10.1097545623779 10.0640258789062 10.0182971954346 9.97256851196289 9.92683982849121
-3.4e+38 -3.4e+38 -3.4e+38 -3.4e+38 -3.4e+38 -3.4e+38 -3.4e+38 -3.4e+38 -3.4e+38 -3.4e+38 -3.4e+38 -3.4e+38 -3.4e+38 -3.4e+38 -3.4e+38 -3.4e+38 12.0500917434692 12.0404272079468 11.987756729126 11.9350852966309 11.8824138641357 11.8297433853149 11.7770719528198 11.7244005203247 11.6717300415039 11.6190586090088 11.5663871765137 11.5109539031982 11.4399290084839 11.3689041137695 11.2978792190552 11.2268552780151 11.1558303833008 11.0848054885864 11.0137805938721 10.942756652832 10.8717317581177 10.8006372451782 10.7290172576904 10.6573972702026 10.5857772827148 10.5141572952271 10.4425373077393 10.3709173202515 10.2992973327637 10.2276773452759 10.1560573577881 10.0866670608521 10.0413990020752 9.99612998962402 9.95086193084717 9.905592918396
-3.4e+38 -3.4e+38 -3.4e+38 -3.4e+38 -3.4e+38 -3.4e+38 -3.4e+38 -3.4e+38 -3.4e+38 -3.4e+38 -3.4e+38 -3.4e+38 -3.4e+38 -3.4e+38 -3.4e+38 -3.4e+38 12.0767831802368 12.0667676925659 12.0121803283691 11.957592010498 11.9030046463013 11.8484172821045 11.7938289642334 11.7392416000366 11.6846532821655 11.6300659179688 11.5754776000977 11.5181484222412 11.4453477859497 11.3725471496582 11.2997465133667 11.2269458770752 11.1541442871094 11.0813436508179 11.0085430145264 10.9357423782349 10.8629417419434 10.7901296615601 10.7172374725342 10.6443452835083 10.5714521408081 10.4985599517822 10.425666809082 10.3527746200562 10.279881477356 10.2069892883301 10.1340961456299 10.0635805130005 10.0187721252441 9.97396278381348 9.92915439605713 9.88434600830078
