R_scripts/int_process_data/Bio_05.asc
NCOLS 281 
NROWS 576 
XLLCORNER 81175.2677831308 
YLLCORNER 88.2293212990044 
CELLSIZE 1000 
NODATA_value -3.4e+38 
[rows 253 to 275 of 576, columns 52 to 103 of 281]
26.1395854949951 26.1578540802002 26.1417999267578 26.1417999267578 26.1417999267578 26.1417999267578 26.1417999267578 26.172025680542 26.3116836547852 26.4513416290283 26.5909996032715 26.7306575775146 26.8703174591064 27.0099754333496 27.1496334075928 27.2892913818359 27.4289493560791 27.55979347229 27.6514148712158 27.7430381774902 27.834659576416 27.9262809753418 28.0179023742676 28.109525680542 28.2011470794678 28.2927684783936 28.3843898773193 28.4709415435791 28.5288791656494 28.5868148803711 28.6447525024414 28.7026882171631 28.7606239318848 28.8185615539551 28.8764972686768 28.9344348907471 28.9923706054688 29.049280166626 29.0984745025635 29.147668838501 29.1968650817871 29.2460594177246 29.2952556610107 29.3444499969482 29.3936462402344 29.4428405761719 29.492036819458 29.5399188995361 29.5736141204834 29.607307434082 29.6410007476807 29.6746940612793
26.1912670135498 26.2126846313477 26.19948387146 26.19948387146 26.19948387146 26.19948387146 26.19948387146 26.2289409637451 26.3650512695312 26.5011596679688 26.6372699737549 26.773380279541 26.9094886779785 27.0455989837646 27.1817092895508 27.3178176879883 27.4539279937744 27.5817813873291 27.672887802124 27.7639942169189 27.8551006317139 27.9462070465088 28.0373134613037 28.1284217834473 28.2195281982422 28.3106346130371 28.401741027832 28.488353729248 28.5496044158936 28.6108551025391 28.6721057891846 28.7333564758301 28.7946071624756 28.8558578491211 28.9171085357666 28.9783592224121 29.0396099090576 29.0997352600098 29.1514282226562 29.2031230926514 29.2548160552979 29.3065090179443 29.3582019805908 29.4098949432373 29.4615879058838 29.5132808685303 29.5649738311768 29.6152095794678 29.6496715545654 29.6841354370117 29.718599319458 29.7530612945557
26.2420959472656 26.2670917510986 26.2571659088135 26.2571659088135 26.2571659088135 26.2571659088135 26.2571659088135 26.2858562469482 26.4184169769287 26.5509777069092 26.6835384368896 26.8161010742188 26.9486618041992 27.0812225341797 27.2137832641602 27.3463459014893 27.4789066314697 27.6037673950195 27.6943588256836 27.7849502563477 27.8755416870117 27.9661331176758 28.0567245483398 28.1473159790039 28.237907409668 28.328498840332 28.4190902709961 28.505765914917 28.5703296661377 28.634895324707 28.6994590759277 28.7640247344971 28.8285884857178 28.8931541442871 28.9577178955078 29.0222835540771 29.0868473052979 29.1501922607422 29.2043838500977 29.2585754394531 29.31276512146 29.3669567108154 29.4211483001709 29.4753379821777 29.5295295715332 29.5837211608887 29.6379127502441 29.6904983520508 29.7257308959961 29.7609634399414 29.7961959838867 29.831428527832
26.2918739318848 26.3209819793701 26.3148498535156 26.3148498535156 26.3148498535156 26.3148498535156 26.3148498535156 26.3427715301514 26.4717826843262 26.6007957458496 26.729808807373 26.8588218688965 26.9878349304199 27.1168460845947 27.2458591461182 27.3748722076416 27.503885269165 27.62575340271 27.7158298492432 27.8059062957764 27.8959827423096 27.9860591888428 28.076135635376 28.1662120819092 28.2562885284424 28.3463649749756 28.4364414215088 28.5231761932373 28.5910549163818 28.6589336395264 28.7268123626709 28.7946910858154 28.86256980896 28.9304485321045 28.998327255249 29.0662078857422 29.1340866088867 29.2006492614746 29.2573375701904 29.3140277862549 29.3707160949707 29.4274044036865 29.484094619751 29.5407829284668 29.5974712371826 29.6541614532471 29.7108497619629 29.7657890319824 29.8017902374268 29.8377933502197 29.8737945556641 29.909797668457
26.3403415679932 26.3742141723633 26.3725318908691 26.3725318908691 26.3725318908691 26.3725318908691 26.3725318908691 26.3996868133545 26.5251502990723 26.65061378479 26.7760791778564 26.9015426635742 27.027006149292 27.1524715423584 27.2779350280762 27.4033985137939 27.5288639068604 27.6477394104004 27.7373008728027 27.8268623352051 27.9164237976074 28.0059852600098 28.0955467224121 28.1851081848145 28.2746696472168 28.3642311096191 28.4537925720215 28.5405883789062 28.611780166626 28.6829738616943 28.7541675567627 28.8253593444824 28.8965530395508 28.9677448272705 29.0389385223389 29.1101303100586 29.181324005127 29.251106262207 29.3102931976318 29.3694801330566 29.4286670684814 29.4878540039062 29.5470409393311 29.6062278747559 29.6654148101807 29.7246017456055 29.7837886810303 29.8410778045654 29.8778495788574 29.9146213531494 29.9513931274414 29.9881649017334
26.3871421813965 26.4266090393066 26.4302158355713 26.4302158355713 26.4302158355713 26.4302158355713 26.4302158355713 26.4566020965576 26.5785160064697 26.7004318237305 26.8223476409912 26.944263458252 27.0661792755127 27.1880950927734 27.3100109100342 27.4319267272949 27.5538425445557 27.6697273254395 27.7587738037109 27.8478183746338 27.9368648529053 28.0259113311768 28.1149578094482 28.2040042877197 28.2930488586426 28.3820953369141 28.4711418151855 28.5579986572266 28.6325073242188 28.7070140838623 28.7815208435059 28.8560276031494 28.930534362793 29.0050411224365 29.0795478820801 29.1540546417236 29.2285633087158 29.3015613555908 29.3632469177246 29.4249324798584 29.4866161346436 29.5483016967773 29.6099872589111 29.6716709136963 29.7333564758301 29.7950420379639 29.856725692749 29.9163684844971 29.9539089202881 29.9914493560791 30.0289897918701 30.0665321350098
26.4317760467529 26.477897644043 26.4878997802734 26.4878997802734 26.4878997802734 26.4878997802734 26.4878997802734 26.5135154724121 26.6318836212158 26.7502498626709 26.8686180114746 26.9869842529297 27.1053524017334 27.2237186431885 27.3420867919922 27.4604530334473 27.578821182251 27.6917133331299 27.7802448272705 27.8687763214111 27.9573059082031 28.0458374023438 28.1343688964844 28.2228984832764 28.311429977417 28.3999614715576 28.4884929656982 28.5754108428955 28.6532325744629 28.7310523986816 28.808874130249 28.8866958618164 28.9645156860352 29.0423374176025 29.1201591491699 29.1979789733887 29.2758007049561 29.3520183563232 29.4162006378174 29.4803848266602 29.5445671081543 29.6087493896484 29.6729335784912 29.7371158599854 29.8012981414795 29.8654823303223 29.9296646118164 29.9916572570801 30.0299682617188 30.0682773590088 30.1065883636475 30.1448993682861
26.4735298156738 26.5276966094971 26.545581817627 26.545581817627 26.545581817627 26.545581817627 26.545581817627 26.5704307556152 26.6852493286133 26.8000679016113 26.9148864746094 27.0297050476074 27.1445236206055 27.2593441009521 27.3741626739502 27.4889812469482 27.6037998199463 27.7136993408203 27.8017158508301 27.8897323608398 27.977746963501 28.0657634735107 28.1537799835205 28.2417945861816 28.3298110961914 28.4178256988525 28.5058422088623 28.5928230285645 28.673957824707 28.7550926208496 28.8362274169922 28.9173641204834 28.998498916626 29.0796337127686 29.1607685089111 29.2419033050537 29.3230400085449 29.4024753570557 29.4691562652588 29.5358371734619 29.602518081665 29.6691989898682 29.7358798980713 29.8025608062744 29.8692398071289 29.935920715332 30.0026016235352 30.0669479370117 30.1060276031494 30.1451072692871 30.1841869354248 30.2232666015625
26.5113296508789 26.57541847229 26.6032657623291 26.6032657623291 26.6032657623291 26.6032657623291 26.6032657623291 26.6273460388184 26.7386169433594 26.8498859405518 26.9611568450928 27.0724277496338 27.1836967468262 27.2949676513672 27.4062366485596 27.5175075531006 27.6287784576416 27.7356872558594 27.8231868743896 27.9106884002686 27.9981880187988 28.0856895446777 28.173189163208 28.2606906890869 28.3481903076172 28.4356918334961 28.523193359375 28.6102333068848 28.6946830749512 28.7791328430176 28.863582611084 28.9480304718018 29.0324802398682 29.1169300079346 29.201379776001 29.2858276367188 29.3702774047852 29.4529304504395 29.5221099853516 29.5912895202637 29.6604671478271 29.7296466827393 29.7988262176514 29.8680038452148 29.937183380127 30.0063610076904 30.0755405426025 30.1422367095947 30.1820869445801 30.2219352722168 30.2617835998535 30.3016338348389
26.5168190002441 26.595043182373 26.6609477996826 26.6609477996826 26.6609477996826 26.6609477996826 26.6609477996826 26.6842613220215 26.7919826507568 26.8997039794922 27.0074272155762 27.1151485443115 27.2228698730469 27.3305912017822 27.4383125305176 27.5460338592529 27.6537570953369 27.7576732635498 27.8446578979492 27.9316444396973 28.0186290740967 28.1056156158447 28.1926002502441 28.2795867919922 28.3665714263916 28.4535579681396 28.5405426025391 28.6276454925537 28.7154083251953 28.8031730651855 28.8909358978271 28.9786987304688 29.0664615631104 29.1542263031006 29.2419891357422 29.3297519683838 29.417516708374 29.5033874511719 29.5750637054443 29.6467418670654 29.7184181213379 29.7900943756104 29.8617706298828 29.9334487915039 30.0051250457764 30.0768013000488 30.1484775543213 30.2175273895264 30.2581443786621 30.2987632751465 30.3393821716309 30.3800010681152
26.4395561218262 26.5314350128174 26.6521987915039 26.6716709136963 26.6860122680664 26.6970138549805 26.7057189941406 26.7340831756592 26.8390407562256 26.943998336792 27.0489559173584 27.1539134979248 27.2588710784912 27.3638286590576 27.468786239624 27.5737438201904 27.6787014007568 27.780345916748 27.8672485351562 27.9541530609131 28.0410556793213 28.1279582977295 28.2148609161377 28.3017635345459 28.3886680603027 28.4755706787109 28.5624732971191 28.649974822998 28.7408504486084 28.8317260742188 28.9226016998291 29.0134792327881 29.1043548583984 29.1952304840088 29.2861061096191 29.3769836425781 29.4678592681885 29.5566463470459 29.6297645568848 29.7028827667236 29.7760009765625 29.8491191864014 29.9222373962402 29.9953556060791 30.068473815918 30.1415920257568 30.2147102355957 30.2850971221924 30.32594871521 30.3667984008789 30.4076480865479 30.4484996795654
26.3146343231201 26.4111385345459 26.5230865478516 26.5926361083984 26.6463432312012 26.6890678405762 26.7238674163818 26.7693920135498 26.8731918334961 26.9769897460938 27.0807876586914 27.1845855712891 27.2883853912354 27.392183303833 27.4959812164307 27.5997791290283 27.7035789489746 27.8044242858887 27.8921298980713 27.9798355102539 28.0675411224365 28.1552467346191 28.2429523468018 28.3306579589844 28.418363571167 28.5060691833496 28.5937747955322 28.6823654174805 28.7759418487549 28.8695182800293 28.9630947113037 29.0566711425781 29.1502475738525 29.243824005127 29.3374004364014 29.4309787750244 29.5245552062988 29.6156406402588 29.6880378723145 29.7604351043701 29.8328323364258 29.9052314758301 29.9776287078857 30.0500259399414 30.1224231719971 30.1948204040527 30.2672176361084 30.3368721008301 30.3768558502197 30.4168376922607 30.4568214416504 30.49680519104
26.2001781463623 26.306079864502 26.4133358001709 26.5219650268555 26.6094646453857 26.6814498901367 26.7417144775391 26.8047008514404 26.907341003418 27.0099792480469 27.1126194000244 27.2152576446533 27.3178977966309 27.4205379486084 27.5231761932373 27.6258163452148 27.7284545898438 27.8285007476807 27.9170093536377 28.0055179595947 28.0940265655518 28.1825351715088 28.2710437774658 28.3595523834229 28.4480609893799 28.5365695953369 28.6250782012939 28.7147560119629 28.8110332489014 28.9073104858398 29.0035877227783 29.0998649597168 29.1961421966553 29.2924194335938 29.3886966705322 29.4849720001221 29.5812492370605 29.6746349334717 29.7463111877441 29.8179874420166 29.8896656036377 29.9613418579102 30.0330181121826 30.1046943664551 30.1763725280762 30.2480487823486 30.3197250366211 30.3886470794678 30.4277629852295 30.4668788909912 30.5059947967529 30.5451107025146
26.0870056152344 26.2106266021729 26.3188915252686 26.4583969116211 26.5750885009766 26.6741390228271 26.7592678070068 26.8400096893311 26.9414901733398 27.0429706573486 27.1444511413574 27.2459316253662 27.3474102020264 27.4488906860352 27.5503711700439 27.6518516540527 27.7533321380615 27.8525791168213 27.9418907165527 28.0312023162842 28.120512008667 28.2098236083984 28.2991352081299 28.3884468078613 28.4777584075928 28.5670680999756 28.656379699707 28.7471466064453 28.8461246490479 28.9451026916504 29.0440788269043 29.1430568695068 29.2420349121094 29.3410129547119 29.4399909973145 29.5389671325684 29.6379451751709 29.7336292266846 29.8045845031738 29.8755416870117 29.946496963501 30.0174522399902 30.0884094238281 30.1593647003174 30.2303218841553 30.3012771606445 30.3722324371338 30.4404220581055 30.4786701202393 30.516918182373 30.5551662445068 30.5934162139893
25.9135704040527 26.1146430969238 26.2367649078369 26.4009113311768 26.54296875 26.6671142578125 26.7765350341797 26.8753185272217 26.9756393432617 27.0759601593018 27.1762828826904 27.2766036987305 27.3769245147705 27.4772453308105 27.5775661468506 27.6778869628906 27.7782077789307 27.8766555786133 27.9667701721191 28.056884765625 28.1469993591309 28.2371120452881 28.3272266387939 28.4173412322998 28.507453918457 28.5975685119629 28.6876831054688 28.7795372009277 28.8812160491943 28.9828929901123 29.0845718383789 29.1862506866455 29.2879276275635 29.3896064758301 29.4912853240967 29.5929622650146 29.6946411132812 29.7926235198975 29.8628578186035 29.9330940246582 30.0033283233643 30.0735645294189 30.143798828125 30.2140350341797 30.2842712402344 30.3545055389404 30.4247417449951 30.4921951293945 30.529577255249 30.5669574737549 30.6043395996094 30.6417198181152
25.7211685180664 25.9571342468262 26.1646900177002 26.3486766815186 26.5128917694092 26.6603622436523 26.7935237884521 26.9106273651123 27.0097904205322 27.1089515686035 27.2081127166748 27.3072757720947 27.406436920166 27.5055999755859 27.6047611236572 27.7039222717285 27.8030853271484 27.9007339477539 27.9916515350342 28.0825672149658 28.1734848022461 28.2644004821777 28.355318069458 28.4462337493896 28.5371513366699 28.6280670166016 28.7189846038818 28.8119277954102 28.9163074493408 29.0206851959229 29.1250648498535 29.2294425964355 29.3338222503662 29.4381999969482 29.5425796508789 29.6469573974609 29.7513370513916 29.8516159057617 29.9211311340332 29.9906463623047 30.0601615905762 30.129674911499 30.1991901397705 30.268705368042 30.3382186889648 30.4077339172363 30.4772491455078 30.5439701080322 30.5804843902588 30.6169986724854 30.6535129547119 30.6900253295898
25.6418991088867 25.8821449279785 26.1009292602539 26.3010025024414 26.4846687316895 26.653865814209 26.8102397918701 26.9459362030029 27.0439395904541 27.1419429779053 27.2399444580078 27.337947845459 27.4359512329102 27.5339527130127 27.6319561004639 27.729959487915 27.8279609680176 27.9248123168945 28.0165309906006 28.1082496643066 28.1999702453613 28.2916889190674 28.3834095001221 28.4751281738281 28.5668487548828 28.6585674285889 28.7502861022949 28.8443183898926 28.9513988494873 29.0584774017334 29.1655559539795 29.2726364135742 29.3797149658203 29.486795425415 29.5938739776611 29.7009525299072 29.808032989502 29.9106101989746 29.9794044494629 30.0481986999512 30.1169929504395 30.1857872009277 30.254581451416 30.3233737945557 30.3921680450439 30.4609622955322 30.5297565460205 30.5957450866699 30.6313915252686 30.6670379638672 30.7026844024658 30.7383308410645
25.5756969451904 25.8173599243164 26.0441226959229 26.2573184967041 26.4581336975098 26.647611618042 26.8266887664795 26.9812450408936 27.078088760376 27.1749324798584 27.2717761993408 27.3686199188232 27.4654636383057 27.5623073577881 27.6591510772705 27.7559947967529 27.8528385162354 27.9488887786865 28.0414123535156 28.1339340209961 28.2264556884766 28.318977355957 28.4115009307861 28.5040225982666 28.5965442657471 28.6890678405762 28.7815895080566 28.876708984375 28.9864883422852 29.0962696075439 29.2060489654541 29.3158283233643 29.425609588623 29.5353889465332 29.6451683044434 29.7549476623535 29.8647289276123 29.9696044921875 30.0376777648926 30.1057510375977 30.1738243103027 30.2418975830078 30.3099708557129 30.378044128418 30.446117401123 30.5141906738281 30.5822639465332 30.6475200653076 30.6822986602783 30.7170791625977 30.7518577575684 30.7866363525391
25.5195751190186 25.7608280181885 25.9931907653809 26.2171440124512 26.4331378936768 26.6415863037109 26.8428802490234 27.0165538787842 27.1122379302979 27.2079238891602 27.3036079406738 27.3992919921875 27.4949760437012 27.5906620025635 27.6863460540771 27.7820301055908 27.8777141571045 27.9729671478271 28.066291809082 28.1596164703369 28.2529411315918 28.3462657928467 28.4395923614502 28.5329170227051 28.62624168396 28.7195663452148 28.8128910064697 28.9090995788574 29.0215797424316 29.1340618133545 29.2465419769287 29.3590221405029 29.4715023040771 29.5839824676514 29.6964626312256 29.8089427947998 29.9214248657227 30.0285987854004 30.0959510803223 30.1633033752441 30.230655670166 30.2980098724365 30.3653621673584 30.4327144622803 30.5000667572021 30.567419052124 30.6347713470459 30.6992950439453 30.7332057952881 30.7671184539795 30.8010311126709 30.8349418640137
25.4713935852051 25.711067199707 25.9472675323486 26.1800708770752 26.4095516204834 26.6357765197754 26.8588180541992 27.0518627166748 27.1463890075684 27.2409133911133 27.3354396820068 27.4299640655518 27.5244903564453 27.6190147399902 27.7135410308838 27.8080673217773 27.9025917053223 27.9970436096191 28.0911712646484 28.1852989196777 28.2794284820557 28.373556137085 28.4676837921143 28.5618114471436 28.6559391021729 28.7500667572021 28.8441944122314 28.9414901733398 29.0566711425781 29.1718521118164 29.2870330810547 29.402214050293 29.5173950195312 29.6325759887695 29.7477569580078 29.8629379272461 29.9781188964844 30.0875930786133 30.154224395752 30.2208557128906 30.2874889373779 30.3541202545166 30.4207515716553 30.4873847961426 30.5540161132812 30.6206474304199 30.6872806549072 30.751070022583 30.7841148376465 30.8171577453613 30.8502025604248 30.8832473754883
25.4636154174805 25.7000179290771 25.9364204406738 26.1728229522705 26.4092254638672 26.6456279754639 26.8820304870605 27.0875091552734 27.1810264587402 27.274543762207 27.3680610656738 27.4615783691406 27.5550956726074 27.6486129760742 27.742130279541 27.8356475830078 27.9291648864746 28.0229892730713 28.1181812286377 28.2133731842041 28.3085651397705 28.4037570953369 28.4989490509033 28.5941410064697 28.6893329620361 28.7845249176025 28.8797187805176 28.9782428741455 29.0955715179443 29.2129020690918 29.3302307128906 29.4475593566895 29.5648899078369 29.6822185516357 29.7995491027832 29.916877746582 30.0342063903809 30.1455059051514 30.2115516662598 30.2775955200195 30.3436412811279 30.4096851348877 30.4757308959961 30.5417766571045 30.6078205108643 30.6738662719727 30.7399101257324 30.8030967712402 30.835376739502 30.8676567077637 30.8999366760254 30.9322147369385
25.5390338897705 25.7697124481201 26.0003929138184 26.231071472168 26.4617519378662 26.6924324035645 26.9231109619141 27.123966217041 27.216833114624 27.3097019195557 27.4025707244873 27.4954395294189 27.5883083343506 27.6811771392822 27.7740440368652 27.8669128417969 27.9597816467285 28.0533866882324 28.1502685546875 28.2471485137939 28.344030380249 28.4409103393555 28.5377922058105 28.634672164917 28.7315540313721 28.8284339904785 28.9253158569336 29.0254001617432 29.1435604095459 29.2617206573486 29.3798809051514 29.4980411529541 29.6162014007568 29.7343616485596 29.8525218963623 29.970682144165 30.0888442993164 30.2008438110352 30.2666206359863 30.3323974609375 30.3981742858887 30.4639511108398 30.5297260284424 30.5955028533936 30.6612796783447 30.7270565032959 30.7928333282471 30.8557300567627 30.8874893188477 30.9192485809326 30.9510059356689 30.9827651977539
25.6144504547119 25.8394069671631 26.0643653869629 26.2893218994141 26.5142784118652 26.7392349243164 26.9641914367676 27.16042137146 27.2526397705078 27.3448600769043 27.4370803833008 27.5293006896973 27.6215209960938 27.7137393951416 27.8059597015381 27.8981800079346 27.9904003143311 28.0837841033936 28.1823539733887 28.2809238433838 28.3794937133789 28.478063583374 28.5766334533691 28.6752033233643 28.7737731933594 28.8723430633545 28.9709129333496 29.0725574493408 29.1915493011475 29.3105392456055 29.4295310974121 29.5485229492188 29.6675148010254 29.7865047454834 29.90549659729 30.0244884490967 30.1434803009033 30.2561817169189 30.3216915130615 30.3871994018555 30.4527072906494 30.5182151794434 30.5837230682373 30.6492309570312 30.7147388458252 30.7802467346191 30.8457546234131 30.9083633422852 30.9396018981934 30.9708385467529 31.0020771026611 31.0333156585693
