R_scripts/int_process_data/Bio_16.asc
NCOLS 281 
NROWS 576 
XLLCORNER 81175.2677831308 
YLLCORNER 88.2293212990044 
CELLSIZE 1000 
NODATA_value -3.4e+38 
[rows 460 to 482 of 576, columns 156 to 207 of 281]
7.43330097198486 7.44658088684082 7.45986032485962 7.47314023971558 7.49186229705811 7.51127815246582 7.53069353103638 7.55010938644409 7.56952476501465 7.58894062042236 7.60835647583008 7.62777185440063 7.64718770980835 7.66660356521606 7.67695808410645 7.68576383590698 7.69456958770752 7.70337533950806 7.71218109130859 7.72098636627197 7.72979211807251 7.73859786987305 7.74740362167358 7.75620937347412 7.77405118942261 7.79386234283447 7.8136739730835 7.83348560333252 7.85329723358154 7.87310838699341 7.89292001724243 7.91273164749146 7.93254280090332 7.95235443115234 7.98058748245239 8.01108455657959 8.04158210754395 8.07207870483398 8.10257625579834 8.1330738067627 8.16357040405273 8.19406795501709 8.22456550598145 8.25506210327148 8.30554676055908 8.36251258850098 8.41947841644287 8.47644424438477 8.53341007232666 8.59037590026855 8.64734172821045 -3.4e+38
7.38944292068481 7.4030966758728 7.41675043106079 7.43040418624878 7.45120143890381 7.47290897369385 7.49461698532104 7.51632452011108 7.53803205490112 7.55973958969116 7.58144760131836 7.6031551361084 7.62486267089844 7.64657020568848 7.65832853317261 7.66838550567627 7.67844247817993 7.68849945068359 7.69855642318726 7.70861339569092 7.71867084503174 7.7287278175354 7.73878479003906 7.74884176254272 7.76775741577148 7.78860330581665 7.80944967269897 7.8302960395813 7.85114240646362 7.87198877334595 7.89283514022827 7.9136815071106 7.93452739715576 7.95537376403809 7.984787940979 8.01650524139404 8.04822254180908 8.07994079589844 8.11165809631348 8.14337539672852 8.17509269714355 8.20681095123291 8.23852825164795 -3.4e+38 -3.4e+38 -3.4e+38 -3.4e+38 -3.4e+38 -3.4e+38 -3.4e+38 -3.4e+38 -3.4e+38
7.34558486938477 7.35961294174194 7.37364053726196 7.38766860961914 7.41054058074951 7.43454027175903 7.45853996276855 7.48253965377808 7.5065393447876 7.53053903579712 7.55453872680664 7.578537940979 7.60253763198853 7.62653732299805 7.63969898223877 7.65100717544556 7.66231536865234 7.67362403869629 7.68493223190308 7.69624090194702 7.70754909515381 7.7188572883606 7.73016595840454 7.74147415161133 7.7614631652832 7.78334426879883 7.80522537231445 7.82710647583008 7.8489875793457 7.87086868286133 7.89275026321411 7.91463136672974 7.93651247024536 7.95839357376099 7.98898839950562 8.0219259262085 8.05486392974854 8.08780193328857 8.12073993682861 8.15367698669434 -3.4e+38 -3.4e+38 -3.4e+38 -3.4e+38 -3.4e+38 -3.4e+38 -3.4e+38 -3.4e+38 -3.4e+38 -3.4e+38 -3.4e+38 -3.4e+38
7.30172681808472 7.31612873077393 7.33053064346313 7.34493255615234 7.36988019943237 7.39617156982422 7.42246341705322 7.44875478744507 7.47504615783691 7.50133800506592 7.52762937545776 7.55392122268677 7.58021259307861 7.60650444030762 7.62106895446777 7.63362884521484 7.64618873596191 7.65874814987183 7.6713080406189 7.68386793136597 7.69642734527588 7.70898723602295 7.72154712677002 7.73410701751709 7.75516939163208 7.77808523178101 7.80100107192993 7.82391738891602 7.84683322906494 7.86974906921387 7.89266490936279 7.91558122634888 7.9384970664978 7.96141290664673 7.99318885803223 8.02734661102295 8.06150531768799 8.09566307067871 8.12982082366943 -3.4e+38 -3.4e+38 -3.4e+38 -3.4e+38 -3.4e+38 -3.4e+38 -3.4e+38 -3.4e+38 -3.4e+38 -3.4e+38 -3.4e+38 -3.4e+38 -3.4e+38
7.28722333908081 7.30174875259399 7.31627416610718 7.33080005645752 7.35643339157104 7.38348293304443 7.41053247451782 7.43758201599121 7.4646315574646 7.49168109893799 7.51873064041138 7.54578018188477 7.57282972335815 7.59987926483154 7.61490821838379 7.62788200378418 7.64085531234741 7.6538290977478 7.66680240631104 7.67977619171143 7.69274950027466 7.70572328567505 7.71869659423828 7.73167037963867 7.75308799743652 7.77634620666504 7.79960441589355 7.82286262512207 7.84612083435059 7.8693790435791 7.89263677597046 7.91589498519897 7.93915319442749 7.96241140365601 7.99457788467407 8.02913951873779 8.06370162963867 8.09826278686523 8.13282489776611 8.16738605499268 -3.4e+38 -3.4e+38 -3.4e+38 -3.4e+38 -3.4e+38 -3.4e+38 -3.4e+38 -3.4e+38 -3.4e+38 -3.4e+38 -3.4e+38 -3.4e+38
7.28722333908081 7.30174875259399 7.31627416610718 7.33080005645752 7.35643339157104 7.38348293304443 7.41053247451782 7.43758201599121 7.4646315574646 7.49168109893799 7.51873064041138 7.54578018188477 7.57282972335815 7.59987926483154 7.61490821838379 7.62788200378418 7.64085531234741 7.6538290977478 7.66680240631104 7.67977619171143 7.69274950027466 7.70572328567505 7.71869659423828 7.73167037963867 7.75308799743652 7.77634620666504 7.79960441589355 7.82286262512207 7.84612083435059 7.8693790435791 7.89263677597046 7.91589498519897 7.93915319442749 7.96241140365601 7.99457788467407 8.02913951873779 8.06370162963867 8.09826278686523 8.13282489776611 8.16738605499268 -3.4e+38 -3.4e+38 -3.4e+38 -3.4e+38 -3.4e+38 -3.4e+38 -3.4e+38 -3.4e+38 -3.4e+38 -3.4e+38 -3.4e+38 -3.4e+38
7.28722333908081 7.30174875259399 7.31627416610718 7.33080005645752 7.35643339157104 7.38348293304443 7.41053247451782 7.43758201599121 7.4646315574646 7.49168109893799 7.51873064041138 7.54578018188477 7.57282972335815 7.59987926483154 7.61490821838379 7.62788200378418 7.64085531234741 7.6538290977478 7.66680240631104 7.67977619171143 7.69274950027466 7.70572328567505 7.71869659423828 7.73167037963867 7.75308799743652 7.77634620666504 7.79960441589355 7.82286262512207 7.84612083435059 7.8693790435791 7.89263677597046 7.91589498519897 7.93915319442749 7.96241140365601 7.99457788467407 8.02913951873779 8.06370162963867 8.09826278686523 8.13282489776611 8.16738605499268 -3.4e+38 -3.4e+38 -3.4e+38 -3.4e+38 -3.4e+38 -3.4e+38 -3.4e+38 -3.4e+38 -3.4e+38 -3.4e+38 -3.4e+38 -3.4e+38
7.28722333908081 7.30174875259399 7.31627416610718 7.33080005645752 7.35643339157104 7.38348293304443 7.41053247451782 7.43758201599121 7.4646315574646 7.49168109893799 7.51873064041138 7.54578018188477 7.57282972335815 7.59987926483154 7.61490821838379 7.62788200378418 7.64085531234741 7.6538290977478 7.66680240631104 7.67977619171143 7.69274950027466 7.70572328567505 7.71869659423828 7.73167037963867 7.75308799743652 7.77634620666504 7.79960441589355 7.82286262512207 7.84612083435059 7.8693790435791 7.89263677597046 7.91589498519897 7.93915319442749 7.96241140365601 7.99457788467407 8.02913951873779 8.06370162963867 8.09826278686523 8.13282489776611 8.16738605499268 -3.4e+38 -3.4e+38 -3.4e+38 -3.4e+38 -3.4e+38 -3.4e+38 -3.4e+38 -3.4e+38 -3.4e+38 -3.4e+38 -3.4e+38 -3.4e+38
7.28722333908081 7.30174875259399 7.31627416610718 7.33080005645752 7.35643339157104 7.38348293304443 7.41053247451782 7.43758201599121 7.4646315574646 7.49168109893799 7.51873064041138 7.54578018188477 7.57282972335815 7.59987926483154 7.61490821838379 7.62788200378418 7.64085531234741 7.6538290977478 7.66680240631104 7.67977619171143 7.69274950027466 7.70572328567505 7.71869659423828 7.73167037963867 7.75308799743652 7.77634620666504 7.79960441589355 7.82286262512207 7.84612083435059 7.8693790435791 7.89263677597046 7.91589498519897 7.93915319442749 7.96241140365601 7.99457788467407 8.02913951873779 8.06370162963867 8.09826278686523 8.13282489776611 8.16738605499268 -3.4e+38 -3.4e+38 -3.4e+38 -3.4e+38 -3.4e+38 -3.4e+38 -3.4e+38 -3.4e+38 -3.4e+38 -3.4e+38 -3.4e+38 -3.4e+38
7.28722333908081 7.30174875259399 7.31627416610718 7.33080005645752 7.35643339157104 7.38348293304443 7.41053247451782 7.43758201599121 7.4646315574646 7.49168109893799 7.51873064041138 7.54578018188477 7.57282972335815 7.59987926483154 7.61490821838379 7.62788200378418 7.64085531234741 7.6538290977478 7.66680240631104 7.67977619171143 7.69274950027466 7.70572328567505 7.71869659423828 7.73167037963867 7.75308799743652 7.77634620666504 7.79960441589355 7.82286262512207 7.84612083435059 7.8693790435791 7.89263677597046 7.91589498519897 7.93915319442749 7.96241140365601 7.99457788467407 8.02913951873779 8.06370162963867 8.09826278686523 8.13282489776611 -3.4e+38 -3.4e+38 -3.4e+38 -3.4e+38 -3.4e+38 -3.4e+38 -3.4e+38 -3.4e+38 -3.4e+38 -3.4e+38 -3.4e+38 -3.4e+38 -3.4e+38
7.28722333908081 7.30174875259399 7.31627416610718 7.33080005645752 7.35643339157104 7.38348293304443 7.41053247451782 7.43758201599121 7.4646315574646 7.49168109893799 7.51873064041138 7.54578018188477 7.57282972335815 7.59987926483154 7.61490821838379 7.62788200378418 7.64085531234741 7.6538290977478 7.66680240631104 7.67977619171143 7.69274950027466 7.70572328567505 7.71869659423828 7.73167037963867 7.75308799743652 7.77634620666504 7.79960441589355 7.82286262512207 7.84612083435059 7.8693790435791 7.89263677597046 7.91589498519897 7.93915319442749 7.96241140365601 7.99457788467407 8.02913951873779 8.06370162963867 8.09826278686523 8.13282489776611 -3.4e+38 -3.4e+38 -3.4e+38 -3.4e+38 -3.4e+38 -3.4e+38 -3.4e+38 -3.4e+38 -3.4e+38 -3.4e+38 -3.4e+38 -3.4e+38 -3.4e+38
7.28722333908081 7.30174875259399 7.31627416610718 7.33080005645752 7.35643339157104 7.38348293304443 7.41053247451782 7.43758201599121 7.4646315574646 7.49168109893799 7.51873064041138 7.54578018188477 7.57282972335815 7.59987926483154 7.61490821838379 7.62788200378418 7.64085531234741 7.6538290977478 7.66680240631104 7.67977619171143 7.69274950027466 7.70572328567505 7.71869659423828 7.73167037963867 7.75308799743652 7.77634620666504 7.79960441589355 7.82286262512207 7.84612083435059 7.8693790435791 7.89263677597046 7.91589498519897 7.93915319442749 7.96241140365601 7.99457788467407 8.02913951873779 8.06370162963867 8.09826278686523 -3.4e+38 -3.4e+38 -3.4e+38 -3.4e+38 -3.4e+38 -3.4e+38 -3.4e+38 -3.4e+38 -3.4e+38 -3.4e+38 -3.4e+38 -3.4e+38 -3.4e+38 -3.4e+38
7.28722333908081 7.30174875259399 7.31627416610718 7.33080005645752 7.35643339157104 7.38348293304443 7.41053247451782 7.43758201599121 7.4646315574646 7.49168109893799 7.51873064041138 7.54578018188477 7.57282972335815 7.59987926483154 7.61490821838379 7.62788200378418 7.64085531234741 7.6538290977478 7.66680240631104 7.67977619171143 7.69274950027466 7.70572328567505 7.71869659423828 7.73167037963867 7.75308799743652 7.77634620666504 7.79960441589355 7.82286262512207 7.84612083435059 7.8693790435791 7.89263677597046 7.91589498519897 7.93915319442749 7.96241140365601 7.99457788467407 8.02913951873779 8.06370162963867 8.09826278686523 -3.4e+38 -3.4e+38 -3.4e+38 -3.4e+38 -3.4e+38 -3.4e+38 -3.4e+38 -3.4e+38 -3.4e+38 -3.4e+38 -3.4e+38 -3.4e+38 -3.4e+38 -3.4e+38
7.28722333908081 7.30174875259399 7.31627416610718 7.33080005645752 7.35643339157104 7.38348293304443 7.41053247451782 7.43758201599121 7.4646315574646 7.49168109893799 7.51873064041138 7.54578018188477 7.57282972335815 7.59987926483154 7.61490821838379 7.62788200378418 7.64085531234741 7.6538290977478 7.66680240631104 7.67977619171143 7.69274950027466 7.70572328567505 7.71869659423828 7.73167037963867 7.75308799743652 7.77634620666504 7.79960441589355 7.82286262512207 7.84612083435059 7.8693790435791 7.89263677597046 7.91589498519897 7.93915319442749 7.96241140365601 7.99457788467407 8.02913951873779 8.06370162963867 8.09826278686523 -3.4e+38 -3.4e+38 -3.4e+38 -3.4e+38 -3.4e+38 -3.4e+38 -3.4e+38 -3.4e+38 -3.4e+38 -3.4e+38 -3.4e+38 -3.4e+38 -3.4e+38 -3.4e+38
7.27863740921021 7.29316568374634 7.30769395828247 7.3222222328186 7.3490104675293 7.37736129760742 7.40571260452271 7.43406343460083 7.46241474151611 7.49076557159424 7.51911687850952 7.54746770858765 7.57581901550293 7.60416984558105 7.62011623382568 7.63394165039062 7.64776706695557 7.66159200668335 7.67541742324829 7.68924283981323 7.70306825637817 7.71689367294312 7.73071908950806 7.74454402923584 7.76664066314697 7.79053974151611 7.81443929672241 7.83833837509155 7.86223745346069 7.88613653182983 7.91003608703613 7.93393516540527 7.95783424377441 7.98173379898071 8.014573097229 8.0498161315918 8.08505916595459 8.12030220031738 -3.4e+38 -3.4e+38 -3.4e+38 -3.4e+38 -3.4e+38 -3.4e+38 -3.4e+38 -3.4e+38 -3.4e+38 -3.4e+38 -3.4e+38 -3.4e+38 -3.4e+38 -3.4e+38
7.26514577865601 7.2796778678894 7.2942099571228 7.30874252319336 7.33734512329102 7.36774158477783 7.39813804626465 7.42853450775146 7.45893049240112 7.48932695388794 7.51972341537476 7.55011987686157 7.58051633834839 7.61091232299805 7.62830066680908 7.64346408843994 7.65862798690796 7.67379188537598 7.68895578384399 7.70411968231201 7.71928358078003 7.73444700241089 7.74961090087891 7.76477479934692 7.78793811798096 7.81284475326538 7.8377513885498 7.86265802383423 7.88756465911865 7.91247129440308 7.9373779296875 7.96228456497192 7.98719120025635 8.01209735870361 8.04599380493164 8.08230781555176 8.11862087249756 8.15493488311768 -3.4e+38 -3.4e+38 -3.4e+38 -3.4e+38 -3.4e+38 -3.4e+38 -3.4e+38 -3.4e+38 -3.4e+38 -3.4e+38 -3.4e+38 -3.4e+38 -3.4e+38 -3.4e+38
7.25165367126465 7.26619005203247 7.28072643280029 7.29526281356812 7.32567977905273 7.35812187194824 7.39056348800659 7.42300510406494 7.45544672012329 7.48788833618164 7.52032995223999 7.55277156829834 7.58521318435669 7.6176552772522 7.63648462295532 7.65298700332642 7.66948938369751 7.6859917640686 7.7024941444397 7.71899604797363 7.73549842834473 7.75200080871582 7.76850318908691 7.78500556945801 7.80923509597778 7.83514928817749 7.8610634803772 7.88697719573975 7.91289138793945 7.93880558013916 7.96471929550171 7.99063348770142 8.01654720306396 8.04246139526367 8.07741546630859 8.11479949951172 8.15218353271484 -3.4e+38 -3.4e+38 -3.4e+38 -3.4e+38 -3.4e+38 -3.4e+38 -3.4e+38 -3.4e+38 -3.4e+38 -3.4e+38 -3.4e+38 -3.4e+38 -3.4e+38 -3.4e+38 -3.4e+38
7.23816204071045 7.25270223617554 7.26724243164062 7.28178310394287 7.31401491165161 7.34850168228149 7.38298892974854 7.41747570037842 7.4519624710083 7.48644971847534 7.52093648910522 7.55542373657227 7.58991050720215 7.62439775466919 7.64466905593872 7.66250944137573 7.6803503036499 7.69819116592407 7.71603202819824 7.73387289047241 7.75171375274658 7.76955461502075 7.78739547729492 7.80523633956909 7.83053255081177 7.8574538230896 7.88437557220459 7.91129684448242 7.93821859359741 7.96513986587524 7.99206113815308 8.01898288726807 8.0459041595459 8.07282543182373 8.10883617401123 8.14729118347168 -3.4e+38 -3.4e+38 -3.4e+38 -3.4e+38 -3.4e+38 -3.4e+38 -3.4e+38 -3.4e+38 -3.4e+38 -3.4e+38 -3.4e+38 -3.4e+38 -3.4e+38 -3.4e+38 -3.4e+38 -3.4e+38
7.22466993331909 7.2392144203186 7.25375890731812 7.26830339431763 7.30234956741333 7.3388819694519 7.37541437149048 7.41194629669189 7.44847869873047 7.48501110076904 7.52154302597046 7.55807542800903 7.59460783004761 7.63114023208618 7.65285301208496 7.67203235626221 7.69121170043945 7.7103910446167 7.72957038879395 7.74874973297119 7.76792907714844 7.78710794448853 7.80628728866577 7.82546663284302 7.85183000564575 7.87975883483887 7.90768766403198 7.9356164932251 7.96354532241821 7.99147415161133 8.0194034576416 8.04733180999756 8.07526111602783 8.10318946838379 8.14025783538818 8.17978286743164 -3.4e+38 -3.4e+38 -3.4e+38 -3.4e+38 -3.4e+38 -3.4e+38 -3.4e+38 -3.4e+38 -3.4e+38 -3.4e+38 -3.4e+38 -3.4e+38 -3.4e+38 -3.4e+38 -3.4e+38 -3.4e+38
7.21117782592773 7.22572660446167 7.24027490615845 7.25482368469238 7.29068422317505 7.32926177978516 7.36783933639526 7.40641689300537 7.44499492645264 7.48357248306274 7.52215003967285 7.56072759628296 7.59930515289307 7.63788270950317 7.66103744506836 7.68155527114868 7.702073097229 7.72259044647217 7.74310827255249 7.76362609863281 7.78414392471313 7.80466175079346 7.82517957687378 7.8456974029541 7.87312698364258 7.90206336975098 7.93099975585938 7.95993614196777 7.98887205123901 8.01780891418457 8.04674434661865 8.07568073272705 8.10461711883545 8.13355350494385 8.17167949676514 -3.4e+38 -3.4e+38 -3.4e+38 -3.4e+38 -3.4e+38 -3.4e+38 -3.4e+38 -3.4e+38 -3.4e+38 -3.4e+38 -3.4e+38 -3.4e+38 -3.4e+38 -3.4e+38 -3.4e+38 -3.4e+38 -3.4e+38
7.19768619537354 7.21223878860474 7.22679138183594 7.24134397506714 7.27901935577393 7.31964206695557 7.36026477813721 7.40088796615601 7.44151067733765 7.48213338851929 7.52275657653809 7.56337928771973 7.60400199890137 7.64462518692017 7.6692214012146 7.691077709198 7.7129340171814 7.73479032516479 7.75664663314819 7.77850294113159 7.80035924911499 7.82221555709839 7.84407186508179 7.86592817306519 7.89442443847656 7.92436790466309 7.95431184768677 7.98425531387329 8.01419925689697 8.0441427230835 8.07408618927002 8.10403060913086 8.13397407531738 8.16391754150391 -3.4e+38 -3.4e+38 -3.4e+38 -3.4e+38 -3.4e+38 -3.4e+38 -3.4e+38 -3.4e+38 -3.4e+38 -3.4e+38 -3.4e+38 -3.4e+38 -3.4e+38 -3.4e+38 -3.4e+38 -3.4e+38 -3.4e+38 -3.4e+38
7.18419408798218 7.1987509727478 7.21330738067627 7.22786426544189 7.26735401153564 7.31002235412598 7.35269021987915 7.39535856246948 7.43802690505981 7.48069477081299 7.52336311340332 7.56603145599365 7.60869932174683 7.65136766433716 7.677405834198 7.70060062408447 7.72379541397095 7.74699020385742 7.7701849937439 7.79337978363037 7.81657409667969 7.83976888656616 7.86296367645264 7.88615846633911 7.91572189331055 7.94667291641235 7.97762393951416 8.00857543945312 8.03952598571777 8.07047748565674 8.10142803192139 8.13237953186035 8.16333103179932 8.19428157806396 -3.4e+38 -3.4e+38 -3.4e+38 -3.4e+38 -3.4e+38 -3.4e+38 -3.4e+38 -3.4e+38 -3.4e+38 -3.4e+38 -3.4e+38 -3.4e+38 -3.4e+38 -3.4e+38 -3.4e+38 -3.4e+38 -3.4e+38 -3.4e+38
7.17070245742798 7.18526315689087 7.19982385635376 7.21438455581665 7.25568866729736 7.30040216445923 7.34511566162109 7.38982915878296 7.43454265594482 7.47925615310669 7.52396965026855 7.56868314743042 7.61339664459229 7.65811014175415 7.68558979034424 7.71012306213379 7.73465633392334 7.75918960571289 7.78372287750244 7.80825614929199 7.83278942108154 7.85732269287109 7.88185596466064 7.9063892364502 7.93701887130737 7.96897745132446 8.00093650817871 8.03289413452148 8.06485271453857 8.09681129455566 8.12876987457275 8.16072845458984 -3.4e+38 -3.4e+38 -3.4e+38 -3.4e+38 -3.4e+38 -3.4e+38 -3.4e+38 -3.4e+38 -3.4e+38 -3.4e+38 -3.4e+38 -3.4e+38 -3.4e+38 -3.4e+38 -3.4e+38 -3.4e+38 -3.4e+38 -3.4e+38 -3.4e+38 -3.4e+38
