R_scripts/int_process_data/Bio_12_2001.2020.asc
NCOLS 281 
NROWS 577 
XLLCORNER 81175.2677831308 
YLLCORNER -911.770678700996 
CELLSIZE 1000 
NODATA_value -3.4e+38 
[rows 231 to 251 of 577, columns 192 to 239 of 281]
2.33215136091758e-08 2.30383658816891e-08 2.28284182668403e-08 2.27526175677895e-08 2.27572289901445e-08 2.28784458045084e-08 2.2980485070434e-08 2.29851071509302e-08 2.3062899145998e-08 2.320884640028e-08 2.33253310000237e-08 2.34434214263501e-08 2.36433752576204e-08 2.4045172963838e-08 2.39574209359716e-08 2.36853381352375e-08 2.36306121337293e-08 2.36961010813275e-08 2.40133779527696e-08 2.45951170541048e-08 2.45545503929634e-08 2.43273294842083e-08 2.43353071027741e-08 2.4213518301508e-08 2.37116069001786e-08 2.32743015970982e-08 2.29749623770203e-08 2.27212151315825e-08 2.24622187516843e-08 2.2327634852104e-08 2.22142908512524e-08 2.20943814355223e-08 2.20771276815412e-08 -3.4e+38 -3.4e+38 -3.4e+38 -3.4e+38 -3.4e+38 -3.4e+38 -3.4e+38 -3.4e+38 -3.4e+38 -3.4e+38 -3.4e+38 -3.4e+38 -3.4e+38 -3.4e+38 -3.4e+38
2.31142696094366e-08 2.28704681859426e-08 2.26181064988396e-08 2.25058318648053e-08 2.25056631109055e-08 2.25818528321042e-08 2.2636982066615e-08 2.27798420127101e-08 2.29698073894724e-08 2.30531078670992e-08 2.3125359405185e-08 2.31964083496905e-08 2.32981971493018e-08 2.35450468011322e-08 2.35399006953685e-08 2.33947918815147e-08 2.33500081492366e-08 2.33785826253552e-08 2.35276100823967e-08 2.38554509479627e-08 2.42788082971401e-08 2.41955930846416e-08 2.40113902094663e-08 2.41839650527709e-08 2.42340600919988e-08 2.3939078275248e-08 2.33822223805191e-08 2.30679670920608e-08 2.27473844205406e-08 2.25902567763114e-08 2.23284057909723e-08 2.22628653290258e-08 2.21856542026444e-08 -3.4e+38 -3.4e+38 -3.4e+38 -3.4e+38 -3.4e+38 -3.4e+38 -3.4e+38 -3.4e+38 -3.4e+38 -3.4e+38 -3.4e+38 -3.4e+38 -3.4e+38 -3.4e+38 -3.4e+38
2.28776890764948e-08 2.26756462495814e-08 2.24099920842491e-08 2.22722054132873e-08 2.22417089190685e-08 2.23203873161992e-08 2.24110117130749e-08 2.2564512036638e-08 2.26966765382031e-08 2.2798303689342e-08 2.28750600683725e-08 2.29463754664039e-08 2.30765682118772e-08 2.35145822813365e-08 2.34851267322256e-08 2.31802115280288e-08 2.31011068052567e-08 2.30982859505957e-08 2.31525749683215e-08 2.3342670019133e-08 2.35427357608842e-08 2.37008812575823e-08 2.3622474643048e-08 2.39104096522169e-08 2.43410180900128e-08 2.44144686689651e-08 2.39293846959754e-08 2.36302657441456e-08 2.33587620357412e-08 2.29193055645283e-08 2.2439005320507e-08 2.24959517680645e-08 2.24023999351175e-08 2.21599893990287e-08 -3.4e+38 -3.4e+38 -3.4e+38 -3.4e+38 -3.4e+38 -3.4e+38 -3.4e+38 -3.4e+38 -3.4e+38 -3.4e+38 -3.4e+38 -3.4e+38 -3.4e+38 -3.4e+38
2.26671268421796e-08 2.24832330530944e-08 2.22417444462053e-08 2.20498836966954e-08 2.20073133050391e-08 2.21379270470834e-08 2.22333031985045e-08 2.22991101139769e-08 2.2388634945969e-08 2.25336407311261e-08 2.26056791063911e-08 2.26513741097278e-08 2.27662706464571e-08 2.34037660362674e-08 2.35418777805307e-08 2.30973693504666e-08 2.28915393307716e-08 2.27985665901542e-08 2.28142447156188e-08 2.29770371618088e-08 2.30977423854029e-08 2.30918999477581e-08 2.31327454969232e-08 2.34740777926845e-08 2.40209629964738e-08 2.45078961569334e-08 2.42280613349521e-08 2.37513759770991e-08 2.35754242794428e-08 2.31503047842807e-08 2.27144596465223e-08 2.26043379569774e-08 2.23056044745817e-08 2.20256559657628e-08 -3.4e+38 -3.4e+38 -3.4e+38 -3.4e+38 -3.4e+38 -3.4e+38 -3.4e+38 -3.4e+38 -3.4e+38 -3.4e+38 -3.4e+38 -3.4e+38 -3.4e+38 -3.4e+38
2.25136282949734e-08 2.22916831660314e-08 2.20555040897352e-08 2.18349693881237e-08 2.17891020781735e-08 2.19395097644792e-08 2.19869047413113e-08 2.20171791909252e-08 2.20924505356379e-08 2.21929177257607e-08 2.22765681456849e-08 2.2310910452461e-08 2.24464375975231e-08 2.27692780185862e-08 2.29540901841574e-08 2.27592895640782e-08 2.25772769368859e-08 2.25326317604413e-08 2.25361826977633e-08 2.26426379867917e-08 2.27793996998571e-08 2.29003482843382e-08 2.29746071056525e-08 2.30813625989867e-08 2.34670451959573e-08 2.42740636480221e-08 2.45766909046097e-08 2.44667130999687e-08 2.42470115097149e-08 2.34723103176293e-08 2.28978667138335e-08 2.26548859671993e-08 2.21817124668178e-08 2.19301927728566e-08 2.18342481872469e-08 -3.4e+38 -3.4e+38 -3.4e+38 -3.4e+38 -3.4e+38 -3.4e+38 -3.4e+38 -3.4e+38 -3.4e+38 -3.4e+38 -3.4e+38 -3.4e+38 -3.4e+38
2.23016520806141e-08 2.20175166987246e-08 2.18142872654425e-08 2.16947579900761e-08 2.15589306407082e-08 2.16406998987395e-08 2.17223679044309e-08 2.1816505935135e-08 2.18146620767357e-08 2.17994031714852e-08 2.18502442805857e-08 2.20231068936982e-08 2.22170513097808e-08 2.22979608111018e-08 2.23979057523138e-08 2.23436167345881e-08 2.22621476808627e-08 2.23012612821094e-08 2.2324316617528e-08 2.24110756619211e-08 2.25803411524339e-08 2.27814940245707e-08 2.29045991062549e-08 2.29598615675286e-08 2.30866952222186e-08 2.33087646961394e-08 2.3620804867619e-08 2.40325110922868e-08 2.44007143379577e-08 2.39787851796791e-08 2.32561259139175e-08 2.28214300790341e-08 2.2667963506251e-08 2.23944027766265e-08 2.1837299968297e-08 -3.4e+38 -3.4e+38 -3.4e+38 -3.4e+38 -3.4e+38 -3.4e+38 -3.4e+38 -3.4e+38 -3.4e+38 -3.4e+38 -3.4e+38 -3.4e+38 -3.4e+38
2.20323883581841e-08 2.17600124585715e-08 2.15883755316781e-08 2.14797406528078e-08 2.13139283999908e-08 2.13572093343828e-08 2.15247801804708e-08 2.16419149268177e-08 2.15290132388191e-08 2.13768132084624e-08 2.1384172654848e-08 2.1666012983701e-08 2.18921361039293e-08 2.18228670689768e-08 2.1862241794679e-08 2.18675548779856e-08 2.19069899998203e-08 2.19793676592417e-08 2.20625846480971e-08 2.22063061272593e-08 2.24112284286093e-08 2.26464642594237e-08 2.27042882272599e-08 2.26534648817278e-08 2.27383551987259e-08 2.2827547851989e-08 2.27398562202552e-08 2.27838494737398e-08 2.30202434892135e-08 2.31397372374431e-08 2.29610037649763e-08 2.26631016175816e-08 2.26170531192338e-08 2.24279403937544e-08 2.17946514169398e-08 -3.4e+38 -3.4e+38 -3.4e+38 -3.4e+38 -3.4e+38 -3.4e+38 -3.4e+38 -3.4e+38 -3.4e+38 -3.4e+38 -3.4e+38 -3.4e+38 -3.4e+38
2.18583942057649e-08 2.15742232967386e-08 2.13660165115925e-08 2.12117647890864e-08 2.10663344546447e-08 2.11740420752449e-08 2.12925286291465e-08 2.13701678575262e-08 2.12213979722264e-08 2.10333297445686e-08 2.10401349676204e-08 2.11626272061949e-08 2.13115551872534e-08 2.14144932897398e-08 2.15927489222167e-08 2.16162749921978e-08 2.1685092832513e-08 2.17783320266562e-08 2.1894162927083e-08 2.20853095811435e-08 2.23266578558423e-08 2.24769056700325e-08 2.23709530899896e-08 2.23182734515603e-08 2.24172058693739e-08 2.25217089422358e-08 2.24190728204121e-08 2.22791758375251e-08 2.21951061973868e-08 2.2195258964075e-08 2.21744897999088e-08 2.2057685455934e-08 2.18552784758685e-08 2.17286313386467e-08 2.15753566124022e-08 -3.4e+38 -3.4e+38 -3.4e+38 -3.4e+38 -3.4e+38 -3.4e+38 -3.4e+38 -3.4e+38 -3.4e+38 -3.4e+38 -3.4e+38 -3.4e+38 -3.4e+38
2.17215276876459e-08 2.14088267114221e-08 2.12184101400226e-08 2.11389359350278e-08 2.0941211431591e-08 2.10200781225467e-08 2.09934576389514e-08 2.10257216082255e-08 2.09506296755535e-08 2.09709956067172e-08 2.10955466428686e-08 2.11012061157589e-08 2.11504627145587e-08 2.13696438322586e-08 2.156748379889e-08 2.15952855597834e-08 2.1686652473818e-08 2.17926174883587e-08 2.18939781859717e-08 2.2073203709283e-08 2.22491447487982e-08 2.22379554770669e-08 2.20430393937932e-08 2.19736158157957e-08 2.21447535864172e-08 2.22498286461814e-08 2.22873133282064e-08 2.2460994841822e-08 2.19657181332877e-08 2.19142233248704e-08 2.19005826807006e-08 2.16786251172607e-08 2.14911803908535e-08 2.13739550503078e-08 2.13678195137845e-08 -3.4e+38 -3.4e+38 -3.4e+38 -3.4e+38 -3.4e+38 -3.4e+38 -3.4e+38 -3.4e+38 -3.4e+38 -3.4e+38 -3.4e+38 -3.4e+38 -3.4e+38
2.15870130659823e-08 2.12814192934729e-08 2.11087609613969e-08 2.10504342845752e-08 2.08630392961595e-08 2.08041051052987e-08 2.06829895432747e-08 2.06999111185269e-08 2.08602610740627e-08 2.11104538294649e-08 2.12649418074307e-08 2.13127684389747e-08 2.1342032141547e-08 2.1514392045674e-08 2.16774846961698e-08 2.16762643390211e-08 2.18079989622311e-08 2.1917877290889e-08 2.19381135480035e-08 2.20133227202268e-08 2.20962572683447e-08 2.2008000755136e-08 2.18277946828493e-08 2.16931965724143e-08 2.19465867701274e-08 2.21284608414862e-08 2.19381348642855e-08 2.21683560397423e-08 2.18102300664214e-08 2.16447553214039e-08 2.16671214303688e-08 2.15534416980745e-08 2.15345270504486e-08 2.14010622556771e-08 -3.4e+38 -3.4e+38 -3.4e+38 -3.4e+38 -3.4e+38 -3.4e+38 -3.4e+38 -3.4e+38 -3.4e+38 -3.4e+38 -3.4e+38 -3.4e+38 -3.4e+38 -3.4e+38
2.15101714218235e-08 2.12716049219352e-08 2.10953601254005e-08 2.10373887199466e-08 2.07761967629949e-08 2.0571992109808e-08 2.04432346606609e-08 2.0480243279053e-08 2.07606039026587e-08 2.10444266457444e-08 2.11462367616377e-08 2.12806323673931e-08 2.14159925349122e-08 2.15815507687012e-08 2.17466862295623e-08 2.18028848308904e-08 2.18568825260945e-08 2.18524256467845e-08 2.17613909114789e-08 2.17990301365489e-08 2.20217959423508e-08 2.23949250255373e-08 2.21471623262914e-08 2.16228706051425e-08 2.15968203320926e-08 2.16754205695224e-08 2.15372359946286e-08 2.16152962195792e-08 2.15183764140647e-08 2.13891659939236e-08 2.13928732506474e-08 2.1385865522916e-08 2.13745465771353e-08 2.1314225051583e-08 -3.4e+38 -3.4e+38 -3.4e+38 -3.4e+38 -3.4e+38 -3.4e+38 -3.4e+38 -3.4e+38 -3.4e+38 -3.4e+38 -3.4e+38 -3.4e+38 -3.4e+38 -3.4e+38
2.14323918612536e-08 2.12374011709926e-08 2.10773176689827e-08 2.10409449863391e-08 2.07642472105363e-08 2.05366319505629e-08 2.03896615147414e-08 2.04021706196045e-08 2.06558929960465e-08 2.08975841076153e-08 2.10408934719908e-08 2.11992521315096e-08 2.13475654931017e-08 2.150146194424e-08 2.16881552717041e-08 2.17919442491166e-08 2.16966427046827e-08 2.1577791997629e-08 2.15128519442942e-08 2.16712763290161e-08 2.21690932278307e-08 2.27993055545994e-08 2.22436273844551e-08 2.16090736415708e-08 2.1416802553631e-08 2.13676454308143e-08 2.13941468985013e-08 2.15013642446138e-08 2.14272777299129e-08 2.14168309753404e-08 2.14340740711805e-08 2.1354010115715e-08 2.12841122504415e-08 2.11936050931172e-08 -3.4e+38 -3.4e+38 -3.4e+38 -3.4e+38 -3.4e+38 -3.4e+38 -3.4e+38 -3.4e+38 -3.4e+38 -3.4e+38 -3.4e+38 -3.4e+38 -3.4e+38 -3.4e+38
2.14348769844719e-08 2.11838315777868e-08 2.09973691767118e-08 2.09744879242635e-08 2.08600301476736e-08 2.0767545905187e-08 2.04771470890819e-08 2.03428953682305e-08 2.06515426981468e-08 2.09398312023268e-08 2.10112958143327e-08 2.1128901295242e-08 2.12020534462454e-08 2.13683790661889e-08 2.1570967234652e-08 2.16009823361674e-08 2.14495479156085e-08 2.13302904228385e-08 2.12281712208551e-08 2.13733457599119e-08 2.19583782268273e-08 2.21262990152127e-08 2.17791189527361e-08 2.15129141167836e-08 2.13816875316297e-08 2.13219824019006e-08 2.12626805051741e-08 2.13439683705019e-08 2.13978506025114e-08 2.14079349802887e-08 2.13506172741518e-08 2.13097042234267e-08 2.13222808298497e-08 2.11356088186676e-08 -3.4e+38 -3.4e+38 -3.4e+38 -3.4e+38 -3.4e+38 -3.4e+38 -3.4e+38 -3.4e+38 -3.4e+38 -3.4e+38 -3.4e+38 -3.4e+38 -3.4e+38 -3.4e+38
2.14898285832987e-08 2.12491535478421e-08 2.1045016396215e-08 2.09983603838282e-08 2.09338661960601e-08 2.08502353160611e-08 2.05003747311139e-08 2.04308960860544e-08 2.07606802860028e-08 2.10134984968136e-08 2.09401580519852e-08 2.09775272708157e-08 2.10550989976355e-08 2.12648849640118e-08 2.14016289135088e-08 2.13425703776693e-08 2.1119577198192e-08 2.09401811446241e-08 2.08926884681659e-08 2.11281463435853e-08 2.14763193895351e-08 2.14550919253043e-08 2.13429665052445e-08 2.12684838629684e-08 2.12498854068599e-08 2.12507629271386e-08 2.11849222608862e-08 2.12288870926614e-08 2.13520330305528e-08 2.13618278621652e-08 2.13790922742874e-08 2.14094661998843e-08 2.12969091251125e-08 2.1079305412286e-08 -3.4e+38 -3.4e+38 -3.4e+38 -3.4e+38 -3.4e+38 -3.4e+38 -3.4e+38 -3.4e+38 -3.4e+38 -3.4e+38 -3.4e+38 -3.4e+38 -3.4e+38 -3.4e+38
2.14256914432553e-08 2.13045154850988e-08 2.11722959164717e-08 2.09982484733473e-08 2.08412131996738e-08 2.04745269627438e-08 2.02319512254689e-08 2.03908481211101e-08 2.07245900440967e-08 2.09024140218617e-08 2.07880610503253e-08 2.08495123388275e-08 2.09504538162264e-08 2.10610142659107e-08 2.10437818282116e-08 2.08975912130427e-08 2.0761529384572e-08 2.06041619321695e-08 2.07024655196619e-08 2.09036095100146e-08 2.10604067518716e-08 2.10971258240988e-08 2.10499084829507e-08 2.1022596996545e-08 2.10850661375162e-08 2.11185788856483e-08 2.10969268721328e-08 2.12125375043115e-08 2.13159303541488e-08 2.13423430039938e-08 2.13968665008224e-08 2.12398028054395e-08 2.10137418577006e-08 -3.4e+38 -3.4e+38 -3.4e+38 -3.4e+38 -3.4e+38 -3.4e+38 -3.4e+38 -3.4e+38 -3.4e+38 -3.4e+38 -3.4e+38 -3.4e+38 -3.4e+38 -3.4e+38 -3.4e+38
2.13223820821895e-08 2.12717647940508e-08 2.11298925023584e-08 2.08520365418963e-08 2.0567423320017e-08 2.0141794010442e-08 2.00539478356632e-08 2.02608205768229e-08 2.05787991092166e-08 2.06870964802874e-08 2.06382892997681e-08 2.07570902688303e-08 2.08161097248194e-08 2.07161736653916e-08 2.05672634479015e-08 2.04477270671077e-08 2.04732799602425e-08 2.05143599885105e-08 2.0668663225365e-08 2.07066399582345e-08 2.07576071886706e-08 2.08007318036607e-08 2.08322799011285e-08 2.09030357467554e-08 2.10718322790626e-08 2.11423216711637e-08 2.10792538979376e-08 2.10778399178935e-08 2.10595825222981e-08 2.1016358431325e-08 2.10196571259758e-08 2.08666914858213e-08 2.07861656775776e-08 -3.4e+38 -3.4e+38 -3.4e+38 -3.4e+38 -3.4e+38 -3.4e+38 -3.4e+38 -3.4e+38 -3.4e+38 -3.4e+38 -3.4e+38 -3.4e+38 -3.4e+38 -3.4e+38 -3.4e+38
2.11610569067489e-08 2.09244674920228e-08 2.0603813766229e-08 2.02719370179238e-08 1.99271692480352e-08 1.99561451807995e-08 2.01568717272949e-08 2.027062961929e-08 2.0390960031591e-08 2.04825045813095e-08 2.05429646626953e-08 2.06250003742525e-08 2.05961310228986e-08 2.04156567207292e-08 2.0233919428847e-08 2.02183265685107e-08 2.03121892639047e-08 2.0496004893289e-08 2.05520560569994e-08 2.04832346639705e-08 2.05134789155181e-08 2.06155288395848e-08 2.078008876083e-08 2.0991715032892e-08 2.11815720518871e-08 2.11913704362132e-08 2.11307096265045e-08 2.11306812047951e-08 2.10955377610844e-08 2.08828385694915e-08 2.06997174956314e-08 2.06259098689543e-08 2.05865973157415e-08 -3.4e+38 -3.4e+38 -3.4e+38 -3.4e+38 -3.4e+38 -3.4e+38 -3.4e+38 -3.4e+38 -3.4e+38 -3.4e+38 -3.4e+38 -3.4e+38 -3.4e+38 -3.4e+38 -3.4e+38
2.07491375192603e-08 2.01989802661728e-08 1.96958076514875e-08 1.9540431495102e-08 1.95652454237916e-08 1.97113703137575e-08 1.99904821585051e-08 2.02197369958412e-08 2.03521128838702e-08 2.03771701734468e-08 2.03706296275641e-08 2.03106047536039e-08 2.0187950866557e-08 2.00934398009167e-08 2.00638634595407e-08 2.00709084907658e-08 2.01978718195051e-08 2.03120826824943e-08 2.02994669962209e-08 2.03154097988545e-08 2.04767651723614e-08 2.06824548598661e-08 2.09103863113569e-08 2.11265334115751e-08 2.12666702026354e-08 2.12877058203276e-08 2.13062261167352e-08 2.12638351371197e-08 2.11546478112723e-08 2.09390460526038e-08 2.07577759425703e-08 2.05594918867291e-08 2.04943724213535e-08 -3.4e+38 -3.4e+38 -3.4e+38 -3.4e+38 -3.4e+38 -3.4e+38 -3.4e+38 -3.4e+38 -3.4e+38 -3.4e+38 -3.4e+38 -3.4e+38 -3.4e+38 -3.4e+38 -3.4e+38
2.01683665324026e-08 1.96310541156208e-08 1.92884535010762e-08 1.93095122114073e-08 1.94598577252236e-08 1.95549372250525e-08 1.96906420057985e-08 1.99954097723776e-08 2.01621208617553e-08 2.01277323697013e-08 2.00070147116094e-08 1.99264871270088e-08 1.99105016918111e-08 1.99072029971603e-08 1.99002769818435e-08 1.99310541404429e-08 2.00280059203806e-08 2.00940188932464e-08 2.01387813092424e-08 2.02687520101108e-08 2.05467163283402e-08 2.07402504059928e-08 2.09066701728489e-08 2.1110341918984e-08 2.13363886558682e-08 2.146204103326e-08 2.1472548183965e-08 2.13013855443478e-08 2.11470503330702e-08 2.09695372177521e-08 2.07533279450445e-08 2.04850962859382e-08 2.03377901186741e-08 -3.4e+38 -3.4e+38 -3.4e+38 -3.4e+38 -3.4e+38 -3.4e+38 -3.4e+38 -3.4e+38 -3.4e+38 -3.4e+38 -3.4e+38 -3.4e+38 -3.4e+38 -3.4e+38 -3.4e+38
1.97599305806762e-08 1.94375644468892e-08 1.92281017774576e-08 1.92420586131448e-08 1.93357791999915e-08 1.94047551360654e-08 1.95313099027317e-08 1.97633980292267e-08 1.98707876819526e-08 1.98256291383814e-08 1.97580725114221e-08 1.97305762839051e-08 1.97390335188175e-08 1.97573690741137e-08 1.9825799668638e-08 1.98870075962532e-08 1.99207565998449e-08 2.00047001186476e-08 2.01540419908497e-08 2.03281498301067e-08 2.05453591917149e-08 2.07020018905268e-08 2.08779784571789e-08 2.11114077330876e-08 2.13250661573738e-08 2.14439417334233e-08 2.13633555290471e-08 2.11837551944427e-08 2.10917967535806e-08 2.09561417108262e-08 2.08016288638646e-08 2.06267465330257e-08 2.04105674583843e-08 -3.4e+38 -3.4e+38 -3.4e+38 -3.4e+38 -3.4e+38 -3.4e+38 -3.4e+38 -3.4e+38 -3.4e+38 -3.4e+38 -3.4e+38 -3.4e+38 -3.4e+38 -3.4e+38 -3.4e+38
1.9647067972528e-08 1.93912939039365e-08 1.92094500306439e-08 1.91978735131215e-08 1.92429645551329e-08 1.93361859857077e-08 1.94755891413934e-08 1.96284073439301e-08 1.9678203955209e-08 1.96585183687148e-08 1.96048812739491e-08 1.95781453271593e-08 1.95835774263742e-08 1.96714520228625e-08 1.98014298291582e-08 1.97949407976239e-08 1.98430250009096e-08 2.00493452950923e-08 2.02343137800653e-08 2.0388039700947e-08 2.05897379146336e-08 2.07760315618088e-08 2.09461425981772e-08 2.10857322713309e-08 2.11637889435679e-08 2.12280877320836e-08 2.11412718442716e-08 2.09043751198124e-08 2.0785011045632e-08 2.0733567751563e-08 2.09257944305818e-08 2.10147312884601e-08 2.07006003449806e-08 -3.4e+38 -3.4e+38 -3.4e+38 -3.4e+38 -3.4e+38 -3.4e+38 -3.4e+38 -3.4e+38 -3.4e+38 -3.4e+38 -3.4e+38 -3.4e+38 -3.4e+38 -3.4e+38 -3.4e+38
