R_scripts/int_process_data/Bio_10_2001.2020.asc
NCOLS 281 
NROWS 577 
XLLCORNER 81175.2677831308 
YLLCORNER -911.770678700996 
CELLSIZE 1000 
NODATA_value -3.4e+38 
[rows 46 to 68 of 577, columns 52 to 103 of 281]
-3.4e+38 -3.4e+38 -3.4e+38 -3.4e+38 -3.4e+38 292.331878662109 292.305450439453 292.106231689453 292.01220703125 291.924133300781 292.143676757812 292.413208007812 292.742767333984 292.811706542969 292.817230224609 292.831329345703 293.043273925781 293.177520751953 293.213928222656 293.277221679688 293.335266113281 293.359436035156 293.390838623047 293.402526855469 293.402679443359 293.438049316406 293.406097412109 293.213104248047 293.137145996094 293.373565673828 293.437683105469 293.382385253906 293.339691162109 293.278045654297 293.183807373047 293.047027587891 292.893829345703 292.772003173828 292.686950683594 292.566711425781 292.622528076172 292.895751953125 293.146575927734 293.1865234375 292.907775878906 292.685852050781 292.548004150391 292.518341064453 292.607177734375 292.758270263672 292.987426757812 293.045257568359
-3.4e+38 -3.4e+38 -3.4e+38 -3.4e+38 -3.4e+38 292.340179443359 292.373199462891 292.241546630859 292.059478759766 292.140716552734 292.408355712891 292.584625244141 292.831970214844 292.88232421875 292.923706054688 292.876647949219 293.021362304688 293.214019775391 293.264923095703 293.331573486328 293.375518798828 293.395874023438 293.391510009766 293.320068359375 293.317657470703 293.432434082031 293.378204345703 293.049987792969 292.911682128906 293.230712890625 293.416717529297 293.444458007812 293.437103271484 293.357116699219 293.143951416016 292.872406005859 292.769104003906 292.773162841797 292.762145996094 292.670257568359 292.743927001953 292.940277099609 293.097534179688 293.156677246094 293.003997802734 292.897583007812 292.775421142578 292.762451171875 292.909973144531 293.027008056641 293.166198730469 293.259674072266
-3.4e+38 -3.4e+38 -3.4e+38 -3.4e+38 -3.4e+38 -3.4e+38 292.397796630859 292.338714599609 292.141937255859 292.372009277344 292.636657714844 292.728820800781 292.871856689453 292.928680419922 292.980865478516 293.023315429688 293.124847412109 293.259307861328 293.322723388672 293.369232177734 293.387390136719 293.392791748047 293.391632080078 293.169708251953 293.095581054688 293.350067138672 293.36865234375 292.987884521484 292.7919921875 293.082550048828 293.269012451172 293.298309326172 293.365570068359 293.306701660156 293.015960693359 292.832397460938 292.850463867188 292.912231445312 292.957275390625 292.958312988281 292.966613769531 292.986724853516 293.1318359375 293.270050048828 293.255340576172 293.165405273438 292.996765136719 293.043579101562 293.140869140625 293.238861083984 293.322326660156 293.333404541016
-3.4e+38 -3.4e+38 -3.4e+38 -3.4e+38 -3.4e+38 -3.4e+38 292.413482666016 292.407348632812 292.283630371094 292.544372558594 292.719665527344 292.807861328125 292.8916015625 292.95849609375 293.049133300781 293.154144287109 293.234893798828 293.294128417969 293.327423095703 293.355834960938 293.347381591797 293.315948486328 293.372741699219 293.138793945312 292.869567871094 293.162292480469 293.301116943359 292.962066650391 292.771789550781 293.022003173828 293.143798828125 293.111206054688 293.21826171875 293.295623779297 293.093719482422 293.002532958984 293.089752197266 293.168395996094 293.185974121094 293.13427734375 293.027587890625 293.073272705078 293.250732421875 293.412750244141 293.418029785156 293.249969482422 293.117431640625 293.254760742188 293.331634521484 293.424560546875 293.395568847656 293.229766845703
-3.4e+38 -3.4e+38 -3.4e+38 -3.4e+38 -3.4e+38 -3.4e+38 292.427703857422 292.471771240234 292.496459960938 292.637969970703 292.746459960938 292.838134765625 292.926879882812 293.013275146484 293.107818603516 293.193023681641 293.2548828125 293.285949707031 293.304931640625 293.296569824219 293.174530029297 293.045532226562 293.177337646484 293.124664306641 292.821807861328 293.021057128906 293.166168212891 292.967620849609 292.94384765625 293.125518798828 293.153717041016 293.118530273438 293.192840576172 293.325500488281 293.300384521484 293.279296875 293.358489990234 293.381744384766 293.270111083984 293.07763671875 293.026397705078 293.236114501953 293.427490234375 293.519500732422 293.482666015625 293.288543701172 293.279815673828 293.437103271484 293.454284667969 293.426818847656 293.267333984375 292.987731933594
-3.4e+38 -3.4e+38 -3.4e+38 -3.4e+38 -3.4e+38 -3.4e+38 -3.4e+38 292.493499755859 292.576629638672 292.655334472656 292.737579345703 292.804382324219 292.898071289062 293.014221191406 293.105590820312 293.176666259766 293.214935302734 293.202239990234 293.252227783203 293.209625244141 292.933410644531 292.764984130859 292.919860839844 292.933685302734 292.856658935547 293.074310302734 293.266174316406 293.262542724609 293.263549804688 293.268463134766 293.181976318359 293.138153076172 293.304809570312 293.411590576172 293.455261230469 293.474426269531 293.455810546875 293.345062255859 293.202178955078 293.123077392578 293.164611816406 293.362823486328 293.534057617188 293.587280273438 293.512145996094 293.386688232422 293.481689453125 293.493560791016 293.330780029297 293.179046630859 293.072967529297 292.791687011719
-3.4e+38 -3.4e+38 -3.4e+38 -3.4e+38 -3.4e+38 -3.4e+38 -3.4e+38 292.495452880859 292.580780029297 292.641693115234 292.705108642578 292.694885253906 292.792266845703 292.962463378906 293.062438964844 293.10107421875 293.097717285156 293.021453857422 293.123840332031 293.09765625 292.84716796875 292.698059082031 292.754821777344 292.73583984375 292.789215087891 293.163299560547 293.392822265625 293.395324707031 293.354827880859 293.335144042969 293.236450195312 293.227325439453 293.425811767578 293.509643554688 293.516723632812 293.469116210938 293.383361816406 293.223571777344 293.254638671875 293.348571777344 293.389556884766 293.525146484375 293.611480712891 293.599792480469 293.542175292969 293.534484863281 293.563629150391 293.437225341797 293.193634033203 292.979858398438 292.881195068359 292.840118408203
-3.4e+38 -3.4e+38 -3.4e+38 -3.4e+38 -3.4e+38 -3.4e+38 -3.4e+38 -3.4e+38 -3.4e+38 292.650726318359 292.704040527344 292.71484375 292.795654296875 292.918243408203 293.026214599609 293.048034667969 292.986846923828 292.929290771484 293.053100585938 293.118103027344 292.940216064453 292.777709960938 292.770080566406 292.789428710938 292.828826904297 293.232727050781 293.453674316406 293.400360107422 293.368286132812 293.387176513672 293.374114990234 293.402709960938 293.499603271484 293.557983398438 293.518463134766 293.428802490234 293.413330078125 293.324554443359 293.40625 293.498779296875 293.510284423828 293.561187744141 293.644775390625 293.637908935547 293.600830078125 293.619598388672 293.557891845703 293.365905761719 293.120178222656 292.938568115234 292.942230224609 293.099792480469
-3.4e+38 -3.4e+38 -3.4e+38 -3.4e+38 -3.4e+38 -3.4e+38 -3.4e+38 -3.4e+38 -3.4e+38 292.657928466797 292.725677490234 292.809051513672 292.891479492188 292.966064453125 293.056579589844 293.086517333984 293.058685302734 293.097503662109 293.193145751953 293.205474853516 293.006256103516 292.950134277344 293.079711914062 293.021881103516 293.059204101562 293.386322021484 293.491821289062 293.434692382812 293.410247802734 293.422912597656 293.453430175781 293.493286132812 293.547485351562 293.568634033203 293.542358398438 293.528137207031 293.587371826172 293.603698730469 293.565490722656 293.521911621094 293.566772460938 293.605285644531 293.670043945312 293.674041748047 293.642303466797 293.632110595703 293.549774169922 293.284149169922 292.971252441406 292.974548339844 293.202392578125 293.390594482422
-3.4e+38 -3.4e+38 -3.4e+38 -3.4e+38 -3.4e+38 -3.4e+38 -3.4e+38 -3.4e+38 -3.4e+38 292.660888671875 292.710357666016 292.794281005859 292.907440185547 292.9873046875 293.077026367188 293.117614746094 293.136199951172 293.194213867188 293.258087158203 293.282012939453 293.265533447266 293.309356689453 293.383331298828 293.297576904297 293.301177978516 293.509002685547 293.515991210938 293.449188232422 293.424835205078 293.449035644531 293.506134033203 293.549560546875 293.591766357422 293.5751953125 293.625183105469 293.670623779297 293.705780029297 293.725982666016 293.575897216797 293.492248535156 293.641693115234 293.694946289062 293.696563720703 293.708160400391 293.684783935547 293.636047363281 293.482849121094 293.271636962891 293.125396728516 293.194091796875 293.362731933594 293.546447753906
-3.4e+38 -3.4e+38 -3.4e+38 -3.4e+38 -3.4e+38 -3.4e+38 -3.4e+38 -3.4e+38 -3.4e+38 292.675689697266 292.728607177734 292.753875732422 292.825439453125 292.947814941406 293.081268310547 293.141998291016 293.175964355469 293.222778320312 293.284301757812 293.329711914062 293.379699707031 293.405700683594 293.442810058594 293.434417724609 293.437286376953 293.572845458984 293.5546875 293.517700195312 293.52978515625 293.517272949219 293.546417236328 293.582366943359 293.59130859375 293.612091064453 293.725036621094 293.760650634766 293.744079589844 293.780700683594 293.713012695312 293.623870849609 293.701080322266 293.744445800781 293.747009277344 293.741485595703 293.694396972656 293.620056152344 293.492065429688 293.424652099609 293.422241210938 293.410186767578 293.536346435547 293.648010253906
-3.4e+38 -3.4e+38 -3.4e+38 -3.4e+38 -3.4e+38 -3.4e+38 -3.4e+38 -3.4e+38 -3.4e+38 292.702728271484 292.761993408203 292.716125488281 292.722869873047 292.939575195312 293.096069335938 293.1611328125 293.200775146484 293.238494873047 293.300506591797 293.332855224609 293.310119628906 293.251831054688 293.304565429688 293.476776123047 293.565246582031 293.596710205078 293.552368164062 293.586791992188 293.600982666016 293.565460205078 293.591064453125 293.617797851562 293.576538085938 293.618865966797 293.787780761719 293.796600341797 293.768188476562 293.841369628906 293.834503173828 293.753570556641 293.768951416016 293.780212402344 293.786468505859 293.768432617188 293.698486328125 293.647247314453 293.624633789062 293.589416503906 293.59130859375 293.5693359375 293.64404296875 293.697296142578
-3.4e+38 -3.4e+38 -3.4e+38 -3.4e+38 -3.4e+38 -3.4e+38 -3.4e+38 -3.4e+38 -3.4e+38 292.730285644531 292.780029296875 292.782012939453 292.789916992188 292.964111328125 293.103790283203 293.172698974609 293.217041015625 293.265197753906 293.318145751953 293.280548095703 293.129760742188 292.995361328125 293.115417480469 293.431610107422 293.559783935547 293.555206298828 293.462371826172 293.485565185547 293.499633789062 293.499572753906 293.586639404297 293.623077392578 293.608215332031 293.642913818359 293.815734863281 293.845825195312 293.840087890625 293.895233154297 293.886077880859 293.832794189453 293.830718994141 293.816436767578 293.812896728516 293.782989501953 293.728302001953 293.698699951172 293.691650390625 293.679779052734 293.697875976562 293.693664550781 293.723358154297 293.738128662109
-3.4e+38 -3.4e+38 -3.4e+38 -3.4e+38 -3.4e+38 -3.4e+38 -3.4e+38 -3.4e+38 -3.4e+38 -3.4e+38 292.803009033203 292.862152099609 292.896697998047 293.003967285156 293.101715087891 293.180450439453 293.212219238281 293.274200439453 293.3115234375 293.280090332031 293.141845703125 292.918487548828 293.062622070312 293.363250732422 293.482116699219 293.465026855469 293.376708984375 293.419860839844 293.479705810547 293.516479492188 293.594207763672 293.640838623047 293.624969482422 293.606536865234 293.778839111328 293.895904541016 293.897430419922 293.929595947266 293.927124023438 293.8935546875 293.881164550781 293.862823486328 293.849792480469 293.806640625 293.776885986328 293.761901855469 293.755523681641 293.754425048828 293.760437011719 293.755798339844 293.7587890625 293.738555908203
-3.4e+38 -3.4e+38 -3.4e+38 -3.4e+38 -3.4e+38 -3.4e+38 -3.4e+38 -3.4e+38 -3.4e+38 -3.4e+38 292.818054199219 292.883972167969 292.929046630859 292.959777832031 293.025604248047 293.130035400391 293.171539306641 293.243896484375 293.277740478516 293.253051757812 293.1962890625 292.943359375 292.922973632812 293.129364013672 293.291168212891 293.376220703125 293.375183105469 293.532653808594 293.627258300781 293.653350830078 293.691345214844 293.674438476562 293.609771728516 293.59765625 293.792358398438 293.942077636719 293.952423095703 293.976043701172 293.969635009766 293.934234619141 293.926666259766 293.908050537109 293.878509521484 293.849151611328 293.823913574219 293.803344726562 293.769134521484 293.763275146484 293.725738525391 293.684478759766 293.674682617188 293.656585693359
-3.4e+38 -3.4e+38 -3.4e+38 -3.4e+38 -3.4e+38 -3.4e+38 -3.4e+38 -3.4e+38 -3.4e+38 -3.4e+38 292.823883056641 292.890289306641 292.926971435547 292.870666503906 292.888488769531 292.978881835938 293.074768066406 293.195037841797 293.253692626953 293.125122070312 293.070983886719 292.957489013672 292.802276611328 292.907196044922 293.123840332031 293.399475097656 293.551177978516 293.693695068359 293.757415771484 293.765289306641 293.734405517578 293.637481689453 293.639984130859 293.737518310547 293.868591308594 293.978698730469 294.013763427734 294.022918701172 294.011352539062 293.983428955078 293.951751708984 293.902404785156 293.863220214844 293.847351074219 293.818969726562 293.792053222656 293.740325927734 293.739807128906 293.629943847656 293.516906738281 293.545288085938 293.585876464844
-3.4e+38 -3.4e+38 -3.4e+38 -3.4e+38 -3.4e+38 -3.4e+38 -3.4e+38 -3.4e+38 -3.4e+38 -3.4e+38 292.835754394531 292.901458740234 292.917572021484 292.781768798828 292.761596679688 292.830322265625 292.956298828125 293.098693847656 293.170959472656 293.034576416016 292.905212402344 292.836639404297 292.757904052734 292.921722412109 293.273132324219 293.532775878906 293.685577392578 293.779449462891 293.806549072266 293.814788818359 293.71240234375 293.635040283203 293.790740966797 293.884399414062 293.947692871094 294.01171875 294.056365966797 294.061920166016 294.035003662109 293.993438720703 293.944366455078 293.890167236328 293.842987060547 293.826812744141 293.791900634766 293.745910644531 293.63818359375 293.626007080078 293.478363037109 293.357696533203 293.378356933594 293.456207275391
-3.4e+38 -3.4e+38 -3.4e+38 -3.4e+38 -3.4e+38 -3.4e+38 -3.4e+38 -3.4e+38 -3.4e+38 -3.4e+38 -3.4e+38 292.916839599609 292.913787841797 292.76708984375 292.7685546875 292.838439941406 292.911987304688 292.971862792969 293.018218994141 292.987518310547 292.928253173828 292.899291992188 292.900421142578 293.157104492188 293.484771728516 293.615966796875 293.710571289062 293.802703857422 293.843475341797 293.862457275391 293.753753662109 293.684387207031 293.876007080078 293.968139648438 294.010070800781 294.050079345703 294.065856933594 294.08544921875 294.048980712891 293.997100830078 293.951995849609 293.9091796875 293.848724365234 293.796203613281 293.701721191406 293.65576171875 293.559844970703 293.537689208984 293.466552734375 293.374053955078 293.266540527344 293.285797119141
-3.4e+38 -3.4e+38 -3.4e+38 -3.4e+38 -3.4e+38 -3.4e+38 -3.4e+38 -3.4e+38 -3.4e+38 -3.4e+38 -3.4e+38 292.928314208984 292.975616455078 292.858978271484 292.819671630859 292.897583007812 292.959167480469 292.994293212891 292.996398925781 293.008331298828 293.026031494141 293.021453857422 293.1142578125 293.312652587891 293.515869140625 293.632202148438 293.739990234375 293.824249267578 293.869567871094 293.873443603516 293.794860839844 293.804290771484 293.946990966797 294.023071289062 294.068420410156 294.089721679688 294.089813232422 294.097747802734 294.066436767578 294.021362304688 293.989776611328 293.943725585938 293.853942871094 293.731048583984 293.636932373047 293.627014160156 293.631408691406 293.613616943359 293.505340576172 293.325408935547 293.238983154297 293.315185546875
-3.4e+38 -3.4e+38 -3.4e+38 -3.4e+38 -3.4e+38 -3.4e+38 -3.4e+38 -3.4e+38 -3.4e+38 -3.4e+38 -3.4e+38 292.950958251953 293.008544921875 292.965118408203 292.875854492188 292.942230224609 293.07958984375 293.170989990234 293.162811279297 293.163299560547 293.100738525391 293.086242675781 293.2763671875 293.394683837891 293.458770751953 293.591369628906 293.758178710938 293.843231201172 293.885467529297 293.889617919922 293.892425537109 293.950866699219 294.009246826172 294.054382324219 294.094482421875 294.080444335938 294.048889160156 294.037048339844 294.033630371094 294.007141113281 294.003326416016 293.954772949219 293.842590332031 293.747833251953 293.720397949219 293.715728759766 293.652191162109 293.550994873047 293.393585205078 293.270172119141 293.299133300781 293.399353027344
-3.4e+38 -3.4e+38 -3.4e+38 -3.4e+38 -3.4e+38 -3.4e+38 -3.4e+38 -3.4e+38 -3.4e+38 -3.4e+38 -3.4e+38 292.971740722656 293.022338867188 293.067413330078 293.011444091797 293.029205322266 293.17578125 293.292724609375 293.307769775391 293.312347412109 293.271789550781 293.252288818359 293.373352050781 293.443542480469 293.569488525391 293.647979736328 293.7685546875 293.861694335938 293.900665283203 293.919189453125 293.960845947266 294.031890869141 294.080169677734 294.081329345703 294.094146728516 294.083679199219 294.018005371094 293.939575195312 293.935089111328 293.960388183594 293.992401123047 293.928619384766 293.832702636719 293.805358886719 293.814514160156 293.736358642578 293.527313232422 293.382568359375 293.380889892578 293.393432617188 293.439056396484 293.478576660156
-3.4e+38 -3.4e+38 -3.4e+38 -3.4e+38 -3.4e+38 -3.4e+38 -3.4e+38 -3.4e+38 -3.4e+38 -3.4e+38 -3.4e+38 292.976867675781 293.036376953125 293.107025146484 293.116455078125 293.117126464844 293.207702636719 293.308319091797 293.350250244141 293.362487792969 293.348052978516 293.386169433594 293.424407958984 293.434936523438 293.628997802734 293.735412597656 293.789978027344 293.872589111328 293.926635742188 293.958221435547 293.998107910156 294.056579589844 294.100341796875 294.063629150391 294.066345214844 294.104553222656 294.064544677734 293.967254638672 293.883422851562 293.917144775391 293.972442626953 293.923889160156 293.871673583984 293.845733642578 293.827819824219 293.712951660156 293.444152832031 293.309844970703 293.432556152344 293.528442382812 293.551879882812 293.566864013672
-3.4e+38 -3.4e+38 -3.4e+38 -3.4e+38 -3.4e+38 -3.4e+38 -3.4e+38 -3.4e+38 -3.4e+38 -3.4e+38 -3.4e+38 -3.4e+38 293.055236816406 293.132751464844 293.187438964844 293.224761962891 293.269134521484 293.329406738281 293.365966796875 293.409423828125 293.451995849609 293.503295898438 293.477478027344 293.467376708984 293.67236328125 293.779357910156 293.817260742188 293.884368896484 293.938354492188 293.974853515625 293.996887207031 294.014892578125 294.062255859375 294.066101074219 294.051879882812 294.066253662109 294.091857910156 294.066162109375 293.957916259766 293.918273925781 293.959869384766 293.952819824219 293.906280517578 293.847076416016 293.818511962891 293.67138671875 293.407318115234 293.374877929688 293.458740234375 293.654479980469 293.733764648438 293.716400146484
