R_scripts/int_process_data/Bio_04_2001.2020.asc
NCOLS 281 
NROWS 577 
XLLCORNER 81175.2677831308 
YLLCORNER -911.770678700996 
CELLSIZE 1000 
NODATA_value -3.4e+38 
[rows 161 to 183 of 577, columns 52 to 103 of 281]
-3.4e+38 -3.4e+38 -3.4e+38 -3.4e+38 -3.4e+38 -3.4e+38 -3.4e+38 -3.4e+38 -3.4e+38 -3.4e+38 -3.4e+38 -3.4e+38 -3.4e+38 -3.4e+38 -3.4e+38 368.572784423828 370.927429199219 373.531311035156 375.941436767578 378.654815673828 381.405944824219 384.136199951172 386.968109130859 389.759948730469 392.525604248047 395.625579833984 398.616912841797 401.357971191406 403.886322021484 406.573059082031 409.107727050781 415.379211425781 425.238616943359 434.763366699219 442.489929199219 447.563842773438 449.609191894531 448.267944335938 441.558074951172 431.394470214844 434.267059326172 439.803039550781 446.488861083984 443.226593017578 447.738586425781 447.358154296875 440.415191650391 444.352233886719 455.520141601562 473.407623291016 490.676849365234 518.024597167969
-3.4e+38 -3.4e+38 -3.4e+38 -3.4e+38 -3.4e+38 -3.4e+38 -3.4e+38 -3.4e+38 -3.4e+38 -3.4e+38 -3.4e+38 -3.4e+38 -3.4e+38 -3.4e+38 -3.4e+38 369.010070800781 371.132476806641 373.597869873047 376.031951904297 378.732452392578 381.511932373047 384.235748291016 387.151306152344 389.894226074219 392.766845703125 397.131530761719 400.535461425781 402.553253173828 404.471130371094 406.818756103516 409.139892578125 417.345428466797 428.423492431641 435.6005859375 441.484436035156 445.959899902344 447.720764160156 446.747253417969 444.314544677734 433.407012939453 432.406616210938 436.011535644531 436.310333251953 436.403594970703 442.146606445312 445.647125244141 450.536041259766 457.014801025391 462.17138671875 478.3203125 489.619354248047 520.083740234375
-3.4e+38 -3.4e+38 -3.4e+38 -3.4e+38 -3.4e+38 -3.4e+38 -3.4e+38 -3.4e+38 -3.4e+38 -3.4e+38 -3.4e+38 -3.4e+38 -3.4e+38 -3.4e+38 -3.4e+38 368.812255859375 371.523681640625 373.690155029297 376.129028320312 378.827850341797 381.601348876953 384.330993652344 387.235107421875 389.793212890625 393.422027587891 398.295227050781 401.982086181641 404.369415283203 405.180023193359 406.81201171875 409.506103515625 418.395904541016 427.811920166016 433.842681884766 438.032592773438 443.095062255859 445.229034423828 445.584075927734 444.483428955078 436.031768798828 430.511505126953 432.571319580078 440.392211914062 441.328979492188 445.441955566406 450.100158691406 455.190490722656 462.8203125 472.695526123047 496.437683105469 509.144134521484 528.036499023438
-3.4e+38 -3.4e+38 -3.4e+38 -3.4e+38 -3.4e+38 -3.4e+38 -3.4e+38 -3.4e+38 -3.4e+38 -3.4e+38 -3.4e+38 -3.4e+38 -3.4e+38 -3.4e+38 -3.4e+38 368.451171875 371.639892578125 373.607421875 376.210662841797 378.919708251953 381.691528320312 384.410675048828 387.208709716797 389.881591796875 394.131164550781 399.016296386719 403.061096191406 405.886901855469 406.096374511719 406.731567382812 409.683410644531 418.64794921875 425.342498779297 429.850555419922 434.571044921875 440.197784423828 443.058868408203 444.308135986328 439.729919433594 429.982879638672 431.510559082031 432.009460449219 444.285736083984 448.639129638672 450.934997558594 457.675323486328 464.085632324219 477.621002197266 492.380950927734 503.127380371094 519.701782226562 532.310302734375
-3.4e+38 -3.4e+38 -3.4e+38 -3.4e+38 -3.4e+38 -3.4e+38 -3.4e+38 -3.4e+38 -3.4e+38 -3.4e+38 -3.4e+38 -3.4e+38 -3.4e+38 -3.4e+38 -3.4e+38 368.569274902344 371.169555664062 373.644989013672 376.421478271484 379.028686523438 381.782684326172 384.471832275391 387.182037353516 390.008880615234 394.486999511719 399.208618164062 403.990905761719 407.041107177734 407.319458007812 407.216125488281 409.562042236328 412.925109863281 420.741516113281 429.678161621094 435.699798583984 440.107727050781 442.037292480469 443.459655761719 437.628814697266 430.876617431641 436.632171630859 435.096649169922 442.755767822266 447.947692871094 451.823760986328 459.346038818359 469.479339599609 482.866455078125 491.065063476562 498.265777587891 506.840301513672 508.31103515625
-3.4e+38 -3.4e+38 -3.4e+38 -3.4e+38 -3.4e+38 -3.4e+38 -3.4e+38 -3.4e+38 -3.4e+38 -3.4e+38 -3.4e+38 -3.4e+38 -3.4e+38 -3.4e+38 364.632293701172 368.480224609375 371.177276611328 374.016845703125 376.862426757812 379.21630859375 381.857818603516 384.547729492188 387.318664550781 390.762268066406 395.334747314453 399.716827392578 404.936492919922 408.298370361328 408.119354248047 407.602447509766 409.524475097656 412.785369873047 420.689971923828 429.719512939453 436.280364990234 440.343811035156 441.739715576172 441.922119140625 435.8662109375 428.326965332031 435.316162109375 435.86376953125 443.027618408203 448.050170898438 450.356109619141 457.994262695312 473.764770507812 480.799133300781 477.020050048828 492.457458496094 486.292327880859 477.579010009766
-3.4e+38 -3.4e+38 -3.4e+38 -3.4e+38 -3.4e+38 -3.4e+38 -3.4e+38 -3.4e+38 -3.4e+38 -3.4e+38 -3.4e+38 -3.4e+38 -3.4e+38 360.177978515625 364.357208251953 368.631256103516 371.442657470703 374.427429199219 377.427307128906 379.728790283203 382.059997558594 384.599456787109 387.86328125 392.295471191406 396.540374755859 401.048797607422 406.328369140625 408.955841064453 408.240112304688 407.817016601562 409.49755859375 413.469360351562 423.3046875 431.4052734375 434.788909912109 437.798431396484 439.502288818359 437.988037109375 430.386016845703 425.862487792969 430.716857910156 434.516174316406 442.650177001953 444.420532226562 446.022186279297 452.01953125 462.907562255859 467.788848876953 472.567565917969 473.124053955078 460.995208740234 458.679962158203
-3.4e+38 -3.4e+38 -3.4e+38 -3.4e+38 -3.4e+38 -3.4e+38 -3.4e+38 -3.4e+38 -3.4e+38 -3.4e+38 -3.4e+38 -3.4e+38 -3.4e+38 -3.4e+38 364.881774902344 368.581451416016 371.735809326172 375.0791015625 378.139617919922 380.458618164062 382.354064941406 384.653289794922 388.493255615234 393.187347412109 396.926971435547 402.095520019531 407.278076171875 408.425994873047 407.928955078125 409.51708984375 410.528747558594 413.171997070312 421.157470703125 427.914886474609 431.463104248047 434.886138916016 434.902160644531 431.521240234375 428.886505126953 427.357025146484 426.908813476562 432.716918945312 439.377899169922 441.069396972656 444.115753173828 448.150939941406 452.771606445312 457.156677246094 462.429931640625 454.8759765625 463.214111328125 478.658905029297
-3.4e+38 -3.4e+38 -3.4e+38 -3.4e+38 -3.4e+38 -3.4e+38 -3.4e+38 -3.4e+38 -3.4e+38 -3.4e+38 -3.4e+38 -3.4e+38 -3.4e+38 -3.4e+38 365.106201171875 368.557586669922 372.207183837891 375.912078857422 379.013061523438 381.170104980469 382.665649414062 384.900970458984 389.090423583984 393.752349853516 397.969024658203 403.363555908203 407.674041748047 408.669403076172 410.666687011719 413.332855224609 412.832733154297 413.181213378906 417.511566162109 424.219207763672 430.320953369141 431.399932861328 428.504852294922 428.789306640625 433.468353271484 432.435211181641 426.169311523438 427.027435302734 434.344635009766 442.121734619141 446.816619873047 449.131256103516 448.597900390625 444.599975585938 444.470642089844 454.262145996094 484.828216552734 502.273559570312
-3.4e+38 -3.4e+38 -3.4e+38 -3.4e+38 -3.4e+38 -3.4e+38 -3.4e+38 -3.4e+38 -3.4e+38 -3.4e+38 -3.4e+38 -3.4e+38 -3.4e+38 -3.4e+38 365.375854492188 368.720489501953 372.4453125 376.377349853516 379.727203369141 381.497436523438 382.814361572266 385.613464355469 389.992828369141 394.278015136719 399.143920898438 404.658477783203 408.251770019531 410.633636474609 413.675170898438 414.905212402344 413.721221923828 416.770690917969 419.265869140625 421.629852294922 426.175476074219 426.546539306641 425.903961181641 431.126434326172 437.152313232422 436.968200683594 429.934417724609 425.406127929688 433.436340332031 443.017486572266 448.771057128906 450.920806884766 443.741485595703 440.853210449219 455.757080078125 476.702514648438 503.335662841797 508.727722167969
-3.4e+38 -3.4e+38 -3.4e+38 -3.4e+38 -3.4e+38 -3.4e+38 -3.4e+38 -3.4e+38 -3.4e+38 -3.4e+38 -3.4e+38 -3.4e+38 -3.4e+38 360.808227539062 365.127563476562 368.7529296875 372.720703125 376.720916748047 379.77783203125 381.055603027344 382.955352783203 386.732543945312 390.991668701172 395.120361328125 400.3896484375 405.221038818359 408.873168945312 411.65576171875 413.2333984375 413.500946044922 416.072570800781 422.534423828125 423.496185302734 420.657928466797 424.467651367188 427.396118164062 428.428527832031 433.049255371094 436.625823974609 437.308532714844 433.580261230469 429.598541259766 435.028778076172 443.413604736328 449.621368408203 449.789184570312 440.871215820312 447.760955810547 473.671234130859 501.016510009766 518.202087402344 513.138427734375
-3.4e+38 -3.4e+38 -3.4e+38 -3.4e+38 -3.4e+38 -3.4e+38 -3.4e+38 -3.4e+38 -3.4e+38 -3.4e+38 -3.4e+38 -3.4e+38 -3.4e+38 361.035827636719 365.103240966797 369.181762695312 373.643402099609 377.293151855469 379.607727050781 380.707305908203 383.382934570312 387.740631103516 391.81640625 396.190673828125 401.675750732422 405.927124023438 409.322845458984 411.582946777344 411.90478515625 413.964599609375 421.147155761719 424.767852783203 423.990905761719 421.374359130859 425.174255371094 432.019866943359 434.727355957031 437.426361083984 437.977630615234 438.150024414062 436.182861328125 434.555694580078 438.394256591797 443.319641113281 448.393920898438 446.994140625 444.2177734375 455.238525390625 480.467498779297 498.397857666016 505.149658203125 498.276947021484
-3.4e+38 -3.4e+38 -3.4e+38 -3.4e+38 -3.4e+38 -3.4e+38 -3.4e+38 -3.4e+38 -3.4e+38 -3.4e+38 -3.4e+38 -3.4e+38 -3.4e+38 360.147430419922 365.520446777344 369.772155761719 374.358856201172 377.648773193359 379.600738525391 380.819122314453 383.973358154297 388.529388427734 392.647796630859 397.573364257812 403.058288574219 406.547241210938 409.380035400391 411.640563964844 413.930084228516 417.2919921875 422.602355957031 424.345336914062 421.76123046875 419.739501953125 422.460723876953 428.738861083984 433.521728515625 437.050201416016 438.186218261719 437.487976074219 436.152618408203 434.921203613281 438.437072753906 442.430999755859 447.008178710938 445.608612060547 449.996490478516 461.823822021484 483.157806396484 475.149200439453 472.855377197266 478.441223144531
-3.4e+38 -3.4e+38 -3.4e+38 -3.4e+38 -3.4e+38 -3.4e+38 -3.4e+38 -3.4e+38 -3.4e+38 -3.4e+38 -3.4e+38 -3.4e+38 -3.4e+38 359.908142089844 366.004730224609 371.000091552734 375.051605224609 377.780822753906 379.984191894531 381.328918457031 383.931457519531 389.293273925781 393.639556884766 398.984191894531 404.136596679688 407.212615966797 408.831512451172 411.317474365234 414.348571777344 417.981597900391 419.832366943359 420.463623046875 418.409759521484 418.379913330078 421.515533447266 426.557159423828 428.533050537109 431.363006591797 434.814117431641 432.32568359375 431.348297119141 430.724731445312 436.358093261719 442.026977539062 445.748626708984 442.033782958984 448.936004638672 461.749816894531 466.032440185547 457.682067871094 463.980102539062 474.751342773438
-3.4e+38 -3.4e+38 -3.4e+38 -3.4e+38 -3.4e+38 -3.4e+38 -3.4e+38 -3.4e+38 -3.4e+38 -3.4e+38 -3.4e+38 -3.4e+38 -3.4e+38 360.325439453125 366.506713867188 371.909545898438 375.577545166016 378.173431396484 380.123870849609 381.516784667969 384.038269042969 390.136535644531 395.549530029297 400.312225341797 405.124298095703 407.467529296875 407.368408203125 408.915954589844 411.594482421875 414.383911132812 415.340301513672 416.060546875 417.567352294922 420.866271972656 421.775573730469 426.101837158203 430.016204833984 429.114837646484 428.981536865234 426.693511962891 425.299560546875 427.148223876953 435.066345214844 438.303985595703 440.084625244141 440.225860595703 451.674163818359 457.529266357422 455.265777587891 466.699066162109 480.559478759766 488.743011474609
-3.4e+38 -3.4e+38 -3.4e+38 -3.4e+38 -3.4e+38 -3.4e+38 -3.4e+38 -3.4e+38 -3.4e+38 -3.4e+38 -3.4e+38 -3.4e+38 -3.4e+38 360.654022216797 367.220977783203 372.759002685547 376.358551025391 378.676605224609 380.191619873047 382.015716552734 384.446350097656 389.032897949219 396.534149169922 401.474395751953 405.968505859375 407.446350097656 406.435028076172 407.069763183594 409.773651123047 412.023345947266 413.301879882812 415.9912109375 420.499053955078 424.599792480469 423.095275878906 426.470916748047 434.294464111328 436.544952392578 436.632751464844 433.762298583984 428.041076660156 427.260314941406 433.020263671875 433.721160888672 434.779907226562 441.841247558594 453.075256347656 454.145172119141 462.434448242188 474.826965332031 481.656585693359 500.391387939453
-3.4e+38 -3.4e+38 -3.4e+38 -3.4e+38 -3.4e+38 -3.4e+38 -3.4e+38 -3.4e+38 -3.4e+38 -3.4e+38 -3.4e+38 -3.4e+38 355.216400146484 360.716796875 368.065185546875 373.597869873047 376.812591552734 378.887725830078 380.381744384766 382.700103759766 385.691040039062 388.961029052734 396.437408447266 401.904205322266 406.239593505859 406.121917724609 405.260314941406 407.315368652344 410.783996582031 412.461212158203 415.152404785156 418.064727783203 424.103973388672 427.262817382812 424.832916259766 424.985168457031 431.462921142578 439.069915771484 439.851928710938 436.662536621094 432.692565917969 434.428436279297 439.049346923828 441.728210449219 442.819763183594 441.802886962891 446.700561523438 453.212005615234 461.363708496094 470.209381103516 470.795104980469 483.778259277344
-3.4e+38 -3.4e+38 -3.4e+38 -3.4e+38 -3.4e+38 -3.4e+38 -3.4e+38 -3.4e+38 -3.4e+38 -3.4e+38 -3.4e+38 -3.4e+38 355.425537109375 361.024749755859 369.110809326172 374.192993164062 377.088439941406 379.220397949219 380.657287597656 383.004180908203 386.597137451172 389.273101806641 397.443542480469 402.656646728516 405.784484863281 404.498748779297 405.049713134766 409.737579345703 412.985046386719 413.732666015625 417.778686523438 421.693420410156 425.723602294922 429.959106445312 428.906341552734 426.075561523438 429.009460449219 437.431976318359 438.225952148438 435.316436767578 435.72021484375 438.500946044922 440.990447998047 443.883209228516 447.06787109375 445.074066162109 448.570678710938 459.356201171875 468.478698730469 494.427093505859 486.73095703125 475.038330078125
-3.4e+38 -3.4e+38 -3.4e+38 -3.4e+38 -3.4e+38 -3.4e+38 -3.4e+38 -3.4e+38 -3.4e+38 -3.4e+38 -3.4e+38 350.705322265625 355.092407226562 361.598571777344 370.053161621094 374.722381591797 377.485107421875 379.857055664062 381.512939453125 383.468994140625 386.687377929688 389.185333251953 397.395233154297 403.577392578125 405.403045654297 404.626068115234 406.705139160156 411.509826660156 413.178741455078 414.929260253906 419.958282470703 422.531494140625 424.433227539062 428.648071289062 429.085327148438 427.753875732422 427.857971191406 429.711639404297 432.814239501953 434.195037841797 435.845581054688 438.692932128906 439.0673828125 441.383117675781 445.453002929688 447.360595703125 452.326721191406 459.939300537109 470.632873535156 496.537445068359 501.738555908203 476.539031982422
-3.4e+38 -3.4e+38 -3.4e+38 -3.4e+38 -3.4e+38 -3.4e+38 -3.4e+38 -3.4e+38 -3.4e+38 -3.4e+38 -3.4e+38 350.952392578125 355.273162841797 362.697540283203 370.656524658203 375.045806884766 377.851135253906 380.467926025391 382.690368652344 384.381591796875 387.350738525391 389.490081787109 396.500305175781 404.226684570312 406.089263916016 405.805297851562 408.399841308594 412.436187744141 414.107269287109 417.686309814453 421.476165771484 423.09130859375 424.550842285156 425.780120849609 425.643585205078 429.849914550781 431.340087890625 426.385833740234 427.063354492188 431.626190185547 433.821990966797 435.769622802734 437.195587158203 441.173522949219 445.217346191406 448.978302001953 453.487609863281 460.437347412109 475.184448242188 489.526977539062 507.376525878906 493.886566162109
-3.4e+38 -3.4e+38 -3.4e+38 -3.4e+38 -3.4e+38 -3.4e+38 -3.4e+38 -3.4e+38 -3.4e+38 -3.4e+38 -3.4e+38 350.999328613281 355.879699707031 363.595489501953 370.753845214844 374.873931884766 377.789306640625 380.733734130859 383.471496582031 385.319244384766 388.058959960938 389.62890625 395.950622558594 404.136474609375 406.301422119141 406.025054931641 409.105560302734 413.574371337891 415.931915283203 418.912353515625 421.895385742188 423.509674072266 426.281463623047 428.21044921875 426.62353515625 429.939697265625 433.326995849609 429.974273681641 428.218902587891 429.443359375 432.176788330078 434.303497314453 437.024627685547 441.055389404297 445.972229003906 451.184234619141 458.147796630859 466.207855224609 481.897003173828 496.171112060547 507.942199707031 517.768920898438
-3.4e+38 -3.4e+38 -3.4e+38 -3.4e+38 -3.4e+38 -3.4e+38 -3.4e+38 -3.4e+38 -3.4e+38 -3.4e+38 -3.4e+38 350.037109375 356.97607421875 364.318786621094 370.977294921875 374.705535888672 377.512115478516 380.933685302734 384.157043457031 386.058532714844 388.416351318359 390.815460205078 395.267456054688 400.512420654297 402.884399414062 404.329895019531 408.805145263672 414.213134765625 417.516265869141 419.787139892578 421.408721923828 423.579498291016 428.036956787109 428.045928955078 427.262969970703 430.082855224609 433.078430175781 434.272583007812 432.566955566406 430.798645019531 434.275085449219 437.739685058594 440.955780029297 444.866394042969 449.745025634766 455.446594238281 462.076995849609 469.285980224609 480.569305419922 497.044250488281 513.008178710938 529.289489746094
-3.4e+38 -3.4e+38 -3.4e+38 -3.4e+38 -3.4e+38 -3.4e+38 -3.4e+38 -3.4e+38 -3.4e+38 -3.4e+38 -3.4e+38 350.357513427734 357.952209472656 365.001556396484 370.989562988281 374.536407470703 377.424774169922 381.155578613281 384.855834960938 386.706878662109 388.845428466797 392.304351806641 394.542633056641 397.041290283203 400.241821289062 404.194580078125 409.314971923828 414.325439453125 417.937347412109 420.127899169922 421.657409667969 423.470947265625 425.791564941406 426.546936035156 431.068725585938 435.263031005859 434.623809814453 436.534545898438 436.228576660156 432.439849853516 437.153228759766 441.240753173828 444.093139648438 448.975128173828 454.154418945312 457.8681640625 463.288208007812 473.161285400391 488.061920166016 499.707580566406 517.9990234375 539.315368652344
