R_scripts/int_process_data/Bio_12.asc
NCOLS 281 
NROWS 576 
XLLCORNER 81175.2677831308 
YLLCORNER 88.2293212990044 
CELLSIZE 1000 
NODATA_value -3.4e+38 
[rows 230 to 252 of 576, columns 52 to 103 of 281]
-3.4e+38 -3.4e+38 -3.4e+38 26.7840061187744 26.7961311340332 26.961971282959 26.9765796661377 26.9940776824951 27.0167694091797 27.0383110046387 27.0591602325439 27.0798835754395 27.1105461120605 27.1105461120605 27.1105461120605 27.1105461120605 27.1105461120605 27.1216583251953 27.1822280883789 27.2427959442139 27.3033657073975 27.3639354705811 27.424503326416 27.4850730895996 27.5456409454346 27.6062107086182 27.6667785644531 27.7388496398926 27.8758354187012 28.0128192901611 28.1498031616211 28.2867889404297 28.4237728118896 28.5607585906982 28.6977424621582 28.8347263336182 28.9717121124268 29.1105403900146 29.2632102966309 29.4158802032471 29.5685520172119 29.7212219238281 29.8738918304443 30.0265617370605 30.1792335510254 30.3319034576416 30.4845733642578 30.6355743408203 30.7685260772705 30.9014759063721 31.0344257354736 31.1673755645752
-3.4e+38 -3.4e+38 -3.4e+38 26.7674827575684 26.7786979675293 26.9400634765625 26.955041885376 26.9732551574707 26.997314453125 27.0202522277832 27.0425834655762 27.0649147033691 27.0979614257812 27.0979614257812 27.0979614257812 27.0979614257812 27.0979614257812 27.1097965240479 27.1743106842041 27.2388248443604 27.3033390045166 27.3678512573242 27.4323654174805 27.4968795776367 27.5613918304443 27.6259059906006 27.6904201507568 27.7660427093506 27.9043636322021 28.0426826477051 28.1810035705566 28.3193225860596 28.4576435089111 28.5959644317627 28.7342834472656 28.8726043701172 29.0109233856201 29.1510581970215 29.3048191070557 29.4585781097412 29.6123371124268 29.7660961151123 29.9198551177979 30.073616027832 30.2273750305176 30.3811340332031 30.5348930358887 30.6869964599609 30.8211936950684 30.9553909301758 31.0895881652832 31.2237854003906
-3.4e+38 -3.4e+38 26.7420253753662 26.7506542205811 26.7608470916748 26.7730751037598 26.7901382446289 26.9392986297607 26.9643249511719 26.9882907867432 27.0119705200195 27.0370960235596 27.0853748321533 27.0853748321533 27.0853748321533 27.0853748321533 27.0853748321533 27.0979347229004 27.1663932800293 27.2348518371582 27.3033103942871 27.371768951416 27.4402275085449 27.5086860656738 27.5771446228027 27.6456031799316 27.7140617370605 27.7932357788086 27.9328918457031 28.0725479125977 28.2122020721436 28.3518581390381 28.4915142059326 28.6311702728271 28.770824432373 28.9104804992676 29.0501365661621 29.191577911377 29.3464260101318 29.5012741088867 29.6561222076416 29.8109722137451 29.9658203125 30.1206684112549 30.2755165100098 30.4303646087646 30.5852127075195 30.7384185791016 30.8738632202148 31.0093059539795 31.1447505950928 31.2801952362061
-3.4e+38 -3.4e+38 26.7194118499756 26.7264499664307 26.7348232269287 26.7449569702148 26.7597064971924 26.786434173584 26.9069080352783 26.9303321838379 26.9535827636719 26.9795360565186 27.0406532287598 27.0458183288574 27.0496349334717 27.0525703430176 27.0548973083496 27.0695896148682 27.1411018371582 27.2126140594482 27.2841262817383 27.3556385040283 27.4271507263184 27.4986629486084 27.5701751708984 27.6416873931885 27.7131996154785 27.7950401306152 27.9351596832275 28.0752811431885 28.2154026031494 28.3555221557617 28.4956436157227 28.6357650756836 28.7758846282959 28.9160060882568 29.0561275482178 29.1979885101318 29.3529090881348 29.5078315734863 29.6627521514893 29.8176727294922 29.9725952148438 30.1275157928467 30.2824382781982 30.4373588562012 30.5922813415527 30.7456302642822 30.8819675445557 31.0183048248291 31.1546421051025 31.290979385376
-3.4e+38 -3.4e+38 26.693115234375 26.6980838775635 26.7040424346924 26.7113208770752 26.7227764129639 26.74609375 26.7773132324219 26.8652896881104 26.8865547180176 26.9097270965576 26.9630241394043 26.9761657714844 26.986349105835 26.9944705963135 27.0010986328125 27.0191326141357 27.0925045013428 27.1658744812012 27.2392463684082 27.3126163482666 27.3859882354736 27.4593601226807 27.5327301025391 27.6061019897461 27.6794738769531 27.7627868652344 27.9022064208984 28.0416240692139 28.1810436248779 28.320463180542 28.4598827362061 28.5993003845215 28.7387199401855 28.8781394958496 29.0175590515137 29.1586475372314 29.3122806549072 29.4659118652344 29.6195430755615 29.7731761932373 29.9268074035645 30.0804386138916 30.2340717315674 30.3877029418945 30.5413341522217 30.6935386657715 30.8302955627441 30.9670524597168 31.1038112640381 31.2405681610107
-3.4e+38 26.6960926055908 26.6728363037109 26.6761112213135 26.6800746917725 26.684965133667 26.6936416625977 26.7141723632812 26.7424373626709 26.8102188110352 26.8298187255859 26.8505039215088 26.8970737457275 26.9139366149902 26.927562713623 26.9388008117676 26.9482307434082 26.9686756134033 27.0439052581787 27.1191349029541 27.1943664550781 27.2695960998535 27.3448257446289 27.4200572967529 27.4952869415283 27.5705165863037 27.6457462310791 27.7305335998535 27.8692512512207 28.0079689025879 28.1466846466064 28.2854022979736 28.4241199493408 28.562837600708 28.7015552520752 28.8402729034424 28.9789886474609 29.1193084716797 29.2716503143311 29.4239921569824 29.5763359069824 29.7286777496338 29.8810195922852 30.0333614349365 30.1857032775879 30.3380451202393 30.4903888702393 30.6414470672607 30.7786235809326 30.9158020019531 31.0529804229736 31.1901569366455
-3.4e+38 26.6724472045898 26.6576080322266 26.6595268249512 26.6618690490723 26.6647930145264 26.6711273193359 26.6893463134766 26.7155284881592 26.7396621704102 26.7817401885986 26.800085067749 26.840353012085 26.858003616333 26.8728122711182 26.8854141235352 26.8962688446045 26.9182186126709 26.9953079223633 27.0723972320557 27.149486541748 27.2265758514404 27.3036632537842 27.3807525634766 27.4578418731689 27.5349311828613 27.6120204925537 27.6982803344727 27.836296081543 27.9743118286133 28.1123275756836 28.2503433227539 28.3883590698242 28.5263748168945 28.6643886566162 28.8024044036865 28.9404201507568 29.0799694061279 29.2310218811035 29.3820743560791 29.5331268310547 29.6841793060303 29.8352317810059 29.9862842559814 30.137336730957 30.2883892059326 30.4394416809082 30.58935546875 30.7269535064697 30.8645515441895 31.0021495819092 31.1397457122803
-3.4e+38 26.6557140350342 26.6467666625977 26.647647857666 26.6487350463867 26.650110244751 26.6543273925781 26.6700744628906 26.6952705383301 26.7174415588379 26.7376880645752 26.7580585479736 26.7910480499268 26.8074550628662 26.8216953277588 26.8341693878174 26.8451900482178 26.8677616119385 26.9467105865479 27.0256576538086 27.104606628418 27.1835536956787 27.2625026702881 27.3414497375488 27.4203987121582 27.4993457794189 27.5782947540283 27.6660289764404 27.8033409118652 27.9406547546387 28.0779685974121 28.2152824401855 28.352596282959 28.4899101257324 28.6272239685059 28.7645378112793 28.9018516540527 29.0406284332275 29.1903915405273 29.3401546478271 29.489917755127 29.6396808624268 29.7894439697266 29.9392070770264 30.0889701843262 30.238733291626 30.3884963989258 30.5372638702393 30.6752815246582 30.8132991790771 30.9513187408447 31.0893363952637
26.6383152008057 26.6383152008057 26.6383152008057 26.6383152008057 26.6383152008057 26.6383152008057 26.6383152008057 26.6447448730469 26.6716785430908 26.6947746276855 26.7147998809814 26.7323265075684 26.7477970123291 26.7615528106689 26.7738628387451 26.7849426269531 26.7949714660645 26.8173046112061 26.8981113433838 26.9789180755615 27.0597267150879 27.1405334472656 27.2213401794434 27.3021469116211 27.3829536437988 27.4637603759766 27.5445690155029 27.6337757110596 27.7703876495361 27.9069995880127 28.0436115264893 28.1802234649658 28.3168354034424 28.4534473419189 28.5900592803955 28.7266712188721 28.8632831573486 29.0012893676758 29.1497631072998 29.2982368469238 29.4467086791992 29.5951824188232 29.7436561584473 29.8921298980713 30.0406017303467 30.1890754699707 30.3375492095947 30.4851722717285 30.6236114501953 30.7620487213135 30.9004878997803 31.0389251708984
26.6383152008057 26.6383152008057 26.6383152008057 26.6383152008057 26.6383152008057 26.6383152008057 26.6383152008057 26.6420860290527 26.6584053039551 26.6730995178223 26.6863994598389 26.6984977722168 26.7095470428467 26.7196807861328 26.7290058135986 26.7376174926758 26.7455921173096 26.7668476104736 26.8495140075684 26.9321804046631 27.0148468017578 27.0975112915039 27.1801776885986 27.2628440856934 27.3455104827881 27.4281749725342 27.5108413696289 27.6015224456787 27.7374324798584 27.8733425140381 28.0092525482178 28.1451625823975 28.2810726165771 28.4169845581055 28.5528945922852 28.6888046264648 28.8247146606445 28.961950302124 29.1091346740723 29.2563171386719 29.4035015106201 29.5506839752197 29.697868347168 29.8450527191162 29.9922351837158 30.1394195556641 30.2866020202637 30.4330825805664 30.5719394683838 30.7107982635498 30.8496551513672 30.9885139465332
26.6383152008057 26.6383152008057 26.6383152008057 26.6383152008057 26.6383152008057 26.6383152008057 26.6383152008057 26.6401252746582 26.6481437683105 26.6556434631348 26.6626720428467 26.6692714691162 26.675479888916 26.6813316345215 26.6868572235107 26.6920833587646 26.6970329284668 26.7163906097412 26.8009166717529 26.885440826416 26.9699668884277 27.0544910430908 27.1390151977539 27.2235412597656 27.3080654144287 27.3925914764404 27.4771156311035 27.5692691802979 27.7044773101807 27.8396873474121 27.9748954772949 28.1101036071777 28.2453117370605 28.3805198669434 28.5157279968262 28.6509380340576 28.7861461639404 28.9226112365723 29.0685043334961 29.2143993377686 29.3602924346924 29.5061874389648 29.6520805358887 29.7979736328125 29.943868637085 30.0897617340088 30.2356567382812 30.3809909820557 30.5202693939209 30.6595478057861 30.7988243103027 30.938102722168
26.6383152008057 26.6383152008057 26.6383152008057 26.6383152008057 26.6383152008057 26.6383152008057 26.6383152008057 26.6386165618896 26.6399765014648 26.641284942627 26.6425495147705 26.6437683105469 26.6449432373047 26.6460800170898 26.6471786499023 26.6482410430908 26.6492691040039 26.6659336090088 26.7523174285889 26.8387012481689 26.925085067749 27.0114688873291 27.0978546142578 27.1842384338379 27.270622253418 27.357006072998 27.4433898925781 27.5370178222656 27.6715240478516 27.8060302734375 27.9405364990234 28.0750427246094 28.2095508575439 28.3440570831299 28.4785633087158 28.6130695343018 28.7475776672363 28.8832702636719 29.0278759002686 29.1724796295166 29.3170833587646 29.4616889953613 29.6062927246094 29.7508964538574 29.8955020904541 30.0401058197021 30.1847095489502 30.3288993835449 30.4685974121094 30.6082954406738 30.7479934692383 30.8876934051514
26.6126728057861 26.6158199310303 26.6383152008057 26.6383152008057 26.6383152008057 26.6383152008057 26.6383152008057 26.6374206542969 26.6333179473877 26.6292667388916 26.6252689361572 26.6213188171387 26.6174182891846 26.6135654449463 26.6097583770752 26.6060009002686 26.6022853851318 26.6154766082764 26.7037200927734 26.7919635772705 26.8802051544189 26.968448638916 27.0566921234131 27.1449337005615 27.2331771850586 27.3214206695557 27.4096622467041 27.5047645568848 27.6385688781738 27.7723731994629 27.9061794281006 28.0399837493896 28.1737880706787 28.3075942993164 28.4413986206055 28.5752029418945 28.7090072631836 28.8439311981201 28.9872455596924 29.1305599212646 29.2738761901855 29.4171905517578 29.5605049133301 29.7038192749023 29.8471336364746 29.9904499053955 30.1337642669678 30.2768077850342 30.4169273376465 30.5570449829102 30.6971626281738 30.8372821807861
26.5189514160156 26.5269336700439 26.584005355835 26.584005355835 26.584005355835 26.584005355835 26.584005355835 26.5827484130859 26.5769386291504 26.5711288452148 26.5653209686279 26.5595111846924 26.5537014007568 26.5478935241699 26.5420837402344 26.5362739562988 26.5304660797119 26.5420455932617 26.6310081481934 26.7199726104736 26.8089351654053 26.8978996276855 26.9868621826172 27.0758266448975 27.1647891998291 27.2537536621094 27.342716217041 27.4382171630859 27.5706043243408 27.7029914855957 27.8353786468506 27.9677658081055 28.1001529693604 28.2325401306152 28.3649272918701 28.497314453125 28.6297035217285 28.76318359375 28.9048748016357 29.0465660095215 29.1882572174072 29.329948425293 29.4716396331787 29.6133308410645 29.7550220489502 29.8967132568359 30.0384044647217 30.179874420166 30.3189525604248 30.458028793335 30.5971050262451 30.7361812591553
26.3811664581299 26.3891487121582 26.4462203979492 26.4462203979492 26.4462203979492 26.4462203979492 26.4462203979492 26.445592880249 26.4426975250244 26.4398002624512 26.4369049072266 26.434009552002 26.4311141967773 26.4282169342041 26.4253215789795 26.4224262237549 26.4195289611816 26.4332981109619 26.5212345123291 26.6091690063477 26.6971035003662 26.7850379943848 26.8729724884033 26.9609069824219 27.0488433837891 27.1367778778076 27.2247123718262 27.3189582824707 27.4488296508789 27.5786991119385 27.708568572998 27.8384380340576 27.9683074951172 28.0981769561768 28.2280464172363 28.3579158782959 28.4877853393555 28.6187934875488 28.7583484649658 28.8979034423828 29.0374565124512 29.1770114898682 29.3165664672852 29.4561214447021 29.5956745147705 29.7352294921875 29.8747844696045 30.0140209197998 30.149808883667 30.2855968475342 30.4213848114014 30.5571727752686
26.2433815002441 26.2513618469238 26.3084354400635 26.3084354400635 26.3084354400635 26.3084354400635 26.3084354400635 26.3084392547607 26.3084564208984 26.3084735870361 26.3084907531738 26.3085079193115 26.3085250854492 26.3085422515869 26.3085594177246 26.3085765838623 26.30859375 26.3245525360107 26.4114589691162 26.4983654022217 26.5852718353271 26.672176361084 26.7590827941895 26.8459892272949 26.9328956604004 27.0198020935059 27.1067066192627 27.1997013092041 27.3270530700684 27.4544048309326 27.5817565917969 27.7091083526611 27.8364601135254 27.9638118743896 28.0911636352539 28.2185153961182 28.3458671569824 28.4744033813477 28.6118202209473 28.7492389678955 28.8866558074951 29.0240745544434 29.161491394043 29.2989101409912 29.4363288879395 29.5737457275391 29.7111644744873 29.848165512085 29.9806652069092 30.1131649017334 30.2456645965576 30.3781623840332
26.1055946350098 26.1135768890381 26.1706485748291 26.1706485748291 26.1706485748291 26.1706485748291 26.1706485748291 26.1712837219238 26.1742134094238 26.1771450042725 26.1800746917725 26.1830062866211 26.1859359741211 26.1888656616211 26.1917972564697 26.1947269439697 26.1976585388184 26.2158069610596 26.3016834259033 26.3875617980957 26.4734382629395 26.5593166351318 26.6451930999756 26.731071472168 26.8169479370117 26.9028244018555 26.9887027740479 27.0804443359375 27.2052783966064 27.3301124572754 27.4549465179443 27.5797805786133 27.7046146392822 27.8294486999512 27.9542827606201 28.0791168212891 28.203950881958 28.3300113677979 28.4652938842773 28.6005744934082 28.7358551025391 28.8711376190186 29.0064182281494 29.1416988372803 29.2769813537598 29.4122619628906 29.5475425720215 29.6823101043701 29.8115215301514 29.9407329559326 30.0699424743652 30.1991539001465
25.967809677124 25.9757919311523 26.0328636169434 26.0328636169434 26.0328636169434 26.0328636169434 26.0328636169434 26.0341281890869 26.0399723052979 26.0458164215088 26.0516605377197 26.057502746582 26.063346862793 26.0691909790039 26.0750350952148 26.0808773040771 26.0867214202881 26.1070613861084 26.1919097900391 26.2767581939697 26.3616065979004 26.4464550018311 26.5313034057617 26.6161518096924 26.701000213623 26.7858486175537 26.8706970214844 26.9611854553223 27.0835018157959 27.2058181762695 27.3281345367432 27.4504508972168 27.5727672576904 27.6950836181641 27.8173999786377 27.9397163391113 28.062032699585 28.1856212615967 28.3187656402588 28.4519100189209 28.5850563049316 28.7182006835938 28.8513450622559 28.984489440918 29.1176338195801 29.2507781982422 29.3839225769043 29.5164566040039 29.6423778533936 29.7683010101318 29.8942222595215 30.0201454162598
25.8300247192383 25.8380069732666 25.8950786590576 25.8950786590576 25.8950786590576 25.8950786590576 25.8950786590576 25.8969745635986 25.9057312011719 25.9144878387451 25.9232444763184 25.9320011138916 25.9407577514648 25.9495143890381 25.95827293396 25.9670295715332 25.9757862091064 25.9983139038086 26.0821342468262 26.1659545898438 26.2497749328613 26.3335933685303 26.4174137115479 26.5012340545654 26.585054397583 26.668872833252 26.7526931762695 26.8419284820557 26.961727142334 27.0815258026123 27.2013244628906 27.3211231231689 27.4409217834473 27.560718536377 27.6805171966553 27.8003158569336 27.9201145172119 28.0412311553955 28.1722393035889 28.3032474517822 28.4342555999756 28.5652618408203 28.6962699890137 28.827278137207 28.9582862854004 29.0892944335938 29.2203025817871 29.3506011962891 29.4732341766357 29.5958690643311 29.7185020446777 29.8411350250244
25.6922397613525 25.7002220153809 25.7572937011719 25.7572937011719 25.7572937011719 25.7572937011719 25.7572937011719 25.7598190307617 25.7714900970459 25.7831592559814 25.7948303222656 25.8064994812012 25.8181705474854 25.8298397064209 25.8415107727051 25.8531799316406 25.8648490905762 25.8895683288574 25.9723606109619 26.0551509857178 26.1379413604736 26.2207336425781 26.303524017334 26.3863143920898 26.4691066741943 26.5518970489502 26.6346893310547 26.7226715087891 26.8399524688721 26.9572315216064 27.0745124816895 27.1917934417725 27.3090744018555 27.4263553619385 27.5436363220215 27.6609172821045 27.7781963348389 27.8968410491943 28.0257110595703 28.1545829772949 28.2834548950195 28.4123249053955 28.5411968231201 28.6700668334961 28.7989387512207 28.9278106689453 29.0566806793213 29.1847457885742 29.3040904998779 29.4234371185303 29.542781829834 29.6621265411377
25.5544548034668 25.5624370574951 25.6195087432861 25.6195087432861 25.6195087432861 25.6195087432861 25.6195087432861 25.6226654052734 25.6372489929199 25.6518306732178 25.6664142608643 25.6809978485107 25.6955814361572 25.7101650238037 25.7247467041016 25.739330291748 25.7539138793945 25.7808227539062 25.862585067749 25.9443473815918 26.0261096954346 26.1078720092773 26.1896343231201 26.2713966369629 26.3531589508057 26.4349212646484 26.5166835784912 26.6034126281738 26.7181758880615 26.8329391479492 26.9477024078369 27.0624656677246 27.1772289276123 27.2919902801514 27.4067535400391 27.5215167999268 27.6362800598145 27.7524509429932 27.8791847229004 28.0059185028076 28.1326541900635 28.2593879699707 28.3861217498779 28.5128574371338 28.639591217041 28.7663269042969 28.8930606842041 29.018892288208 29.1349487304688 29.2510051727295 29.3670616149902 29.483118057251
25.4166698455811 25.4246520996094 25.4817237854004 25.4817237854004 25.4817237854004 25.4817237854004 25.4817237854004 25.4855098724365 25.5030059814453 25.5205039978027 25.5380001068115 25.5554962158203 25.5729923248291 25.5904884338379 25.6079845428467 25.6254806518555 25.6429786682129 25.6720771789551 25.7528095245361 25.8335437774658 25.9142780303955 25.9950103759766 26.0757446289062 26.1564788818359 26.237211227417 26.3179454803467 26.3986797332764 26.4841556549072 26.5964012145996 26.708646774292 26.8208904266357 26.9331359863281 27.0453815460205 27.1576271057129 27.2698726654053 27.382116317749 27.4943618774414 27.6080589294434 27.7326583862305 27.8572559356689 27.9818534851074 28.1064510345459 28.2310485839844 28.3556461334229 28.4802436828613 28.6048412322998 28.7294406890869 28.8530368804932 28.9658050537109 29.0785732269287 29.1913394927979 29.3041076660156
25.2828998565674 25.2903881072998 25.3439388275146 25.3439388275146 25.3439388275146 25.3439388275146 25.3439388275146 25.3483562469482 25.3687648773193 25.3891754150391 25.4095840454102 25.4299945831299 25.450403213501 25.4708137512207 25.4912223815918 25.5116329193115 25.5320415496826 25.5633316040039 25.6430358886719 25.7227401733398 25.8024444580078 25.8821506500244 25.9618549346924 26.0415592193604 26.121265411377 26.2009696960449 26.2806739807129 26.3648986816406 26.4746246337891 26.5843524932861 26.6940803527832 26.8038082122803 26.9135341644287 27.0232620239258 27.1329898834229 27.2427177429199 27.3524436950684 27.4636688232422 27.5861301422119 27.7085914611816 27.8310527801514 27.9535140991211 28.0759754180908 28.1984367370605 28.3208961486816 28.4433574676514 28.5658187866211 28.6871814727783 28.7966613769531 28.9061393737793 29.0156192779541 29.1250991821289
