R_scripts/int_process_data/Bio_08.asc
NCOLS 281 
NROWS 576 
XLLCORNER 81175.2677831308 
YLLCORNER 88.2293212990044 
CELLSIZE 1000 
NODATA_value -3.4e+38 
[rows 391 to 413 of 576, columns 52 to 103 of 281]
13.9085340499878 13.882607460022 13.8566799163818 13.830753326416 13.8048257827759 13.7788982391357 13.7529716491699 13.737021446228 13.7571973800659 13.7773733139038 13.7975482940674 13.8177242279053 13.8379001617432 13.8580751419067 13.8782510757446 13.8984260559082 13.9186019897461 13.9311723709106 13.9098949432373 13.888617515564 13.8673400878906 13.8460626602173 13.8247852325439 13.8035087585449 13.7822313308716 13.7609539031982 13.7396764755249 13.7231702804565 13.7335891723633 13.7440090179443 13.7544279098511 13.7648468017578 13.7752656936646 13.7856855392456 13.7961044311523 13.8065233230591 13.8169422149658 13.8258285522461 13.8232040405273 13.8205795288086 13.8179559707642 13.8153314590454 13.812707901001 13.8100833892822 13.8074598312378 13.804835319519 13.8022108078003 13.7974376678467 13.7694110870361 13.7413845062256 13.713357925415 13.6853313446045
13.8999404907227 13.8751440048218 13.8503475189209 13.82555103302 13.8007545471191 13.7759580612183 13.7511615753174 13.7368335723877 13.7604064941406 13.7839803695679 13.8075542449951 13.831127166748 13.8547010421753 13.8782749176025 13.9018487930298 13.9254217147827 13.94899559021 13.9640769958496 13.9413652420044 13.9186525344849 13.8959407806396 13.8732280731201 13.8505163192749 13.8278036117554 13.8050918579102 13.7823791503906 13.7596673965454 13.7418556213379 13.7516984939575 13.7615423202515 13.7713861465454 13.781229019165 13.791072845459 13.8009157180786 13.8107595443726 13.8206033706665 13.8304462432861 13.8386173248291 13.8342313766479 13.8298463821411 13.8254613876343 13.8210754394531 13.8166904449463 13.8123054504395 13.8079195022583 13.8035345077515 13.7991495132446 13.7928218841553 13.7654867172241 13.7381525039673 13.7108173370361 13.6834831237793
13.8913459777832 13.8676795959473 13.8440141677856 13.820348739624 13.7966823577881 13.7730169296265 13.7493515014648 13.736644744873 13.7636165618896 13.7905874252319 13.8175592422485 13.8445310592651 13.8715028762817 13.8984746932983 13.9254465103149 13.9524173736572 13.9793891906738 13.9969816207886 13.9728345870972 13.9486875534058 13.9245405197144 13.9003934860229 13.8762464523315 13.8520994186401 13.8279514312744 13.803804397583 13.7796573638916 13.7605400085449 13.7698078155518 13.7790756225586 13.7883434295654 13.7976112365723 13.8068790435791 13.8161468505859 13.8254146575928 13.8346824645996 13.8439502716064 13.8514060974121 13.8452596664429 13.8391132354736 13.8329658508301 13.8268194198608 13.8206729888916 13.8145265579224 13.8083801269531 13.8022336959839 13.7960872650146 13.7882061004639 13.7615633010864 13.734920501709 13.7082777023315 13.6816349029541
13.9041700363159 13.8799743652344 13.8553247451782 13.8302087783813 13.804612159729 13.7785215377808 13.7519226074219 13.737208366394 13.7668600082397 13.7959413528442 13.8244695663452 13.8524589538574 13.8799257278442 13.9068832397461 13.9333467483521 13.9593296051025 13.9848442077637 14.0013074874878 13.9793348312378 13.9573621749878 13.9353895187378 13.9134168624878 13.8914432525635 13.8694705963135 13.8474979400635 13.8255252838135 13.8035526275635 13.7860136032104 13.793496131897 13.8009796142578 13.8084621429443 13.8159446716309 13.8234281539917 13.8309106826782 13.8383932113647 13.8458766937256 13.8533592224121 13.8594493865967 13.8550882339478 13.8507270812988 13.8463659286499 13.8420038223267 13.8376426696777 13.8332815170288 13.8289203643799 13.824559211731 13.820198059082 13.8140029907227 13.7879705429077 13.7619380950928 13.7359056472778 13.7098741531372
13.9203691482544 13.8957290649414 13.8700571060181 13.8432865142822 13.8153448104858 13.786153793335 13.7556276321411 13.7380037307739 13.7707567214966 13.8020582199097 13.8320045471191 13.8606805801392 13.888165473938 13.914532661438 13.939847946167 13.9641742706299 13.9875679016113 14.0024557113647 13.9830589294434 13.9636611938477 13.9442644119263 13.9248676300049 13.9054698944092 13.8860731124878 13.8666753768921 13.8472785949707 13.827880859375 13.8122415542603 13.8178043365479 13.8233680725098 13.8289318084717 13.8344955444336 13.8400583267212 13.8456220626831 13.851185798645 13.8567495346069 13.8623123168945 13.8669652938843 13.8647832870483 13.8626022338867 13.8604202270508 13.8582382202148 13.8560562133789 13.8538751602173 13.8516931533813 13.8495111465454 13.8473291397095 13.8431806564331 13.8177499771118 13.7923192977905 13.7668886184692 13.7414579391479
13.9377212524414 13.9130001068115 13.8865995407104 13.858344078064 13.8280305862427 13.7954263687134 13.7602605819702 13.7390155792236 13.7755670547485 13.809401512146 13.8408088684082 13.8700428009033 13.8973207473755 13.922833442688 13.9467458724976 13.9692039489746 13.9903373718262 14.0036039352417 13.9867830276489 13.9699611663818 13.9531393051147 13.936318397522 13.9194965362549 13.9026746749878 13.8858528137207 13.8690319061279 13.8522100448608 13.8384695053101 13.842113494873 13.845757484436 13.849401473999 13.853045463562 13.856689453125 13.860333442688 13.863977432251 13.8676223754883 13.8712663650513 13.8744812011719 13.8744792938232 13.8744773864746 13.8744745254517 13.874472618103 13.8744707107544 13.8744678497314 13.8744659423828 13.8744640350342 13.8744611740112 13.8723583221436 13.8475294113159 13.8227005004883 13.7978715896606 13.773042678833
13.956356048584 13.9320154190063 13.9053077697754 13.8758687973022 13.8432579040527 13.8069334030151 13.7662220001221 13.7403450012207 13.7816581726074 13.8183794021606 13.8512344360352 13.880802154541 13.9075536727905 13.9318723678589 13.9540758132935 13.9744291305542 13.9931535720825 14.0047521591187 13.9905061721802 13.9762601852417 13.9620141983032 13.9477682113647 13.9335231781006 13.9192771911621 13.9050312042236 13.8907852172852 13.8765392303467 13.8646974563599 13.8664216995239 13.8681468963623 13.8698711395264 13.8715963363647 13.8733205795288 13.8750457763672 13.8767700195312 13.8784952163696 13.8802194595337 13.8819971084595 13.8841743469238 13.8863525390625 13.8885297775269 13.8907070159912 13.8928842544556 13.8950614929199 13.8972387313843 13.8994159698486 13.901593208313 13.901535987854 13.87730884552 13.853081703186 13.8288545608521 13.8046264648438
13.9764194488525 13.9530563354492 13.9266366958618 13.896520614624 13.8618745803833 13.8215913772583 13.7741746902466 13.7421722412109 13.7896184921265 13.8296089172363 13.8637723922729 13.8932962417603 13.9190654754639 13.9417543411255 13.9618825912476 13.9798612594604 13.9960165023804 14.0059003829956 13.9942302703857 13.9825601577759 13.970890045166 13.9592189788818 13.947548866272 13.9358787536621 13.9242086410522 13.9125385284424 13.9008674621582 13.8909254074097 13.8907299041748 13.8905353546143 13.8903408050537 13.8901462554932 13.8899517059326 13.8897571563721 13.8895626068115 13.889368057251 13.8891735076904 13.8895139694214 13.8938703536987 13.8982267379761 13.9025840759277 13.9069404602051 13.9112977981567 13.9156541824341 13.9200115203857 13.9243679046631 13.9287252426147 13.9307136535645 13.9070882797241 13.8834619522095 13.8598365783691 13.8362112045288
13.998083114624 13.9764614105225 13.9403562545776 13.9091243743896 13.8742599487305 13.8350410461426 13.7986450195312 13.7985401153564 13.8358068466187 13.8681449890137 13.8962020874023 13.9245405197144 13.9321126937866 -3.4e+38 13.9702110290527 13.9855117797852 13.9989290237427 14.0070486068726 13.9979543685913 13.9888591766357 13.9797649383545 13.9706697463989 13.9615755081177 13.9524803161621 13.9433860778809 13.9342918395996 13.925196647644 13.9171524047852 13.9150390625 13.9129247665405 13.9108104705811 13.9086971282959 13.9065828323364 13.904468536377 13.9023542404175 13.9002408981323 13.8981266021729 13.897029876709 13.9035663604736 13.910101890564 13.9166383743286 13.9231748580933 13.9297113418579 13.9362478256226 13.9427843093872 13.9493198394775 13.9558563232422 13.9598913192749 13.9368677139282 13.9138431549072 13.8908195495605 13.8677959442139
14.0215463638306 14.0026559829712 13.992356300354 13.9362545013428 13.9019584655762 13.8640480041504 13.8296508789062 13.8249740600586 13.8573808670044 13.886100769043 13.9306716918945 13.9442977905273 13.9470243453979 -3.4e+38 13.979118347168 13.9913959503174 14.0018911361694 14.0081968307495 14.0016775131226 13.9951591491699 13.988639831543 13.982120513916 13.9756021499634 13.9690828323364 13.9625635147095 13.9560451507568 13.9495258331299 13.943380355835 13.9393472671509 13.9353141784668 13.9312801361084 13.9272470474243 13.9232139587402 13.9191799163818 13.9151468276978 13.9111137390137 13.9070796966553 13.9045457839966 13.9132614135742 13.9219770431519 13.9306936264038 13.9394092559814 13.9481248855591 13.9568405151367 13.9655561447144 13.9742727279663 13.9829883575439 13.9890689849854 13.9666471481323 13.944224357605 13.921802520752 13.8993797302246
14.0470428466797 14.0321683883667 14.0235090255737 14.0043983459473 13.9285106658936 13.8919544219971 13.8596506118774 13.860668182373 13.8890628814697 -3.4e+38 13.9452066421509 13.9541034698486 -3.4e+38 -3.4e+38 13.9886646270752 13.9975280761719 14.0049047470093 14.0093450546265 14.0054016113281 14.0014581680298 13.9975147247314 13.9935712814331 13.9896278381348 13.9856843948364 13.9817409515381 13.9777975082397 13.9738540649414 13.9696083068848 13.9636554718018 13.9577026367188 13.9517498016357 13.9457979202271 13.939845085144 13.933892250061 13.927939414978 13.921986579895 13.916033744812 13.9120616912842 13.9229574203491 13.9338521957397 13.9447479248047 13.9556427001953 13.9665384292603 13.9774341583252 13.9883289337158 13.9992246627808 14.0101203918457 14.0182466506958 13.9964256286621 13.9746055603027 13.952784538269 13.9309644699097
14.0748491287231 14.0656719207764 14.0472383499146 14.0270442962646 14.0048685073853 13.9030246734619 13.8751554489136 13.8809299468994 13.9099197387695 -3.4e+38 13.9687185287476 13.9660768508911 -3.4e+38 -3.4e+38 13.9989233016968 14.0039234161377 14.0079708099365 14.0104932785034 14.0091257095337 14.007758140564 14.0063896179199 14.0050220489502 14.0036544799805 14.0022869110107 14.000919342041 13.999550819397 13.9981832504272 13.9958362579346 13.987964630127 13.980092048645 13.9722204208374 13.9643478393555 13.9564752578735 13.9486036300659 13.940731048584 13.9328594207764 13.9249868392944 13.9195775985718 13.9326524734497 13.9457273483276 13.9588022232056 13.9718770980835 13.9849519729614 13.9980268478394 14.0111017227173 14.0241765975952 14.0372514724731 14.0474243164062 14.0262050628662 14.0049867630005 13.9837675094604 13.9625482559204
-3.4e+38 -3.4e+38 14.0474052429199 14.0330352783203 14.015284538269 13.9956541061401 13.8986015319824 13.9029855728149 13.9601821899414 13.9724016189575 -3.4e+38 14.0100440979004 -3.4e+38 -3.4e+38 14.0099754333496 14.0106000900269 -3.4e+38 14.0116415023804 14.0128498077393 14.0140571594238 14.0152654647827 14.0164728164673 14.0176811218262 14.0188884735107 14.0200967788696 14.0213041305542 14.0225124359131 14.0220642089844 14.0122728347778 14.0024814605713 13.9926900863647 13.9828977584839 13.9731063842773 13.9633150100708 13.9535236358643 13.9437322616577 13.9339399337769 13.9270935058594 13.9423484802246 13.9576025009155 13.9728565216064 13.9881114959717 14.0033655166626 14.0186204910278 14.0338745117188 14.049129486084 14.0643835067749 14.0766019821167 14.0559844970703 14.0353679656982 14.0147504806519 13.9941329956055
-3.4e+38 -3.4e+38 -3.4e+38 -3.4e+38 14.0247955322266 14.0073499679565 13.9933595657349 13.9215412139893 13.9721984863281 -3.4e+38 -3.4e+38 -3.4e+38 -3.4e+38 -3.4e+38 -3.4e+38 14.025505065918 14.025505065918 14.0255155563354 14.025577545166 14.0256385803223 14.0257005691528 14.0257616043091 14.0258235931396 14.0258846282959 14.0259466171265 14.0260076522827 14.0260696411133 14.0248899459839 14.0167064666748 14.00852394104 14.000340461731 13.9921579360962 13.9839754104614 13.9757919311523 13.9676094055176 13.9594259262085 13.9512434005737 13.9458713531494 13.9616012573242 13.977331161499 13.9930610656738 14.0087900161743 14.0245199203491 14.0402498245239 14.0559797286987 14.0717086791992 14.087438583374 14.1000318527222 14.078706741333 14.0573816299438 14.0360565185547 14.0147314071655
-3.4e+38 -3.4e+38 -3.4e+38 -3.4e+38 -3.4e+38 14.073112487793 14.0698127746582 14.0665082931519 14.0121927261353 14.0230941772461 14.0326137542725 14.0400447845459 14.0416460037231 -3.4e+38 -3.4e+38 14.0416460037231 14.0416460037231 14.0413427352905 14.0396871566772 14.0380306243896 14.0363750457764 14.0347194671631 14.0330629348755 14.0314073562622 14.0297517776489 14.0280961990356 14.026439666748 14.0241250991821 14.0180921554565 14.012059211731 14.0060253143311 13.9999923706055 13.9939594268799 13.98792552948 13.9818925857544 13.9758596420288 13.9698266983032 13.9663772583008 13.9823207855225 13.9982643127441 14.0142078399658 14.0301513671875 14.0460948944092 14.0620374679565 14.0779809951782 14.0939245223999 14.1098680496216 14.1225805282593 14.1003465652466 14.0781126022339 14.0558786392212 14.0336446762085
14.109561920166 -3.4e+38 -3.4e+38 -3.4e+38 -3.4e+38 -3.4e+38 14.0987854003906 14.0962781906128 14.026515007019 14.0368185043335 14.0459890365601 14.0534896850586 14.0577878952026 -3.4e+38 -3.4e+38 14.0577878952026 14.0577878952026 14.0571689605713 14.0537958145142 14.050422668457 14.0470495223999 14.0436763763428 14.0403032302856 14.0369300842285 14.0335569381714 14.0301837921143 14.0268106460571 14.0233602523804 14.019476890564 14.0155935287476 14.0117101669312 14.0078268051147 14.0039434432983 14.0000600814819 13.9961767196655 13.9922933578491 13.9884099960327 13.9868831634521 14.0030403137207 14.0191974639893 14.0353546142578 14.0515117645264 14.0676689147949 14.0838260650635 14.099983215332 14.1161403656006 14.1322975158691 14.1451292037964 14.1219863891602 14.0988435745239 14.0757007598877 14.0525569915771
14.109561920166 14.109561920166 -3.4e+38 -3.4e+38 -3.4e+38 -3.4e+38 -3.4e+38 -3.4e+38 -3.4e+38 14.0915107727051 14.0489988327026 14.0554246902466 -3.4e+38 -3.4e+38 -3.4e+38 14.0739297866821 14.0739297866821 14.0729961395264 14.0679054260254 14.0628147125244 14.0577239990234 14.0526332855225 14.0475435256958 14.0424528121948 14.0373620986938 14.0322713851929 14.0271806716919 14.0225954055786 14.0208616256714 14.0191287994385 14.0173950195312 14.015661239624 14.0139274597168 14.0121936798096 14.0104608535767 14.0087270736694 14.0069932937622 14.0073881149292 14.0237598419189 14.0401306152344 14.0565013885498 14.0728721618652 14.089243888855 14.1056146621704 14.1219854354858 14.1383562088013 14.154727935791 14.1676778793335 14.1436262130737 14.1195735931396 14.0955219268799 14.0714702606201
-3.4e+38 14.109561920166 14.0926952362061 -3.4e+38 -3.4e+38 -3.4e+38 -3.4e+38 -3.4e+38 -3.4e+38 14.1045808792114 -3.4e+38 -3.4e+38 -3.4e+38 -3.4e+38 14.0900716781616 14.0900716781616 14.0900716781616 14.0888223648071 14.0820150375366 14.0752067565918 14.068398475647 14.0615911483765 14.0547828674316 14.0479745864868 14.0411672592163 14.0343589782715 14.027551651001 14.0218305587769 14.0222473144531 14.0226631164551 14.0230798721313 14.0234956741333 14.0239114761353 14.0243282318115 14.0247440338135 14.0251607894897 14.0255765914917 14.0278940200806 14.0444784164429 14.0610637664795 14.0776481628418 14.0942335128784 14.1108179092407 14.1274032592773 14.1439876556396 14.1605730056763 14.1771574020386 14.1902265548706 14.165265083313 14.1403045654297 14.1153440475464 14.0903835296631
-3.4e+38 -3.4e+38 14.1053075790405 -3.4e+38 -3.4e+38 -3.4e+38 -3.4e+38 -3.4e+38 -3.4e+38 -3.4e+38 -3.4e+38 -3.4e+38 -3.4e+38 -3.4e+38 -3.4e+38 14.1062135696411 14.1062135696411 14.1046495437622 14.0961236953735 14.0875988006592 14.0790729522705 14.0705480575562 14.0620231628418 14.0534973144531 14.0449724197388 14.0364475250244 14.0279216766357 14.0210657119751 14.0236320495605 14.026198387146 14.0287637710571 14.0313301086426 14.033896446228 14.0364618301392 14.0390281677246 14.0415945053101 14.0441598892212 14.0483999252319 14.0651979446411 14.0819969177246 14.0987958908081 14.1155939102173 14.1323928833008 14.14919090271 14.1659898757935 14.182788848877 14.1995868682861 14.2127742767334 14.1869049072266 14.1610355377197 14.1351661682129 14.1092967987061
-3.4e+38 -3.4e+38 -3.4e+38 14.1105632781982 -3.4e+38 -3.4e+38 -3.4e+38 -3.4e+38 -3.4e+38 -3.4e+38 -3.4e+38 -3.4e+38 -3.4e+38 14.1223554611206 -3.4e+38 -3.4e+38 14.1223554611206 14.120475769043 14.1102333068848 14.0999908447266 14.0897483825684 14.0795049667358 14.0692625045776 14.0590200424194 14.0487775802612 14.038535118103 14.0282926559448 14.0203008651733 14.025016784668 14.0297327041626 14.0344486236572 14.0391645431519 14.0438804626465 14.0485963821411 14.0533123016357 14.0580282211304 14.062744140625 14.068904876709 14.0859174728394 14.1029300689697 14.1199426651001 14.1369552612305 14.1539669036865 14.1709794998169 14.1879920959473 14.2050046920776 14.2220163345337 14.2353229522705 14.2085447311401 14.1817665100098 14.1549873352051 14.1282091140747
-3.4e+38 -3.4e+38 -3.4e+38 -3.4e+38 14.1272506713867 14.1296615600586 -3.4e+38 -3.4e+38 -3.4e+38 -3.4e+38 -3.4e+38 -3.4e+38 -3.4e+38 -3.4e+38 -3.4e+38 -3.4e+38 14.1384963989258 14.1363019943237 14.1243419647217 14.1123828887939 14.1004228591919 14.0884628295898 14.0765027999878 14.0645427703857 14.0525827407837 14.0406227111816 14.0286626815796 14.0195369720459 14.0264024734497 14.0332679748535 14.0401334762573 14.0469989776611 14.0538644790649 14.0607299804688 14.0675954818726 14.0744619369507 14.0813274383545 14.0894107818604 14.1066370010376 14.1238632202148 14.1410894393921 14.1583156585693 14.1755418777466 14.1927680969238 14.2099943161011 14.2272205352783 14.2444467544556 14.2578716278076 14.2301845550537 14.2024965286255 14.1748094558716 14.1471223831177
-3.4e+38 -3.4e+38 -3.4e+38 -3.4e+38 -3.4e+38 14.1314687728882 14.1336784362793 -3.4e+38 14.1376924514771 -3.4e+38 -3.4e+38 -3.4e+38 -3.4e+38 -3.4e+38 -3.4e+38 -3.4e+38 -3.4e+38 -3.4e+38 14.1384515762329 14.124773979187 14.1110973358154 14.0974197387695 14.0837421417236 14.0700654983521 14.0563879013062 14.0427103042603 14.0290336608887 14.0187721252441 14.0277872085571 14.0368022918701 14.0458183288574 14.0548334121704 14.0638484954834 14.0728645324707 14.0818796157837 14.0908946990967 14.099910736084 14.1099166870117 14.1273565292358 14.14479637146 14.1622362136841 14.1796760559082 14.1971158981323 14.2145566940308 14.2319965362549 14.249436378479 14.2668762207031 14.2804203033447 14.251823425293 14.2232275009155 14.1946315765381 14.1660356521606
-3.4e+38 -3.4e+38 -3.4e+38 -3.4e+38 -3.4e+38 -3.4e+38 14.1354122161865 -3.4e+38 14.1400089263916 14.1544723510742 -3.4e+38 -3.4e+38 -3.4e+38 -3.4e+38 -3.4e+38 -3.4e+38 -3.4e+38 -3.4e+38 -3.4e+38 14.1371660232544 14.121771812439 14.1063766479492 14.0909824371338 14.075587272644 14.0601930618286 14.0447978973389 14.0294036865234 14.0180072784424 14.0291719436646 14.040337562561 14.0515022277832 14.0626678466797 14.0738334655762 14.0849981307983 14.0961637496948 14.107328414917 14.1184940338135 14.1304225921631 14.1480760574341 14.1657295227051 14.1833829879761 14.2010374069214 14.2186908721924 14.2363443374634 14.2539987564087 14.2716522216797 14.2893056869507 14.3029680252075 14.2734632492065 14.2439584732056 14.2144536972046 14.1849479675293
