R_scripts/int_process_data/Bio_13_2001.2020.asc
NCOLS 281 
NROWS 577 
XLLCORNER 81175.2677831308 
YLLCORNER -911.770678700996 
CELLSIZE 1000 
NODATA_value -3.4e+38 
[rows 84 to 104 of 577, columns 96 to 143 of 281]
1.42797205171519e-07 1.43142983688449e-07 1.42815551384956e-07 1.44123390555251e-07 1.43715467970651e-07 1.44333355933668e-07 1.45531089401629e-07 1.4629971190061e-07 1.45129959605583e-07 1.40872046472396e-07 1.40623527045136e-07 1.45841440257755e-07 1.49573082808274e-07 1.51127736103263e-07 1.50835333556643e-07 1.49145520822458e-07 1.45771849702214e-07 1.45845334031947e-07 1.42773302513888e-07 1.37667129251895e-07 1.35803702505655e-07 1.34523844508294e-07 1.3162024004032e-07 1.28010270827872e-07 1.2537276461444e-07 1.25646764104204e-07 1.27764920421214e-07 1.25809307860436e-07 1.25337123790814e-07 1.31463806951615e-07 1.36586152166274e-07 1.36457927624178e-07 1.38501206947694e-07 1.41420841259787e-07 1.42086051369006e-07 1.41554338028982e-07 1.41831804967296e-07 1.38282587158756e-07 1.37300446567679e-07 1.33769063381806e-07 1.30122231212226e-07 1.27065135302473e-07 1.24578818372356e-07 1.2395716453284e-07 1.20546204129823e-07 1.14126812889026e-07 1.06224767648655e-07 1.02679109659221e-07
1.41281901733237e-07 1.40208143761811e-07 1.40762608680234e-07 1.43463410040567e-07 1.43952604503284e-07 1.44821854064503e-07 1.45021758157782e-07 1.45944127893927e-07 1.45581012134244e-07 1.41941356446296e-07 1.43612524539094e-07 1.48218859408189e-07 1.49751443245805e-07 1.48225268503666e-07 1.46524129718273e-07 1.47308568898552e-07 1.42697388127999e-07 1.40481319022001e-07 1.39545690558407e-07 1.36100680947493e-07 1.33878216956873e-07 1.32290793430911e-07 1.29691500205809e-07 1.2650247072088e-07 1.25018800645194e-07 1.26695042013125e-07 1.27778747582852e-07 1.26087130070118e-07 1.27718593034842e-07 1.32802156826983e-07 1.3363963091706e-07 1.32916966322227e-07 1.36829925168058e-07 1.39892421202603e-07 1.41333458714143e-07 1.41024415256652e-07 1.40289671435312e-07 1.34676071184003e-07 1.32632465010829e-07 1.27823952311701e-07 1.23441509458644e-07 1.19742992410465e-07 1.1622307027892e-07 1.18598940446191e-07 1.18294614992465e-07 1.10267748709703e-07 1.04487263286046e-07 1.0155370944176e-07
1.39946948252145e-07 1.40027850648039e-07 1.41345282145267e-07 1.4293409833499e-07 1.43842100897018e-07 1.44350792652403e-07 1.43603799074299e-07 1.44894215736713e-07 1.46050112448393e-07 1.45559553743624e-07 1.47026057106814e-07 1.48420483014888e-07 1.46837848546966e-07 1.42463278507421e-07 1.42244161338567e-07 1.44624152653705e-07 1.42292719829129e-07 1.38727088483392e-07 1.37819995416066e-07 1.36178044840563e-07 1.33106055955068e-07 1.30323485336703e-07 1.27928458937276e-07 1.25755832414143e-07 1.26139170220085e-07 1.27680067407709e-07 1.28088430528805e-07 1.25658871752421e-07 1.25579589393965e-07 1.29457347952666e-07 1.29607812482391e-07 1.2788838432698e-07 1.32255578932927e-07 1.36929543259612e-07 1.38678771577361e-07 1.40367134804364e-07 1.39560484058165e-07 1.34531376261293e-07 1.29966210238308e-07 1.27099710311995e-07 1.23991028999626e-07 1.19374277574025e-07 1.16271536398926e-07 1.19868573733584e-07 1.18951220429153e-07 1.12254902262521e-07 1.06209697037229e-07 1.00403923397607e-07
1.39304944468677e-07 1.40040953056086e-07 1.40871279086241e-07 1.42265150770982e-07 1.42710774753141e-07 1.41832174449519e-07 1.40133863624214e-07 1.40821782679268e-07 1.43743548619568e-07 1.45527067729745e-07 1.45490389513725e-07 1.44382212852179e-07 1.41595435820818e-07 1.38912255920332e-07 1.41731192115913e-07 1.43039429190139e-07 1.41786060225968e-07 1.39963646006436e-07 1.387102344097e-07 1.36893405056071e-07 1.33293227122522e-07 1.30500239947651e-07 1.28272645838479e-07 1.27079431422317e-07 1.28952294176088e-07 1.29281389149583e-07 1.29427846218277e-07 1.2845146102336e-07 1.25627764191449e-07 1.26667686117798e-07 1.26630339991607e-07 1.2588743913966e-07 1.29823490624403e-07 1.33748912389819e-07 1.36206423917429e-07 1.39509168661789e-07 1.37344471795586e-07 1.31522554625008e-07 1.27722415754761e-07 1.28802398080552e-07 1.27574551811449e-07 1.22142054692631e-07 1.20727108310348e-07 1.20930266689356e-07 1.1543543365633e-07 1.10760403515542e-07 1.06617640938111e-07 1.01196881985288e-07
1.3740940119078e-07 1.36102030978691e-07 1.37968655167242e-07 1.40198736175989e-07 1.40931618375362e-07 1.38983722308694e-07 1.36254229232691e-07 1.35770349629638e-07 1.40328950237745e-07 1.42931071422936e-07 1.40219611921566e-07 1.38034508267992e-07 1.36851326715259e-07 1.3858449676718e-07 1.4256164604376e-07 1.42202551955961e-07 1.40310476126615e-07 1.39950088851037e-07 1.39263903520259e-07 1.36950134788094e-07 1.33120337864057e-07 1.3132186893472e-07 1.28832525092548e-07 1.2765806900461e-07 1.31140822645648e-07 1.33125482193464e-07 1.33079623765298e-07 1.30628379224618e-07 1.28442891877967e-07 1.2920516212489e-07 1.27492043588973e-07 1.26522465393464e-07 1.29273175275557e-07 1.33619280973107e-07 1.36823913976514e-07 1.37521169563115e-07 1.31434745753722e-07 1.26095741848076e-07 1.27428705809507e-07 1.26858310522948e-07 1.26312500015047e-07 1.24615581853504e-07 1.22648842193485e-07 1.17137290089886e-07 1.09190260388914e-07 1.01937338570224e-07 9.88729595974291e-08 9.56378656269408e-08
1.33075005237515e-07 1.31498538280539e-07 1.34649752681071e-07 1.36969546815635e-07 1.36968367314694e-07 1.35826496716618e-07 1.32161048327362e-07 1.32026784172012e-07 1.36542482209734e-07 1.38815948957927e-07 1.36211070866921e-07 1.33303501570481e-07 1.34936200879565e-07 1.39539565680025e-07 1.42131156621872e-07 1.41170275469449e-07 1.39541214139172e-07 1.39261203457863e-07 1.38534474558583e-07 1.36187821908607e-07 1.32732040469818e-07 1.31925503410457e-07 1.29804050175153e-07 1.27138761740753e-07 1.29389377434563e-07 1.33952511305324e-07 1.35444452098454e-07 1.31668684844044e-07 1.31906219280609e-07 1.31820030446761e-07 1.30068755765933e-07 1.30384066210354e-07 1.32846267320019e-07 1.36361961722287e-07 1.37661032795222e-07 1.33257401557785e-07 1.26397452504534e-07 1.27374690350734e-07 1.26843133330112e-07 1.21180249834651e-07 1.23361587611726e-07 1.24047232930025e-07 1.2127213722124e-07 1.16278727091412e-07 1.09708835793754e-07 1.00787630685772e-07 9.24277259173323e-08 8.49490149334997e-08
1.26907423236844e-07 1.2604313326392e-07 1.28062652038352e-07 1.3119634445502e-07 1.31602732267311e-07 1.30401289766269e-07 1.29430489437254e-07 1.29724426756184e-07 1.31914717371728e-07 1.34494740677837e-07 1.34207525093188e-07 1.30879570292564e-07 1.33027583615331e-07 1.37677631073529e-07 1.39963290735068e-07 1.40519816227425e-07 1.39474281013463e-07 1.38183793296776e-07 1.36259856731158e-07 1.35039925908131e-07 1.33024201431908e-07 1.32123957996555e-07 1.31508812728498e-07 1.2923162273637e-07 1.31036657080585e-07 1.34405112817149e-07 1.36141366624543e-07 1.33551139924748e-07 1.34786290573174e-07 1.32733603663837e-07 1.31847528450635e-07 1.34146958430392e-07 1.36017860086213e-07 1.37190795612696e-07 1.33968100612947e-07 1.27375713532274e-07 1.266670892619e-07 1.28442195546086e-07 1.21870158409365e-07 1.15294398028709e-07 1.16685747286738e-07 1.17939237043174e-07 1.17301702573513e-07 1.13894195408193e-07 1.06534194799224e-07 1.01735537327841e-07 9.08671964339192e-08 8.19651759798035e-08
1.22175308092665e-07 1.21374569062027e-07 1.22955896131316e-07 1.25840870168759e-07 1.27310315178875e-07 1.28421618228458e-07 1.2864332177287e-07 1.28277619637629e-07 1.28652104081084e-07 1.29963126482835e-07 1.30122344899064e-07 1.30233360096099e-07 1.31614712017836e-07 1.3317553282377e-07 1.37769774255503e-07 1.40197627729322e-07 1.38465367172103e-07 1.3658186048815e-07 1.3488880767909e-07 1.34010448959998e-07 1.3303831281064e-07 1.31432372540985e-07 1.31265011305004e-07 1.31785100165871e-07 1.32717218548351e-07 1.34533451046082e-07 1.35437943526995e-07 1.35692275193833e-07 1.36554874075046e-07 1.33552035208595e-07 1.32798120944244e-07 1.35476398099854e-07 1.36239734160881e-07 1.33570466687161e-07 1.29882991473096e-07 1.28980317981586e-07 1.30079257587568e-07 1.27170636687879e-07 1.20365172051606e-07 1.13929061740237e-07 1.0990051890758e-07 1.10239035677751e-07 1.11082307796551e-07 1.06625329010512e-07 9.9861395597145e-08 9.51008800598174e-08 9.11407838088962e-08 8.47848866669665e-08
1.20360667210662e-07 1.20121455893241e-07 1.23262040574446e-07 1.26334853689514e-07 1.27335638921977e-07 1.27969130403471e-07 1.27910666947173e-07 1.27966359286802e-07 1.26556869872729e-07 1.2582809461037e-07 1.26705657521597e-07 1.29540310922494e-07 1.3307550261743e-07 1.3356823558297e-07 1.37104208874916e-07 1.38897988222197e-07 1.36802682959569e-07 1.35962253011712e-07 1.3483889915733e-07 1.32426038135236e-07 1.30144258037035e-07 1.29070699017575e-07 1.29116756397707e-07 1.30059291336693e-07 1.30856193436557e-07 1.3210896554483e-07 1.32466752233995e-07 1.35353033670071e-07 1.36719521037776e-07 1.36044448595385e-07 1.35898048370109e-07 1.35492626895939e-07 1.3319578329174e-07 1.30342314719201e-07 1.31008590642523e-07 1.30578882817645e-07 1.25515086324413e-07 1.22045975103902e-07 1.20189540098181e-07 1.14539773221622e-07 1.07637511348457e-07 1.04405017964382e-07 1.02714281524641e-07 9.93195072851449e-08 9.67895843473343e-08 9.59104653475151e-08 9.51242853375334e-08 8.89197266928932e-08
1.20023514682543e-07 1.21730550972643e-07 1.24727094430455e-07 1.26754272855578e-07 1.26923339394125e-07 1.27102765645759e-07 1.27525595416955e-07 1.28336054672218e-07 1.2718378172849e-07 1.25171226272869e-07 1.26928043187036e-07 1.2895121415113e-07 1.34354479541798e-07 1.35734723016867e-07 1.35807880496941e-07 1.3750596394857e-07 1.36797694949564e-07 1.35441453608109e-07 1.32583437562062e-07 1.29527776948635e-07 1.2810315297429e-07 1.27027618646025e-07 1.27933859062068e-07 1.29197673004455e-07 1.31361431954247e-07 1.33285979586617e-07 1.32050217871438e-07 1.3293008294113e-07 1.34100005766413e-07 1.36102471515187e-07 1.3671359511136e-07 1.34442373678212e-07 1.32688654730373e-07 1.31988585394538e-07 1.3117292496645e-07 1.26552066603836e-07 1.17925132769869e-07 1.13709113236382e-07 1.12610315738948e-07 1.07658976844505e-07 1.01386490314326e-07 9.68770237363969e-08 9.57295824832727e-08 9.82639036806177e-08 9.95889735122546e-08 9.88643407140444e-08 9.59378212428419e-08 9.31421055838655e-08
1.20799981573327e-07 1.23434375609577e-07 1.24981269777891e-07 1.25762554148423e-07 1.25965257780081e-07 1.26573254988216e-07 1.26266499478334e-07 1.28456079551142e-07 1.30615873672468e-07 1.2933340087784e-07 1.29580982388688e-07 1.30935845277236e-07 1.3532566356389e-07 1.36603091505094e-07 1.35328150463465e-07 1.36566541186767e-07 1.35756778263385e-07 1.32148315401537e-07 1.28794880538408e-07 1.29085691469299e-07 1.28554759726285e-07 1.26313892678809e-07 1.27290334717145e-07 1.29858392483584e-07 1.31962508476136e-07 1.33764686438553e-07 1.32908184014013e-07 1.31982332618463e-07 1.32074802650095e-07 1.35055557848318e-07 1.36200497991013e-07 1.3366980056162e-07 1.31500939914986e-07 1.29421593442203e-07 1.2561848450332e-07 1.22621557352431e-07 1.15981173109958e-07 1.11161369886759e-07 1.08961700107102e-07 1.02198960405531e-07 9.48216936080826e-08 9.28844272607421e-08 9.59531547550796e-08 9.94170790136195e-08 1.011080854596e-07 9.91273196859765e-08 9.52001144582937e-08 9.57079251406867e-08
1.21777915751409e-07 1.23862278655906e-07 1.24148584745853e-07 1.2471508625822e-07 1.25117679772302e-07 1.25296352848636e-07 1.25299976616589e-07 1.28666385990073e-07 1.32164160504544e-07 1.31269118242017e-07 1.30693521782632e-07 1.31997808239248e-07 1.3468422821461e-07 1.36512383619447e-07 1.36546375983926e-07 1.35391360345238e-07 1.33114028244563e-07 1.293102229738e-07 1.28746236782717e-07 1.30151391886102e-07 1.27573571262474e-07 1.26568238556501e-07 1.27112528502948e-07 1.27684955941731e-07 1.31388063095983e-07 1.33337636043507e-07 1.33499568732987e-07 1.33002572511032e-07 1.33483979425364e-07 1.3513952978883e-07 1.33366214072339e-07 1.28916042285709e-07 1.2476427002639e-07 1.22739763241952e-07 1.23193814260958e-07 1.21161761512667e-07 1.17076304206876e-07 1.13618163766205e-07 1.09871194808875e-07 1.0052540488914e-07 9.1650953493172e-08 9.31300832007764e-08 9.7028213019712e-08 9.92194202353858e-08 1.00808598801905e-07 9.99012002012023e-08 9.78189618194847e-08 9.76586065348783e-08
1.21656810847526e-07 1.22886135045519e-07 1.23243083294255e-07 1.23103831128901e-07 1.23664605666818e-07 1.24327456774154e-07 1.2570308172144e-07 1.29320824271417e-07 1.31679527726192e-07 1.30487336491569e-07 1.30584922430899e-07 1.32347452108661e-07 1.34010434749143e-07 1.35510816789974e-07 1.35558195779595e-07 1.33052992623561e-07 1.30548585275392e-07 1.30254917962702e-07 1.31750425680366e-07 1.30583572399701e-07 1.2818350114685e-07 1.28571784330234e-07 1.26945664646883e-07 1.2681208261256e-07 1.29161506379205e-07 1.31857447627226e-07 1.33786457467977e-07 1.34058851131158e-07 1.34287290620705e-07 1.32567990362986e-07 1.28739173987924e-07 1.24832553183296e-07 1.21411062536936e-07 1.21908229289147e-07 1.25429934882959e-07 1.21855507018154e-07 1.13986331484739e-07 1.07642243563077e-07 1.03966719677828e-07 9.73486748989671e-08 9.26458483263559e-08 9.32115469254313e-08 9.47818321606064e-08 9.62988409014542e-08 9.75744285369728e-08 9.92273498923169e-08 9.86786474754808e-08 9.76745795355782e-08
1.20616093113313e-07 1.21985621603926e-07 1.22414590464359e-07 1.22275338299005e-07 1.22892998888346e-07 1.23485222047748e-07 1.24647030474989e-07 1.28031828694475e-07 1.30828567534991e-07 1.30077509652438e-07 1.30158142042092e-07 1.32374267991509e-07 1.34319506628344e-07 1.35204231810349e-07 1.34106315385907e-07 1.31620780052799e-07 1.29766419831867e-07 1.31720753415721e-07 1.3316555680376e-07 1.30712692225643e-07 1.29824229588849e-07 1.28338982108289e-07 1.25102431525193e-07 1.27437147057208e-07 1.29217681887894e-07 1.30428475131339e-07 1.33502780386152e-07 1.34546283447889e-07 1.33506645738635e-07 1.29968896089849e-07 1.26509746678494e-07 1.23860772305306e-07 1.23235366800145e-07 1.25097002978691e-07 1.25180235954758e-07 1.19533325459997e-07 1.11058440666056e-07 1.03393347217207e-07 9.91942741279672e-08 9.8765362110953e-08 9.36774711135513e-08 9.00803271974837e-08 8.91285196757963e-08 9.10550639332541e-08 9.68418234492674e-08 1.02085259356954e-07 1.01222227044673e-07 9.96898421590231e-08
1.19992193958751e-07 1.20894981137099e-07 1.20459404229223e-07 1.20889225740939e-07 1.21462790048099e-07 1.21709121003732e-07 1.23390421435943e-07 1.27532800320296e-07 1.29821572159017e-07 1.29266453541277e-07 1.29788830349753e-07 1.31732136310347e-07 1.33921190581532e-07 1.33691614223608e-07 1.32307988565117e-07 1.30452662006064e-07 1.29068297383128e-07 1.31567986727532e-07 1.32862822965762e-07 1.31065974073863e-07 1.29023973727271e-07 1.25280379847936e-07 1.23045367672603e-07 1.25297972886074e-07 1.27775791725071e-07 1.29974978335667e-07 1.33073498886915e-07 1.33009365299586e-07 1.31282490656304e-07 1.28085474671025e-07 1.25370888781617e-07 1.2572454011206e-07 1.2578641417349e-07 1.25334111089614e-07 1.24337006468522e-07 1.19984576940624e-07 1.1228090812665e-07 1.03913670557176e-07 1.02503662446907e-07 1.03184035538106e-07 9.61879962346757e-08 9.05887844737663e-08 8.48410763865104e-08 8.7794660430518e-08 9.7050168790247e-08 1.02754100339553e-07 1.045556885515e-07 1.04916701104685e-07
1.19940779086392e-07 1.20035423378795e-07 1.18862665487995e-07 1.19027923517478e-07 1.20099684863817e-07 1.20021141469806e-07 1.22891378850909e-07 1.27692857176953e-07 1.2892475353965e-07 1.28910571106644e-07 1.29629711409507e-07 1.30945053911091e-07 1.32936662566863e-07 1.32448519707395e-07 1.31067992015232e-07 1.29232532231072e-07 1.28712571267897e-07 1.31116934198872e-07 1.32226816162984e-07 1.30964906475128e-07 1.28208640148841e-07 1.23638841387219e-07 1.21223308724439e-07 1.23066641322112e-07 1.26820978607611e-07 1.30791505625893e-07 1.31675591319436e-07 1.29102915025214e-07 1.27488803514098e-07 1.27706300645514e-07 1.27470897837156e-07 1.27361346358157e-07 1.24822406633029e-07 1.21449176049282e-07 1.2141607896865e-07 1.20017219273905e-07 1.13682403934945e-07 1.0872241062998e-07 1.08779566687645e-07 1.05016013662862e-07 9.59217558715864e-08 8.88652635921972e-08 8.27647141932175e-08 8.46173051627375e-08 9.00505696677101e-08 9.57685770686112e-08 1.00649188539137e-07 1.03650947380629e-07
1.19705035217521e-07 1.19291456712745e-07 1.19339745197067e-07 1.19484710126017e-07 1.20753668397811e-07 1.20996887176261e-07 1.24376370536083e-07 1.27967496155179e-07 1.28926714637601e-07 1.29083986166734e-07 1.30264993458695e-07 1.31152603444207e-07 1.3097181295052e-07 1.29998397824238e-07 1.28574598079467e-07 1.27399502503067e-07 1.27764707258393e-07 1.29620644884199e-07 1.31210981635377e-07 1.31068432551729e-07 1.28199118876182e-07 1.25483339274979e-07 1.22123893220305e-07 1.23963474152333e-07 1.29525886904958e-07 1.31521844082272e-07 1.27831313534443e-07 1.261464461777e-07 1.27034340380305e-07 1.27139060168702e-07 1.26382744269904e-07 1.26811386280679e-07 1.25049467669669e-07 1.20616334697843e-07 1.17763917728553e-07 1.17857688053391e-07 1.15078528040158e-07 1.12977069477438e-07 1.09465439379619e-07 1.02851615224608e-07 9.43932931818381e-08 8.81067805380553e-08 8.21564611896974e-08 7.94885721688843e-08 8.09725051453825e-08 8.89203661813553e-08 9.52288061739637e-08 9.93977238294974e-08
1.20441427498008e-07 1.19980967383526e-07 1.20044305162992e-07 1.20051353746931e-07 1.22138757774337e-07 1.24611403862218e-07 1.26866041227913e-07 1.28350905015395e-07 1.29385995251141e-07 1.29625419731383e-07 1.31093145228078e-07 1.31065647224204e-07 1.29083659317075e-07 1.26620548712708e-07 1.25379074233933e-07 1.25935926575949e-07 1.28128732512778e-07 1.2959937123469e-07 1.30826379063365e-07 1.31624261712204e-07 1.29852892882809e-07 1.27240355141112e-07 1.24453237049238e-07 1.2719029029995e-07 1.32619561554748e-07 1.30418428057055e-07 1.25807247286502e-07 1.27616516465423e-07 1.28578875546737e-07 1.24591863936985e-07 1.20773563594412e-07 1.2148596795214e-07 1.23855073752566e-07 1.21045147238874e-07 1.14881139268164e-07 1.11130788127412e-07 1.09827411165497e-07 1.09490073896268e-07 1.08712548296808e-07 1.02230131915348e-07 9.41051254699232e-08 8.72337082569175e-08 8.39551290710006e-08 8.11046731996612e-08 7.99721178168511e-08 8.9331742003651e-08 9.52755883076861e-08 9.61561070766948e-08
1.20249310953113e-07 1.18538004301172e-07 1.19047257385319e-07 1.2045180142195e-07 1.23516215921882e-07 1.26357818430733e-07 1.28093475382229e-07 1.2874760102477e-07 1.30082199234494e-07 1.30696562905541e-07 1.31356074462019e-07 1.29998028342015e-07 1.27893386547839e-07 1.25556752550438e-07 1.25384659099836e-07 1.27196827293119e-07 1.29620630673344e-07 1.30619099536489e-07 1.31572406303349e-07 1.32512340655921e-07 1.31363606215018e-07 1.28766259877011e-07 1.27916194969657e-07 1.30810775544887e-07 1.33508194721799e-07 1.29412441651766e-07 1.27805549254845e-07 1.301223022665e-07 1.28692349221637e-07 1.2400403193169e-07 1.17692927403823e-07 1.14283700725082e-07 1.15577357462371e-07 1.18273462135221e-07 1.157319786671e-07 1.09462789055215e-07 1.05420639329168e-07 1.04510831988591e-07 1.05980959119734e-07 1.00056851692898e-07 9.14128506224188e-08 8.75136763056616e-08 8.77098216278682e-08 8.60056985629853e-08 8.60249755874065e-08 9.27772347836253e-08 9.94227491446509e-08 9.81012391321201e-08
1.19279903287861e-07 1.17191035542419e-07 1.18302850182772e-07 1.21213147963317e-07 1.24712357774115e-07 1.27554898199378e-07 1.29105245605388e-07 1.29823376937566e-07 1.30679254084498e-07 1.31166103756186e-07 1.30629885575217e-07 1.28997982073997e-07 1.27355747281399e-07 1.26955100654413e-07 1.26150467849584e-07 1.27112642189786e-07 1.30080607618765e-07 1.3126596343227e-07 1.32144251097088e-07 1.32880131786806e-07 1.32887564063822e-07 1.31461931118793e-07 1.30877722881451e-07 1.33091106135907e-07 1.32490001192309e-07 1.30010647581003e-07 1.30962149569314e-07 1.30107480345032e-07 1.25925652127989e-07 1.21496313454372e-07 1.15227024366504e-07 1.09692713579079e-07 1.09203263320978e-07 1.11278644965296e-07 1.13208159291389e-07 1.1216361173183e-07 1.07441515240225e-07 1.04163248693112e-07 1.01843525612821e-07 9.64865805030968e-08 9.19436118351769e-08 9.33657631208007e-08 9.21366734019102e-08 8.73456471595091e-08 9.30480439365056e-08 9.80922720827948e-08 1.02485969932786e-07 1.02801209322934e-07
1.1726680781976e-07 1.16927310500614e-07 1.19193842351706e-07 1.23083296443838e-07 1.26194038330141e-07 1.28177447322742e-07 1.29899987655335e-07 1.3071955606847e-07 1.309678339112e-07 1.30664503217304e-07 1.29323410646975e-07 1.28090107409662e-07 1.27504733882233e-07 1.26921719356687e-07 1.247240675184e-07 1.26123325117078e-07 1.28976296309702e-07 1.31050200025129e-07 1.3250094355044e-07 1.32833889665562e-07 1.3353233896396e-07 1.33834731741445e-07 1.33278874159259e-07 1.33657010792376e-07 1.32354685433711e-07 1.31595342622859e-07 1.30515431351341e-07 1.27501849078726e-07 1.22261525348222e-07 1.16031309005393e-07 1.11613537967514e-07 1.07821414019327e-07 1.05997202126673e-07 1.06593937232446e-07 1.08879831373088e-07 1.10068803849117e-07 1.09919191970675e-07 1.0636958336363e-07 9.94924889141657e-08 9.5386518239593e-08 9.69481845913833e-08 9.83144943234038e-08 9.14450168920666e-08 8.61369784388444e-08 9.29691950091183e-08 9.96476785530831e-08 1.04683572033082e-07 1.05530475025262e-07
