R_scripts/int_process_data/Bio_12_2001.2020.asc
NCOLS 281 
NROWS 577 
XLLCORNER 81175.2677831308 
YLLCORNER -911.770678700996 
CELLSIZE 1000 
NODATA_value -3.4e+38 
[rows 315 to 335 of 577, columns 48 to 95 of 281]
2.09659312133681e-08 2.07619024195083e-08 2.01504555263909e-08 1.99993586136316e-08 2.05331538438713e-08 2.07473398461389e-08 2.08612771501748e-08 2.08510115839999e-08 2.08038688498391e-08 2.09283488317169e-08 2.12720188130788e-08 2.12100754737321e-08 2.09273665063847e-08 2.11184509879558e-08 2.18080256075837e-08 2.16663345042889e-08 2.16453130974514e-08 2.16133919650474e-08 2.13495372491934e-08 2.1189780596842e-08 2.0650944065892e-08 2.00703329511498e-08 2.02515106906276e-08 2.03306598223207e-08 2.00354079993303e-08 1.94526741381651e-08 1.90261975063777e-08 1.91621332135128e-08 1.93486258126541e-08 1.90371363117947e-08 1.83510522333563e-08 1.81764185924749e-08 1.81169124147118e-08 1.80287962336934e-08 1.79710504255581e-08 1.79039041370288e-08 1.78344752299608e-08 1.7743365887668e-08 1.76158305720264e-08 1.77575731896695e-08 1.87287643171885e-08 1.975081787009e-08 1.96961984499922e-08 1.90435951452628e-08 1.90794136045724e-08 1.87623818703742e-08 1.85229431792777e-08 1.88751396734688e-08
2.04009360516011e-08 2.01712726521919e-08 1.99471728024037e-08 1.96132177165964e-08 1.98126191008896e-08 2.00044816267564e-08 2.00636840474999e-08 2.02669845350556e-08 2.04453591834408e-08 2.11187796139711e-08 2.20119815708131e-08 2.21129798916309e-08 2.17938112001548e-08 2.08796908651721e-08 2.12325499404642e-08 2.12849275982308e-08 2.13823287964487e-08 2.11611421718771e-08 2.08461159445505e-08 2.07166408472403e-08 2.03145233967916e-08 1.98006553375762e-08 2.00293452934375e-08 2.00139087525031e-08 1.98274001661503e-08 1.9398919803848e-08 1.89309261600101e-08 1.90624795948224e-08 1.90328695026665e-08 1.86771504928629e-08 1.81842931823439e-08 1.808422567251e-08 1.80240711245006e-08 1.79492136709314e-08 1.78651937687846e-08 1.77830390413192e-08 1.77127095213336e-08 1.76547594321619e-08 1.77551218172312e-08 1.83575394885338e-08 1.94144131882013e-08 2.01950811629104e-08 2.02259435866381e-08 1.96094660509516e-08 1.97704146387423e-08 1.96638900717971e-08 1.91738820376486e-08 1.94567721933936e-08
2.046869518324e-08 2.03588648162167e-08 2.03112211494272e-08 1.95581382200771e-08 1.92877642746225e-08 1.93291942451879e-08 1.94078548787502e-08 1.97678797775325e-08 1.99563192637697e-08 2.05089190075114e-08 2.15403250791724e-08 2.16753548443194e-08 2.14647037921623e-08 2.05752588300356e-08 2.05792538565674e-08 2.10122905741628e-08 2.09039274778888e-08 2.06013304193675e-08 2.03711163493381e-08 2.03131129694611e-08 2.00641192549256e-08 1.96628775483987e-08 1.95485245768623e-08 1.95404687985956e-08 1.94627318705898e-08 1.92229343554118e-08 1.8877504004422e-08 1.89459843369377e-08 1.85794881701895e-08 1.82512867041851e-08 1.80562551577168e-08 1.79853998361068e-08 1.79218453411067e-08 1.78883592383272e-08 1.78119243798847e-08 1.77517964772278e-08 1.77393761902067e-08 1.76772072535414e-08 1.81005894717146e-08 1.91424973650101e-08 2.00034246944369e-08 2.02125303161438e-08 2.02085832512466e-08 2.00839362918259e-08 1.99873806394635e-08 2.00820977624971e-08 1.97483522867969e-08 1.95710168071628e-08
2.07691819298361e-08 2.04783692225874e-08 2.04296011219185e-08 1.98195149181402e-08 1.92892599670813e-08 1.92426252709765e-08 1.92387723529919e-08 1.91997227005913e-08 1.9271897855333e-08 1.9474885704085e-08 2.02831884621446e-08 2.0709942205599e-08 2.07907699945054e-08 2.00735215116765e-08 2.00095495728192e-08 2.08836148374303e-08 2.04544310378196e-08 1.99945215939579e-08 1.99737275607959e-08 2.00507450642817e-08 1.99710505910389e-08 1.97433323023688e-08 1.93238953727359e-08 1.90399855881651e-08 1.90624209750467e-08 1.89075741729994e-08 1.8595100570451e-08 1.85241706418537e-08 1.81865775772394e-08 1.80477091049625e-08 1.79828685276107e-08 1.78946173434724e-08 1.78232522074495e-08 1.78705885645059e-08 1.78768306824395e-08 1.78623871249783e-08 1.79506880471081e-08 1.77771166676166e-08 1.8230416287679e-08 1.93600655506998e-08 1.98958076680356e-08 1.96919245354366e-08 1.97998932804921e-08 2.00525320792622e-08 2.01116705511595e-08 2.01831920065842e-08 2.01481071826493e-08 2.00548022633029e-08
2.02110914671039e-08 1.98530436534838e-08 1.97362606257911e-08 1.96308551636548e-08 1.98068530465889e-08 1.97378788868718e-08 1.95399874058921e-08 1.92314146829631e-08 1.9005797824434e-08 1.91178557429339e-08 1.92920364128213e-08 1.9606309464848e-08 1.96726031020944e-08 1.98642666759952e-08 1.96754808001742e-08 2.03815293531306e-08 2.00851353326925e-08 1.96334095647899e-08 1.96027816201649e-08 1.97724521200371e-08 1.95977953865167e-08 1.97295761950045e-08 1.94566052158507e-08 1.87964488418402e-08 1.85916864126057e-08 1.84592821028673e-08 1.82714465779554e-08 1.81161503576277e-08 1.80083130629782e-08 1.7948963204617e-08 1.78657302285501e-08 1.77784098553957e-08 1.77436465520486e-08 1.79033943226159e-08 1.80254637882626e-08 1.81482580074999e-08 1.82145907245967e-08 1.80139494432296e-08 1.82283752536705e-08 1.89069329081804e-08 1.90269009436861e-08 1.89704429942594e-08 1.9275692153542e-08 1.95368503597138e-08 1.98815754970383e-08 2.02298444662574e-08 2.02268140014894e-08 2.01275245359511e-08
1.96460963053369e-08 1.93923792579653e-08 1.90813125300338e-08 1.90360367469111e-08 1.94097093952905e-08 1.94240996620465e-08 1.914876968101e-08 1.95083114107319e-08 1.94477944859273e-08 1.93775733237089e-08 1.9980982202128e-08 2.01009431322063e-08 1.97741591989598e-08 1.95247746859195e-08 1.90391915566579e-08 1.92662721332226e-08 1.94433038558373e-08 1.93719493779554e-08 1.93336919807052e-08 1.9542865103972e-08 1.93245668356212e-08 1.94961504718094e-08 1.95995006890826e-08 1.93924751812347e-08 1.88902671283131e-08 1.82133153003861e-08 1.80597936605409e-08 1.80012751371805e-08 1.79076753425988e-08 1.78306098774783e-08 1.77538410639499e-08 1.77039272131196e-08 1.78314056853424e-08 1.80867800736451e-08 1.81733543769269e-08 1.83220638660941e-08 1.8506934651441e-08 1.86811028868306e-08 1.87317610311766e-08 1.87949744656635e-08 1.88839877068858e-08 1.91673361626954e-08 1.94200531211663e-08 1.9549601049107e-08 2.0017925095317e-08 2.01924539311449e-08 2.00263183813831e-08 2.0148032575662e-08
1.97216056818661e-08 1.97484979480578e-08 1.93339921850111e-08 1.90138198519207e-08 1.89850339893383e-08 1.92326776726759e-08 1.97361753606629e-08 2.04819219362662e-08 2.04953423121879e-08 2.02945198424231e-08 2.02945997784809e-08 2.01192094095859e-08 1.99219538643547e-08 1.96858120915522e-08 1.91772784319255e-08 1.943321947806e-08 1.91954505623926e-08 1.89597582078704e-08 1.90824174239879e-08 1.94615754622873e-08 1.92256877085129e-08 1.93661602310158e-08 1.94258493735333e-08 1.94525764385389e-08 1.86833251092366e-08 1.8039727933683e-08 1.7955832376515e-08 1.78887251678361e-08 1.77916721355587e-08 1.7737757929126e-08 1.76450623001756e-08 1.77071441953558e-08 1.79792536414425e-08 1.82105335255756e-08 1.82901409573333e-08 1.84277038073333e-08 1.86775128696581e-08 1.92386213626605e-08 1.95275884351531e-08 1.94890024118877e-08 1.94758484894919e-08 1.95122566992723e-08 1.96529796880895e-08 1.97835756665654e-08 2.00165395369822e-08 1.99381418042321e-08 1.98168592646653e-08 2.00904732849949e-08
1.94646752049721e-08 1.94239415662878e-08 1.91755340495092e-08 1.90148750078833e-08 1.96068743463229e-08 2.03942533971713e-08 2.06101891109256e-08 2.07017247788599e-08 2.06349017872753e-08 2.03567918077852e-08 2.00475884781781e-08 1.98436929110812e-08 1.95630516230949e-08 1.9171356058223e-08 1.94792963981172e-08 2.00922052329133e-08 1.99455278959704e-08 1.91124609472126e-08 1.88414812640758e-08 1.92747542371308e-08 1.92543598842576e-08 1.91678530825357e-08 1.9277306861909e-08 1.95233749167301e-08 1.84379462808693e-08 1.79246448794856e-08 1.78931092165158e-08 1.78120380667224e-08 1.77376282550767e-08 1.76601684387379e-08 1.75790457745961e-08 1.77014367608308e-08 1.79495653895856e-08 1.81683059707893e-08 1.82242789747988e-08 1.83715584967103e-08 1.88430160363851e-08 1.93179676699629e-08 1.94864941960304e-08 1.94989553392588e-08 1.95539673342182e-08 1.96848723987841e-08 1.97113152466954e-08 1.97198986029434e-08 1.97605647400678e-08 1.96546601216596e-08 1.96625702386655e-08 1.98764329439882e-08
1.96890450609999e-08 1.93689366767558e-08 1.91117397463358e-08 1.92718765390509e-08 1.95945286662891e-08 1.99139620349342e-08 2.02392076431579e-08 2.03444248114693e-08 2.02741858856825e-08 2.00700345232008e-08 1.98293363951052e-08 1.96880272085309e-08 1.92553120115235e-08 1.90709279479506e-08 1.94958325039352e-08 1.99830179070659e-08 2.02091374745805e-08 1.98160741149422e-08 1.89442186382394e-08 1.8960514935884e-08 1.92349727257124e-08 1.88591453564868e-08 1.9667906414611e-08 2.00260696914256e-08 1.85120772044911e-08 1.78939174588777e-08 1.78645773729613e-08 1.77930079559019e-08 1.77114323207661e-08 1.76215522174061e-08 1.76261725215454e-08 1.76632823922773e-08 1.7794345552602e-08 1.80445365316473e-08 1.80667072413598e-08 1.81105583862973e-08 1.86009447844526e-08 1.91062508037021e-08 1.92416873545653e-08 1.93599785092147e-08 1.95310452255626e-08 1.96413996178535e-08 1.94893488014714e-08 1.9415123730937e-08 1.94890112936719e-08 1.94132230291189e-08 1.94461744484897e-08 1.95435294614299e-08
1.97259328871269e-08 1.95441298700416e-08 1.92865066139802e-08 1.91019307038687e-08 1.90395290644574e-08 1.89804190142695e-08 1.92657161335319e-08 1.98041192334131e-08 1.97157703496487e-08 1.95064231434117e-08 1.94412539400446e-08 1.94342906212341e-08 1.93839237994098e-08 1.93926243952092e-08 1.9334889245215e-08 1.97600282803023e-08 2.01565804047732e-08 2.01864871485213e-08 1.93340170540068e-08 1.86524466982974e-08 1.88830604486157e-08 1.87265314366414e-08 1.9669753825724e-08 1.97928748946197e-08 1.83609891735159e-08 1.79145889234178e-08 1.78589552035646e-08 1.77630141706686e-08 1.76740542201514e-08 1.76132939344598e-08 1.7738488011787e-08 1.78497643332776e-08 1.77211916252418e-08 1.77658350253296e-08 1.79108834430508e-08 1.80588983766938e-08 1.82340631482703e-08 1.83564896616417e-08 1.84742710018782e-08 1.88414919222168e-08 1.92393834197446e-08 1.92604350246484e-08 1.90171274283557e-08 1.89660287475135e-08 1.91061602095033e-08 1.90362428043045e-08 1.90561859625404e-08 1.92261442322206e-08
1.95823499637982e-08 1.94190423741247e-08 1.90680893297213e-08 1.87617068547752e-08 1.86707449501e-08 1.87903719250926e-08 1.87947684082701e-08 1.91783744440954e-08 1.93894944544581e-08 1.9338738610486e-08 1.96503027183326e-08 2.00541236949903e-08 1.98693488329127e-08 1.94840907852267e-08 1.92723081937629e-08 1.95454568086006e-08 2.00057606036808e-08 2.02532266513344e-08 1.98220266867111e-08 1.88285120827913e-08 1.8471242313467e-08 1.84944930481379e-08 1.90732603044808e-08 1.88132229794746e-08 1.80796035920139e-08 1.79212502615655e-08 1.78210886048191e-08 1.77320753635968e-08 1.77548340474232e-08 1.77466930040282e-08 1.7824772768904e-08 1.79591754800867e-08 1.80097359248066e-08 1.80221686463256e-08 1.81018986467052e-08 1.85100379468395e-08 1.89010211926188e-08 1.88845330484355e-08 1.85733863844462e-08 1.84194295371753e-08 1.86014190717287e-08 1.8635516241261e-08 1.86286754910725e-08 1.87769355619594e-08 1.89737239253418e-08 1.90698230539965e-08 1.90435631708397e-08 1.88502138342983e-08
1.91445526098732e-08 1.92559852507657e-08 1.89461957234016e-08 1.87148376795676e-08 1.88742514950491e-08 1.92903826246038e-08 1.93038012241686e-08 1.93529672287696e-08 1.92591969039313e-08 1.98021776753876e-08 2.0069810702239e-08 2.01996304127761e-08 1.98958858277365e-08 1.95958822502007e-08 1.95551166370933e-08 1.94787688201359e-08 1.972908414416e-08 1.99450003179891e-08 2.00201029088021e-08 1.93879738930036e-08 1.83902688632998e-08 1.83541821741073e-08 1.85155748511079e-08 1.81611259364445e-08 1.7966959475757e-08 1.78948642570731e-08 1.77907679699274e-08 1.77657941691223e-08 1.78861654376306e-08 1.79491443930146e-08 1.79897696739317e-08 1.80809891503486e-08 1.81754131745038e-08 1.82319563890587e-08 1.83526971397896e-08 1.90061602012292e-08 1.93997777842014e-08 1.93775573364974e-08 1.91343509925446e-08 1.88681550383762e-08 1.860544251997e-08 1.85969515342777e-08 1.90155180490592e-08 1.94278175769114e-08 1.93807210280283e-08 1.90451547865678e-08 1.87073556645601e-08 1.8541069124467e-08
1.89148714468956e-08 1.89158022578795e-08 1.88153972402461e-08 1.90069666672343e-08 1.90799127608443e-08 1.90698692392743e-08 1.90087714457832e-08 1.9072793122632e-08 1.92170155344229e-08 1.99228438191312e-08 2.03351717686928e-08 2.03260306363973e-08 1.99699670133668e-08 1.96745268965515e-08 1.9703655596004e-08 1.9694994080055e-08 1.96554879039468e-08 1.97178326999392e-08 1.96453022738297e-08 1.93794011948967e-08 1.84838491179562e-08 1.81474870686316e-08 1.81311765601322e-08 1.80186265907878e-08 1.79521801868532e-08 1.78655970017871e-08 1.77881389618051e-08 1.78407404405334e-08 1.79713293135819e-08 1.81638011298446e-08 1.8198084816845e-08 1.81673343035982e-08 1.82161201678355e-08 1.83582358204148e-08 1.86365642917963e-08 1.91231706025974e-08 1.94574472089926e-08 1.95121341306503e-08 1.93129903180989e-08 1.91988736020221e-08 1.91448439323949e-08 1.88388096233894e-08 1.90935587340846e-08 1.94916403017942e-08 1.92113915886694e-08 1.87369924020686e-08 1.84942532399646e-08 1.88346618301694e-08
1.88687501179174e-08 1.85783601835965e-08 1.87437887433362e-08 1.89536297767745e-08 1.88769941900091e-08 1.91648457104066e-08 1.94848670531655e-08 1.96104714689227e-08 1.98763014935821e-08 2.0002904221883e-08 2.04251975333136e-08 2.05576498046867e-08 2.00877199318938e-08 1.95902760680156e-08 1.93731857223156e-08 1.95842631001142e-08 1.96726883672227e-08 1.97966052439824e-08 1.96102742933135e-08 1.90955056211806e-08 1.82551040950329e-08 1.80557719886565e-08 1.80626731349776e-08 1.80036163754949e-08 1.79382091403113e-08 1.78440977549599e-08 1.78107324444454e-08 1.79243837550302e-08 1.80994366161258e-08 1.82866948250648e-08 1.83428543465425e-08 1.82660251368816e-08 1.83292296895843e-08 1.8548313107658e-08 1.89298461350518e-08 1.92824476386022e-08 1.93607192500167e-08 1.93157720929094e-08 1.89586852883394e-08 1.89250410898012e-08 1.89385644944196e-08 1.87647337668295e-08 1.88300433023869e-08 1.88526225741725e-08 1.8731347140033e-08 1.84323418750409e-08 1.84074107068e-08 1.88321980232331e-08
1.90296720603556e-08 1.89294766528292e-08 1.90165536650966e-08 1.91150917316918e-08 1.91739975008431e-08 1.95850429207667e-08 1.99123082467167e-08 2.01259382492935e-08 2.0218013929707e-08 2.02446983621485e-08 2.04405825598997e-08 2.04438190820611e-08 1.99013765467271e-08 1.94085494342744e-08 1.91442115493601e-08 1.92110007901647e-08 1.9549368346361e-08 1.98112495297664e-08 1.96638705318719e-08 1.88076949569904e-08 1.80279684514062e-08 1.80038650654524e-08 1.79996320071041e-08 1.79612698048004e-08 1.79149228785036e-08 1.7846717881298e-08 1.78732495470513e-08 1.80404367000619e-08 1.82234689560801e-08 1.83265100872632e-08 1.84175004136478e-08 1.84349264742423e-08 1.85416872966471e-08 1.88986657434498e-08 1.92553155642372e-08 1.94734646186134e-08 1.92334752568968e-08 1.90231617125391e-08 1.8682735358766e-08 1.85253394846541e-08 1.83472135262264e-08 1.81103256835513e-08 1.8117209066304e-08 1.80891444045983e-08 1.81594401738039e-08 1.8168309523503e-08 1.82402448700714e-08 1.83897697070279e-08
1.88467854655983e-08 1.90196658422792e-08 1.91543385597015e-08 1.96000655705575e-08 1.98432701381535e-08 1.98143030871734e-08 1.9480703272734e-08 1.95032416883123e-08 1.97139051749673e-08 2.00229877123093e-08 2.01689278611639e-08 1.9888082292141e-08 1.95007938685876e-08 1.91932247872728e-08 1.90588860249363e-08 1.90964151158823e-08 1.93826288352739e-08 1.93916385171633e-08 1.88264284162187e-08 1.8150943859041e-08 1.79677570599779e-08 1.79668404598488e-08 1.79382162457387e-08 1.79131429689505e-08 1.78892989310953e-08 1.78783423621098e-08 1.79493042651302e-08 1.81544113075915e-08 1.83355091110116e-08 1.84204260733623e-08 1.8588210082271e-08 1.86644619759591e-08 1.87582056554447e-08 1.90931235266589e-08 1.93180085261702e-08 1.93186924235533e-08 1.89716189424871e-08 1.86078068509232e-08 1.82728943087795e-08 1.78912671344733e-08 1.78020478358576e-08 1.80564345697576e-08 1.84901249866698e-08 1.84063999597583e-08 1.84156512261779e-08 1.85530488749919e-08 1.86898532206214e-08 1.86909847599281e-08
1.83336599235417e-08 1.84491000254638e-08 1.87896365133611e-08 1.90437017266731e-08 1.9330840927978e-08 1.98015790431327e-08 1.94569764744301e-08 1.9109061000222e-08 1.90753741691196e-08 1.9506087411969e-08 1.9712746990308e-08 1.9386808602917e-08 1.90731324067883e-08 1.89310203069226e-08 1.89190227928293e-08 1.89969568964443e-08 1.91828970486085e-08 1.86967454851583e-08 1.80834032192934e-08 1.79099970409879e-08 1.793836723607e-08 1.79225931873361e-08 1.78793051475168e-08 1.78621775148713e-08 1.786195902298e-08 1.79128090138647e-08 1.80502119917492e-08 1.8279459723658e-08 1.8389602729485e-08 1.84893753640836e-08 1.8829577896895e-08 1.9059729794435e-08 1.92788860431392e-08 1.9303620035771e-08 1.91053839415645e-08 1.88765678643676e-08 1.86159372361772e-08 1.80992341114461e-08 1.77647940802217e-08 1.78706507369952e-08 1.82873094445313e-08 1.87659150441277e-08 1.92013178690331e-08 1.92176461411009e-08 1.92994953351899e-08 1.93737275111516e-08 1.93895299815949e-08 1.94443483536588e-08
1.80965162854818e-08 1.80232913038481e-08 1.85961237519905e-08 1.85973103583592e-08 1.86401170054751e-08 1.93021207905986e-08 1.96403391328204e-08 1.92775715390781e-08 1.89758733171175e-08 1.88798807698731e-08 1.89609998813012e-08 1.89289046659269e-08 1.87559745512544e-08 1.86454727213459e-08 1.86076523078782e-08 1.87349016300686e-08 1.8795267564542e-08 1.81319492753573e-08 1.78859878019466e-08 1.78959549401725e-08 1.78860872779296e-08 1.78543064777159e-08 1.78247443471946e-08 1.7818369002498e-08 1.78799712813316e-08 1.79678352196788e-08 1.80890822321089e-08 1.8236676169181e-08 1.83105655082727e-08 1.85354753767797e-08 1.90825470980371e-08 1.96052098999644e-08 2.00184011589499e-08 1.9753926494559e-08 1.91819484740563e-08 1.85882917946856e-08 1.81942549914993e-08 1.77628578512667e-08 1.78699082198364e-08 1.85159834131809e-08 1.88662561129149e-08 1.90004953992684e-08 1.92215043881561e-08 1.94174543111103e-08 1.95660447843693e-08 1.93560332206744e-08 1.92862117387449e-08 1.94931288888256e-08
1.77674195356303e-08 1.8125515310885e-08 1.86449113925846e-08 1.84609074693753e-08 1.83627548722143e-08 1.88150686142308e-08 1.96212219805147e-08 1.93251548097351e-08 1.89449647081119e-08 1.85637887284429e-08 1.83223640704e-08 1.83728374736347e-08 1.85009092490418e-08 1.85990991496965e-08 1.84357329402474e-08 1.84073964959452e-08 1.83631154726527e-08 1.78854104859738e-08 1.78417423057908e-08 1.78491692537364e-08 1.78212786750009e-08 1.7771437654801e-08 1.77654069233313e-08 1.78303469766661e-08 1.79933135058263e-08 1.8049373551321e-08 1.80561858798001e-08 1.81168555712929e-08 1.81863040182861e-08 1.86331394758099e-08 1.93925249192262e-08 2.01601064730994e-08 2.03518553121285e-08 1.99209040374626e-08 1.93006499671355e-08 1.85897821580738e-08 1.79825807578027e-08 1.76649272987106e-08 1.81502546325873e-08 1.84822486204439e-08 1.86910504851312e-08 1.89414439688562e-08 1.89926492311088e-08 1.92466629300725e-08 1.91494091694722e-08 1.89956175233874e-08 1.92592821690596e-08 1.92560882794623e-08
1.75666272639319e-08 1.83011437115965e-08 1.87385609251578e-08 1.84376673928455e-08 1.82164274775687e-08 1.86098052523676e-08 1.94628420047138e-08 1.95402201086381e-08 1.93859612807046e-08 1.89447266762954e-08 1.85912032435454e-08 1.82935924186722e-08 1.81079755634528e-08 1.82184400898677e-08 1.82553190342105e-08 1.81138304355954e-08 1.80131412008677e-08 1.77946937185425e-08 1.77892616193276e-08 1.77842167659037e-08 1.77420087510427e-08 1.77090626607423e-08 1.78075563184166e-08 1.79891745943905e-08 1.80856289944131e-08 1.80551786854721e-08 1.80385786308079e-08 1.80834813789943e-08 1.81538553079008e-08 1.85626110038584e-08 1.94394651487073e-08 2.00954115570084e-08 1.98292742226158e-08 1.9441337428816e-08 1.90485671680563e-08 1.84835045047294e-08 1.77739618578698e-08 1.76162284759585e-08 1.80133223892653e-08 1.83765056505081e-08 1.87046218513842e-08 1.86881017327778e-08 1.88043998150533e-08 1.89545854567541e-08 1.86649131705963e-08 1.89476772050057e-08 1.91431581697543e-08 1.89371895942259e-08
1.74983014744612e-08 1.83550383781039e-08 1.8830473180742e-08 1.86801880630583e-08 1.84650161827449e-08 1.8351995478838e-08 1.89572375575153e-08 1.962881768236e-08 1.97451033301377e-08 1.93918641144819e-08 1.87712387855754e-08 1.83353581206802e-08 1.81734360893415e-08 1.80023906892757e-08 1.78676646811482e-08 1.78541963435919e-08 1.77571219950323e-08 1.77184258376428e-08 1.77465686590494e-08 1.7737514568239e-08 1.76794827666527e-08 1.77233800968679e-08 1.79119883370049e-08 1.80435648644561e-08 1.80548251904611e-08 1.80299775109916e-08 1.80407422334383e-08 1.81228454465554e-08 1.83045809620808e-08 1.85248225648138e-08 1.9148858498852e-08 1.94264000441535e-08 1.90480662354275e-08 1.87896720404979e-08 1.84585680074179e-08 1.79909509512299e-08 1.74426340038281e-08 1.75621330811282e-08 1.77239076748492e-08 1.80732833143793e-08 1.83073538551071e-08 1.84783814916045e-08 1.87813817831284e-08 1.85610264935576e-08 1.84027406646692e-08 1.88395166134114e-08 1.86940880553266e-08 1.86309012661923e-08
