R_scripts/int_process_data/East_Mediterranean_aspect.asc
NCOLS 281 
NROWS 576 
XLLCORNER 81175.2677831308 
YLLCORNER 88.2293212990044 
CELLSIZE 1000 
NODATA_value -3.4e+38 
[rows 437 to 459 of 576, columns 52 to 103 of 281]
-3.4e+38 -3.4e+38 -3.4e+38 -3.4e+38 -3.4e+38 -3.4e+38 -3.4e+38 -3.4e+38 -3.4e+38 -3.4e+38 95.1531677246094 152.470901489258 170.555358886719 173.802505493164 168.675170898438 176.581207275391 178.479095458984 164.045501708984 157.359176635742 146.301681518555 136.811477661133 146.647766113281 143.001495361328 137.852600097656 148.59700012207 170.258361816406 167.557250976562 179.916793823242 168.76091003418 166.248443603516 159.591934204102 173.334655761719 186.331207275391 184.650253295898 157.5830078125 177.975524902344 168.952514648438 165.285980224609 161.059188842773 165.396270751953 170.912017822266 171.149368286133 171.810485839844 169.940460205078 168.870681762695 200.876342773438 210.784271240234 209.786697387695 214.919250488281 173.268478393555 178.711929321289 204.743011474609
-3.4e+38 -3.4e+38 -3.4e+38 -3.4e+38 -3.4e+38 -3.4e+38 -3.4e+38 -3.4e+38 -3.4e+38 -3.4e+38 116.686027526855 179.942474365234 177.71533203125 176.543640136719 166.618713378906 155.762634277344 155.834457397461 162.710250854492 154.26383972168 138.914947509766 132.276901245117 124.306976318359 123.185165405273 129.336029052734 150.010833740234 162.386260986328 167.627883911133 172.326385498047 184.085037231445 184.318984985352 181.058685302734 176.711547851562 188.358001708984 173.074676513672 148.341537475586 154.560241699219 186.477432250977 172.905288696289 179.950088500977 193.243133544922 192.946304321289 197.4248046875 188.147476196289 196.124603271484 186.974411010742 187.289642333984 201.213577270508 210.226135253906 166.853561401367 150.112030029297 176.111892700195 231.226089477539
-3.4e+38 -3.4e+38 -3.4e+38 -3.4e+38 -3.4e+38 -3.4e+38 -3.4e+38 -3.4e+38 -3.4e+38 -3.4e+38 131.037109375 209.224334716797 173.654800415039 169.001205444336 170.912338256836 156.571929931641 157.749847412109 155.721755981445 149.883911132812 129.305603027344 119.922119140625 119.061157226562 102.731170654297 119.916053771973 160.137725830078 153.259719848633 153.678100585938 139.743392944336 141.059814453125 148.447357177734 164.250930786133 190.021713256836 168.696914672852 161.128662109375 151.126052856445 151.489669799805 159.239822387695 173.075424194336 185.382919311523 185.038650512695 195.560028076172 184.117340087891 179.090377807617 169.667251586914 178.331466674805 153.191131591797 129.812713623047 127.184196472168 151.913864135742 149.561019897461 99.9791717529297 148.571228027344
-3.4e+38 -3.4e+38 -3.4e+38 -3.4e+38 -3.4e+38 -3.4e+38 -3.4e+38 -3.4e+38 -3.4e+38 -3.4e+38 155.339874267578 204.485198974609 193.756378173828 194.952545166016 193.187454223633 197.918441772461 176.086395263672 181.556427001953 164.367446899414 158.737228393555 131.948089599609 118.382934570312 129.8330078125 142.455627441406 137.232788085938 164.348266601562 187.222854614258 179.500793457031 165.919448852539 170.234893798828 157.628448486328 143.914169311523 153.779632568359 144.846618652344 161.110549926758 162.932922363281 167.505661010742 174.576782226562 197.006393432617 197.3828125 194.735260009766 191.970062255859 191.409744262695 186.933532714844 161.64338684082 157.237182617188 182.574722290039 192.567901611328 180.052230834961 181.148406982422 208.337112426758 194.933975219727
-3.4e+38 -3.4e+38 -3.4e+38 -3.4e+38 -3.4e+38 -3.4e+38 -3.4e+38 -3.4e+38 -3.4e+38 -3.4e+38 160.952453613281 188.879425048828 166.192489624023 166.875213623047 162.837478637695 137.516525268555 143.866287231445 144.85514831543 162.422134399414 184.706771850586 184.482604980469 165.087310791016 165.849517822266 163.190231323242 173.539291381836 144.348663330078 164.359573364258 200.206649780273 182.043792724609 166.804458618164 165.262176513672 144.875213623047 160.707305908203 188.843383789062 171.054214477539 172.925094604492 175.710388183594 183.95085144043 175.354156494141 189.699462890625 187.258682250977 186.11474609375 173.802581787109 183.344604492188 174.952499389648 182.072952270508 195.251861572266 183.495544433594 202.331558227539 226.213073730469 238.0703125 141.832992553711
-3.4e+38 -3.4e+38 -3.4e+38 -3.4e+38 -3.4e+38 -3.4e+38 -3.4e+38 -3.4e+38 -3.4e+38 -3.4e+38 183.518890380859 181.326065063477 180.318420410156 172.113235473633 173.041732788086 193.319869995117 194.696975708008 163.023422241211 148.806884765625 135.210754394531 160.840896606445 185.852111816406 196.016799926758 219.76057434082 223.291000366211 215.868789672852 165.900466918945 112.861000061035 154.20426940918 175.529174804688 183.604309082031 189.17643737793 153.872909545898 180.612869262695 199.956558227539 178.766906738281 189.76741027832 181.04280090332 181.131958007812 183.65625 206.153701782227 197.962875366211 194.17707824707 181.451431274414 208.193817138672 195.241714477539 180.350280761719 170.45085144043 188.706512451172 210.780151367188 157.887786865234 172.999374389648
-3.4e+38 -3.4e+38 -3.4e+38 -3.4e+38 -3.4e+38 -3.4e+38 -3.4e+38 -3.4e+38 -3.4e+38 -3.4e+38 200.949462890625 186.389022827148 179.873336791992 181.669937133789 207.965194702148 224.77001953125 196.351455688477 196.40983581543 184.124099731445 170.884246826172 139.657791137695 177.203567504883 211.16389465332 215.825988769531 198.725006103516 169.114227294922 156.618179321289 170.359390258789 190.535903930664 157.526672363281 137.139495849609 177.184036254883 178.919204711914 157.77864074707 183.523910522461 190.883148193359 182.971984863281 182.727386474609 171.527603149414 162.688171386719 192.282150268555 192.12385559082 192.726608276367 164.518508911133 170.674575805664 202.117324829102 199.756240844727 193.415176391602 168.799819946289 183.264587402344 132.359588623047 166.221496582031
-3.4e+38 -3.4e+38 -3.4e+38 -3.4e+38 -3.4e+38 -3.4e+38 -3.4e+38 -3.4e+38 -3.4e+38 117.984878540039 203.85595703125 206.985305786133 224.226623535156 225.556411743164 213.443603515625 203.402114868164 167.625961303711 175.009902954102 181.541885375977 179.679672241211 179.608306884766 182.321319580078 204.33625793457 205.205993652344 161.874481201172 146.599060058594 178.211029052734 181.358963012695 177.413635253906 194.09407043457 176.462524414062 178.157989501953 194.213165283203 170.595016479492 147.294647216797 186.935211181641 182.320434570312 178.599563598633 182.313858032227 160.134704589844 162.73078918457 190.979034423828 199.327575683594 196.165771484375 168.503753662109 184.288925170898 213.062866210938 211.161102294922 197.438903808594 176.415908813477 165.291732788086 150.991989135742
-3.4e+38 -3.4e+38 -3.4e+38 -3.4e+38 -3.4e+38 -3.4e+38 -3.4e+38 -3.4e+38 -3.4e+38 145.198699951172 159.039108276367 172.111602783203 180.502700805664 169.61164855957 139.802947998047 146.02424621582 184.090042114258 182.803009033203 149.658111572266 170.150161743164 179.734634399414 164.981658935547 163.722442626953 178.480117797852 176.652709960938 155.265686035156 184.645095825195 168.459869384766 174.441452026367 181.277450561523 180.236968994141 147.414611816406 147.751541137695 171.654968261719 201.778457641602 186.833602905273 187.616683959961 169.102081298828 186.598556518555 170.956726074219 147.130325317383 176.805923461914 199.591445922852 223.762725830078 232.755950927734 212.379257202148 186.841125488281 209.468780517578 176.688034057617 181.170425415039 199.604888916016 201.300018310547
-3.4e+38 -3.4e+38 -3.4e+38 -3.4e+38 -3.4e+38 -3.4e+38 -3.4e+38 -3.4e+38 -3.4e+38 121.165832519531 116.883041381836 121.908248901367 139.97770690918 146.776473999023 162.646392822266 144.638824462891 160.055999755859 149.274002075195 154.537536621094 145.888519287109 167.425003051758 186.131240844727 186.296585083008 182.048522949219 163.206039428711 177.398956298828 180.961502075195 163.612243652344 168.35432434082 133.799423217773 154.847946166992 171.055236816406 170.093338012695 157.314254760742 153.616806030273 174.864471435547 197.987915039062 210.222015380859 185.957305908203 183.295013427734 180.864120483398 189.217971801758 187.681060791016 170.948715209961 194.603790283203 168.636169433594 184.981079101562 176.397003173828 136.648513793945 143.046859741211 189.853561401367 181.46418762207
-3.4e+38 -3.4e+38 -3.4e+38 -3.4e+38 -3.4e+38 -3.4e+38 -3.4e+38 -3.4e+38 -3.4e+38 171.093399047852 155.221267700195 171.199813842773 149.355224609375 148.304992675781 158.427108764648 159.270782470703 153.356674194336 150.52522277832 153.743545532227 177.161407470703 192.636093139648 159.302429199219 166.247833251953 177.792999267578 186.1904296875 168.217071533203 172.970260620117 177.97314453125 164.250946044922 110.379112243652 139.912368774414 174.084503173828 162.839340209961 156.439743041992 124.182022094727 123.905067443848 121.717247009277 145.194564819336 174.224838256836 222.147567749023 209.640151977539 160.96174621582 146.814666748047 158.785079956055 165.092681884766 151.278717041016 162.660873413086 176.69953918457 199.932144165039 165.090133666992 149.438064575195 182.533355712891
-3.4e+38 -3.4e+38 -3.4e+38 -3.4e+38 -3.4e+38 -3.4e+38 -3.4e+38 -3.4e+38 107.005462646484 193.6044921875 177.128204345703 170.003372192383 156.394973754883 189.148345947266 188.966537475586 201.717590332031 204.711929321289 175.282287597656 154.518325805664 184.145721435547 193.379058837891 188.558624267578 154.887756347656 159.992095947266 181.759185791016 158.909530639648 160.33430480957 148.611923217773 170.425247192383 164.076232910156 145.873916625977 153.941452026367 140.089736938477 165.910552978516 168.620590209961 115.678131103516 148.709915161133 150.800933837891 117.379119873047 137.739974975586 146.518447875977 165.516632080078 187.140335083008 215.925491333008 202.95622253418 199.819427490234 231.622650146484 164.6923828125 163.65202331543 185.86833190918 170.870147705078 156.664794921875
-3.4e+38 -3.4e+38 -3.4e+38 -3.4e+38 -3.4e+38 -3.4e+38 -3.4e+38 -3.4e+38 51.5056838989258 98.2275695800781 222.753982543945 207.664581298828 218.358856201172 209.385528564453 183.006927490234 173.050064086914 163.970901489258 203.933303833008 214.830291748047 194.782363891602 218.581726074219 195.552963256836 157.975845336914 148.356491088867 170.672561645508 171.990768432617 144.212951660156 165.651473999023 177.530639648438 155.117691040039 135.982482910156 138.814376831055 154.019088745117 122.825675964355 165.851455688477 164.045486450195 173.450057983398 172.548736572266 174.263534545898 155.738891601562 139.313461303711 159.929397583008 183.231552124023 193.995620727539 139.617080688477 143.561019897461 179.625747680664 138.735214233398 153.908065795898 138.105453491211 138.415954589844 144.840744018555
-3.4e+38 -3.4e+38 -3.4e+38 -3.4e+38 -3.4e+38 -3.4e+38 -3.4e+38 -3.4e+38 123.947463989258 72.1983795166016 157.863952636719 183.790328979492 168.119720458984 167.23908996582 175.199813842773 200.888977050781 186.693008422852 155.30403137207 130.168304443359 153.549682617188 145.377075195312 153.652465820312 166.313735961914 165.89241027832 140.070007324219 155.348510742188 168.634353637695 194.993774414062 169.763717651367 151.48828125 146.426544189453 168.186111450195 139.887573242188 134.536254882812 158.729736328125 166.441467285156 158.875534057617 176.516876220703 165.492080688477 114.996963500977 142.451614379883 147.020477294922 151.187774658203 172.822692871094 143.852890014648 127.899856567383 137.011734008789 137.542602539062 151.406463623047 187.082397460938 167.327728271484 158.112060546875
-3.4e+38 -3.4e+38 -3.4e+38 -3.4e+38 -3.4e+38 -3.4e+38 -3.4e+38 91.8802337646484 185.36897277832 150.78205871582 150.79377746582 160.899871826172 200.097274780273 204.069671630859 182.732269287109 183.69807434082 185.935562133789 204.887939453125 192.232269287109 200.152557373047 217.319946289062 204.002365112305 186.141204833984 160.259826660156 147.035446166992 175.458206176758 164.051864624023 159.217575073242 138.263290405273 142.406753540039 138.269027709961 125.788368225098 126.999481201172 148.864227294922 155.648376464844 172.341110229492 197.133499145508 162.085708618164 147.513977050781 163.333206176758 193.024948120117 196.207046508789 182.812438964844 196.45166015625 156.542984008789 152.619171142578 146.827178955078 144.471786499023 145.569137573242 132.606491088867 162.811309814453 168.630706787109
-3.4e+38 -3.4e+38 -3.4e+38 -3.4e+38 -3.4e+38 -3.4e+38 -3.4e+38 147.364334106445 177.507797241211 168.990158081055 204.713180541992 205.438949584961 167.239486694336 155.728546142578 149.983917236328 179.066345214844 156.295944213867 159.133911132812 145.428512573242 147.83203125 154.325531005859 161.748931884766 181.95295715332 215.735626220703 223.557388305664 208.760009765625 206.431304931641 165.694580078125 158.631958007812 167.723403930664 196.652969360352 203.155654907227 185.489074707031 183.290679931641 192.401657104492 207.256927490234 204.533279418945 205.052627563477 183.610427856445 182.086868286133 171.640594482422 190.996490478516 199.586059570312 182.143615722656 186.713073730469 179.0087890625 158.557373046875 163.953735351562 161.11686706543 160.005035400391 175.345565795898 191.514175415039
-3.4e+38 -3.4e+38 -3.4e+38 -3.4e+38 -3.4e+38 -3.4e+38 -3.4e+38 177.399810791016 173.372421264648 151.542465209961 151.796447753906 173.513900756836 198.153289794922 173.446868896484 177.742904663086 180.980682373047 201.218399047852 186.94221496582 174.05647277832 189.519271850586 173.214416503906 211.468002319336 193.597610473633 176.086761474609 209.580718994141 209.34375 211.664031982422 216.726196289062 203.803726196289 206.957183837891 179.020050048828 201.151260375977 214.828231811523 209.158584594727 197.03059387207 159.146621704102 167.041641235352 204.967544555664 216.864456176758 173.977066040039 176.914077758789 183.657974243164 177.356811523438 161.042587280273 157.359878540039 174.531005859375 181.539321899414 203.696395874023 193.403305053711 182.612075805664 173.687103271484 175.592956542969
-3.4e+38 -3.4e+38 -3.4e+38 -3.4e+38 -3.4e+38 -3.4e+38 -3.4e+38 153.425048828125 160.691513061523 167.487762451172 134.972229003906 147.731170654297 153.927200317383 177.398895263672 195.948287963867 178.128143310547 190.688369750977 212.763275146484 225.102325439453 211.192291259766 194.312454223633 184.963409423828 204.579360961914 195.933486938477 165.895904541016 199.353164672852 198.608184814453 205.530899047852 208.949584960938 187.51628112793 179.028930664062 165.164535522461 189.326370239258 207.228820800781 193.541320800781 168.729431152344 159.68034362793 155.718933105469 190.610412597656 191.840362548828 177.727233886719 186.365600585938 172.340545654297 193.982757568359 207.679626464844 189.013107299805 188.820449829102 185.508377075195 184.557998657227 177.950942993164 174.667602539062 187.180648803711
-3.4e+38 -3.4e+38 -3.4e+38 -3.4e+38 -3.4e+38 -3.4e+38 140.977661132812 162.808807373047 172.282165527344 172.630172729492 168.392211914062 153.869750976562 168.462844848633 168.528427124023 162.725982666016 146.740875244141 158.481384277344 164.364440917969 151.498168945312 149.686660766602 171.191329956055 200.427932739258 196.214248657227 215.67463684082 207.42041015625 188.167129516602 195.194427490234 207.828216552734 202.963623046875 199.855392456055 177.184829711914 164.858245849609 181.524642944336 204.001571655273 212.180191040039 203.381713867188 197.930709838867 174.421356201172 146.919128417969 190.25862121582 182.723373413086 191.934188842773 180.640548706055 148.002075195312 177.827545166016 207.321762084961 199.275939941406 196.404708862305 189.043075561523 209.191955566406 209.986953735352 188.711135864258
-3.4e+38 -3.4e+38 -3.4e+38 -3.4e+38 -3.4e+38 -3.4e+38 173.646926879883 177.56770324707 168.996047973633 155.454055786133 148.05973815918 163.296630859375 155.018646240234 182.815551757812 178.676162719727 176.831970214844 145.009658813477 171.246383666992 166.0556640625 154.850875854492 166.150451660156 166.620742797852 158.261474609375 172.925186157227 188.333724975586 190.534912109375 214.562255859375 188.27424621582 200.864044189453 192.516937255859 157.012969970703 158.96696472168 137.665100097656 114.617301940918 144.905380249023 211.275039672852 215.464385986328 200.287536621094 205.942520141602 184.413101196289 185.239486694336 177.852203369141 168.485763549805 157.402267456055 159.168045043945 169.349472045898 199.204254150391 192.774642944336 181.255279541016 200.314483642578 181.147308349609 157.046264648438
-3.4e+38 -3.4e+38 -3.4e+38 -3.4e+38 -3.4e+38 110.73348236084 177.277618408203 175.682815551758 168.932723999023 159.139434814453 160.548416137695 159.907302856445 164.197006225586 168.978393554688 192.421798706055 182.73176574707 182.446929931641 134.24201965332 158.329605102539 181.224365234375 186.927322387695 181.705764770508 191.475357055664 185.851577758789 181.900970458984 179.223220825195 206.327713012695 191.073822021484 207.824554443359 192.398620605469 189.301010131836 159.651336669922 180.344589233398 164.956497192383 128.053527832031 121.166084289551 140.19010925293 146.069702148438 147.798751831055 167.239364624023 188.176620483398 179.976379394531 160.194366455078 176.932800292969 180.557708740234 198.082901000977 165.377716064453 144.912216186523 148.471450805664 156.53515625 156.984802246094 175.734344482422
-3.4e+38 -3.4e+38 -3.4e+38 -3.4e+38 -3.4e+38 160.050399780273 199.584411621094 193.36848449707 175.343078613281 174.166580200195 161.382293701172 155.260406494141 162.92057800293 154.091995239258 164.838729858398 176.295715332031 172.753997802734 168.10026550293 150.622314453125 183.929840087891 191.498779296875 189.038772583008 170.507232666016 157.131057739258 148.993835449219 158.72607421875 169.828918457031 211.283050537109 217.087539672852 216.107131958008 207.396224975586 196.045059204102 192.826644897461 191.034271240234 198.427642822266 184.315948486328 157.155136108398 154.587753295898 172.416381835938 182.965850830078 182.57844543457 146.059127807617 169.695419311523 186.693832397461 163.988998413086 168.037811279297 172.960540771484 172.655807495117 156.821838378906 169.219543457031 165.833419799805 154.094329833984
-3.4e+38 -3.4e+38 -3.4e+38 -3.4e+38 84.6089019775391 166.619293212891 183.316696166992 164.189865112305 160.898986816406 164.981857299805 157.468978881836 145.442642211914 147.270172119141 164.278823852539 148.919036865234 149.47428894043 175.887771606445 187.657363891602 192.167343139648 194.848861694336 193.27978515625 185.707733154297 212.172561645508 214.528167724609 177.624298095703 160.926040649414 165.561294555664 157.821548461914 195.348083496094 225.664840698242 214.64680480957 200.646301269531 173.731826782227 173.145660400391 172.88981628418 194.506149291992 199.032928466797 203.805770874023 193.517913818359 203.777465820312 168.351257324219 164.817459106445 177.974517822266 174.563262939453 198.061935424805 174.658966064453 184.852432250977 184.830505371094 175.328414916992 163.266052246094 165.89811706543 154.414398193359
