R_scripts/int_process_data/East_Mediterranean_aspect.asc
NCOLS 281 
NROWS 576 
XLLCORNER 81175.2677831308 
YLLCORNER 88.2293212990044 
CELLSIZE 1000 
NODATA_value -3.4e+38 
[rows 460 to 482 of 576, columns 156 to 207 of 281]
156.587814331055 162.919479370117 183.119735717773 197.796844482422 184.505493164062 171.729431152344 170.05126953125 209.649780273438 252.50163269043 235.950531005859 205.60905456543 211.584991455078 222.097122192383 225.893905639648 231.414993286133 228.764434814453 242.112213134766 224.021774291992 204.943176269531 227.323654174805 218.727676391602 220.895797729492 214.746948242188 197.331024169922 210.016250610352 183.05534362793 169.986831665039 175.733673095703 206.935684204102 223.176727294922 207.920852661133 184.349563598633 148.58235168457 152.198120117188 183.214447021484 253.674255371094 202.867233276367 156.054428100586 142.746994018555 127.333946228027 139.49365234375 127.537269592285 145.931793212891 159.909484863281 157.945358276367 144.151443481445 130.347991943359 146.142105102539 158.620864868164 162.21711730957 144.322906494141 -3.4e+38
197.132461547852 138.826065063477 103.85213470459 138.624847412109 181.121459960938 189.263626098633 181.362579345703 232.112335205078 212.984985351562 214.913558959961 188.67512512207 193.353240966797 224.6044921875 230.309219360352 228.460922241211 206.116394042969 205.956665039062 202.611099243164 211.789703369141 190.928863525391 179.625366210938 162.39567565918 171.917785644531 214.45002746582 199.360748291016 187.622024536133 208.598419189453 183.961807250977 187.154495239258 184.734832763672 187.871505737305 210.024139404297 192.906784057617 194.23291015625 217.804000854492 207.029510498047 150.986022949219 160.509368896484 174.026489257812 176.706726074219 145.061187744141 139.564697265625 123.102554321289 -3.4e+38 -3.4e+38 -3.4e+38 -3.4e+38 -3.4e+38 -3.4e+38 -3.4e+38 -3.4e+38 -3.4e+38
208.922454833984 165.589721679688 163.460845947266 195.012924194336 196.592895507812 210.251220703125 198.658843994141 196.514724731445 155.52587890625 152.368423461914 144.371551513672 126.671394348145 129.957946777344 163.812164306641 151.196090698242 125.706901550293 132.361221313477 173.073654174805 145.556549072266 154.529647827148 145.600494384766 141.417678833008 107.905456542969 190.981948852539 222.944900512695 229.331512451172 204.660369873047 199.840744018555 192.497161865234 182.280944824219 211.66096496582 193.163116455078 160.979507446289 157.490219116211 218.631790161133 160.733779907227 115.352966308594 129.600036621094 143.115966796875 158.178955078125 -3.4e+38 -3.4e+38 -3.4e+38 -3.4e+38 -3.4e+38 -3.4e+38 -3.4e+38 -3.4e+38 -3.4e+38 -3.4e+38 -3.4e+38 -3.4e+38
210.120498657227 218.020904541016 219.573089599609 197.50276184082 195.00732421875 175.307388305664 164.58415222168 134.57177734375 147.412658691406 182.64729309082 161.440322875977 130.791915893555 117.15421295166 140.288696289062 213.091232299805 220.050384521484 188.485504150391 138.06022644043 169.909851074219 170.431335449219 180.678039550781 171.473846435547 130.560531616211 130.51383972168 157.025268554688 159.865493774414 189.779159545898 207.485244750977 205.998748779297 206.222839355469 187.144607543945 190.738830566406 196.065322875977 157.509231567383 198.479614257812 206.461395263672 114.344863891602 96.1211929321289 101.731185913086 -3.4e+38 -3.4e+38 -3.4e+38 -3.4e+38 -3.4e+38 -3.4e+38 -3.4e+38 -3.4e+38 -3.4e+38 -3.4e+38 -3.4e+38 -3.4e+38 -3.4e+38
171.193069458008 225.700317382812 237.097503662109 201.490936279297 171.778228759766 151.759521484375 171.804244995117 181.431091308594 151.136444091797 132.467025756836 179.381607055664 133.913055419922 148.704986572266 138.943267822266 134.662261962891 151.556488037109 174.722183227539 169.666076660156 142.832962036133 180.083755493164 187.8369140625 136.561218261719 151.812789916992 158.688400268555 149.558792114258 154.325927734375 141.553573608398 191.704650878906 197.227722167969 187.209854125977 171.492370605469 187.859130859375 213.270568847656 201.883758544922 200.925567626953 175.292861938477 181.807632446289 117.21346282959 114.087852478027 134.661956787109 -3.4e+38 -3.4e+38 -3.4e+38 -3.4e+38 -3.4e+38 -3.4e+38 -3.4e+38 -3.4e+38 -3.4e+38 -3.4e+38 -3.4e+38 -3.4e+38
159.116851806641 148.605911254883 208.583618164062 208.076354980469 187.289352416992 158.684616088867 128.596954345703 162.252868652344 175.915542602539 148.369079589844 186.170806884766 205.163619995117 180.261093139648 164.722122192383 156.818939208984 116.453254699707 132.833862304688 147.035034179688 175.797714233398 154.248825073242 187.900512695312 213.877502441406 212.59928894043 170.244827270508 131.858673095703 140.740707397461 152.183029174805 143.761581420898 157.627487182617 157.505599975586 167.582794189453 195.231643676758 220.57048034668 235.554626464844 190.905807495117 198.294082641602 219.056549072266 239.990417480469 240.031402587891 250.219909667969 -3.4e+38 -3.4e+38 -3.4e+38 -3.4e+38 -3.4e+38 -3.4e+38 -3.4e+38 -3.4e+38 -3.4e+38 -3.4e+38 -3.4e+38 -3.4e+38
137.739105224609 157.884231567383 185.13591003418 172.995483398438 158.88737487793 142.040237426758 118.710182189941 111.616691589355 144.592132568359 142.358154296875 140.522827148438 202.549224853516 174.737014770508 138.124450683594 158.261825561523 173.180511474609 145.873092651367 169.161849975586 161.399673461914 171.757690429688 156.27799987793 150.917572021484 147.12727355957 194.960708618164 197.867385864258 181.532989501953 175.043701171875 155.695434570312 180.502883911133 203.461029052734 206.027877807617 209.444717407227 187.17041015625 212.566482543945 215.619552612305 239.728393554688 256.305786132812 261.09814453125 240.792175292969 215.884323120117 -3.4e+38 -3.4e+38 -3.4e+38 -3.4e+38 -3.4e+38 -3.4e+38 -3.4e+38 -3.4e+38 -3.4e+38 -3.4e+38 -3.4e+38 -3.4e+38
220.954177856445 218.641265869141 199.300537109375 158.940612792969 147.398086547852 192.953033447266 219.558929443359 182.066680908203 178.468490600586 152.776184082031 121.945091247559 135.602355957031 164.793685913086 161.964080810547 137.305679321289 158.611267089844 161.621063232422 170.522598266602 157.46174621582 159.473251342773 155.548828125 169.11018371582 171.684448242188 139.589660644531 133.607299804688 141.935455322266 153.135635375977 174.335815429688 195.257827758789 216.608383178711 209.304183959961 218.750045776367 226.478912353516 204.817733764648 190.193817138672 186.943984985352 219.118133544922 217.684707641602 188.849792480469 206.417556762695 -3.4e+38 -3.4e+38 -3.4e+38 -3.4e+38 -3.4e+38 -3.4e+38 -3.4e+38 -3.4e+38 -3.4e+38 -3.4e+38 -3.4e+38 -3.4e+38
189.51530456543 160.414535522461 154.693725585938 223.028335571289 215.443099975586 246.102767944336 199.080123901367 183.611755371094 147.080352783203 160.038558959961 163.251815795898 179.072692871094 161.386596679688 162.742370605469 161.46223449707 159.183364868164 149.343826293945 159.466705322266 143.713943481445 144.915435791016 146.389739990234 153.598937988281 176.696517944336 166.563385009766 167.875595092773 171.156372070312 166.42170715332 184.453979492188 183.63200378418 202.041015625 197.712066650391 176.466934204102 195.597091674805 191.65803527832 210.598526000977 182.571670532227 165.711669921875 180.621627807617 202.776657104492 193.686462402344 -3.4e+38 -3.4e+38 -3.4e+38 -3.4e+38 -3.4e+38 -3.4e+38 -3.4e+38 -3.4e+38 -3.4e+38 -3.4e+38 -3.4e+38 -3.4e+38
152.324401855469 192.930297851562 188.672470092773 141.609832763672 213.408493041992 229.210235595703 206.138122558594 191.313354492188 207.197937011719 199.831207275391 174.710571289062 158.181716918945 174.902145385742 183.045639038086 196.517562866211 184.953506469727 167.453475952148 150.117462158203 169.747100830078 195.785308837891 212.454223632812 212.259750366211 173.774002075195 189.353073120117 219.734481811523 218.378311157227 185.35498046875 161.632339477539 177.426803588867 172.132843017578 182.917785644531 196.019241333008 187.810440063477 212.996246337891 202.684722900391 169.51286315918 178.610870361328 174.968063354492 166.293716430664 -3.4e+38 -3.4e+38 -3.4e+38 -3.4e+38 -3.4e+38 -3.4e+38 -3.4e+38 -3.4e+38 -3.4e+38 -3.4e+38 -3.4e+38 -3.4e+38 -3.4e+38
149.444641113281 158.520370483398 147.517349243164 162.559539794922 168.012786865234 191.010559082031 189.640441894531 170.538497924805 179.379119873047 161.598159790039 171.215240478516 144.670394897461 180.755142211914 218.370346069336 197.133712768555 179.786727905273 175.1240234375 163.954925537109 149.345260620117 168.077697753906 193.177551269531 162.695419311523 197.230880737305 220.869338989258 213.609390258789 196.541549682617 192.214859008789 165.446640014648 166.257705688477 151.909912109375 148.747802734375 172.503768920898 169.777160644531 195.019760131836 202.531860351562 198.258224487305 198.55891418457 184.148666381836 197.42057800293 -3.4e+38 -3.4e+38 -3.4e+38 -3.4e+38 -3.4e+38 -3.4e+38 -3.4e+38 -3.4e+38 -3.4e+38 -3.4e+38 -3.4e+38 -3.4e+38 -3.4e+38
136.435699462891 149.690017700195 172.242446899414 196.685943603516 193.474365234375 169.531448364258 203.516021728516 219.25505065918 196.877304077148 227.153442382812 221.783355712891 181.818099975586 208.663925170898 195.506164550781 199.183654785156 188.236190795898 185.078277587891 204.502593994141 213.203170776367 220.746765136719 194.682540893555 207.440948486328 195.944000244141 162.264038085938 147.340240478516 145.871917724609 141.270553588867 164.961654663086 182.735626220703 195.166046142578 195.235473632812 191.614868164062 174.288528442383 171.127777099609 211.032119750977 203.251571655273 199.116302490234 202.146499633789 -3.4e+38 -3.4e+38 -3.4e+38 -3.4e+38 -3.4e+38 -3.4e+38 -3.4e+38 -3.4e+38 -3.4e+38 -3.4e+38 -3.4e+38 -3.4e+38 -3.4e+38 -3.4e+38
195.092620849609 179.350112915039 158.88264465332 152.821273803711 166.734909057617 197.897735595703 150.114151000977 162.72216796875 214.195770263672 244.8173828125 252.494079589844 241.91032409668 181.208999633789 200.446472167969 203.276824951172 219.158111572266 238.305313110352 224.204971313477 228.12336730957 218.614929199219 207.911483764648 178.406173706055 159.613693237305 151.12712097168 165.627227783203 198.812057495117 176.751480102539 160.536926269531 163.654602050781 164.482513427734 160.062301635742 148.238357543945 143.507675170898 165.164749145508 180.145446777344 181.128494262695 191.814956665039 185.76676940918 -3.4e+38 -3.4e+38 -3.4e+38 -3.4e+38 -3.4e+38 -3.4e+38 -3.4e+38 -3.4e+38 -3.4e+38 -3.4e+38 -3.4e+38 -3.4e+38 -3.4e+38 -3.4e+38
204.442016601562 208.373916625977 211.921493530273 190.386825561523 186.921234130859 197.143142700195 196.046783447266 190.407852172852 184.321182250977 188.785263061523 212.108901977539 218.618240356445 206.152709960938 189.991165161133 215.938079833984 230.873168945312 216.953643798828 192.893035888672 182.667785644531 177.420501708984 171.108749389648 183.1845703125 192.066848754883 186.29069519043 155.454254150391 151.160583496094 172.486770629883 176.81787109375 171.778305053711 170.747589111328 181.552536010742 184.349899291992 200.487518310547 190.346282958984 175.530044555664 159.73908996582 160.798873901367 173.530120849609 -3.4e+38 -3.4e+38 -3.4e+38 -3.4e+38 -3.4e+38 -3.4e+38 -3.4e+38 -3.4e+38 -3.4e+38 -3.4e+38 -3.4e+38 -3.4e+38 -3.4e+38 -3.4e+38
195.783172607422 195.418106079102 195.686431884766 187.084197998047 177.943069458008 173.274383544922 202.07568359375 193.41682434082 181.696533203125 201.899887084961 207.283889770508 184.143676757812 189.143051147461 200.261260986328 200.206100463867 195.489868164062 179.928436279297 181.050888061523 172.543762207031 187.222396850586 201.331344604492 191.338073730469 196.262359619141 201.540084838867 212.857467651367 202.835922241211 205.713088989258 223.365753173828 217.891021728516 208.242477416992 190.855941772461 192.672012329102 175.947967529297 189.789596557617 202.447998046875 204.399185180664 182.73454284668 180.780456542969 -3.4e+38 -3.4e+38 -3.4e+38 -3.4e+38 -3.4e+38 -3.4e+38 -3.4e+38 -3.4e+38 -3.4e+38 -3.4e+38 -3.4e+38 -3.4e+38 -3.4e+38 -3.4e+38
177.877136230469 172.262924194336 199.995651245117 181.005355834961 163.397491455078 192.840209960938 196.728317260742 165.34651184082 183.067108154297 188.764266967773 199.392440795898 205.348403930664 199.228073120117 172.326538085938 168.948165893555 170.213943481445 191.527862548828 161.530914306641 187.156524658203 194.380111694336 182.386627197266 176.769439697266 181.284713745117 193.785568237305 194.242828369141 187.014755249023 183.33464050293 176.615631103516 189.124252319336 203.190170288086 195.378387451172 188.774703979492 197.408905029297 178.406021118164 184.720565795898 201.058380126953 203.100433349609 211.009841918945 -3.4e+38 -3.4e+38 -3.4e+38 -3.4e+38 -3.4e+38 -3.4e+38 -3.4e+38 -3.4e+38 -3.4e+38 -3.4e+38 -3.4e+38 -3.4e+38 -3.4e+38 -3.4e+38
160.419906616211 166.174850463867 180.874801635742 184.330749511719 190.371566772461 175.558441162109 173.656433105469 177.497299194336 207.557205200195 195.575119018555 166.849487304688 146.286895751953 145.916030883789 152.026962280273 149.825134277344 158.110900878906 158.229934692383 163.490676879883 156.818710327148 163.220657348633 161.574935913086 186.063583374023 198.582321166992 194.697952270508 183.658721923828 180.482513427734 172.169906616211 177.693969726562 188.41569519043 180.885055541992 177.849624633789 179.133697509766 182.54670715332 190.836410522461 161.122543334961 175.505859375 202.511444091797 -3.4e+38 -3.4e+38 -3.4e+38 -3.4e+38 -3.4e+38 -3.4e+38 -3.4e+38 -3.4e+38 -3.4e+38 -3.4e+38 -3.4e+38 -3.4e+38 -3.4e+38 -3.4e+38 -3.4e+38
190.770980834961 187.141052246094 189.445739746094 190.193222045898 182.368041992188 188.054016113281 200.44792175293 196.546264648438 209.961074829102 197.468063354492 175.199996948242 187.295028686523 197.190979003906 193.900207519531 188.896545410156 171.687637329102 150.005249023438 159.430252075195 167.049880981445 168.690353393555 163.678253173828 156.10546875 147.929107666016 177.620590209961 184.331909179688 170.115768432617 170.213470458984 178.20393371582 187.449371337891 199.538452148438 194.981674194336 191.923431396484 202.4130859375 191.99560546875 181.731643676758 191.008911132812 -3.4e+38 -3.4e+38 -3.4e+38 -3.4e+38 -3.4e+38 -3.4e+38 -3.4e+38 -3.4e+38 -3.4e+38 -3.4e+38 -3.4e+38 -3.4e+38 -3.4e+38 -3.4e+38 -3.4e+38 -3.4e+38
195.124618530273 190.196716308594 180.975234985352 184.044311523438 181.826431274414 187.84846496582 186.013320922852 186.035522460938 182.624328613281 175.995422363281 207.719055175781 200.126724243164 199.325729370117 193.002380371094 203.46794128418 199.853378295898 166.482177734375 148.130966186523 162.988159179688 159.440139770508 164.261352539062 156.44694519043 146.226623535156 148.94416809082 146.694107055664 148.326995849609 161.536758422852 182.914245605469 191.527420043945 178.249221801758 201.969360351562 178.305908203125 168.417510986328 199.219390869141 203.544067382812 226.780258178711 -3.4e+38 -3.4e+38 -3.4e+38 -3.4e+38 -3.4e+38 -3.4e+38 -3.4e+38 -3.4e+38 -3.4e+38 -3.4e+38 -3.4e+38 -3.4e+38 -3.4e+38 -3.4e+38 -3.4e+38 -3.4e+38
199.719085693359 197.283248901367 182.140533447266 210.812591552734 191.189392089844 166.271011352539 178.17008972168 185.397705078125 190.80680847168 199.325546264648 194.719085693359 196.473129272461 180.637054443359 197.700149536133 207.624099731445 194.09521484375 187.35075378418 176.072219848633 162.950378417969 156.73583984375 166.260879516602 155.565399169922 179.538970947266 197.35205078125 204.483489990234 190.610809326172 181.622955322266 165.100051879883 171.756057739258 186.730041503906 196.119400024414 188.427871704102 190.178817749023 182.495956420898 193.160614013672 -3.4e+38 -3.4e+38 -3.4e+38 -3.4e+38 -3.4e+38 -3.4e+38 -3.4e+38 -3.4e+38 -3.4e+38 -3.4e+38 -3.4e+38 -3.4e+38 -3.4e+38 -3.4e+38 -3.4e+38 -3.4e+38 -3.4e+38
202.886413574219 181.79475402832 172.194900512695 170.66081237793 176.253387451172 176.162155151367 203.593063354492 203.889739990234 172.358352661133 165.422393798828 169.927780151367 165.041076660156 175.444030761719 171.219085693359 184.989654541016 204.278076171875 208.397720336914 213.804122924805 188.820220947266 160.801940917969 173.305450439453 190.727462768555 195.831558227539 205.235946655273 205.461212158203 209.540664672852 185.235855102539 177.326614379883 194.164154052734 183.815780639648 194.618133544922 193.587295532227 197.787521362305 192.155410766602 -3.4e+38 -3.4e+38 -3.4e+38 -3.4e+38 -3.4e+38 -3.4e+38 -3.4e+38 -3.4e+38 -3.4e+38 -3.4e+38 -3.4e+38 -3.4e+38 -3.4e+38 -3.4e+38 -3.4e+38 -3.4e+38 -3.4e+38 -3.4e+38
158.537445068359 153.355010986328 166.29866027832 174.084457397461 151.542358398438 143.643493652344 192.79524230957 177.635864257812 167.091400146484 168.061050415039 188.866897583008 187.760437011719 178.449615478516 188.370101928711 154.938903808594 168.567520141602 199.340301513672 185.577133178711 195.672058105469 201.344299316406 210.9189453125 180.886138916016 170.737869262695 189.714782714844 202.672836303711 208.482162475586 201.931518554688 189.238311767578 191.648330688477 186.694519042969 185.280349731445 199.624481201172 195.266952514648 207.511047363281 -3.4e+38 -3.4e+38 -3.4e+38 -3.4e+38 -3.4e+38 -3.4e+38 -3.4e+38 -3.4e+38 -3.4e+38 -3.4e+38 -3.4e+38 -3.4e+38 -3.4e+38 -3.4e+38 -3.4e+38 -3.4e+38 -3.4e+38 -3.4e+38
177.922637939453 177.878784179688 158.745849609375 153.965744018555 172.581237792969 179.625930786133 173.174911499023 190.795806884766 181.225387573242 160.456985473633 181.343719482422 181.584350585938 187.620498657227 169.220138549805 167.572067260742 153.833053588867 150.067733764648 162.847991943359 190.406875610352 203.922561645508 199.226531982422 196.44841003418 190.716278076172 197.273651123047 202.586669921875 189.67707824707 184.866470336914 204.446990966797 172.928176879883 180.051483154297 185.522491455078 196.963806152344 -3.4e+38 -3.4e+38 -3.4e+38 -3.4e+38 -3.4e+38 -3.4e+38 -3.4e+38 -3.4e+38 -3.4e+38 -3.4e+38 -3.4e+38 -3.4e+38 -3.4e+38 -3.4e+38 -3.4e+38 -3.4e+38 -3.4e+38 -3.4e+38 -3.4e+38 -3.4e+38
