R_scripts/int_process_data/East_Mediterranean_aspect.asc
NCOLS 281 
NROWS 576 
XLLCORNER 81175.2677831308 
YLLCORNER 88.2293212990044 
CELLSIZE 1000 
NODATA_value -3.4e+38 
[rows 253 to 275 of 576, columns 156 to 207 of 281]
147.044921875 196.735290527344 199.366851806641 174.854736328125 164.759826660156 180.794845581055 196.890411376953 180.82893371582 198.920471191406 201.356002807617 199.04541015625 201.360260009766 198.901718139648 203.366561889648 202.581985473633 202.060134887695 195.584365844727 212.929733276367 205.605087280273 216.907516479492 199.051162719727 177.869110107422 204.233596801758 216.940704345703 182.815994262695 185.074768066406 209.679077148438 210.16716003418 197.654861450195 186.250381469727 192.728134155273 180.463516235352 229.310317993164 182.472503662109 152.073516845703 188.13493347168 163.517837524414 174.083724975586 165.063415527344 159.046569824219 155.978088378906 164.13330078125 187.518707275391 154.036026000977 195.165740966797 202.520462036133 174.178359985352 189.360626220703 178.826919555664 165.157867431641 134.445541381836 164.485794067383
154.875045776367 149.728851318359 147.795318603516 167.752777099609 171.318664550781 168.666458129883 159.283599853516 159.469970703125 187.844711303711 218.531799316406 208.765609741211 240.409576416016 228.142211914062 146.264495849609 186.498764038086 203.108551025391 248.161285400391 193.086196899414 147.965896606445 142.880630493164 155.9775390625 157.031463623047 181.678283691406 212.455993652344 223.754608154297 188.58952331543 206.156372070312 224.329193115234 213.727081298828 224.17805480957 227.339431762695 233.606994628906 207.005798339844 145.889053344727 132.0009765625 154.028762817383 184.066802978516 194.678237915039 179.104827880859 145.507919311523 156.807739257812 130.536148071289 148.540893554688 177.083724975586 183.49267578125 203.592681884766 215.370071411133 165.94987487793 139.747222900391 162.309234619141 186.348693847656 158.279067993164
149.573928833008 120.190856933594 153.369842529297 178.099884033203 159.783447265625 144.28059387207 143.438659667969 186.589279174805 195.587905883789 204.046157836914 213.587615966797 203.932907104492 161.326141357422 182.269577026367 208.732269287109 212.983825683594 207.774398803711 168.07844543457 158.833160400391 157.818084716797 177.091949462891 186.824432373047 141.491897583008 162.828796386719 217.096618652344 197.312362670898 207.693008422852 213.826644897461 207.597534179688 204.048751831055 205.851791381836 235.690811157227 206.21549987793 189.775115966797 202.260238647461 171.69694519043 130.985397338867 155.208404541016 181.561447143555 151.523147583008 95.7112045288086 142.450057983398 194.21418762207 178.409042358398 150.988754272461 196.696395874023 177.167602539062 175.433502197266 202.427627563477 164.768829345703 140.694351196289 121.147193908691
184.367935180664 177.822891235352 175.121459960938 151.659744262695 144.431076049805 184.996490478516 223.953598022461 199.168930053711 176.93586730957 168.883102416992 138.410537719727 174.227554321289 214.509643554688 205.309677124023 165.077987670898 135.490341186523 140.041763305664 152.854125976562 158.458023071289 191.676528930664 216.24397277832 202.76969909668 202.40104675293 179.781143188477 142.596481323242 169.236572265625 198.554580688477 210.814178466797 212.514999389648 211.084747314453 226.704116821289 237.59228515625 212.902908325195 198.063217163086 169.453887939453 164.201583862305 153.664749145508 135.652496337891 138.085906982422 174.816070556641 155.204833984375 133.901092529297 139.287521362305 166.621139526367 144.88362121582 158.253479003906 178.349563598633 196.391738891602 182.074356079102 151.895141601562 148.66130065918 138.523696899414
213.469253540039 205.936950683594 185.338226318359 167.684020996094 170.388870239258 175.412124633789 192.442520141602 183.002716064453 202.33544921875 185.76155090332 213.958557128906 188.388442993164 146.089233398438 151.590026855469 162.257369995117 155.36181640625 122.61882019043 130.476684570312 146.855438232422 165.93391418457 200.077133178711 206.739669799805 173.182479858398 184.460632324219 214.613876342773 232.77131652832 203.273239135742 208.456558227539 226.539566040039 238.736846923828 227.442596435547 189.316528320312 164.200408935547 153.479873657227 177.678344726562 181.421127319336 171.812469482422 162.574645996094 156.890182495117 174.909545898438 204.786209106445 214.813034057617 205.649658203125 195.023056030273 196.864410400391 189.288726806641 173.680923461914 153.364456176758 161.259140014648 172.282028198242 179.697830200195 190.341918945312
182.802795410156 199.963653564453 183.268173217773 170.038925170898 160.030380249023 188.586364746094 197.917770385742 213.287170410156 202.673782348633 199.004577636719 189.634536743164 166.612213134766 185.969589233398 148.728897094727 158.487716674805 176.047210693359 182.01220703125 167.701080322266 167.679840087891 161.863464355469 152.821594238281 188.705078125 219.141357421875 252.53059387207 243.837036132812 199.522216796875 171.14404296875 209.504333496094 241.571273803711 222.493041992188 168.787506103516 140.606567382812 130.316436767578 136.068862915039 141.275970458984 162.713592529297 144.440643310547 143.019180297852 184.308486938477 175.418548583984 194.000335693359 186.780548095703 175.685668945312 169.312576293945 186.7021484375 187.275756835938 189.185882568359 159.282211303711 137.478729248047 174.223052978516 165.348159790039 172.018890380859
164.330337524414 181.482620239258 192.090255737305 210.103637695312 184.253402709961 193.557373046875 183.817626953125 199.471939086914 171.863647460938 147.869262695312 163.416595458984 163.535034179688 157.055358886719 180.532913208008 151.646774291992 172.274490356445 174.004364013672 200.627517700195 213.791381835938 180.39485168457 183.274642944336 222.054702758789 234.125778198242 210.848861694336 209.551086425781 215.177749633789 224.490005493164 175.007385253906 214.046646118164 165.873092651367 125.859283447266 138.281066894531 146.833892822266 140.770721435547 135.771072387695 143.603942871094 169.280731201172 216.402618408203 199.078536987305 164.988967895508 156.994018554688 188.643493652344 169.68180847168 153.3994140625 161.367919921875 185.179290771484 148.386627197266 162.130340576172 221.65754699707 212.922668457031 208.532699584961 182.064819335938
171.43083190918 193.98356628418 197.138824462891 203.770248413086 191.983047485352 194.712677001953 187.48681640625 207.745544433594 153.109725952148 141.751937866211 147.687622070312 167.289047241211 150.656524658203 143.482879638672 149.159301757812 137.881195068359 197.878234863281 227.457061767578 226.995574951172 204.853225708008 207.420196533203 233.694778442383 211.90495300293 213.68620300293 223.088104248047 222.345184326172 218.120712280273 226.960205078125 176.773818969727 157.768463134766 160.679168701172 182.602462768555 201.609741210938 196.566696166992 157.796798706055 198.370651245117 235.352981567383 186.364776611328 175.374298095703 209.158203125 162.409027099609 140.529876708984 190.501205444336 189.525787353516 191.410232543945 154.456558227539 192.021591186523 179.21711730957 156.511474609375 144.000854492188 167.711334228516 185.496612548828
182.164886474609 175.474411010742 196.599197387695 196.871566772461 208.127517700195 202.559921264648 193.655456542969 179.326751708984 166.151550292969 156.596527099609 145.572631835938 148.335296630859 147.108871459961 163.210464477539 192.675323486328 216.449264526367 201.152694702148 201.019180297852 212.845672607422 226.697509765625 195.492767333984 205.438705444336 200.546447753906 202.802154541016 218.056976318359 203.753311157227 205.691390991211 176.925674438477 178.215057373047 204.196044921875 214.951187133789 199.413116455078 201.4912109375 199.362594604492 203.501998901367 220.704620361328 182.676391601562 161.927856445312 182.842742919922 203.762237548828 218.33837890625 185.411849975586 181.102096557617 166.827713012695 172.937286376953 214.179443359375 171.273208618164 144.308090209961 138.346130371094 128.745361328125 156.641815185547 229.037231445312
189.829391479492 183.307678222656 189.450286865234 199.740097045898 204.921127319336 189.671569824219 140.140197753906 176.595092773438 166.685562133789 148.69255065918 144.557495117188 157.564971923828 192.991973876953 199.860778808594 201.841918945312 194.664505004883 212.531753540039 178.966766357422 196.654495239258 220.922546386719 211.909057617188 199.344787597656 229.1748046875 234.887084960938 180.458297729492 150.72998046875 160.964904785156 135.705230712891 166.849472045898 175.637390136719 130.906509399414 108.77791595459 143.068511962891 172.757507324219 184.060119628906 153.03239440918 183.712661743164 178.994644165039 160.069839477539 173.565185546875 215.861434936523 207.933090209961 166.069564819336 187.502182006836 196.214996337891 179.033386230469 181.757232666016 163.463195800781 155.399780273438 198.273529052734 226.719802856445 177.340621948242
154.143341064453 198.467849731445 202.441802978516 191.55876159668 195.049697875977 144.627319335938 151.857971191406 171.591567993164 194.24772644043 150.849990844727 142.446258544922 167.653945922852 207.721054077148 198.343460083008 171.705459594727 206.135452270508 184.574066162109 217.658813476562 196.430267333984 209.857238769531 210.103897094727 200.798721313477 215.054290771484 174.150985717773 150.839736938477 161.521881103516 161.195205688477 148.727096557617 104.617004394531 135.960052490234 160.700927734375 129.856857299805 108.657737731934 122.252563476562 129.839080810547 138.925247192383 138.736068725586 169.750625610352 180.188659667969 160.532119750977 160.326873779297 199.458618164062 182.864944458008 189.31477355957 197.040817260742 176.539840698242 187.473587036133 183.957778930664 204.284851074219 233.952941894531 210.339767456055 197.205017089844
208.878967285156 182.165023803711 198.645874023438 196.841781616211 133.541091918945 148.344818115234 150.009460449219 123.394714355469 147.176010131836 147.818817138672 158.393646240234 184.681900024414 179.961517333984 212.996109008789 198.810501098633 202.728958129883 199.620452880859 199.003631591797 200.721313476562 168.111892700195 204.641693115234 221.77375793457 148.432846069336 137.571563720703 141.384674072266 182.259674072266 161.894165039062 138.676162719727 142.000625610352 136.523025512695 117.361999511719 104.482734680176 111.222953796387 138.76806640625 120.474632263184 141.905868530273 166.09260559082 172.439193725586 154.529357910156 184.515472412109 162.709289550781 168.193405151367 198.738388061523 183.885391235352 157.542892456055 173.428192138672 172.377090454102 194.057586669922 186.773193359375 169.462600708008 208.283706665039 171.817916870117
208.935333251953 189.552444458008 198.918579101562 185.739990234375 195.518676757812 164.856033325195 162.049270629883 191.582550048828 210.02490234375 227.436935424805 191.695709228516 168.609710693359 175.630935668945 210.389495849609 220.152954101562 192.340713500977 198.429214477539 213.097579956055 200.387023925781 212.757553100586 199.970153808594 151.917984008789 153.516937255859 147.084945678711 154.711868286133 157.859405517578 146.036560058594 116.981994628906 146.172958374023 173.034454345703 144.564056396484 108.128196716309 103.847564697266 123.601585388184 141.395172119141 135.329345703125 169.006927490234 150.588577270508 166.006271362305 168.9169921875 138.13459777832 135.626724243164 188.929702758789 168.203231811523 181.043045043945 162.663787841797 188.173324584961 204.466354370117 210.492385864258 184.792739868164 160.500076293945 148.005081176758
205.98664855957 194.712539672852 177.390045166016 163.750503540039 157.211959838867 187.545379638672 204.276870727539 215.520263671875 202.211807250977 192.296691894531 207.573608398438 177.184036254883 187.531585693359 182.604751586914 174.737670898438 190.649627685547 183.446548461914 205.440048217773 213.170379638672 174.790618896484 152.052337646484 152.813598632812 146.853622436523 147.214248657227 126.649528503418 136.956680297852 133.468399047852 138.953384399414 140.190399169922 150.823486328125 203.662521362305 155.596038818359 106.575103759766 101.014907836914 139.010620117188 173.065536499023 198.601089477539 205.769256591797 175.919235229492 167.646942138672 181.007736206055 187.088836669922 173.751907348633 145.617950439453 152.694595336914 199.99723815918 208.513305664062 218.833297729492 202.333068847656 147.456451416016 134.756546020508 156.800491333008
212.386657714844 185.726898193359 155.469757080078 156.853576660156 202.506896972656 206.867919921875 211.594650268555 199.171920776367 187.318145751953 187.1357421875 216.732406616211 208.314331054688 198.977111816406 210.973754882812 204.370040893555 184.509658813477 180.398300170898 197.883758544922 165.687133789062 187.133453369141 157.503356933594 157.959762573242 160.254806518555 157.412185668945 177.715072631836 176.721878051758 187.960784912109 175.399642944336 152.554290771484 157.808685302734 158.341979980469 170.797958374023 143.442291259766 142.921417236328 98.3694000244141 103.937896728516 127.231826782227 170.197479248047 194.244583129883 172.900405883789 180.972885131836 192.578521728516 165.964477539062 196.224319458008 225.672576904297 210.323226928711 172.440200805664 143.009780883789 128.097152709961 110.379539489746 141.504867553711 200.695053100586
157.898376464844 149.871307373047 188.760971069336 201.598114013672 217.716354370117 202.859298706055 199.391204833984 207.253753662109 219.477645874023 227.337310791016 197.121627807617 198.815124511719 226.646682739258 162.915298461914 198.630828857422 229.002975463867 201.515274047852 178.90007019043 170.097793579102 132.227493286133 160.797103881836 158.737991333008 158.87419128418 163.878341674805 210.241821289062 152.155242919922 131.398422241211 158.305038452148 156.655181884766 193.076034545898 203.69596862793 204.025909423828 245.179458618164 196.092041015625 128.073364257812 91.1319808959961 85.2655334472656 138.751647949219 181.514190673828 181.901489257812 195.318496704102 190.268447875977 213.972030639648 207.577880859375 173.598220825195 140.502059936523 153.871795654297 165.108276367188 138.484924316406 157.495513916016 180.703964233398 207.484085083008
176.472351074219 195.763916015625 212.691390991211 228.195938110352 207.656219482422 206.157653808594 199.463165283203 217.64860534668 213.852310180664 215.742874145508 216.056045532227 242.357009887695 229.937744140625 217.776947021484 213.165328979492 189.291625976562 153.092102050781 155.862030029297 192.082107543945 212.532073974609 209.461181640625 205.023773193359 187.0791015625 199.800262451172 162.903656005859 138.386978149414 139.389694213867 138.255157470703 136.840087890625 143.722351074219 163.193511962891 213.936080932617 217.546478271484 236.934387207031 225.793823242188 193.072631835938 142.636581420898 143.855880737305 174.229522705078 188.609146118164 212.138870239258 194.596694946289 166.678253173828 134.423263549805 132.136642456055 157.963348388672 149.725708007812 145.904510498047 138.160751342773 144.830947875977 160.910171508789 177.167190551758
176.951812744141 210.8037109375 198.576385498047 166.514129638672 162.2568359375 177.606521606445 199.419448852539 208.883316040039 229.567230224609 236.999847412109 257.68212890625 222.221542358398 168.306106567383 197.796890258789 165.500930786133 144.851791381836 175.054412841797 172.67822265625 183.760055541992 157.948364257812 125.602386474609 134.538757324219 129.03369140625 141.921035766602 133.597702026367 134.442077636719 148.577682495117 143.450759887695 131.068649291992 132.867553710938 190.009414672852 174.260757446289 197.167556762695 206.891906738281 208.180969238281 220.021881103516 231.771392822266 202.372177124023 179.671813964844 158.309204101562 181.98095703125 190.176345825195 172.827285766602 145.482299804688 129.091751098633 123.087364196777 140.604598999023 130.619552612305 137.938262939453 155.279846191406 211.895233154297 188.556427001953
197.433959960938 193.51741027832 209.33332824707 219.967086791992 208.236938476562 192.44123840332 213.267791748047 208.506011962891 242.337127685547 240.108093261719 230.02214050293 178.72966003418 173.465774536133 149.689193725586 136.410675048828 150.600280761719 164.194519042969 171.209808349609 178.551040649414 167.83447265625 152.886795043945 175.830276489258 131.51953125 123.59130859375 141.944442749023 148.332534790039 148.306381225586 160.630172729492 130.41178894043 172.565002441406 191.602294921875 183.085372924805 166.100723266602 208.401962280273 190.82014465332 162.926147460938 174.541625976562 163.91081237793 166.754898071289 218.861480712891 188.976760864258 167.211364746094 198.559051513672 200.651580810547 209.302917480469 193.613861083984 163.87353515625 166.685638427734 227.398315429688 264.665740966797 224.723052978516 198.185974121094
180.780059814453 169.139221191406 208.120727539062 213.026947021484 210.560470581055 231.607025146484 205.060256958008 230.434722900391 208.334320068359 193.232559204102 175.391632080078 177.194702148438 185.561508178711 166.49577331543 141.846664428711 157.85676574707 185.083938598633 192.036514282227 176.615295410156 209.497634887695 214.823043823242 151.536148071289 137.162246704102 139.253356933594 134.154830932617 147.926986694336 117.486404418945 117.728103637695 162.972640991211 198.392776489258 165.176879882812 161.97184753418 192.723190307617 162.334060668945 178.395278930664 198.519958496094 171.268692016602 168.536422729492 180.679290771484 198.189331054688 160.577850341797 144.214981079102 135.991958618164 157.283752441406 156.6318359375 155.828948974609 208.214141845703 244.062561035156 238.223419189453 217.425338745117 216.057418823242 208.38200378418
155.478897094727 174.660430908203 174.886169433594 205.592575073242 217.772277832031 235.603073120117 216.726211547852 213.168167114258 232.178131103516 188.680435180664 181.056396484375 204.053558349609 174.694808959961 168.775009155273 149.946136474609 149.122222900391 170.247360229492 181.009902954102 179.427917480469 208.135360717773 185.493133544922 167.849182128906 200.476959228516 175.591171264648 185.258407592773 151.571594238281 159.680923461914 198.539154052734 228.55940246582 181.551666259766 186.231048583984 183.658950805664 177.947601318359 166.888000488281 203.663726806641 179.566360473633 190.79833984375 226.915054321289 212.268768310547 139.630065917969 124.978012084961 145.933563232422 162.198791503906 167.218856811523 215.296173095703 250.578033447266 261.150726318359 234.337417602539 212.210159301758 226.929794311523 212.92561340332 212.666320800781
152.945343017578 211.081848144531 224.685699462891 224.692337036133 199.792846679688 213.47802734375 197.241348266602 178.699996948242 210.706176757812 175.453384399414 190.884002685547 188.092254638672 179.9638671875 158.539840698242 178.056137084961 198.666381835938 219.926300048828 174.266021728516 184.431762695312 129.351043701172 133.989273071289 194.702606201172 194.728775024414 212.168533325195 174.114044189453 209.958999633789 245.860656738281 241.900939941406 200.869369506836 173.418045043945 173.789932250977 180.0927734375 151.214508056641 155.507049560547 167.541641235352 208.831283569336 185.898544311523 206.589065551758 158.19108581543 177.532028198242 194.139434814453 208.592208862305 231.222030639648 240.54133605957 245.015243530273 232.12336730957 220.510284423828 209.009399414062 168.449813842773 208.106674194336 214.69677734375 210.038925170898
124.815582275391 185.371490478516 215.759841918945 177.137115478516 200.178039550781 212.800598144531 205.787063598633 165.160797119141 159.686965942383 176.650573730469 157.786117553711 156.448196411133 166.829727172852 180.903121948242 217.153686523438 217.466613769531 181.637557983398 173.437973022461 191.253662109375 208.159332275391 205.098907470703 171.988052368164 222.658767700195 215.834533691406 241.534698486328 234.761672973633 204.71257019043 182.760604858398 193.69709777832 182.507308959961 169.799057006836 166.500717163086 178.852172851562 174.464767456055 159.564697265625 184.941833496094 184.412399291992 163.707901000977 220.524490356445 233.195556640625 246.668273925781 236.462997436523 219.48844909668 215.74397277832 196.273361206055 192.029174804688 188.756301879883 200.814071655273 201.632369995117 194.902557373047 202.028091430664 227.224685668945
