R_scripts/int_process_data/East_Mediterranean_slope.asc
NCOLS 281 
NROWS 576 
XLLCORNER 81175.2677831308 
YLLCORNER 88.2293212990044 
CELLSIZE 1000 
NODATA_value -3.4e+38 
[rows 230 to 252 of 576, columns 52 to 103 of 281]
-3.4e+38 -3.4e+38 -3.4e+38 2.64595890045166 1.88363802433014 2.36267781257629 3.38380670547485 3.72374725341797 4.84950113296509 6.64560699462891 6.04383230209351 5.26631116867065 5.89857816696167 4.06394290924072 1.2061995267868 4.7834644317627 8.5740442276001 8.38937377929688 6.4709587097168 6.97462797164917 6.46888256072998 7.07064533233643 4.45561647415161 3.91247797012329 6.59158754348755 3.93191981315613 4.58458137512207 5.37728595733643 6.54203939437866 8.2442455291748 8.0783863067627 6.2813663482666 6.62626695632935 6.68536233901978 10.9802331924438 10.7734899520874 14.8864097595215 16.8469791412354 15.498420715332 8.60487174987793 5.81073665618896 8.74724864959717 9.35215854644775 9.23941040039062 9.90501880645752 5.77657890319824 8.18898010253906 12.1151237487793 16.5882720947266 12.1652593612671 4.28112173080444 3.59693956375122
-3.4e+38 -3.4e+38 -3.4e+38 2.42500901222229 2.16540718078613 2.37400579452515 3.69138193130493 3.23710131645203 1.42507123947144 3.1155378818512 5.58774614334106 6.21098756790161 5.65060377120972 4.53637552261353 2.34148693084717 2.78832077980042 7.59200763702393 8.52157878875732 8.47919082641602 8.39237785339355 7.70765733718872 6.3390793800354 5.61116981506348 5.27946901321411 6.16386270523071 5.0482873916626 4.77663373947144 5.95629596710205 6.09230995178223 5.87945556640625 5.70809650421143 5.18003463745117 6.49955892562866 8.44055461883545 11.4241046905518 11.6956996917725 11.3593015670776 14.9227952957153 11.3290691375732 3.15016603469849 5.28256416320801 7.86424160003662 8.91686820983887 8.83320236206055 10.2798538208008 7.37002325057983 9.5027551651001 12.2868595123291 17.254955291748 14.1767330169678 6.79143571853638 7.12247276306152
-3.4e+38 -3.4e+38 1.67950332164764 2.09805941581726 1.98144578933716 3.00505948066711 3.61138987541199 3.44823622703552 1.89176595211029 4.29264974594116 5.34631299972534 4.35089206695557 4.68448734283447 5.50963306427002 3.77003359794617 2.03540396690369 7.07841873168945 7.36433792114258 6.56805229187012 6.73583841323853 6.8191819190979 6.19709777832031 5.75684976577759 3.57459712028503 2.88660788536072 3.56277942657471 6.11010789871216 6.06007480621338 7.061851978302 6.33065843582153 5.35500383377075 5.02079010009766 7.07512521743774 9.27325630187988 12.8128862380981 8.92117595672607 11.2354869842529 10.3644227981567 12.0801219940186 4.14333200454712 5.4707932472229 8.51028251647949 9.01111030578613 8.13212966918945 6.99667692184448 7.44767808914185 9.94443225860596 15.3230152130127 17.4712200164795 16.3117370605469 6.10787916183472 13.6137199401855
-3.4e+38 -3.4e+38 2.4780650138855 2.66679763793945 2.70663714408875 2.82294940948486 2.8741569519043 3.55562400817871 3.23848557472229 5.58846044540405 6.26246786117554 5.57934761047363 7.05642461776733 6.85073804855347 5.16771984100342 2.15860223770142 5.18265724182129 6.49349117279053 6.13141202926636 5.10966110229492 6.03066110610962 6.4501166343689 6.90653991699219 3.77246737480164 1.99240565299988 3.63200116157532 3.80197620391846 4.42590808868408 5.93801212310791 6.28153324127197 6.21870565414429 6.03151035308838 7.58274936676025 12.051646232605 11.6794528961182 11.0550241470337 11.1632442474365 9.52530384063721 12.0530986785889 5.19908332824707 6.01681041717529 6.97143459320068 5.78121042251587 9.68874740600586 10.6323738098145 9.9478759765625 9.78653907775879 14.1619892120361 15.6658983230591 13.4415063858032 14.089940071106 16.5555400848389
-3.4e+38 -3.4e+38 2.64868187904358 2.26717901229858 2.58706545829773 2.63586068153381 2.73272728919983 2.59593868255615 3.95253205299377 6.18377637863159 8.00944709777832 7.90656185150146 7.86642408370972 7.19489812850952 6.02772521972656 1.86408889293671 5.96903038024902 7.13954973220825 6.83250999450684 5.76571226119995 6.28755140304565 6.55180215835571 5.15378284454346 4.36318492889404 6.2474799156189 6.11918830871582 3.99579429626465 4.50144624710083 6.30804586410522 5.46815967559814 5.67195701599121 4.74864768981934 7.33638191223145 9.47304725646973 12.1611042022705 12.5275459289551 9.53319263458252 8.51396465301514 11.7325716018677 2.64594912528992 5.67654895782471 8.37672996520996 6.39573240280151 9.01209163665771 12.6488819122314 9.16639614105225 9.19520568847656 10.1006498336792 10.7536144256592 13.5838117599487 11.7014684677124 10.7598896026611
-3.4e+38 1.87508201599121 2.21454834938049 2.0410680770874 3.12453770637512 3.19143629074097 3.361900806427 2.13989973068237 3.49289870262146 7.04977560043335 4.63252592086792 6.12936878204346 5.64697074890137 4.69224977493286 4.98935174942017 4.19548654556274 7.00750255584717 7.44874000549316 8.08299827575684 7.07224035263062 6.11909914016724 6.07703638076782 5.25945425033569 1.8161848783493 4.17909860610962 4.65251970291138 2.94194555282593 3.00350689888 6.50327253341675 5.49643039703369 5.70848417282104 7.52862596511841 11.8727207183838 13.5196495056152 13.5158739089966 13.4186916351318 9.02579307556152 9.32148742675781 10.4245452880859 1.29083228111267 3.57222700119019 8.54819583892822 7.35411930084229 11.196849822998 13.0471076965332 8.4268627166748 8.57472991943359 8.99197101593018 9.10455513000488 16.8116569519043 9.73157596588135 9.89975929260254
-3.4e+38 2.36662101745605 2.00391817092896 1.88453948497772 3.15429019927979 2.8321487903595 3.12328815460205 2.9447979927063 3.82445669174194 3.78910231590271 3.1619975566864 7.03487396240234 7.68529081344604 7.68638801574707 7.05804824829102 4.47926139831543 4.65554475784302 7.58842515945435 7.13016605377197 7.49965143203735 5.05883550643921 4.95413064956665 7.86397361755371 3.55749177932739 4.82152128219604 5.05274486541748 3.63810801506042 2.25802063941956 5.76739406585693 5.71510362625122 8.2578296661377 14.1869897842407 14.5017747879028 12.2577066421509 10.1238708496094 8.60836887359619 6.99888277053833 9.48396492004395 11.0707340240479 3.00438642501831 4.64035177230835 11.3851881027222 7.81699895858765 9.57896709442139 11.674711227417 10.2374858856201 10.2699728012085 7.83562850952148 9.75174331665039 17.2647743225098 13.8600454330444 12.1041717529297
-3.4e+38 2.24970054626465 1.96313226222992 2.08788442611694 2.91436529159546 3.2419319152832 3.33478045463562 3.07775974273682 2.90231275558472 3.69986486434937 5.40153646469116 7.62420749664307 6.530113697052 7.55797958374023 8.06752490997314 6.72709226608276 3.06273055076599 7.6503210067749 7.3414568901062 5.72402477264404 4.75219106674194 5.06423807144165 5.58647489547729 4.31796836853027 4.91281366348267 6.1066460609436 4.95231819152832 2.71022176742554 4.01709079742432 5.99559354782104 11.7456541061401 11.6198320388794 8.01112651824951 5.64295625686646 4.79173612594604 4.24560499191284 5.69088554382324 7.92072343826294 11.2239112854004 5.65436792373657 4.78618001937866 9.84701824188232 7.92619276046753 8.09683704376221 12.227352142334 9.01050853729248 6.64086389541626 3.95872497558594 10.8059253692627 21.076265335083 18.3181171417236 14.4930076599121
1.93182587623596 2.07870841026306 2.16471886634827 2.32282829284668 2.54936766624451 2.69563007354736 3.60097241401672 3.24924468994141 2.82485222816467 3.34311652183533 7.1459436416626 5.6135425567627 6.14308309555054 6.58712196350098 6.05424690246582 4.13348531723022 4.7312650680542 6.40400123596191 5.80639743804932 5.91817283630371 6.43946838378906 5.17894744873047 3.85642170906067 1.9288055896759 5.18219232559204 6.98832035064697 5.97168827056885 5.41043043136597 4.25341653823853 6.66941928863525 12.6966276168823 11.5943098068237 6.88033771514893 5.44719505310059 5.04391098022461 5.20831775665283 7.31102466583252 8.43636512756348 9.41900157928467 7.62888956069946 5.50980091094971 10.278977394104 6.59063339233398 11.6957473754883 16.5274829864502 10.6329755783081 4.89971446990967 6.06510734558105 17.2705917358398 22.3416366577148 23.4876327514648 19.6532974243164
2.27108716964722 2.06051754951477 1.93453228473663 1.98765802383423 2.34138059616089 2.44091844558716 3.00120115280151 3.25408172607422 3.05507349967957 3.01362609863281 4.96207523345947 3.69383788108826 5.37777280807495 7.48970222473145 6.42166233062744 5.29705333709717 5.52143716812134 4.51792287826538 5.12847900390625 7.41695642471313 6.60961818695068 3.92996597290039 4.54298639297485 1.87527012825012 5.09371566772461 5.95864295959473 4.81722116470337 5.88219976425171 5.61476039886475 8.5937385559082 13.5794334411621 10.0965871810913 6.47613382339478 6.44696474075317 8.56446743011475 6.27727699279785 6.94648742675781 6.29503870010376 6.29285717010498 8.77527523040771 6.6462025642395 6.08023595809937 5.80813646316528 14.3520641326904 17.0541076660156 13.9255809783936 7.15557193756104 7.88412427902222 17.4422969818115 20.9440631866455 22.1579360961914 19.1664886474609
2.15304207801819 2.22855377197266 2.15910935401917 2.5890519618988 2.8795793056488 2.47369384765625 2.49157500267029 2.90503764152527 3.55102109909058 2.79763054847717 3.32818484306335 3.86359643936157 6.60849905014038 7.76152610778809 7.45977640151978 5.8436427116394 5.2735767364502 4.37720441818237 6.01547288894653 6.88933181762695 5.47562408447266 5.96046686172485 6.00764560699463 2.19930267333984 3.78801989555359 5.24515676498413 6.52095603942871 5.67394399642944 5.59715747833252 7.74802398681641 10.953709602356 10.2454032897949 7.74512624740601 8.25416564941406 5.04075193405151 5.11172437667847 5.70789527893066 5.26810026168823 5.12992095947266 6.80967044830322 7.67807483673096 6.36353588104248 10.5256423950195 12.6413259506226 8.07897758483887 10.1968812942505 10.3459463119507 9.32334136962891 17.8672332763672 19.2654857635498 17.1102848052979 15.3224010467529
1.9373676776886 2.37675142288208 2.78486180305481 3.02802586555481 2.35560369491577 2.70200371742249 2.99993586540222 2.81420230865479 3.1803605556488 2.74471139907837 2.76854848861694 6.35191106796265 6.74151277542114 5.65324831008911 7.32225275039673 6.35034942626953 6.94454574584961 5.10052013397217 6.46876239776611 6.92633247375488 6.27436685562134 7.06247997283936 6.85836553573608 2.22582197189331 3.56420826911926 5.62885093688965 6.54984474182129 6.25702524185181 6.51453733444214 8.38344478607178 14.6919727325439 17.2691192626953 13.15198802948 9.64358711242676 4.99826574325562 4.412513256073 5.18819379806519 4.69897413253784 5.23733901977539 7.01664447784424 9.90702152252197 7.74108219146729 9.8947925567627 7.00171661376953 5.05651903152466 9.23775768280029 10.5903167724609 10.0928068161011 16.6081027984619 18.1708526611328 17.8888454437256 16.3415298461914
2.0441255569458 2.58915781974792 3.79815578460693 2.48881483078003 2.58884334564209 2.60956454277039 3.00332522392273 2.81022548675537 2.90136933326721 3.03635835647583 2.37179660797119 4.09304761886597 3.25049638748169 5.65229606628418 7.58709287643433 6.7439661026001 7.54296779632568 5.57723569869995 5.65056419372559 7.20086717605591 5.95675945281982 7.15257978439331 6.04678440093994 1.9989413022995 5.18555068969727 6.318603515625 5.93692207336426 6.36621999740601 7.54786825180054 9.77015972137451 15.7752456665039 13.5568866729736 8.47858047485352 7.48461484909058 6.20204305648804 3.56586241722107 3.52664685249329 6.49559497833252 6.84354782104492 5.73282766342163 6.51813125610352 7.07790040969849 5.60236310958862 5.66594314575195 6.70557594299316 7.54313659667969 10.7817573547363 8.3707103729248 13.2409944534302 17.1002750396729 13.3174495697021 16.5170612335205
1.95604622364044 2.37076044082642 3.71764636039734 2.099285364151 2.65467858314514 2.40688586235046 2.55409574508667 2.65551519393921 2.44920897483826 3.17967939376831 3.31063628196716 3.7418475151062 6.54520511627197 7.760826587677 7.38323545455933 7.45436906814575 6.45102071762085 4.98990774154663 5.58139133453369 6.37185335159302 6.03543710708618 6.69218397140503 6.58660507202148 2.01009464263916 4.44653463363647 6.27716732025146 6.1352105140686 6.47125196456909 7.6019229888916 10.9326858520508 14.1238813400269 11.1735925674438 6.69245958328247 6.08925151824951 5.34469366073608 3.62224316596985 3.51766109466553 4.81928682327271 7.92849349975586 7.23409605026245 8.21018886566162 7.71407747268677 6.37913370132446 5.51661157608032 7.17535591125488 7.95305013656616 9.60097408294678 9.56426811218262 13.9186363220215 16.3537731170654 11.7279481887817 16.4764995574951
1.93084526062012 2.28955888748169 2.99211835861206 2.86490941047668 2.48429179191589 2.75899124145508 3.0352303981781 2.70697975158691 2.39827275276184 3.40211892127991 2.79735422134399 3.59722828865051 7.04351186752319 5.14521741867065 6.00121402740479 6.98566341400146 5.18883991241455 4.38461399078369 6.63850927352905 7.39021301269531 6.04294633865356 6.32885551452637 7.05223846435547 2.48001408576965 4.64419889450073 6.72722625732422 6.26620054244995 7.57541847229004 8.95331001281738 11.6598148345947 10.4730863571167 8.61822605133057 6.54559373855591 6.09233856201172 5.55216312408447 5.86998319625854 3.95710206031799 3.61660623550415 7.0300612449646 7.05292510986328 8.5626277923584 7.32570886611938 6.80155324935913 6.09296894073486 4.13989448547363 6.55641746520996 7.57654333114624 8.27892303466797 10.3673896789551 11.3690528869629 10.861888885498 15.9572315216064
1.74361562728882 2.28594470024109 2.3114972114563 2.92051529884338 2.49679350852966 3.34672474861145 3.49289011955261 2.86763262748718 2.48591709136963 3.374107837677 3.77732372283936 3.37762641906738 3.61076045036316 5.74829053878784 8.07120609283447 7.20805406570435 5.18999433517456 5.49568367004395 8.12389659881592 6.70308303833008 4.88552045822144 3.28680276870728 6.03311491012573 3.54091787338257 3.9683210849762 6.79681634902954 7.31676578521729 9.34498977661133 8.48756694793701 11.1515102386475 10.2770004272461 7.53001499176025 8.14558792114258 7.13811159133911 4.49488401412964 5.71948575973511 6.67884635925293 6.47211265563965 6.76984882354736 5.79477643966675 6.76812076568604 7.59199619293213 7.2692551612854 6.53286504745483 5.63147592544556 6.47505187988281 4.16993856430054 7.56007480621338 10.3189992904663 14.5478267669678 12.777232170105 15.4063730239868
1.57450580596924 2.41304135322571 2.95311069488525 3.05939269065857 2.79680752754211 4.02063035964966 3.82266092300415 3.16560769081116 2.61033892631531 2.93897533416748 3.81954622268677 3.49466681480408 4.81922149658203 7.11639022827148 8.02530956268311 8.31460666656494 7.73885774612427 6.22431802749634 7.11435222625732 5.51653814315796 5.1238956451416 4.8817400932312 5.41121912002563 2.94696879386902 5.7857723236084 9.5701150894165 8.13026332855225 8.70502281188965 9.64561557769775 9.28382778167725 10.0462112426758 9.01266002655029 7.180100440979 8.1478910446167 3.67549395561218 5.03862810134888 7.44363832473755 7.04849481582642 5.7272572517395 5.89659309387207 5.38933753967285 7.17964553833008 7.24810028076172 6.28126382827759 5.81743955612183 6.24965524673462 4.30710649490356 4.91760349273682 9.54551124572754 14.7170629501343 15.8027582168579 17.2242393493652
2.41018462181091 3.0443000793457 2.74021482467651 3.23977398872375 2.85380887985229 4.47645807266235 3.24411845207214 3.24294114112854 3.10179281234741 2.95587635040283 3.8182487487793 4.4417200088501 4.87953329086304 5.67449426651001 6.59994459152222 6.16309261322021 9.42956256866455 5.67072868347168 7.23439407348633 6.21856355667114 5.48489427566528 7.69102573394775 6.65668869018555 3.25241327285767 5.13839530944824 9.41303634643555 6.74216651916504 8.29061985015869 10.588493347168 7.05103588104248 6.96609258651733 12.4770975112915 9.47762298583984 5.66824626922607 5.55071878433228 6.59127235412598 7.25815200805664 8.35397243499756 5.85894155502319 6.00681924819946 5.41278600692749 7.22607564926147 7.61971378326416 5.12956142425537 4.67557525634766 5.74423599243164 2.2971031665802 3.89275002479553 7.62750577926636 14.2776031494141 17.3325901031494 18.0374603271484
3.6087019443512 3.15525221824646 3.20214486122131 3.40722990036011 2.68388986587524 3.96871542930603 3.28035831451416 3.2224338054657 4.3526725769043 4.8111252784729 5.20879030227661 4.85651588439941 3.71654582023621 4.44368696212769 4.52890348434448 7.56180906295776 8.16631317138672 8.10278129577637 7.05399036407471 5.98522186279297 6.33504295349121 5.74816751480103 6.13500499725342 4.54939413070679 4.18001461029053 5.86094331741333 9.00777435302734 12.048752784729 10.0229063034058 7.07581520080566 6.21187496185303 9.29925632476807 11.1479768753052 4.54731035232544 5.40472650527954 7.13898897171021 6.31256008148193 7.11828184127808 7.32552099227905 9.28333759307861 6.13938570022583 5.27993154525757 7.50731801986694 4.95933151245117 5.93386173248291 5.51181316375732 1.54490661621094 3.54667234420776 7.62297248840332 11.2024974822998 20.0550479888916 16.7716827392578
3.16105842590332 3.61326193809509 2.93658971786499 3.04057574272156 2.79407334327698 3.96923446655273 4.40990829467773 4.13397026062012 5.48511600494385 5.26774120330811 5.01883411407471 5.43221044540405 4.001953125 4.62975454330444 7.50927305221558 8.06928825378418 7.82867240905762 7.1657772064209 8.01157379150391 4.93275308609009 5.77385377883911 4.7694878578186 4.57395076751709 3.70066213607788 6.56932163238525 8.57917022705078 7.84414577484131 12.1336259841919 13.4715118408203 10.307599067688 6.38564300537109 5.44842958450317 6.59998750686646 4.54571056365967 5.99133014678955 7.06663656234741 6.49250984191895 7.10913038253784 8.28351783752441 6.43534803390503 5.93252897262573 6.21730518341064 7.03038454055786 7.59141778945923 7.33400011062622 2.46554970741272 2.72427487373352 3.69929790496826 6.33840751647949 8.6887264251709 16.7744522094727 19.156644821167
3.77034902572632 3.93886089324951 2.34159827232361 2.79128813743591 2.65937352180481 4.27259969711304 4.23114681243896 2.9742705821991 3.27769565582275 4.78517150878906 5.7558388710022 4.16458702087402 4.86305999755859 5.38924694061279 6.86013269424438 8.28041839599609 8.31314182281494 7.34930324554443 8.33369159698486 4.63122749328613 4.43728733062744 5.32819986343384 6.40447235107422 2.93202447891235 6.44971990585327 7.41120147705078 7.10528230667114 8.34241390228271 8.88482761383057 10.4892272949219 7.40866136550903 3.27487230300903 3.26173806190491 3.64853668212891 6.94370651245117 5.85112380981445 6.26624345779419 7.31466960906982 7.3476824760437 6.27362871170044 7.10084867477417 6.5791335105896 7.43581342697144 9.00217819213867 7.38145112991333 3.25688004493713 4.15255546569824 4.02126169204712 4.42345333099365 14.3458633422852 19.7746753692627 18.1921977996826
2.56301856040955 2.37444376945496 3.07464790344238 2.82589292526245 2.6548011302948 3.77962112426758 4.71262836456299 3.31948304176331 3.32222700119019 4.68448352813721 6.80124378204346 6.56245374679565 5.37319612503052 4.74366474151611 6.82365083694458 9.29791831970215 9.43887615203857 7.45409393310547 6.68846130371094 4.01920223236084 5.221848487854 5.44868612289429 2.81088209152222 6.89149332046509 7.28405857086182 7.27047252655029 7.08485221862793 6.76035356521606 6.12382555007935 6.44082450866699 6.09371757507324 7.00784301757812 5.82541751861572 4.86440515518188 6.1739935874939 6.28915596008301 6.63925790786743 7.3616156578064 7.81899118423462 7.64342212677002 7.8780517578125 7.9565486907959 9.84578609466553 9.56406879425049 12.3399257659912 12.8738241195679 7.84875154495239 4.37151527404785 4.27733182907104 9.94118022918701 14.4307947158813 19.239049911499
1.73564040660858 0.579276621341705 1.73747491836548 3.80117392539978 2.86834740638733 3.10634350776672 3.87833213806152 3.57109713554382 5.19696140289307 5.26155090332031 5.25363302230835 6.4783878326416 6.34175062179565 4.76062059402466 6.93574523925781 9.84262561798096 9.39145660400391 7.43195009231567 3.90806078910828 2.82587003707886 4.48731374740601 5.33123636245728 3.41569232940674 9.15794086456299 10.0856943130493 5.90519332885742 6.02399492263794 6.09509801864624 5.25029945373535 5.88247680664062 6.41443395614624 7.7983283996582 7.71405839920044 7.83546304702759 8.35059928894043 6.61526012420654 7.46714115142822 8.26457023620605 8.8209056854248 7.02779769897461 7.37499189376831 7.78511333465576 9.94047451019287 11.6998195648193 12.4241790771484 10.0851678848267 15.2951898574829 9.47506523132324 5.57239484786987 9.4355583190918 12.2828016281128 16.8499984741211
