R_scripts/int_process_data/East_Mediterranean_DEM.asc
NCOLS 281 
NROWS 576 
XLLCORNER 81175.2677831308 
YLLCORNER 88.2293212990044 
CELLSIZE 1000 
NODATA_value -3.4e+38 
[rows 299 to 321 of 576, columns 104 to 155 of 281]
24.716136932373 23.494270324707 29.8320484161377 57.5488204956055 66.3198013305664 46.578800201416 66.6735992431641 89.86279296875 107.309219360352 90.3678894042969 29.4108142852783 32.7719230651855 64.3141326904297 89.420539855957 96.404052734375 105.446380615234 113.33032989502 109.477088928223 103.752876281738 86.0204086303711 92.254150390625 79.5816192626953 64.6236877441406 54.7938766479492 74.1814041137695 83.0178527832031 118.605941772461 135.021133422852 169.740585327148 208.195938110352 224.945175170898 239.685394287109 235.480804443359 236.756622314453 252.052352905273 251.649856567383 240.465866088867 247.551086425781 239.037017822266 255.759994506836 253.101043701172 274.325866699219 278.1044921875 267.420135498047 282.704040527344 282.205749511719 270.879302978516 276.771667480469 280.586822509766 287.970092773438 296.297454833984 301.457427978516
54.4082565307617 24.6395263671875 50.6392250061035 83.0121917724609 91.8203735351562 86.3389892578125 66.777473449707 62.9943771362305 60.068546295166 28.270486831665 31.9805393218994 40.2551918029785 65.6693878173828 70.5757141113281 76.6336822509766 107.088035583496 138.809463500977 126.466461181641 106.917282104492 104.789360046387 119.323501586914 97.5204467773438 106.225646972656 98.0123138427734 140.756912231445 114.133369445801 124.31420135498 151.576156616211 160.522491455078 185.519882202148 190.949234008789 212.324661254883 236.287796020508 248.478088378906 266.015075683594 276.384552001953 274.735565185547 276.139465332031 261.995819091797 277.793273925781 280.761627197266 282.834014892578 284.103576660156 282.160797119141 284.626342773438 272.064453125 269.938690185547 284.147003173828 285.111572265625 286.57763671875 291.191223144531 292.986206054688
99.5406646728516 83.8844146728516 65.1191177368164 112.213600158691 131.887252807617 128.846145629883 113.646842956543 111.316246032715 86.768310546875 31.1328430175781 34.4423942565918 43.7294654846191 70.6625518798828 98.069221496582 106.422119140625 85.4035568237305 124.664260864258 154.845855712891 143.787200927734 138.750289916992 136.647994995117 112.310203552246 137.372344970703 118.24674987793 159.998565673828 145.513549804688 124.245742797852 163.012451171875 212.82453918457 200.470031738281 224.028305053711 242.443969726562 259.564697265625 273.703094482422 275.571350097656 273.335021972656 274.660369873047 274.447204589844 275.778106689453 272.584991455078 276.852294921875 276.358062744141 273.111877441406 271.935302734375 269.028625488281 260.807464599609 270.729125976562 277.950775146484 284.378356933594 283.037780761719 274.686614990234 268.256256103516
132.062896728516 135.766479492188 110.856086730957 105.330352783203 151.087142944336 150.670303344727 132.703659057617 125.605819702148 113.486000061035 40.8113479614258 37.2638473510742 55.7947044372559 80.5655670166016 105.15966796875 146.215591430664 133.141159057617 107.417381286621 148.680755615234 165.207672119141 168.469360351562 137.033584594727 123.612144470215 172.357177734375 162.068801879883 133.974822998047 161.910354614258 183.452590942383 170.058486938477 202.098907470703 242.689697265625 232.234802246094 268.765777587891 288.068603515625 284.2578125 276.382171630859 266.766662597656 257.956604003906 264.759521484375 266.935607910156 268.808502197266 274.660675048828 274.941925048828 272.141632080078 255.010559082031 247.833892822266 266.087371826172 271.866241455078 281.830444335938 277.820037841797 259.066497802734 259.915649414062 275.141479492188
144.372589111328 145.1015625 146.187042236328 111.074821472168 145.862670898438 157.192886352539 146.528747558594 140.575149536133 129.340118408203 65.5860443115234 51.4976577758789 86.7245101928711 106.187400817871 115.032455444336 143.340072631836 159.227157592773 121.700927734375 133.25114440918 173.67350769043 178.626358032227 155.874633789062 136.31005859375 175.328521728516 197.273132324219 177.529098510742 147.576919555664 183.776260375977 232.142196655273 220.443817138672 238.657180786133 262.205291748047 270.853363037109 285.080535888672 286.043029785156 280.397094726562 274.825042724609 251.579391479492 251.143539428711 260.588806152344 270.330902099609 267.984893798828 271.866912841797 266.445495605469 247.204132080078 255.591354370117 253.644592285156 262.020660400391 268.571594238281 253.150161743164 245.755752563477 266.671356201172 285.121978759766
137.732452392578 151.83610534668 156.843933105469 131.926910400391 131.35710144043 149.311630249023 158.149215698242 159.744766235352 146.207580566406 111.161422729492 55.3717803955078 80.767936706543 135.250183105469 142.982421875 141.618453979492 167.840957641602 156.143127441406 120.759346008301 162.890441894531 178.350067138672 183.384628295898 157.022262573242 161.895172119141 195.209564208984 210.925018310547 182.80419921875 168.651931762695 182.706726074219 203.604156494141 222.273468017578 253.749771118164 270.748413085938 268.141143798828 275.179931640625 263.700897216797 262.105407714844 236.84538269043 252.616302490234 268.446685791016 258.546997070312 262.260681152344 270.881744384766 265.593994140625 241.788665771484 248.28385925293 256.546936035156 260.160461425781 252.79362487793 242.226699829102 268.812835693359 271.477752685547 274.568572998047
143.427291870117 158.717346191406 159.204315185547 123.407806396484 107.988754272461 144.885391235352 158.1416015625 168.856750488281 154.834243774414 133.299606323242 92.0832824707031 57.5475158691406 91.3850250244141 139.117462158203 162.043563842773 174.654159545898 160.140350341797 145.505142211914 139.105209350586 165.427001953125 186.299682617188 167.536102294922 173.34619140625 213.245574951172 227.381469726562 230.088302612305 217.212265014648 192.675064086914 216.399856567383 237.760116577148 260.046508789062 265.113983154297 259.800140380859 266.420684814453 249.273223876953 233.93408203125 240.053039550781 272.360961914062 270.000854492188 243.917831420898 256.198547363281 256.388793945312 239.774536132812 252.832611083984 263.865020751953 261.204559326172 252.75048828125 243.240539550781 260.926177978516 273.496520996094 277.943908691406 268.775817871094
142.520004272461 163.910873413086 154.363784790039 131.159713745117 116.130569458008 131.237197875977 150.204360961914 161.408660888672 162.952697753906 148.190216064453 115.418045043945 89.5069732666016 66.7466735839844 97.1322937011719 155.627838134766 178.657669067383 163.734725952148 172.972640991211 160.692352294922 160.028793334961 181.649291992188 181.454544067383 170.436447143555 212.916030883789 233.810302734375 232.22492980957 232.85986328125 216.668960571289 236.590042114258 256.174163818359 258.990570068359 257.653686523438 248.747680664062 262.611236572266 249.400283813477 217.051483154297 257.027313232422 272.886901855469 257.011871337891 237.01872253418 255.663757324219 234.015655517578 238.090118408203 258.757202148438 251.914886474609 248.153900146484 247.366134643555 247.031112670898 256.791290283203 263.652435302734 261.720336914062 266.568328857422
130.036407470703 160.468780517578 153.83056640625 153.786773681641 146.686584472656 135.550399780273 156.43034362793 167.087905883789 171.142440795898 153.686920166016 142.367446899414 130.701843261719 90.5778121948242 71.0298919677734 127.907623291016 179.83659362793 181.209991455078 179.68049621582 179.566146850586 173.703140258789 176.431640625 191.711013793945 189.528274536133 179.797653198242 204.571166992188 232.658111572266 248.17578125 250.036087036133 248.867691040039 257.099029541016 251.126174926758 246.939605712891 244.288940429688 260.615936279297 233.651306152344 220.704391479492 260.350555419922 259.998260498047 244.226898193359 221.502288818359 227.321533203125 222.181549072266 251.939483642578 257.157867431641 237.355163574219 240.830841064453 237.279205322266 251.291915893555 249.551727294922 251.781478881836 264.569213867188 275.640319824219
148.234390258789 155.875350952148 166.96794128418 165.860717773438 154.607650756836 151.681579589844 137.83837890625 157.260452270508 170.35807800293 170.454803466797 171.267761230469 147.272750854492 109.68238067627 83.6681823730469 96.9098205566406 154.724044799805 176.079986572266 200.429138183594 200.018676757812 182.599334716797 188.679595947266 221.691665649414 235.935012817383 205.139602661133 204.37873840332 232.803604125977 244.374389648438 245.024917602539 255.327026367188 248.020751953125 237.743774414062 227.875152587891 252.477478027344 256.487274169922 227.981430053711 224.124176025391 258.08349609375 244.679595947266 233.414978027344 207.923522949219 218.884017944336 244.313217163086 246.360275268555 230.510498046875 225.016235351562 228.755676269531 232.679046630859 259.014770507812 273.110595703125 262.714050292969 258.7744140625 265.904815673828
165.007232666016 154.680923461914 171.2041015625 166.860107421875 163.666076660156 164.434616088867 153.146102905273 149.754684448242 160.34114074707 176.770904541016 169.400588989258 160.121200561523 147.599487304688 103.160018920898 100.694709777832 145.273864746094 178.916809082031 224.57356262207 230.021453857422 194.279663085938 196.586013793945 232.936111450195 255.57373046875 243.192031860352 242.605438232422 260.368713378906 242.945114135742 236.058715820312 244.546966552734 244.077102661133 213.194595336914 236.782913208008 257.459289550781 253.327972412109 222.951538085938 214.587448120117 254.481658935547 244.710372924805 212.753921508789 218.88850402832 239.299346923828 239.682098388672 220.532150268555 218.356307983398 227.337265014648 240.145492553711 249.331634521484 246.498550415039 256.449096679688 268.733459472656 274.301177978516 277.543487548828
178.826538085938 166.301116943359 179.0419921875 176.530227661133 171.39533996582 166.148956298828 166.080108642578 175.431137084961 170.20263671875 172.061874389648 175.783401489258 165.673645019531 151.411773681641 110.260101318359 109.711120605469 174.125 185.788375854492 212.473831176758 224.567092895508 192.576171875 184.302627563477 211.772171020508 240.241882324219 247.801803588867 244.59619140625 244.023483276367 234.665283203125 219.707885742188 221.064224243164 220.767044067383 205.636749267578 240.325454711914 252.167694091797 250.826797485352 220.746765136719 211.748168945312 247.860015869141 230.331741333008 210.309753417969 223.724746704102 212.905395507812 211.872451782227 224.080337524414 234.538040161133 241.714370727539 244.866989135742 249.097015380859 254.204833984375 257.355346679688 259.141571044922 262.787261962891 273.019775390625
183.640350341797 175.95866394043 176.91584777832 182.291778564453 184.363632202148 180.830642700195 171.144149780273 176.057159423828 173.719009399414 172.410903930664 165.934799194336 148.461685180664 121.424896240234 102.934242248535 102.742660522461 127.740211486816 151.906829833984 173.405822753906 183.753799438477 175.502593994141 169.082336425781 202.583114624023 224.987747192383 228.553039550781 229.297225952148 224.230453491211 216.479919433594 205.421661376953 203.300369262695 191.163146972656 216.830963134766 245.606231689453 242.138732910156 236.94612121582 211.453323364258 211.390884399414 219.291885375977 206.249206542969 201.581283569336 204.236663818359 208.950729370117 229.833786010742 240.332077026367 233.815811157227 239.315780639648 247.352813720703 248.669067382812 252.180053710938 263.872467041016 267.374969482422 270.387237548828 273.183685302734
180.129348754883 187.383972167969 180.755844116211 181.751754760742 186.587036132812 188.353744506836 189.723861694336 193.616897583008 179.326141357422 182.331985473633 179.193481445312 165.429702758789 132.543258666992 140.387939453125 137.334655761719 127.991752624512 134.184265136719 133.076385498047 140.303298950195 153.069732666016 167.56852722168 183.757843017578 203.361114501953 218.61279296875 217.22395324707 211.602142333984 197.90901184082 186.740707397461 187.422439575195 207.862854003906 221.358184814453 219.392028808594 210.307983398438 221.433166503906 198.798461914062 185.843597412109 199.301345825195 210.517913818359 226.045700073242 226.734771728516 217.617660522461 220.168716430664 224.785064697266 231.694931030273 239.658828735352 243.207855224609 249.032791137695 254.453491210938 257.470489501953 260.193756103516 267.434967041016 277.949829101562
133.269302368164 152.014526367188 166.388168334961 171.707580566406 182.330307006836 187.667541503906 191.490020751953 193.088439941406 191.494598388672 188.091278076172 186.848510742188 162.956619262695 157.884658813477 170.433258056641 155.284927368164 140.992706298828 160.092300415039 163.374740600586 145.609191894531 157.644454956055 191.887924194336 203.207992553711 216.384857177734 217.875900268555 205.678344726562 202.61051940918 181.633392333984 168.564239501953 204.722961425781 222.499374389648 217.773544311523 203.924026489258 188.782928466797 171.188537597656 152.354125976562 189.290878295898 219.176376342773 232.621795654297 243.701751708984 244.872131347656 245.192367553711 245.833129882812 236.262908935547 238.974487304688 238.384582519531 243.768615722656 254.486297607422 259.965850830078 268.202728271484 262.868560791016 264.984832763672 277.321411132812
130.820770263672 131.169174194336 158.933074951172 186.382797241211 190.851181030273 193.233703613281 196.75910949707 197.98518371582 197.397857666016 199.313751220703 193.366394042969 158.124572753906 167.070129394531 183.448181152344 177.71745300293 164.802627563477 147.973587036133 177.806167602539 175.365600585938 181.793151855469 185.49284362793 199.122604370117 213.845764160156 203.395645141602 191.215484619141 182.151641845703 162.011260986328 199.012603759766 205.16064453125 199.561126708984 208.039245605469 184.023300170898 170.339172363281 143.495086669922 165.778350830078 197.775726318359 199.126358032227 201.433334350586 214.618194580078 225.117614746094 238.462112426758 230.418334960938 223.464889526367 230.417770385742 226.366455078125 241.518905639648 252.75016784668 259.952301025391 260.029876708984 247.551177978516 254.229644775391 276.348083496094
165.951583862305 169.456634521484 152.295776367188 176.036804199219 189.40803527832 192.947479248047 197.021179199219 198.477737426758 200.092300415039 203.942977905273 192.169692993164 160.972229003906 169.441177368164 192.873901367188 196.013412475586 188.790023803711 156.254486083984 202.8427734375 193.113739013672 199.985687255859 193.415725708008 206.416137695312 208.05158996582 188.934494018555 179.824630737305 155.359268188477 177.546295166016 211.486297607422 197.613891601562 173.546020507812 159.050170898438 139.714492797852 136.011932373047 145.057006835938 163.136138916016 175.116271972656 172.895660400391 189.892791748047 207.351181030273 206.889541625977 214.197021484375 207.616088867188 203.100112915039 209.809219360352 219.08171081543 237.927856445312 241.315658569336 245.001449584961 242.896987915039 232.072891235352 251.612380981445 260.948059082031
179.457244873047 182.116271972656 178.832641601562 164.706115722656 170.032012939453 188.520568847656 196.462692260742 196.872528076172 198.616134643555 200.518737792969 195.202056884766 189.547164916992 174.46875 180.055572509766 198.049774169922 194.742568969727 160.745758056641 186.608352661133 202.122817993164 200.535064697266 207.363220214844 206.131530761719 199.327255249023 187.926940917969 170.059051513672 145.550521850586 191.070251464844 201.745697021484 170.569213867188 145.742553710938 127.669136047363 142.49836730957 159.507736206055 170.146331787109 176.645172119141 171.488525390625 172.951675415039 189.881271362305 195.115982055664 203.93017578125 214.930313110352 205.133697509766 182.287857055664 180.899215698242 192.512451171875 202.999664306641 202.423965454102 206.817459106445 221.123016357422 237.207595825195 256.976135253906 268.819641113281
179.069869995117 187.28434753418 191.694076538086 189.561401367188 186.669540405273 189.434936523438 188.232025146484 191.849365234375 196.601211547852 198.804260253906 200.636978149414 202.283065795898 194.843658447266 194.704010009766 201.001510620117 195.142517089844 182.87907409668 169.217666625977 185.971801757812 200.75813293457 209.231948852539 201.723815917969 189.779083251953 180.187942504883 156.253662109375 149.914749145508 187.739562988281 159.469863891602 138.319274902344 166.377700805664 179.848037719727 204.91096496582 224.512176513672 216.336685180664 208.854354858398 196.856170654297 193.981216430664 188.398513793945 195.452911376953 205.120880126953 208.863952636719 187.308151245117 179.467636108398 173.552917480469 183.41096496582 180.730163574219 176.214553833008 172.677886962891 200.525085449219 221.533264160156 237.440826416016 244.166259765625
184.233139038086 178.819183349609 187.026962280273 192.475708007812 191.678451538086 180.607055664062 182.247695922852 191.795135498047 193.806411743164 191.231643676758 189.596038818359 194.284255981445 200.167221069336 203.406341552734 204.573165893555 201.347808837891 201.175765991211 179.113906860352 187.19091796875 202.73567199707 195.28141784668 194.887496948242 196.918731689453 178.735824584961 142.993499755859 136.482452392578 150.982849121094 132.062347412109 141.52961730957 197.651214599609 215.814575195312 227.213684082031 229.327835083008 231.242462158203 222.247970581055 223.657669067383 223.223434448242 215.262069702148 206.611953735352 205.486221313477 191.167388916016 179.330978393555 171.299606323242 169.388458251953 179.111587524414 174.312164306641 166.285980224609 182.030853271484 197.892364501953 207.102127075195 213.353179931641 217.409469604492
165.599838256836 179.778305053711 184.066116333008 187.442153930664 193.294250488281 176.137924194336 176.026977539062 193.105163574219 187.066345214844 164.560089111328 169.605834960938 186.642211914062 196.785888671875 202.798431396484 193.467697143555 188.619415283203 196.230285644531 192.272216796875 198.178237915039 209.090133666992 197.790786743164 176.491897583008 180.443939208984 160.064529418945 136.638702392578 126.389427185059 131.668365478516 128.029281616211 178.544128417969 213.634811401367 216.894561767578 221.94905090332 212.399826049805 209.313507080078 223.163864135742 241.059692382812 251.527633666992 232.685501098633 206.042053222656 189.458343505859 178.034210205078 171.080413818359 166.949325561523 165.111083984375 176.994812011719 175.427185058594 164.733428955078 182.926223754883 190.873764038086 202.65852355957 201.754898071289 209.516036987305
148.863220214844 161.292495727539 174.005187988281 192.614730834961 190.09619140625 167.449157714844 169.645111083984 171.873352050781 158.721557617188 162.343856811523 180.980255126953 193.527694702148 203.417953491211 194.081665039062 181.183715820312 181.358871459961 183.918685913086 187.307647705078 199.048324584961 192.110855102539 188.365798950195 176.241897583008 156.829071044922 145.433654785156 132.564376831055 121.257034301758 115.56420135498 147.13264465332 199.189102172852 192.70068359375 190.455749511719 197.595031738281 203.737930297852 218.412567138672 227.898788452148 238.091415405273 242.322265625 236.169677734375 208.259155273438 180.457931518555 172.586700439453 166.769332885742 161.447509765625 163.49072265625 168.86882019043 173.956192016602 163.591644287109 175.553787231445 182.918197631836 199.083465576172 190.898239135742 186.096282958984
160.643569946289 176.404541015625 184.092483520508 184.966690063477 180.337265014648 155.194763183594 142.195007324219 148.075439453125 161.801651000977 177.994537353516 181.938568115234 191.528030395508 200.631988525391 192.048263549805 167.981399536133 163.410171508789 176.70036315918 191.791030883789 196.63249206543 183.613922119141 172.35221862793 158.394958496094 149.406356811523 132.679275512695 121.771041870117 109.008682250977 115.344291687012 173.142639160156 179.583648681641 168.378204345703 194.945251464844 202.311782836914 217.333053588867 221.42936706543 223.706451416016 231.013229370117 232.421127319336 227.833206176758 201.894012451172 184.527114868164 179.261611938477 167.301116943359 157.697387695312 156.367584228516 159.758087158203 158.112487792969 157.802185058594 174.888000488281 180.033615112305 184.607482910156 179.619216918945 191.344360351562
