R_scripts/int_process_data/East_Mediterranean_aspect.asc
NCOLS 281 
NROWS 576 
XLLCORNER 81175.2677831308 
YLLCORNER 88.2293212990044 
CELLSIZE 1000 
NODATA_value -3.4e+38 
[rows 92 to 114 of 576, columns 156 to 207 of 281]
180.34651184082 188.675262451172 227.086074829102 247.752822875977 255.635025024414 198.692108154297 178.228454589844 177.297897338867 147.822601318359 165.424163818359 218.208770751953 217.618850708008 215.224212646484 229.318756103516 245.90104675293 214.330902099609 254.488571166992 218.381439208984 124.639999389648 163.36247253418 235.29768371582 128.703460693359 151.428192138672 184.864929199219 146.318511962891 216.140853881836 241.634216308594 156.194732666016 120.226821899414 156.786056518555 149.961441040039 116.705718994141 129.170532226562 130.671401977539 93.0309600830078 101.121559143066 175.531234741211 184.99333190918 170.731979370117 173.657424926758 226.990631103516 217.88786315918 202.362487792969 204.539413452148 184.201736450195 126.290626525879 126.365951538086 224.581146240234 178.491058349609 180.084259033203 231.684356689453 210.433212280273
211.660064697266 192.225509643555 244.128448486328 237.486785888672 229.588653564453 170.830749511719 149.872985839844 146.350875854492 183.681579589844 182.16975402832 200.885971069336 207.949035644531 193.012237548828 197.747573852539 181.791870117188 190.731781005859 223.030792236328 162.678741455078 219.423080444336 267.243072509766 226.299118041992 138.296508789062 184.479873657227 191.254791259766 150.402221679688 132.375854492188 145.615936279297 219.507095336914 160.8701171875 126.576538085938 145.719268798828 152.663543701172 147.569732666016 129.157913208008 141.630447387695 139.962921142578 172.800552368164 145.789825439453 159.892761230469 83.0902938842773 139.099716186523 142.424758911133 147.313385009766 184.856338500977 213.565536499023 220.784652709961 188.920288085938 154.796875 148.45637512207 172.989974975586 161.067596435547 172.423324584961
187.869277954102 240.922134399414 202.004959106445 253.716735839844 208.42253112793 238.401626586914 202.32893371582 116.554649353027 186.843475341797 185.958831787109 198.317977905273 200.428207397461 171.389190673828 151.158325195312 141.726257324219 129.989669799805 164.553314208984 229.045883178711 264.358459472656 228.927963256836 210.256286621094 194.629516601562 119.227699279785 201.424102783203 234.081359863281 200.354751586914 199.251510620117 137.378326416016 153.438613891602 201.177352905273 162.727325439453 129.16584777832 137.661697387695 126.569664001465 149.106460571289 237.521484375 191.680877685547 136.420837402344 166.587997436523 124.182609558105 119.206512451172 160.719177246094 146.821029663086 185.424285888672 171.726715087891 194.336044311523 196.91162109375 208.524078369141 215.679016113281 158.344604492188 165.639083862305 169.161880493164
243.541656494141 232.3974609375 220.950592041016 250.796020507812 194.563339233398 233.01838684082 199.224990844727 182.120254516602 124.339385986328 138.367477416992 179.021835327148 199.011016845703 188.149993896484 183.5869140625 180.659057617188 177.942779541016 115.889343261719 184.270385742188 255.880355834961 252.575256347656 194.543380737305 232.572662353516 102.757102966309 106.979560852051 221.01628112793 255.748107910156 171.63264465332 106.000061035156 201.574645996094 183.059555053711 182.860321044922 224.626358032227 211.30924987793 220.546920776367 184.952011108398 232.639938354492 149.447540283203 187.502899169922 164.360137939453 140.337387084961 98.3366317749023 153.279663085938 135.849166870117 213.011642456055 210.788558959961 228.556625366211 247.778686523438 243.180526733398 195.502410888672 193.402359008789 194.68537902832 194.975509643555
234.916641235352 217.372222900391 234.917327880859 208.167358398438 250.824966430664 205.323150634766 240.8310546875 264.082214355469 246.268112182617 163.310745239258 154.344421386719 196.048004150391 198.999664306641 211.190444946289 179.93962097168 196.26188659668 191.2998046875 222.702560424805 198.904006958008 195.621841430664 224.883987426758 229.563171386719 159.322357177734 138.754913330078 168.51008605957 168.922637939453 187.183837890625 222.801574707031 195.053756713867 154.197265625 239.291732788086 244.847534179688 225.525604248047 232.4267578125 227.702789306641 193.547561645508 155.707733154297 187.911605834961 133.492263793945 138.855346679688 138.471832275391 157.125228881836 226.800628662109 240.644180297852 227.043884277344 180.520202636719 213.166488647461 246.91569519043 243.60026550293 245.142990112305 202.854888916016 174.548156738281
197.017303466797 229.169815063477 214.413848876953 244.1630859375 223.232360839844 214.907211303711 265.820068359375 258.810607910156 204.462097167969 202.659805297852 167.521118164062 202.564743041992 212.4833984375 169.520584106445 211.892166137695 225.753845214844 234.958724975586 210.165435791016 179.898361206055 183.428787231445 219.300659179688 241.904983520508 230.119186401367 208.107421875 112.941902160645 193.234802246094 237.453384399414 203.591064453125 174.586242675781 204.275085449219 224.165557861328 197.510406494141 161.418045043945 128.902801513672 176.034408569336 143.767303466797 160.55549621582 153.793472290039 170.009460449219 190.019393920898 248.859405517578 227.332107543945 264.501495361328 170.018035888672 171.111770629883 211.266143798828 208.915222167969 174.518264770508 192.740875244141 194.937164306641 171.27653503418 158.736465454102
198.242279052734 189.157409667969 229.268051147461 204.21174621582 177.254730224609 227.378677368164 253.192413330078 249.207656860352 239.957885742188 270.007049560547 219.509429931641 169.700149536133 202.037750244141 222.428939819336 216.526184082031 223.850662231445 242.109268188477 190.775390625 131.1845703125 151.439361572266 177.946960449219 225.458679199219 233.382873535156 272.4443359375 225.131927490234 170.537689208984 122.20637512207 88.2436828613281 129.244445800781 170.421081542969 171.722625732422 126.504364013672 164.735992431641 215.031219482422 174.915313720703 169.081176757812 134.030532836914 123.136764526367 176.277313232422 229.697769165039 235.824966430664 241.742324829102 254.441162109375 229.067977905273 212.909652709961 160.157806396484 203.290969848633 219.190826416016 203.284469604492 192.761047363281 181.999877929688 159.324523925781
210.633010864258 183.503799438477 132.812896728516 133.883544921875 208.081634521484 231.588821411133 174.099060058594 162.478073120117 198.065567016602 215.956954956055 165.671966552734 179.559112548828 199.156494140625 202.622192382812 187.35888671875 202.510284423828 228.94221496582 225.735778808594 188.614486694336 97.5235061645508 152.279708862305 222.137771606445 238.855133056641 212.872512817383 189.84700012207 183.107955932617 186.272583007812 183.766128540039 112.154388427734 89.0879364013672 127.298965454102 195.53515625 200.373626708984 214.439254760742 159.998153686523 162.66325378418 153.165344238281 164.558380126953 176.060989379883 206.237991333008 211.570953369141 267.200714111328 222.851684570312 210.796493530273 192.5048828125 184.558792114258 208.775100708008 215.114303588867 245.731536865234 235.566497802734 196.919708251953 193.382781982422
161.162857055664 149.845001220703 160.442947387695 166.209060668945 209.631439208984 201.393814086914 175.000152587891 125.213584899902 105.320022583008 112.519500732422 139.42692565918 142.905532836914 183.824554443359 175.896713256836 194.700057983398 220.395370483398 235.337051391602 228.893035888672 212.073028564453 221.595352172852 161.405364990234 202.703979492188 265.151519775391 196.015182495117 192.190963745117 187.531524658203 254.095947265625 205.983871459961 229.298187255859 218.01350402832 196.221130371094 241.625289916992 254.953536987305 205.692489624023 197.529647827148 177.329498291016 187.021942138672 227.284301757812 119.009834289551 128.926300048828 154.890808105469 159.792221069336 179.278854370117 115.438430786133 92.4367752075195 98.7460632324219 158.488052368164 200.561126708984 201.167037963867 205.276504516602 191.452789306641 190.193359375
159.395767211914 152.780517578125 179.171020507812 230.731185913086 194.997207641602 155.382553100586 174.419464111328 152.319412231445 113.47339630127 114.549598693848 190.865142822266 161.76171875 171.038787841797 207.959442138672 209.83576965332 213.519775390625 224.567123413086 190.506729125977 157.041152954102 221.102355957031 180.835586547852 158.338455200195 188.115753173828 149.063522338867 103.461837768555 121.490943908691 154.209335327148 195.295379638672 253.025802612305 228.909317016602 237.892150878906 247.792984008789 227.315704345703 195.725738525391 197.988159179688 178.183532714844 212.495956420898 197.868240356445 215.258102416992 200.769317626953 228.932525634766 196.238327026367 140.148345947266 128.055725097656 121.70629119873 133.717178344727 135.800048828125 143.539077758789 140.006683349609 151.714111328125 182.316467285156 173.12239074707
165.026107788086 185.228713989258 204.741744995117 213.710693359375 179.243576049805 173.450042724609 151.016235351562 196.258666992188 196.913818359375 124.653381347656 103.156455993652 186.716094970703 193.739624023438 174.145446777344 178.099258422852 225.151779174805 171.859848022461 152.77116394043 203.733489990234 202.340438842773 250.4091796875 176.87516784668 147.948852539062 184.094253540039 221.997604370117 232.489440917969 174.065567016602 172.332092285156 189.697479248047 192.192199707031 196.56721496582 220.568008422852 210.236999511719 164.666732788086 165.91145324707 203.862655639648 259.535491943359 232.063079833984 247.558090209961 208.366226196289 230.015289306641 173.939697265625 121.964660644531 135.434387207031 137.422119140625 190.420669555664 199.910186767578 228.316589355469 186.324645996094 187.627395629883 175.00700378418 200.328826904297
208.143096923828 189.977767944336 186.549224853516 210.155349731445 208.390853881836 237.012878417969 240.268783569336 220.163681030273 227.502624511719 243.509063720703 175.350341796875 182.378128051758 187.590393066406 161.135223388672 221.249160766602 182.846878051758 190.891677856445 222.865539550781 239.501541137695 268.479705810547 233.289108276367 256.787170410156 203.183837890625 193.522079467773 262.024078369141 183.715713500977 217.020858764648 193.600357055664 113.085960388184 163.450469970703 222.845916748047 221.011825561523 191.525939941406 195.887298583984 187.923187255859 177.369857788086 205.867416381836 266.684967041016 172.200103759766 118.846969604492 140.207138061523 141.26171875 149.884170532227 122.199195861816 173.033111572266 216.466995239258 209.174499511719 188.52375793457 185.94563293457 186.096405029297 212.001373291016 248.504089355469
169.275527954102 223.568450927734 153.037216186523 188.431106567383 243.46875 218.619537353516 176.736465454102 118.935516357422 143.656753540039 199.924591064453 251.270935058594 190.761810302734 179.127883911133 184.036422729492 226.134613037109 204.296600341797 227.857833862305 248.580459594727 249.297119140625 200.060256958008 107.609619140625 159.825942993164 214.956207275391 270.912567138672 222.726608276367 189.839019775391 185.029998779297 228.081741333008 228.147048950195 241.614593505859 162.60969543457 205.78157043457 192.229278564453 245.11457824707 218.282836914062 193.818618774414 171.311614990234 220.542236328125 196.695510864258 167.638931274414 168.087463378906 177.870513916016 200.511215209961 192.147445678711 269.6875 230.377868652344 188.583374023438 159.892211914062 171.724685668945 178.323516845703 202.984970092773 166.086120605469
182.441345214844 190.794296264648 211.422103881836 212.435241699219 210.531036376953 159.516204833984 171.151107788086 222.037322998047 130.890991210938 69.2014770507812 161.249542236328 195.429214477539 188.172088623047 189.418319702148 167.611206054688 236.013290405273 227.059768676758 201.194808959961 191.46516418457 163.84162902832 149.11799621582 95.5749435424805 97.1766586303711 179.47721862793 211.444732666016 216.250350952148 194.30387878418 193.151550292969 178.999755859375 160.714965820312 214.306930541992 217.556793212891 213.750961303711 218.553024291992 211.215927124023 253.519424438477 286.352325439453 238.549575805664 185.737228393555 177.072723388672 212.756225585938 211.912826538086 157.289276123047 153.787261962891 219.692962646484 155.700866699219 165.724899291992 205.517120361328 210.545837402344 175.968276977539 163.726791381836 143.512756347656
206.737655639648 148.850540161133 161.408905029297 167.983505249023 196.683013916016 174.071594238281 168.753143310547 223.847457885742 235.109313964844 150.68505859375 122.660209655762 161.788284301758 235.974685668945 256.445220947266 252.191055297852 145.381454467773 79.7245483398438 74.5198440551758 91.8634414672852 159.518493652344 152.969497680664 104.255752563477 134.101409912109 160.431533813477 152.108642578125 187.273529052734 257.4736328125 232.438842773438 206.595108032227 196.464736938477 276.517517089844 178.734161376953 199.782897949219 228.792068481445 213.289627075195 235.025527954102 259.761383056641 202.62907409668 159.793884277344 245.855163574219 239.164291381836 140.983261108398 130.7783203125 159.765060424805 175.531768798828 171.407516479492 158.036437988281 180.927703857422 165.256958007812 184.467636108398 200.764892578125 192.194198608398
204.306686401367 205.196060180664 195.552047729492 215.084732055664 160.520248413086 193.483413696289 249.456039428711 170.422622680664 155.62370300293 230.265808105469 181.087646484375 187.654525756836 113.549026489258 186.471527099609 185.838623046875 190.210098266602 223.72785949707 165.345153808594 89.1091690063477 114.603233337402 187.357833862305 145.278533935547 171.809417724609 174.629257202148 140.256271362305 155.065979003906 229.857788085938 205.369232177734 204.189071655273 254.989288330078 270.857574462891 173.737747192383 195.25862121582 207.031646728516 172.318664550781 185.717132568359 245.16828918457 178.927780151367 183.880279541016 277.463653564453 198.896682739258 212.267852783203 234.410949707031 185.47981262207 141.462417602539 130.345092773438 177.010879516602 214.861740112305 193.825973510742 161.195999145508 153.81623840332 176.733337402344
241.172836303711 194.813613891602 187.071807861328 181.10009765625 181.872055053711 247.934631347656 227.404708862305 229.556427001953 185.110931396484 234.506118774414 254.546813964844 180.383972167969 192.498657226562 103.82869720459 107.532997131348 142.040863037109 167.80549621582 160.095550537109 129.937866210938 62.6859931945801 145.351745605469 204.939102172852 212.456970214844 141.061996459961 116.517242431641 106.176277160645 172.497268676758 184.996612548828 221.354904174805 262.408111572266 213.994522094727 210.185989379883 262.484771728516 214.579315185547 188.937255859375 203.488510131836 222.642669677734 200.625427246094 250.990020751953 209.635131835938 205.858703613281 237.310668945312 190.903945922852 209.185028076172 271.109405517578 200.998321533203 194.707092285156 162.683364868164 141.095199584961 146.452651977539 102.452850341797 105.63207244873
200.116287231445 273.184020996094 234.113662719727 202.786514282227 266.11279296875 250.930297851562 243.126495361328 226.655563354492 187.430725097656 181.255859375 154.028366088867 103.562156677246 179.708740234375 221.816390991211 243.818283081055 221.931945800781 182.412963867188 137.209884643555 177.234985351562 129.71208190918 100.126594543457 127.162506103516 148.131210327148 136.767974853516 152.101577758789 131.572265625 182.029891967773 200.910110473633 212.912551879883 272.186096191406 200.550399780273 271.423553466797 243.803146362305 217.119232177734 210.957046508789 258.827331542969 207.584091186523 202.191131591797 207.855895996094 221.692977905273 249.165863037109 222.133148193359 212.522018432617 281.608367919922 220.964309692383 273.473388671875 232.032333374023 163.946258544922 153.617218017578 175.898986816406 195.955337524414 182.738143920898
189.425094604492 199.761032104492 97.7715682983398 114.382141113281 145.390975952148 113.078834533691 108.391204833984 138.310546875 180.565567016602 159.422210693359 124.528457641602 100.161865234375 116.855751037598 151.575637817383 136.895858764648 184.068923950195 229.521438598633 219.863098144531 235.217361450195 212.705215454102 220.152008056641 206.870162963867 138.613052368164 159.300842285156 160.084701538086 148.550567626953 126.74666595459 161.677001953125 253.213165283203 247.850280761719 240.494338989258 258.954254150391 254.694625854492 249.506759643555 250.098556518555 247.39485168457 252.496276855469 218.496444702148 204.823486328125 267.620178222656 230.95930480957 196.091171264648 244.754302978516 268.024291992188 278.795837402344 205.257843017578 140.452423095703 236.472503662109 162.33544921875 194.507873535156 197.435028076172 171.025238037109
143.145645141602 142.390197753906 145.054046630859 156.181350708008 166.120956420898 121.951805114746 96.0069122314453 90.0636520385742 106.173667907715 140.862030029297 224.099624633789 220.34342956543 108.379791259766 109.285179138184 139.379989624023 145.574676513672 174.854904174805 228.471435546875 216.048004150391 217.345016479492 192.858825683594 186.128082275391 170.482131958008 126.363342285156 131.937896728516 150.81330871582 158.436599731445 178.272796630859 205.561065673828 211.793045043945 203.696624755859 187.772720336914 207.694747924805 239.7626953125 241.860702514648 231.631881713867 169.190673828125 176.69889831543 234.382614135742 265.080841064453 221.025817871094 237.978820800781 233.762741088867 242.960800170898 275.491027832031 221.979141235352 252.270874023438 168.094741821289 207.360961914062 218.793914794922 201.822662353516 213.342361450195
136.730621337891 158.880325317383 217.345977783203 205.302474975586 198.380081176758 224.979858398438 185.600402832031 124.476455688477 85.7636947631836 88.3321762084961 185.267913818359 196.587295532227 232.297561645508 188.194107055664 117.507331848145 137.338973999023 152.093536376953 183.181579589844 235.224761962891 222.055877685547 214.193481445312 209.290878295898 238.213684082031 200.33219909668 155.343688964844 168.621520996094 170.008819580078 144.605316162109 156.049835205078 121.864807128906 98.8820114135742 113.546562194824 136.904769897461 159.256561279297 170.491714477539 118.156921386719 111.327415466309 59.5169982910156 108.877510070801 173.633819580078 185.894760131836 225.465393066406 265.756530761719 210.127288818359 155.960540771484 215.425170898438 181.740997314453 147.204879760742 189.303466796875 169.184509277344 209.569351196289 240.438598632812
164.115264892578 183.919403076172 152.785308837891 135.70246887207 143.011367797852 166.631134033203 178.318389892578 180.882461547852 170.1826171875 142.414901733398 177.391891479492 218.564117431641 190.854248046875 184.97590637207 174.809112548828 163.114013671875 160.755249023438 123.789581298828 165.948501586914 220.092361450195 225.085983276367 227.056274414062 212.511795043945 241.709808349609 163.776260375977 137.449142456055 204.469177246094 210.851196289062 164.335800170898 162.924362182617 153.653228759766 136.80012512207 146.167404174805 121.674346923828 97.472900390625 187.640350341797 171.546340942383 127.546081542969 112.614768981934 159.440338134766 102.899459838867 118.431373596191 186.388076782227 181.162139892578 131.500671386719 164.20979309082 150.782424926758 127.262550354004 113.42798614502 106.603340148926 136.628982543945 167.384536743164
110.054870605469 164.048812866211 146.313491821289 98.6511306762695 91.6914215087891 147.922546386719 109.084983825684 123.992713928223 109.977378845215 135.83805847168 147.515411376953 162.786315917969 179.11376953125 226.19743347168 230.610900878906 186.961547851562 131.538330078125 98.9487228393555 79.233757019043 153.819213867188 210.237808227539 211.631744384766 227.55256652832 217.799499511719 212.751068115234 172.565765380859 144.782562255859 185.484970092773 182.363739013672 165.453964233398 195.470230102539 198.124282836914 176.080718994141 158.427642822266 153.119583129883 182.493850708008 224.440521240234 211.260406494141 193.076782226562 165.088043212891 166.487258911133 96.4684066772461 102.456962585449 120.932891845703 138.493072509766 172.056686401367 166.15950012207 178.390579223633 209.699478149414 234.481262207031 222.964111328125 128.634658813477
