R_scripts/int_process_data/East_Mediterranean_DEM.asc
NCOLS 281 
NROWS 576 
XLLCORNER 81175.2677831308 
YLLCORNER 88.2293212990044 
CELLSIZE 1000 
NODATA_value -3.4e+38 
[rows 460 to 482 of 576, columns 156 to 207 of 281]
162.452423095703 145.243835449219 131.784088134766 125.03783416748 118.059600830078 77.6651611328125 82.1165542602539 132.512481689453 144.556518554688 141.468399047852 139.53385925293 149.70280456543 160.953765869141 164.082748413086 167.262557983398 167.475402832031 169.060028076172 171.863494873047 195.669921875 200.244064331055 206.506423950195 186.453903198242 190.605102539062 205.035003662109 211.614700317383 216.445007324219 225.638290405273 237.264663696289 256.930023193359 271.441955566406 270.875762939453 292.711578369141 293.102844238281 279.447357177734 330.499450683594 357.902099609375 264.302673339844 247.299407958984 252.768020629883 256.176849365234 254.043685913086 258.642578125 259.921173095703 288.060546875 307.003326416016 327.155731201172 337.497497558594 352.668548583984 384.765533447266 408.927886962891 422.499145507812 -3.4e+38
158.238143920898 157.568389892578 150.171508789062 133.265213012695 115.112030029297 87.3987731933594 88.703971862793 116.657295227051 115.61164855957 121.179222106934 132.103088378906 131.677261352539 135.197280883789 139.952453613281 140.7880859375 142.152786254883 143.838256835938 154.027969360352 159.344421386719 164.049163818359 171.404510498047 172.515243530273 181.225067138672 197.236801147461 204.299102783203 215.969100952148 218.124664306641 233.350067138672 241.859466552734 254.667541503906 265.133880615234 273.663696289062 291.249816894531 277.317810058594 298.650451660156 290.25390625 256.51953125 258.681396484375 267.243499755859 275.30029296875 288.364685058594 291.142395019531 287.393249511719 -3.4e+38 -3.4e+38 -3.4e+38 -3.4e+38 -3.4e+38 -3.4e+38 -3.4e+38 -3.4e+38 -3.4e+38
151.560745239258 171.545944213867 174.261840820312 141.897064208984 99.5936508178711 72.7513732910156 83.8816757202148 95.3721923828125 106.431678771973 127.04411315918 154.846115112305 151.095611572266 132.721923828125 132.575347900391 145.007568359375 156.481018066406 151.261123657227 155.043853759766 165.624847412109 176.489334106445 192.88346862793 192.024124145508 176.09245300293 180.177627563477 190.111358642578 195.557266235352 203.429626464844 229.669403076172 243.044097900391 253.316055297852 258.510406494141 259.747161865234 280.419006347656 271.788604736328 273.143188476562 292.494934082031 283.723175048828 269.542388916016 273.137268066406 277.453857421875 -3.4e+38 -3.4e+38 -3.4e+38 -3.4e+38 -3.4e+38 -3.4e+38 -3.4e+38 -3.4e+38 -3.4e+38 -3.4e+38 -3.4e+38 -3.4e+38
125.997200012207 164.042678833008 164.283569335938 118.875068664551 80.9980316162109 83.8142776489258 93.7884979248047 118.402030944824 133.381408691406 134.095184326172 165.204559326172 172.854095458984 159.333282470703 144.994018554688 155.334899902344 167.061080932617 169.350708007812 168.633850097656 172.559432983398 182.134796142578 192.704864501953 194.718978881836 186.92936706543 190.705581665039 185.947021484375 188.944915771484 195.383712768555 218.118896484375 235.1630859375 244.053039550781 247.861618041992 259.185943603516 280.051422119141 279.192199707031 261.341247558594 281.844909667969 335.991851806641 302.601257324219 297.004241943359 -3.4e+38 -3.4e+38 -3.4e+38 -3.4e+38 -3.4e+38 -3.4e+38 -3.4e+38 -3.4e+38 -3.4e+38 -3.4e+38 -3.4e+38 -3.4e+38 -3.4e+38
112.184036254883 105.849662780762 135.615997314453 97.3006286621094 99.350944519043 110.133094787598 115.877182006836 138.382843017578 150.783065795898 145.360885620117 171.489379882812 198.738174438477 178.0224609375 168.526992797852 166.084274291992 158.196197509766 164.78108215332 186.572372436523 190.614303588867 179.801025390625 196.143936157227 205.139343261719 208.654815673828 210.134185791016 200.282424926758 202.681015014648 207.781616210938 208.110458374023 222.931610107422 236.195999145508 247.414947509766 256.810241699219 263.265411376953 272.415130615234 251.470458984375 271.286193847656 347.897247314453 425.238342285156 382.031097412109 306.727508544922 -3.4e+38 -3.4e+38 -3.4e+38 -3.4e+38 -3.4e+38 -3.4e+38 -3.4e+38 -3.4e+38 -3.4e+38 -3.4e+38 -3.4e+38 -3.4e+38
124.492301940918 92.9367141723633 86.5647888183594 70.1235733032227 106.892578125 132.570648193359 135.27311706543 136.864685058594 158.00325012207 167.17463684082 165.410583496094 202.921890258789 188.110488891602 176.864303588867 191.381378173828 191.907272338867 191.320785522461 186.479446411133 188.931076049805 189.003479003906 192.115234375 205.375534057617 206.095947265625 218.827392578125 222.787811279297 219.607803344727 229.288528442383 218.661102294922 223.382110595703 241.970306396484 254.866622924805 249.507995605469 245.947357177734 244.078796386719 247.630599975586 272.468780517578 281.719787597656 360.008697509766 360.609466552734 270.839965820312 -3.4e+38 -3.4e+38 -3.4e+38 -3.4e+38 -3.4e+38 -3.4e+38 -3.4e+38 -3.4e+38 -3.4e+38 -3.4e+38 -3.4e+38 -3.4e+38
162.397796630859 126.821380615234 68.4327163696289 73.0036468505859 118.259246826172 145.961883544922 159.217391967773 157.737121582031 178.555130004883 178.31315612793 168.406524658203 176.252716064453 189.423202514648 198.30078125 193.940277099609 205.936981201172 211.167221069336 206.594131469727 191.592910766602 198.566619873047 197.610717773438 204.962417602539 209.785247802734 219.003463745117 228.698257446289 232.541198730469 238.683746337891 237.416976928711 233.031814575195 245.130798339844 243.835144042969 237.604370117188 230.464599609375 218.991165161133 231.458206176758 244.508148193359 233.406631469727 215.853530883789 201.54573059082 187.403121948242 -3.4e+38 -3.4e+38 -3.4e+38 -3.4e+38 -3.4e+38 -3.4e+38 -3.4e+38 -3.4e+38 -3.4e+38 -3.4e+38 -3.4e+38 -3.4e+38
141.133728027344 101.238723754883 64.7880172729492 107.999816894531 140.5859375 163.628067016602 165.240036010742 175.617416381836 189.203552246094 205.033004760742 204.221527099609 182.354370117188 193.308074951172 208.299362182617 207.269165039062 209.650054931641 216.468551635742 215.262222290039 198.727264404297 200.520248413086 206.634567260742 215.253784179688 225.192794799805 229.361480712891 230.404693603516 236.192306518555 240.019302368164 238.533187866211 225.179244995117 225.003219604492 221.430969238281 214.073944091797 207.460861206055 201.210983276367 216.727447509766 219.601760864258 200.852172851562 186.706024169922 182.671829223633 172.319244384766 -3.4e+38 -3.4e+38 -3.4e+38 -3.4e+38 -3.4e+38 -3.4e+38 -3.4e+38 -3.4e+38 -3.4e+38 -3.4e+38 -3.4e+38 -3.4e+38
96.4397201538086 121.926528930664 83.3733444213867 79.2826766967773 125.226463317871 148.892211914062 150.341567993164 174.424987792969 196.730133056641 214.686904907227 227.049850463867 196.975997924805 200.308700561523 214.33268737793 218.4755859375 215.156753540039 221.189254760742 216.905242919922 207.006958007812 207.825592041016 214.101211547852 219.403060913086 226.329299926758 241.153259277344 245.731903076172 246.2685546875 247.955612182617 234.366851806641 218.570068359375 208.464340209961 208.517715454102 197.085571289062 191.86051940918 202.764205932617 216.199737548828 218.630630493164 208.632568359375 181.297607421875 167.388687133789 154.226913452148 -3.4e+38 -3.4e+38 -3.4e+38 -3.4e+38 -3.4e+38 -3.4e+38 -3.4e+38 -3.4e+38 -3.4e+38 -3.4e+38 -3.4e+38 -3.4e+38
110.364379882812 122.669723510742 97.1566619873047 68.8263549804688 78.0434112548828 108.008224487305 132.849456787109 169.81950378418 202.00309753418 213.42414855957 225.055541992188 197.557266235352 209.028533935547 216.457916259766 214.759963989258 217.763229370117 223.513580322266 220.136596679688 212.096588134766 206.491409301758 212.000091552734 213.885513305664 227.921493530273 240.319976806641 236.847229003906 237.091110229492 243.915802001953 237.142990112305 220.791580200195 207.755630493164 199.377288818359 197.611862182617 190.983871459961 196.03483581543 202.553451538086 217.577239990234 208.943984985352 190.828216552734 170.50862121582 -3.4e+38 -3.4e+38 -3.4e+38 -3.4e+38 -3.4e+38 -3.4e+38 -3.4e+38 -3.4e+38 -3.4e+38 -3.4e+38 -3.4e+38 -3.4e+38 -3.4e+38
140.815979003906 128.007415771484 114.234382629395 116.436157226562 85.8598556518555 64.4480285644531 119.476051330566 165.680892944336 189.533004760742 211.647171020508 227.954467773438 207.584564208984 206.154907226562 197.131744384766 204.14306640625 212.030517578125 221.862548828125 223.905303955078 216.484588623047 202.680847167969 196.49153137207 208.576843261719 224.538421630859 225.853378295898 219.582473754883 227.175704956055 242.693801879883 242.718551635742 228.260772705078 221.516326904297 214.61393737793 204.090789794922 197.560073852539 184.123260498047 203.665725708008 215.590576171875 212.910781860352 200.120330810547 175.716766357422 -3.4e+38 -3.4e+38 -3.4e+38 -3.4e+38 -3.4e+38 -3.4e+38 -3.4e+38 -3.4e+38 -3.4e+38 -3.4e+38 -3.4e+38 -3.4e+38 -3.4e+38
164.164306640625 149.522918701172 131.058242797852 111.697975158691 97.5939712524414 74.5643997192383 79.0040283203125 140.691772460938 186.007888793945 213.731002807617 223.647430419922 222.147674560547 186.794937133789 177.072189331055 194.971694946289 216.158813476562 225.320449829102 219.408233642578 213.958541870117 193.334671020508 196.986312866211 205.419296264648 205.431350708008 218.086166381836 231.226135253906 241.131866455078 246.511367797852 251.93000793457 239.759887695312 231.913101196289 226.465377807617 211.202514648438 197.18034362793 183.644241333008 182.883605957031 191.552932739258 197.960632324219 189.499130249023 -3.4e+38 -3.4e+38 -3.4e+38 -3.4e+38 -3.4e+38 -3.4e+38 -3.4e+38 -3.4e+38 -3.4e+38 -3.4e+38 -3.4e+38 -3.4e+38 -3.4e+38 -3.4e+38
176.409515380859 161.908798217773 149.317565917969 132.237808227539 97.4645919799805 79.654296875 97.8554077148438 117.799293518066 150.734008789062 173.253890991211 184.991561889648 191.102737426758 171.013244628906 156.412521362305 173.775146484375 189.547332763672 193.394927978516 183.426559448242 177.112075805664 172.666046142578 183.690216064453 202.756652832031 224.049377441406 233.930404663086 240.423141479492 249.402481079102 258.217224121094 254.756927490234 241.601013183594 230.278762817383 224.973419189453 217.621047973633 221.920104980469 213.038528442383 192.423370361328 177.891159057617 178.760131835938 170.104568481445 -3.4e+38 -3.4e+38 -3.4e+38 -3.4e+38 -3.4e+38 -3.4e+38 -3.4e+38 -3.4e+38 -3.4e+38 -3.4e+38 -3.4e+38 -3.4e+38 -3.4e+38 -3.4e+38
157.706451416016 145.96061706543 147.359802246094 140.039947509766 95.8851852416992 94.1088027954102 124.64330291748 134.609390258789 146.200637817383 154.388656616211 143.733917236328 141.867004394531 152.364013671875 150.92024230957 156.899139404297 162.035247802734 161.56266784668 158.638153076172 154.952590942383 168.331115722656 189.009475708008 210.183364868164 227.996887207031 244.720733642578 251.738037109375 250.88346862793 257.719879150391 261.498626708984 252.077728271484 244.964385986328 237.088317871094 229.85498046875 227.610260009766 214.935684204102 206.610504150391 201.812683105469 195.545211791992 173.349746704102 -3.4e+38 -3.4e+38 -3.4e+38 -3.4e+38 -3.4e+38 -3.4e+38 -3.4e+38 -3.4e+38 -3.4e+38 -3.4e+38 -3.4e+38 -3.4e+38 -3.4e+38 -3.4e+38
140.834426879883 127.630439758301 132.377624511719 128.524856567383 90.0507965087891 89.5531005859375 113.623107910156 122.249176025391 145.918167114258 143.334365844727 128.641662597656 140.327850341797 147.645217895508 139.490814208984 133.558059692383 139.967575073242 161.393737792969 155.181503295898 176.686553955078 191.459365844727 192.525787353516 205.498840332031 219.685821533203 237.723388671875 249.510787963867 251.463317871094 252.73420715332 246.852813720703 242.130844116211 239.866165161133 233.310028076172 223.810317993164 213.258880615234 201.937240600586 202.184448242188 205.244338989258 209.734130859375 179.297912597656 -3.4e+38 -3.4e+38 -3.4e+38 -3.4e+38 -3.4e+38 -3.4e+38 -3.4e+38 -3.4e+38 -3.4e+38 -3.4e+38 -3.4e+38 -3.4e+38 -3.4e+38 -3.4e+38
142.669586181641 122.191497802734 122.794494628906 127.566398620605 103.472702026367 78.2744598388672 100.348655700684 122.474136352539 144.251602172852 127.337730407715 109.239791870117 118.338973999023 118.90584564209 121.993225097656 137.744522094727 138.229125976562 144.833221435547 160.087265014648 164.931686401367 169.421875 185.386352539062 205.50309753418 215.131591796875 225.461074829102 233.856536865234 238.937438964844 244.252456665039 236.110290527344 228.34049987793 222.226989746094 220.822692871094 214.099899291992 210.567855834961 201.124145507812 185.305389404297 181.219146728516 187.295501708984 157.559097290039 -3.4e+38 -3.4e+38 -3.4e+38 -3.4e+38 -3.4e+38 -3.4e+38 -3.4e+38 -3.4e+38 -3.4e+38 -3.4e+38 -3.4e+38 -3.4e+38 -3.4e+38 -3.4e+38
150.10920715332 137.879943847656 116.634498596191 125.620681762695 110.017646789551 78.1538848876953 114.586784362793 139.235534667969 136.715118408203 121.402801513672 113.815086364746 137.683731079102 155.838394165039 167.008163452148 176.556381225586 173.139007568359 164.226913452148 179.352462768555 187.587219238281 180.148010253906 190.596084594727 198.091278076172 210.90217590332 222.933197021484 236.990768432617 240.467575073242 245.214294433594 241.309539794922 230.876968383789 225.448440551758 213.955551147461 205.406799316406 201.178787231445 202.157119750977 193.290298461914 171.791961669922 160.192260742188 -3.4e+38 -3.4e+38 -3.4e+38 -3.4e+38 -3.4e+38 -3.4e+38 -3.4e+38 -3.4e+38 -3.4e+38 -3.4e+38 -3.4e+38 -3.4e+38 -3.4e+38 -3.4e+38 -3.4e+38
156.669174194336 135.008605957031 110.189674377441 124.29402923584 100.448890686035 72.6591720581055 113.935485839844 125.992240905762 107.399230957031 108.866638183594 141.318603515625 160.855850219727 170.416473388672 177.2431640625 194.264923095703 198.459808349609 191.666000366211 193.657913208008 204.833755493164 198.347747802734 213.100112915039 213.07470703125 217.922760009766 220.582275390625 231.216018676758 240.352813720703 246.076263427734 236.438705444336 223.644012451172 213.31494140625 213.891067504883 197.826232910156 187.149108886719 193.982147216797 199.532363891602 183.375762939453 -3.4e+38 -3.4e+38 -3.4e+38 -3.4e+38 -3.4e+38 -3.4e+38 -3.4e+38 -3.4e+38 -3.4e+38 -3.4e+38 -3.4e+38 -3.4e+38 -3.4e+38 -3.4e+38 -3.4e+38 -3.4e+38
141.419616699219 120.902191162109 95.0111236572266 125.610885620117 114.611991882324 73.3422088623047 107.533515930176 121.847396850586 93.6301879882812 117.823699951172 137.120651245117 147.642379760742 156.734115600586 171.204895019531 185.65625 196.09049987793 205.960861206055 209.999649047852 213.084259033203 210.599273681641 230.62890625 230.621612548828 239.47575378418 239.437896728516 243.810302734375 251.3232421875 251.10986328125 236.708892822266 223.400466918945 209.373260498047 197.379272460938 201.579940795898 184.906723022461 184.678085327148 182.949630737305 153.403579711914 -3.4e+38 -3.4e+38 -3.4e+38 -3.4e+38 -3.4e+38 -3.4e+38 -3.4e+38 -3.4e+38 -3.4e+38 -3.4e+38 -3.4e+38 -3.4e+38 -3.4e+38 -3.4e+38 -3.4e+38 -3.4e+38
134.310913085938 114.436134338379 93.5218887329102 105.034614562988 113.279571533203 80.436408996582 114.98893737793 115.850509643555 91.1443099975586 106.753028869629 111.011817932129 129.407516479492 153.068328857422 164.449661254883 172.581039428711 188.845855712891 208.078842163086 222.287399291992 225.062759399414 223.214859008789 243.395874023438 250.273040771484 252.355880737305 250.930816650391 251.591003417969 255.684341430664 249.337356567383 234.882263183594 217.567840576172 201.509674072266 182.386993408203 201.933120727539 187.697845458984 171.681213378906 158.593566894531 -3.4e+38 -3.4e+38 -3.4e+38 -3.4e+38 -3.4e+38 -3.4e+38 -3.4e+38 -3.4e+38 -3.4e+38 -3.4e+38 -3.4e+38 -3.4e+38 -3.4e+38 -3.4e+38 -3.4e+38 -3.4e+38 -3.4e+38
101.129264831543 92.0495910644531 93.8999328613281 99.1433563232422 88.1333465576172 79.0947494506836 116.412071228027 100.294746398926 104.149429321289 115.483032226562 120.498809814453 130.913055419922 140.897964477539 153.353652954102 163.05583190918 182.265213012695 201.687683105469 211.873901367188 228.801071166992 237.432678222656 247.067428588867 251.315673828125 242.139221191406 234.538009643555 237.712692260742 241.226287841797 246.048370361328 238.961929321289 221.567138671875 189.152130126953 167.694747924805 193.563217163086 167.194152832031 169.709014892578 -3.4e+38 -3.4e+38 -3.4e+38 -3.4e+38 -3.4e+38 -3.4e+38 -3.4e+38 -3.4e+38 -3.4e+38 -3.4e+38 -3.4e+38 -3.4e+38 -3.4e+38 -3.4e+38 -3.4e+38 -3.4e+38 -3.4e+38 -3.4e+38
117.223808288574 130.438491821289 128.350677490234 128.687835693359 124.978553771973 105.360122680664 78.5411224365234 95.822883605957 136.275421142578 135.654647827148 125.344795227051 150.018417358398 161.399490356445 172.861068725586 174.982208251953 176.543899536133 185.81396484375 201.031646728516 224.922592163086 236.504959106445 238.868988037109 244.880020141602 239.262893676758 226.244400024414 220.998046875 223.922592163086 233.351150512695 229.632537841797 199.763519287109 187.727752685547 167.97705078125 174.374404907227 149.816040039062 146.292404174805 -3.4e+38 -3.4e+38 -3.4e+38 -3.4e+38 -3.4e+38 -3.4e+38 -3.4e+38 -3.4e+38 -3.4e+38 -3.4e+38 -3.4e+38 -3.4e+38 -3.4e+38 -3.4e+38 -3.4e+38 -3.4e+38 -3.4e+38 -3.4e+38
129.508148193359 154.169570922852 149.93229675293 144.819076538086 147.088714599609 140.243804931641 85.4685592651367 108.944282531738 152.651519775391 150.829086303711 125.982482910156 139.290817260742 156.544189453125 173.416809082031 186.895431518555 196.205963134766 197.47119140625 207.466400146484 216.582931518555 220.309097290039 225.181549072266 240.314575195312 229.522705078125 214.210647583008 202.060531616211 212.340255737305 228.342819213867 224.296585083008 206.498138427734 174.592666625977 167.300399780273 147.963836669922 -3.4e+38 -3.4e+38 -3.4e+38 -3.4e+38 -3.4e+38 -3.4e+38 -3.4e+38 -3.4e+38 -3.4e+38 -3.4e+38 -3.4e+38 -3.4e+38 -3.4e+38 -3.4e+38 -3.4e+38 -3.4e+38 -3.4e+38 -3.4e+38 -3.4e+38 -3.4e+38
