R_scripts/int_process_data/East_Mediterranean_slope.asc
NCOLS 281 
NROWS 576 
XLLCORNER 81175.2677831308 
YLLCORNER 88.2293212990044 
CELLSIZE 1000 
NODATA_value -3.4e+38 
[rows 345 to 367 of 576, columns 156 to 207 of 281]
7.85076379776001 5.61081743240356 4.08256244659424 2.93779850006104 2.24179291725159 2.74722623825073 3.13580870628357 2.20177793502808 3.28586387634277 3.66840362548828 3.06226849555969 2.98358368873596 3.47914481163025 4.38882923126221 6.4716911315918 7.45915651321411 4.75016307830811 4.65530920028687 4.94793605804443 4.94467735290527 4.42392635345459 4.43824768066406 3.60987186431885 2.74565482139587 2.69501662254333 3.40146899223328 3.02938938140869 3.36907267570496 3.20308327674866 2.85509538650513 2.49422931671143 2.70716786384583 2.32054376602173 2.30838513374329 2.09980297088623 2.27200269699097 1.94634783267975 1.97451627254486 2.02672958374023 1.91566789150238 2.06176972389221 3.22713422775269 3.42297148704529 2.1257050037384 3.98721528053284 4.80937719345093 4.73793888092041 3.72113156318665 4.96318435668945 4.64243221282959 3.93698024749756 3.33043670654297
4.28536891937256 6.88943243026733 6.29516458511353 5.32683134078979 4.22408199310303 2.89486193656921 2.0807888507843 2.70022130012512 3.00499320030212 3.09393334388733 3.6428689956665 3.45956802368164 3.40935826301575 2.96601748466492 3.94652557373047 4.37623405456543 5.82645797729492 4.27807188034058 5.80423450469971 5.14956665039062 4.62002611160278 4.605712890625 3.41938543319702 2.74794912338257 2.93503189086914 3.46393036842346 3.21618509292603 3.29434752464294 2.58445382118225 2.16278338432312 2.21051740646362 2.85418772697449 2.64095711708069 2.27425861358643 2.0839684009552 2.34290480613708 2.23826432228088 2.34979724884033 1.76644349098206 1.76006078720093 2.09354114532471 2.73657512664795 3.16628193855286 3.09387540817261 0.75401109457016 3.03032255172729 4.46573543548584 4.74063968658447 4.61042594909668 3.73896479606628 3.79582166671753 4.17012643814087
3.5111095905304 3.57562184333801 6.40926122665405 4.62832689285278 4.72824811935425 4.3690710067749 2.07799816131592 2.33453154563904 2.54942440986633 2.57423901557922 3.44500184059143 2.95998072624207 2.60233616828918 2.9670422077179 3.17833828926086 3.58161354064941 3.43539762496948 5.7181396484375 4.66303205490112 3.8497633934021 3.85390377044678 3.6721396446228 2.97867131233215 3.12901020050049 2.65241050720215 3.04045963287354 2.98219037055969 2.89214706420898 2.34734392166138 2.19778323173523 2.06127429008484 2.57789349555969 2.36971211433411 2.02716422080994 3.00485229492188 2.47406792640686 2.6886088848114 2.62324786186218 1.80048310756683 2.23797821998596 3.00836324691772 2.3712146282196 2.34037327766418 1.96453714370728 1.32704210281372 2.49049210548401 3.46687960624695 1.15082347393036 2.45202732086182 3.61573457717896 3.52907800674438 3.73822712898254
4.78848791122437 2.7992467880249 4.38680934906006 5.81420421600342 3.75325107574463 3.84270834922791 2.35844230651855 1.91660439968109 2.48752641677856 3.2528178691864 3.57054662704468 3.16028475761414 2.61458206176758 3.04396677017212 2.90684843063354 2.70562958717346 3.31726765632629 3.96833300590515 5.28749561309814 3.46472454071045 3.63758206367493 3.95671963691711 2.85721755027771 2.78283452987671 3.09532761573792 2.99852919578552 3.9351954460144 3.00872278213501 2.35070610046387 2.40638041496277 2.28799796104431 2.12329244613647 2.29139041900635 2.08419299125671 3.32922863960266 2.6995050907135 2.55019497871399 2.95057988166809 2.16117072105408 2.58258891105652 2.37996172904968 2.43377065658569 2.53759503364563 2.50194549560547 3.65658950805664 3.94027018547058 4.79151439666748 2.32560110092163 1.40029990673065 4.98079109191895 4.58060693740845 3.34516620635986
4.00446653366089 3.64686679840088 2.85243725776672 4.3404860496521 5.14114284515381 3.97014403343201 2.09926319122314 1.62863194942474 2.45409154891968 3.06700372695923 3.49708199501038 2.78596210479736 3.38863492012024 3.47005033493042 2.11809062957764 2.13830208778381 2.71746873855591 2.34004378318787 3.7696430683136 4.51410245895386 3.94561553001404 3.33338189125061 3.18963360786438 2.76155996322632 3.2785017490387 2.55765461921692 3.6042172908783 2.95399260520935 2.14059901237488 2.35906219482422 2.64766931533813 2.05766534805298 2.29337739944458 2.35422444343567 2.40961027145386 2.9102988243103 2.56724333763123 2.91029024124146 2.94201302528381 2.84695672988892 2.48909950256348 2.6396017074585 4.10850095748901 3.46027207374573 2.87187671661377 4.08884382247925 5.26313018798828 3.49467849731445 2.37390923500061 4.96343421936035 5.78046560287476 5.0260009765625
4.00346517562866 4.22537755966187 3.28589034080505 2.61118364334106 3.16804671287537 4.45656681060791 4.21756887435913 3.31107139587402 2.37005567550659 2.31499838829041 3.04828190803528 3.51994252204895 3.44103050231934 4.68778657913208 2.8952043056488 1.83935976028442 2.03625059127808 1.92463767528534 3.0962507724762 4.68952798843384 4.74565601348877 3.67453956604004 2.87457585334778 3.25144696235657 2.72995042800903 2.66530919075012 2.63065648078918 2.86123085021973 2.47315621376038 2.42576742172241 2.40965867042542 2.32987928390503 2.44228720664978 2.69637727737427 3.0422203540802 2.843834400177 2.25496411323547 2.20545363426208 2.8587691783905 3.44217395782471 3.83894205093384 4.47975587844849 3.87784337997437 3.35366797447205 3.31104564666748 4.89675045013428 4.70952892303467 3.69676113128662 4.51766633987427 4.52858734130859 5.8495888710022 3.67815065383911
3.21543574333191 3.83451962471008 4.37620401382446 4.01294708251953 3.2607114315033 3.46942019462585 3.59286832809448 4.20265531539917 3.86468386650085 2.61052799224854 2.22428607940674 3.5103611946106 3.69028329849243 4.04327487945557 3.74636316299438 1.90628445148468 2.07916903495789 1.80182123184204 1.81933200359344 3.20794725418091 4.97513818740845 4.24772024154663 3.21057200431824 3.72807025909424 2.82017087936401 2.60111570358276 3.39801263809204 2.6550190448761 2.65678453445435 2.64470648765564 2.30013060569763 2.34633469581604 2.39268946647644 2.75725340843201 4.12691640853882 3.52634048461914 2.52227830886841 2.91938185691833 4.00265216827393 5.22793626785278 4.57866239547729 3.30476808547974 2.94598197937012 3.07958483695984 3.5150990486145 4.85027933120728 4.01150560379028 3.71069169044495 3.28663802146912 4.72389698028564 4.43144083023071 4.00516700744629
2.33235907554626 3.09035539627075 4.13486623764038 4.38231611251831 4.32650852203369 4.14863348007202 3.58491778373718 3.38220500946045 4.01755857467651 3.69115972518921 3.29341292381287 4.16570806503296 4.94124221801758 4.7635064125061 4.40634918212891 2.94143033027649 1.88242340087891 1.98954832553864 1.84934198856354 1.55874788761139 3.44779944419861 4.56316566467285 4.27307796478271 4.92869758605957 3.34030628204346 2.85605263710022 2.66479539871216 3.68528461456299 2.66733360290527 2.78262329101562 2.88812780380249 2.97824573516846 3.1328113079071 2.98818373680115 3.29028010368347 3.27625203132629 2.92473959922791 4.12620115280151 5.525071144104 5.19997692108154 4.58062076568604 2.8398072719574 3.04759287834167 3.88503122329712 3.46221852302551 2.82907438278198 3.69365501403809 4.30273532867432 3.6254825592041 4.77219533920288 5.37089157104492 6.61660003662109
1.48518133163452 1.71761929988861 3.21187138557434 4.09415435791016 4.01913595199585 4.29188537597656 3.89193654060364 3.67822408676147 3.30740547180176 3.16335344314575 3.52040767669678 3.44765639305115 2.122065782547 3.83700251579285 4.05576276779175 3.97531890869141 2.55646324157715 1.9403862953186 1.71389853954315 1.4948548078537 2.25646638870239 3.93485927581787 5.17306804656982 4.56017351150513 3.39354062080383 2.84853959083557 3.19066381454468 3.80866384506226 2.36627388000488 2.36175537109375 2.43676161766052 2.24005174636841 3.7584502696991 3.40030598640442 2.72118091583252 2.35649037361145 2.81694436073303 2.58445143699646 3.76936841011047 2.70065712928772 3.40841460227966 3.46466517448425 3.5522677898407 3.45335841178894 3.48623204231262 2.37495875358582 3.15072822570801 3.49911332130432 4.83524036407471 5.8026704788208 5.73534631729126 7.21054315567017
1.47974812984467 1.67146074771881 2.91410708427429 3.4577465057373 3.53620553016663 4.24680423736572 4.03797674179077 3.83817481994629 4.0545859336853 2.27016973495483 2.53418397903442 3.33341455459595 3.82061147689819 3.61704850196838 3.29831099510193 4.62499570846558 4.81157541275024 2.30751323699951 1.63153302669525 1.66541147232056 2.69476079940796 3.359530210495 4.07364940643311 4.16546964645386 3.85698699951172 3.46360468864441 3.87354612350464 2.7955801486969 2.44734525680542 2.0891387462616 2.43980288505554 2.39877557754517 3.18235278129578 3.6273455619812 2.38510799407959 1.8531254529953 1.95457077026367 1.84477257728577 2.4687180519104 1.89682018756866 1.89885723590851 3.26629257202148 3.37263751029968 2.9015212059021 3.13338422775269 3.2641761302948 2.47368240356445 2.78371620178223 3.67961692810059 3.60571146011353 5.2496132850647 4.32253503799438
1.90733158588409 1.89063107967377 3.49840760231018 3.27053451538086 2.92314076423645 3.50612497329712 3.58410954475403 3.69513177871704 3.68205070495605 4.17071533203125 3.26506996154785 2.85153317451477 3.27601981163025 4.69273710250854 5.85349416732788 5.03892946243286 6.48483848571777 4.88275146484375 2.14765954017639 2.4648220539093 3.16552734375 3.02333855628967 2.83836507797241 4.18113231658936 3.81732416152954 3.86628246307373 2.91709065437317 2.63681507110596 3.155029296875 2.6403386592865 3.2604763507843 2.88017129898071 2.84392547607422 3.36539387702942 2.45915508270264 1.83084201812744 2.25538873672485 2.38179469108582 2.0486216545105 1.907350897789 2.03325819969177 2.06332564353943 2.19598317146301 2.56928944587708 2.0914089679718 3.47454738616943 3.03371977806091 2.528733253479 2.68073034286499 3.53133773803711 4.07604837417603 6.77582025527954
6.21478986740112 2.87282061576843 2.35102939605713 3.07683873176575 3.37231636047363 3.69256615638733 3.15749287605286 3.1594614982605 3.89262580871582 4.55490493774414 4.56544065475464 2.74855065345764 2.94627690315247 3.35883617401123 5.14143848419189 5.48305797576904 5.00656747817993 7.00328159332275 4.76750040054321 4.44089269638062 5.16525411605835 3.36004757881165 2.45795488357544 3.10725569725037 3.61659979820251 3.88687062263489 3.46180033683777 3.41522216796875 2.9354236125946 3.30344939231873 3.27760791778564 2.88546919822693 2.0703296661377 2.29478597640991 2.56554651260376 2.36851716041565 1.95020973682404 2.52231955528259 1.92500150203705 1.63196706771851 1.9382072687149 1.83249008655548 2.01849150657654 1.97958695888519 1.93124568462372 3.17649579048157 3.71727609634399 2.23321080207825 2.78419661521912 6.40619993209839 7.68349027633667 4.98293256759644
6.15263223648071 7.02297830581665 4.71539354324341 4.04113483428955 3.06536412239075 3.1511869430542 3.0180869102478 2.28688764572144 2.90096807479858 3.94745802879333 4.69543409347534 3.02228569984436 2.47003054618835 3.61587262153625 5.73662376403809 4.8965892791748 4.85333061218262 7.63806295394897 6.49620056152344 4.75732374191284 4.96947193145752 4.07760238647461 2.76096057891846 3.28719735145569 2.72252082824707 2.41583633422852 3.98372459411621 4.11360168457031 2.84757256507874 2.41161918640137 2.55991196632385 2.28749346733093 2.35417795181274 2.20113611221313 2.12777328491211 2.14996671676636 2.07715773582458 3.38929581642151 2.55737924575806 1.3391706943512 1.76546323299408 2.44347524642944 2.96660733222961 2.11727261543274 1.95726954936981 2.46336197853088 3.65850210189819 3.29580569267273 4.53475999832153 6.06340360641479 6.03935766220093 3.40202927589417
5.25782299041748 6.35073947906494 7.37113809585571 7.68420934677124 6.70533037185669 3.12294936180115 1.65512764453888 2.40457391738892 3.71059536933899 4.49159240722656 3.74384093284607 2.39601278305054 2.63711357116699 4.34874439239502 5.04383659362793 4.71692848205566 4.10487461090088 4.93639898300171 5.62154865264893 4.99463224411011 5.25073766708374 4.76811075210571 4.31789016723633 4.08659410476685 3.0683970451355 2.37985134124756 3.4763514995575 3.94318819046021 2.91339802742004 2.45934987068176 4.14726877212524 3.48011231422424 2.79716658592224 3.01488304138184 2.69661736488342 2.68183779716492 2.61399221420288 2.32826948165894 3.02907967567444 3.3660101890564 2.31517434120178 4.11311388015747 4.15365600585938 2.24135375022888 2.42682218551636 2.60830950737 4.54843759536743 6.85389137268066 4.77604341506958 4.66787767410278 3.52691960334778 4.66790056228638
5.35682106018066 6.0700364112854 5.89891338348389 7.02653026580811 9.42053508758545 7.85195255279541 4.64166975021362 2.28317618370056 2.6103515625 4.51751756668091 4.69322299957275 2.98818731307983 2.54522347450256 3.15623426437378 3.88238406181335 3.64713978767395 4.29035091400146 3.83344197273254 4.29651880264282 3.72921681404114 4.63637685775757 5.6912145614624 5.8692626953125 6.51657915115356 3.85374283790588 2.76720309257507 2.32763290405273 2.59289026260376 3.34014368057251 2.59483981132507 2.59075427055359 2.64954209327698 2.36544394493103 2.97587180137634 3.23469948768616 4.6447286605835 3.2415919303894 2.52980399131775 2.3315224647522 4.49226951599121 3.52352547645569 4.0751485824585 3.68834495544434 3.24985814094543 3.75155305862427 3.94749140739441 5.65464973449707 6.42207908630371 5.97602128982544 6.35604763031006 5.17822217941284 5.24358320236206
2.10167002677917 4.1006965637207 4.89776372909546 8.15183639526367 7.16428089141846 4.48060655593872 5.81906127929688 5.54521656036377 4.8681263923645 4.62416172027588 4.29947948455811 4.59566354751587 3.76723527908325 3.3780665397644 3.66146993637085 3.32683849334717 3.47427463531494 4.23560667037964 4.41653347015381 3.35416054725647 2.91165518760681 4.69995832443237 4.02123165130615 5.78429937362671 6.60418558120728 3.45735836029053 2.47270321846008 2.35966968536377 2.56776762008667 3.07313346862793 2.415034532547 2.77964758872986 2.661541223526 3.11970567703247 4.84063863754272 3.20695686340332 2.6361038684845 3.18985366821289 2.98880457878113 2.97747826576233 3.59871625900269 3.13511848449707 3.35281562805176 3.27351474761963 3.52435255050659 5.98777294158936 9.424729347229 6.6232385635376 5.99911403656006 4.29925680160522 3.83534812927246 2.98067903518677
1.84177732467651 2.17366790771484 2.29921388626099 4.85937356948853 9.05215358734131 6.43817329406738 3.24423789978027 3.3365261554718 3.24982857704163 3.98681902885437 4.25471115112305 3.35281920433044 3.02450370788574 2.50912618637085 3.75822734832764 5.07426977157593 4.09662199020386 4.55276870727539 4.46407270431519 4.34741497039795 2.75789594650269 3.9625256061554 4.40230655670166 3.88518333435059 4.26528263092041 4.62154006958008 2.46173548698425 2.42344951629639 2.08008790016174 2.53644013404846 2.5844349861145 2.80924129486084 3.20900869369507 2.77370262145996 3.3490583896637 3.67764472961426 2.02075695991516 2.40685963630676 3.05968546867371 2.6687331199646 2.42453241348267 3.69564843177795 4.39543390274048 4.30337524414062 5.13954496383667 4.67932415008545 10.5462694168091 9.49039649963379 4.18225049972534 2.71788740158081 2.57799577713013 3.30253219604492
2.33354592323303 1.9979602098465 1.76554346084595 2.67386555671692 5.3797721862793 6.19035720825195 4.49025917053223 4.07319211959839 2.95390486717224 2.9324004650116 4.09331369400024 3.95708513259888 2.87210631370544 2.20660614967346 2.73350095748901 2.90590190887451 3.50857400894165 3.86693048477173 4.45492076873779 4.44765853881836 3.06156539916992 3.69489216804504 3.97428703308105 3.65740561485291 2.43569707870483 3.18069314956665 2.41461443901062 2.64567470550537 2.07209467887878 2.56915283203125 2.28811883926392 1.94740748405457 2.45003318786621 2.42264127731323 3.30485391616821 3.21707344055176 2.76995778083801 2.70121502876282 2.62181305885315 2.13872003555298 2.4529402256012 2.00555872917175 3.51724004745483 4.99475383758545 5.99524259567261 7.0277886390686 8.51857566833496 6.52336454391479 4.20383405685425 2.40704894065857 1.9258816242218 3.08801126480103
2.3421905040741 2.22636270523071 1.90048933029175 1.88085353374481 2.27898049354553 3.44423651695251 5.92402982711792 4.30901384353638 4.70577049255371 2.95665788650513 2.98548245429993 4.19899940490723 4.19019937515259 3.21322154998779 2.51552939414978 2.95863914489746 3.7922203540802 2.98313069343567 2.43243813514709 3.18645620346069 2.94497561454773 3.44605398178101 4.11556529998779 3.9824116230011 2.14786505699158 1.95842599868774 2.49343729019165 2.39396953582764 2.02318000793457 2.41523671150208 2.02657079696655 2.06775069236755 3.1288526058197 2.32763671875 3.45809292793274 3.22930145263672 2.18346500396729 2.69583082199097 3.8227174282074 4.27295923233032 2.31213545799255 1.57586276531219 3.42250108718872 3.68139338493347 2.43766808509827 4.26798725128174 5.66073703765869 4.75566148757935 4.67412948608398 2.96155095100403 2.98661947250366 4.08679437637329
2.82074403762817 2.97139930725098 3.00269770622253 2.25947332382202 2.09718799591064 1.99620056152344 3.65496516227722 3.58368825912476 2.95954155921936 2.64849805831909 3.92033338546753 3.82956600189209 3.58424425125122 3.06691861152649 3.21144652366638 3.45940184593201 2.75597286224365 3.65369391441345 3.15912866592407 3.10162615776062 3.88008975982666 3.08015871047974 3.35318231582642 3.51792979240417 2.45381665229797 2.35776662826538 3.11072707176208 3.33813452720642 2.53652119636536 3.1041214466095 3.2179856300354 3.41846656799316 3.90463042259216 3.08136963844299 3.89494299888611 4.72745084762573 2.9164137840271 2.00864291191101 3.52462792396545 4.81567287445068 2.1199963092804 1.82289445400238 3.63241291046143 5.23576879501343 2.83088088035583 3.63642048835754 3.25694489479065 5.14692401885986 5.48388767242432 2.88304209709167 3.8749794960022 3.59324789047241
3.10292601585388 2.79227781295776 2.98245882987976 3.20034909248352 2.80590534210205 2.25361156463623 2.68961596488953 4.13060426712036 3.01900410652161 1.87748742103577 2.21750450134277 3.03767156600952 3.43350291252136 3.56196713447571 3.34943151473999 3.61631321907043 2.18425703048706 2.46755719184875 3.83154201507568 3.43552708625793 3.71021962165833 3.31942486763 3.19310975074768 2.97710847854614 3.16171979904175 4.35869979858398 3.64510059356689 4.95610284805298 3.61292243003845 3.31646585464478 3.21088457107544 3.8391547203064 3.46483373641968 3.67415833473206 3.26419734954834 4.45407915115356 4.54229688644409 2.81928443908691 2.98054170608521 3.8681058883667 4.62137269973755 3.60643577575684 3.42149996757507 6.11856889724731 4.29229879379272 3.05094838142395 3.64456939697266 5.15033483505249 6.20509672164917 2.94207334518433 2.88235449790955 3.39742159843445
3.04934191703796 3.61916446685791 3.28902626037598 3.28788542747498 3.41885089874268 3.36246705055237 2.46627950668335 3.01526427268982 4.47243213653564 3.08820247650146 1.88785064220428 3.69807958602905 2.68084049224854 2.72095537185669 3.7821249961853 3.67239689826965 4.0647120475769 3.67747116088867 2.56035256385803 2.92789530754089 3.22677946090698 2.94346022605896 3.06690168380737 2.99405264854431 3.1476583480835 5.21724271774292 5.64522266387939 5.48168706893921 4.62220478057861 3.59158515930176 2.5701949596405 4.35856151580811 3.90027594566345 3.56767153739929 3.21373844146729 3.45157790184021 4.45713233947754 4.13587236404419 4.28311491012573 4.80230665206909 4.95160245895386 6.03797388076782 4.95549583435059 5.23362016677856 4.81214570999146 4.2197380065918 5.29408264160156 3.62155985832214 4.19916582107544 4.25835800170898 2.97422003746033 2.78548669815063
4.32591819763184 3.99214220046997 4.16982412338257 4.40273141860962 3.73857069015503 3.35117483139038 2.55020666122437 2.23965930938721 2.94491004943848 6.42576169967651 3.28557753562927 3.61974573135376 2.77806067466736 2.53341794013977 3.05755662918091 2.85665011405945 3.29387664794922 4.09325647354126 3.00784707069397 3.35296273231506 4.79260158538818 2.74719882011414 3.14389228820801 3.77981662750244 3.4725399017334 3.918940782547 5.77846336364746 5.93016767501831 6.02568578720093 3.9519145488739 3.20492720603943 3.42565250396729 3.48180437088013 4.03178739547729 3.42389416694641 2.6901216506958 3.88191914558411 5.15829467773438 6.77951717376709 5.93531608581543 6.28137445449829 4.80203676223755 5.62014007568359 3.64523601531982 4.16264820098877 7.39265823364258 6.30627155303955 4.42890453338623 3.92377352714539 3.96311116218567 3.40191078186035 2.79093599319458
