R_scripts/int_process_data/East_Mediterranean_DEM.asc
NCOLS 281 
NROWS 576 
XLLCORNER 81175.2677831308 
YLLCORNER 88.2293212990044 
CELLSIZE 1000 
NODATA_value -3.4e+38 
[rows 414 to 436 of 576, columns 156 to 207 of 281]
181.01904296875 179.798553466797 165.00422668457 171.430511474609 186.503036499023 208.273803710938 225.623352050781 227.353073120117 222.596237182617 230.34049987793 215.700653076172 207.205307006836 210.471527099609 212.709747314453 219.842926025391 219.759536743164 198.924621582031 185.421478271484 177.275619506836 166.706390380859 161.556396484375 168.296295166016 176.78564453125 174.333312988281 183.808792114258 181.661209106445 167.894088745117 145.85627746582 137.577621459961 125.335174560547 116.528663635254 132.610473632812 155.002792358398 172.368011474609 182.883575439453 182.232604980469 176.58723449707 -3.4e+38 -3.4e+38 -3.4e+38 -3.4e+38 -3.4e+38 -3.4e+38 -3.4e+38 -3.4e+38 -3.4e+38 -3.4e+38 -3.4e+38 -3.4e+38 -3.4e+38 -3.4e+38 -3.4e+38
182.657577514648 185.258804321289 169.733551025391 164.407257080078 187.430816650391 197.620727539062 215.811477661133 220.437713623047 209.587982177734 225.556640625 214.36882019043 202.35188293457 204.736694335938 208.297439575195 213.787155151367 209.346603393555 200.551315307617 185.613861083984 175.238159179688 171.734741210938 163.172180175781 155.103576660156 157.965942382812 168.745391845703 174.10498046875 151.521362304688 170.012969970703 154.297973632812 126.409141540527 120.567825317383 138.329299926758 143.396942138672 148.076431274414 163.893371582031 187.688613891602 198.753112792969 195.054046630859 -3.4e+38 -3.4e+38 -3.4e+38 -3.4e+38 -3.4e+38 -3.4e+38 -3.4e+38 -3.4e+38 -3.4e+38 -3.4e+38 -3.4e+38 -3.4e+38 -3.4e+38 -3.4e+38 -3.4e+38
186.76823425293 197.016906738281 176.609756469727 160.450347900391 160.689529418945 172.075485229492 193.096725463867 198.751235961914 201.941513061523 219.829498291016 214.488616943359 203.367111206055 211.932006835938 214.039138793945 217.852096557617 209.968826293945 199.484451293945 190.051864624023 183.216567993164 179.631942749023 172.09538269043 157.81623840332 152.950637817383 157.351058959961 156.22428894043 140.485794067383 154.882461547852 142.72883605957 125.333526611328 153.388656616211 148.95881652832 153.015014648438 157.825134277344 162.701858520508 177.890655517578 194.135177612305 203.839065551758 209.441787719727 -3.4e+38 -3.4e+38 -3.4e+38 -3.4e+38 -3.4e+38 -3.4e+38 -3.4e+38 -3.4e+38 -3.4e+38 -3.4e+38 -3.4e+38 -3.4e+38 -3.4e+38 -3.4e+38
192.885650634766 198.304153442383 188.103942871094 178.730972290039 154.69206237793 148.448226928711 166.133743286133 186.813995361328 190.246856689453 204.536392211914 211.056686401367 201.674835205078 211.928848266602 217.66926574707 216.602752685547 210.631378173828 201.452529907227 197.066665649414 195.12336730957 191.126312255859 181.639846801758 176.989852905273 167.318984985352 149.825973510742 144.910766601562 136.248092651367 143.391021728516 124.797164916992 137.987838745117 152.410552978516 140.72412109375 156.721420288086 167.333404541016 161.028274536133 172.614883422852 185.845840454102 200.403030395508 214.149551391602 -3.4e+38 -3.4e+38 -3.4e+38 -3.4e+38 -3.4e+38 -3.4e+38 -3.4e+38 -3.4e+38 -3.4e+38 -3.4e+38 -3.4e+38 -3.4e+38 -3.4e+38 -3.4e+38
214.704650878906 210.086547851562 201.785980224609 185.235717773438 163.603012084961 176.891387939453 172.01383972168 163.611923217773 168.760864257812 187.703216552734 206.494873046875 197.875122070312 197.19514465332 213.460754394531 218.999435424805 215.479705810547 209.867309570312 207.696044921875 207.577362060547 205.867645263672 199.745834350586 195.008605957031 179.34782409668 158.105026245117 146.995529174805 146.260696411133 143.982360839844 129.101760864258 137.022689819336 139.902084350586 154.715255737305 181.913391113281 177.516525268555 168.495895385742 170.316925048828 182.510375976562 191.356994628906 207.41130065918 226.759384155273 -3.4e+38 -3.4e+38 -3.4e+38 -3.4e+38 -3.4e+38 -3.4e+38 -3.4e+38 -3.4e+38 -3.4e+38 -3.4e+38 -3.4e+38 -3.4e+38 -3.4e+38
221.811828613281 224.199356079102 203.214889526367 177.869064331055 184.715698242188 210.170974731445 195.553665161133 183.261764526367 164.045135498047 186.708999633789 185.892395019531 194.946166992188 190.784469604492 201.445938110352 218.050537109375 226.002136230469 221.990295410156 218.740783691406 213.648101806641 207.726333618164 198.650390625 187.16374206543 180.948944091797 162.061050415039 167.22575378418 178.342895507812 184.270584106445 165.99641418457 128.460739135742 134.659332275391 150.508987426758 165.876327514648 170.014877319336 174.861724853516 177.719116210938 179.555023193359 191.630859375 202.300033569336 204.945175170898 213.187759399414 -3.4e+38 -3.4e+38 -3.4e+38 -3.4e+38 -3.4e+38 -3.4e+38 -3.4e+38 -3.4e+38 -3.4e+38 -3.4e+38 -3.4e+38 -3.4e+38
235.423721313477 239.306900024414 203.752090454102 209.875061035156 214.365692138672 217.854034423828 203.611175537109 203.724563598633 172.963973999023 161.703659057617 161.476348876953 179.104049682617 183.705001831055 192.172805786133 212.738327026367 223.450317382812 218.379272460938 226.31135559082 227.345916748047 206.843933105469 195.058792114258 180.043014526367 165.506942749023 154.161499023438 150.986709594727 141.005310058594 148.644729614258 140.156387329102 124.841949462891 129.460739135742 140.814376831055 153.301208496094 165.509628295898 171.688858032227 180.208374023438 184.436965942383 187.599304199219 191.018829345703 194.145629882812 195.772857666016 197.410980224609 -3.4e+38 -3.4e+38 -3.4e+38 -3.4e+38 -3.4e+38 -3.4e+38 -3.4e+38 -3.4e+38 -3.4e+38 -3.4e+38 -3.4e+38
276.456298828125 271.414123535156 214.513916015625 237.235946655273 241.993560791016 207.805953979492 220.111328125 218.75634765625 198.364898681641 174.064712524414 163.234603881836 170.049118041992 172.502349853516 183.189910888672 183.348999023438 198.487930297852 207.595291137695 217.94856262207 227.101516723633 203.9072265625 186.247207641602 179.451538085938 163.348770141602 140.998947143555 132.621459960938 123.12574005127 127.753959655762 146.310348510742 147.711761474609 146.837875366211 156.246490478516 166.274154663086 174.768966674805 175.451248168945 176.978225708008 174.950378417969 178.340560913086 179.919586181641 189.646881103516 185.827987670898 188.041915893555 192.985946655273 -3.4e+38 -3.4e+38 -3.4e+38 -3.4e+38 -3.4e+38 -3.4e+38 -3.4e+38 -3.4e+38 -3.4e+38 -3.4e+38
282.616729736328 252.464370727539 236.960464477539 247.454040527344 258.647003173828 230.683059692383 229.487869262695 228.573120117188 203.502517700195 199.092178344727 185.711608886719 159.864334106445 167.432052612305 162.584121704102 182.630599975586 182.418762207031 205.715515136719 209.400848388672 204.77783203125 206.135772705078 191.765502929688 179.25080871582 178.623474121094 160.393463134766 123.083465576172 149.393920898438 145.720520019531 141.352981567383 155.765731811523 162.638626098633 167.472595214844 172.834579467773 171.888687133789 169.046997070312 170.947341918945 168.436401367188 164.061630249023 172.457412719727 181.420883178711 172.104095458984 184.304916381836 174.694702148438 -3.4e+38 -3.4e+38 -3.4e+38 -3.4e+38 -3.4e+38 -3.4e+38 -3.4e+38 -3.4e+38 -3.4e+38 -3.4e+38
290.375396728516 261.903656005859 318.241333007812 285.659606933594 283.116943359375 280.044189453125 246.805816650391 223.522262573242 223.270156860352 227.420043945312 193.483901977539 163.540313720703 159.797393798828 163.017059326172 192.319808959961 198.128189086914 203.902938842773 211.499496459961 200.044006347656 192.264129638672 187.931930541992 180.144805908203 170.784912109375 162.332717895508 124.124549865723 138.76481628418 151.157135009766 149.825225830078 156.702682495117 168.524353027344 168.246856689453 164.197402954102 164.133666992188 163.781280517578 166.194915771484 161.454956054688 149.816802978516 165.425384521484 161.329971313477 154.549987792969 161.029418945312 157.483596801758 157.448806762695 173.878646850586 -3.4e+38 -3.4e+38 -3.4e+38 -3.4e+38 -3.4e+38 -3.4e+38 -3.4e+38 -3.4e+38
296.849212646484 340.961883544922 368.776092529297 350.802520751953 316.933532714844 320.408020019531 282.022399902344 239.91520690918 240.143325805664 234.475830078125 224.653350830078 208.134872436523 170.711669921875 165.564895629883 206.331085205078 217.816131591797 225.874588012695 222.482604980469 208.693145751953 195.961700439453 182.338729858398 176.365325927734 174.212860107422 158.505432128906 141.853576660156 114.433982849121 136.629501342773 147.719436645508 159.367370605469 168.871154785156 160.753372192383 147.657592773438 151.591857910156 160.709579467773 149.948059082031 142.604568481445 141.68293762207 147.083572387695 144.420959472656 156.040390014648 173.692489624023 179.27409362793 173.680358886719 165.014846801758 -3.4e+38 -3.4e+38 -3.4e+38 -3.4e+38 -3.4e+38 -3.4e+38 -3.4e+38 -3.4e+38
315.801361083984 361.587585449219 354.105285644531 350.612915039062 341.051544189453 309.686004638672 306.450439453125 271.943817138672 256.393371582031 246.777618408203 246.51708984375 208.878280639648 169.796142578125 163.217086791992 194.450332641602 208.644592285156 229.006500244141 234.322052001953 220.869827270508 205.216796875 192.970016479492 187.223007202148 177.787887573242 155.973358154297 133.321792602539 118.854301452637 137.966949462891 154.56120300293 161.443786621094 163.976303100586 155.170166015625 140.553100585938 132.342926025391 140.098205566406 139.276901245117 154.56721496582 155.271987915039 178.526153564453 175.571853637695 152.752151489258 159.082153320312 166.79052734375 186.762756347656 187.637649536133 195.854827880859 -3.4e+38 -3.4e+38 -3.4e+38 -3.4e+38 -3.4e+38 -3.4e+38 -3.4e+38
329.254028320312 302.152557373047 290.878875732422 299.747802734375 309.523620605469 293.888092041016 271.540649414062 287.533111572266 259.780487060547 230.126083374023 219.874618530273 208.695861816406 166.847076416016 175.354553222656 192.002502441406 227.614944458008 254.371566772461 224.814498901367 221.703338623047 217.565551757812 211.505706787109 197.449005126953 191.088745117188 163.599304199219 121.718101501465 123.22777557373 151.314514160156 157.581817626953 150.71257019043 149.422561645508 141.577819824219 124.74942779541 142.665405273438 150.055999755859 161.79052734375 159.71549987793 165.335556030273 166.803695678711 185.880905151367 167.393920898438 154.071929931641 157.670516967773 172.039138793945 188.30517578125 200.298217773438 -3.4e+38 -3.4e+38 -3.4e+38 -3.4e+38 -3.4e+38 -3.4e+38 -3.4e+38
290.312255859375 265.006011962891 255.626495361328 251.084136962891 254.048645019531 250.027404785156 240.400924682617 247.78662109375 239.489791870117 224.512664794922 189.045715332031 174.404525756836 166.526596069336 151.054626464844 160.985946655273 200.96208190918 220.713836669922 208.047088623047 200.05680847168 206.309036254883 212.014358520508 194.315887451172 188.10041809082 163.786392211914 122.014617919922 149.611862182617 135.307876586914 133.453643798828 129.867630004883 128.313339233398 124.733123779297 132.042007446289 150.548278808594 164.982711791992 164.750823974609 168.766326904297 169.019180297852 174.999755859375 182.829498291016 182.798614501953 172.777450561523 170.696411132812 160.841903686523 180.53825378418 204.510726928711 210.876022338867 -3.4e+38 -3.4e+38 -3.4e+38 -3.4e+38 -3.4e+38 -3.4e+38
287.210632324219 280.023559570312 272.183502197266 261.153289794922 238.531875610352 230.067916870117 230.959854125977 220.384185791016 212.225494384766 197.570098876953 182.696685791016 150.210922241211 140.708541870117 156.228317260742 142.654052734375 165.38688659668 183.053573608398 178.32666015625 176.561721801758 195.631500244141 200.274291992188 179.164245605469 166.017730712891 152.437622070312 113.366706848145 136.925445556641 123.815788269043 125.743423461914 148.619018554688 154.737319946289 142.977813720703 147.638244628906 170.272933959961 173.315231323242 173.829437255859 175.205627441406 172.797729492188 181.866577148438 186.187057495117 193.5341796875 185.901428222656 189.327590942383 173.668411254883 165.340759277344 192.067306518555 188.181579589844 -3.4e+38 -3.4e+38 -3.4e+38 -3.4e+38 -3.4e+38 -3.4e+38
313.440490722656 295.603515625 277.707336425781 268.395629882812 247.776580810547 232.965087890625 221.296234130859 215.014465332031 201.212860107422 198.54670715332 181.38916015625 161.58219909668 166.654205322266 182.544738769531 169.322784423828 148.052322387695 191.045303344727 158.953659057617 164.684127807617 184.835693359375 196.454742431641 176.946655273438 154.641235351562 154.331985473633 133.802947998047 115.178749084473 113.857452392578 127.661079406738 155.115646362305 176.433303833008 171.901626586914 152.878036499023 171.562683105469 184.911911010742 185.213012695312 182.265594482422 179.188552856445 181.851898193359 193.607345581055 210.436477661133 204.187530517578 199.986206054688 194.651763916016 182.604904174805 178.445114135742 185.484085083008 184.078689575195 -3.4e+38 -3.4e+38 -3.4e+38 -3.4e+38 -3.4e+38
327.591766357422 305.080352783203 288.582458496094 281.90087890625 256.863037109375 233.639984130859 208.68147277832 202.880783081055 211.909683227539 194.948501586914 179.132934570312 183.575057983398 205.071044921875 197.290786743164 165.586944580078 136.882202148438 146.377670288086 145.591415405273 176.03044128418 192.965835571289 185.280792236328 173.150527954102 151.608581542969 146.475845336914 143.680038452148 133.591720581055 112.798377990723 137.992813110352 152.867248535156 167.47282409668 180.231491088867 171.853607177734 163.666473388672 177.940383911133 189.518585205078 194.701293945312 186.033660888672 192.579147338867 197.00227355957 213.662048339844 216.432998657227 213.911163330078 207.336685180664 200.392028808594 197.944854736328 198.065689086914 212.702789306641 200.46110534668 209.388671875 -3.4e+38 -3.4e+38 -3.4e+38
316.958038330078 304.524169921875 305.290863037109 289.284027099609 271.474365234375 249.617065429688 234.676513671875 219.631469726562 233.392776489258 219.555740356445 190.170623779297 197.161544799805 216.560424804688 227.420562744141 205.879150390625 175.143966674805 143.818725585938 135.951904296875 177.122055053711 195.714965820312 184.458618164062 161.773620605469 143.271728515625 128.551879882812 118.163841247559 110.145301818848 116.229789733887 138.317077636719 155.199890136719 173.66552734375 183.838134765625 184.027267456055 179.87922668457 179.712326049805 188.500122070312 200.004165649414 201.533905029297 204.046630859375 210.228439331055 216.851440429688 225.190765380859 235.328643798828 228.128555297852 212.504623413086 212.94206237793 206.985046386719 222.14289855957 220.806564331055 208.516021728516 -3.4e+38 -3.4e+38 -3.4e+38
316.766967773438 303.277099609375 291.406219482422 297.656127929688 292.974090576172 291.407379150391 276.203796386719 246.581329345703 233.02490234375 212.373718261719 210.088439941406 218.669052124023 215.60368347168 213.059539794922 214.751068115234 212.121459960938 183.142318725586 138.425094604492 143.289703369141 188.746246337891 188.89811706543 170.088531494141 157.011199951172 119.104446411133 117.232597351074 134.983001708984 126.17317199707 130.088104248047 145.371917724609 156.984893798828 165.763732910156 174.702621459961 184.736236572266 188.685470581055 192.841506958008 196.829544067383 196.354110717773 201.954452514648 204.688430786133 212.074447631836 222.558822631836 237.177795410156 238.049224853516 232.48876953125 235.662994384766 234.920043945312 234.720260620117 230.512786865234 223.646240234375 230.219467163086 -3.4e+38 -3.4e+38
307.502777099609 295.513885498047 278.699676513672 277.578918457031 311.572113037109 306.572845458984 284.966705322266 267.088775634766 253.688079833984 248.180160522461 244.447219848633 243.428375244141 231.11994934082 206.101043701172 197.349578857422 206.402191162109 198.56022644043 153.350616455078 122.53052520752 168.18212890625 187.684768676758 169.404479980469 151.507675170898 117.333084106445 130.092056274414 155.961349487305 162.806533813477 148.164810180664 141.606811523438 145.746826171875 153.000381469727 159.417984008789 171.354019165039 177.483337402344 183.760452270508 183.020812988281 185.193237304688 192.324295043945 193.759918212891 205.467056274414 215.744689941406 218.729904174805 225.387619018555 232.672637939453 245.149200439453 254.821197509766 256.011596679688 247.072616577148 233.655120849609 -3.4e+38 -3.4e+38 -3.4e+38
320.909820556641 313.967590332031 289.013793945312 264.495788574219 311.617034912109 317.787811279297 303.209442138672 301.720703125 290.521087646484 283.136871337891 278.354431152344 271.379547119141 245.584930419922 224.464813232422 202.698928833008 187.508743286133 179.006408691406 154.287460327148 133.47314453125 172.188369750977 188.0869140625 167.160690307617 123.666305541992 119.656745910645 133.399475097656 146.011871337891 167.881561279297 171.918121337891 165.522308349609 164.797775268555 168.579406738281 166.374969482422 164.637619018555 167.374298095703 173.74983215332 175.142684936523 177.026275634766 179.869186401367 191.131851196289 199.156860351562 202.789794921875 213.066879272461 219.460174560547 225.779556274414 234.779754638672 245.490905761719 261.507781982422 268.139678955078 247.477416992188 239.414627075195 -3.4e+38 -3.4e+38
305.626220703125 317.467864990234 296.718841552734 241.109512329102 261.970794677734 295.179412841797 295.342590332031 320.846527099609 330.142852783203 310.654052734375 293.215057373047 271.065399169922 254.381011962891 228.471328735352 197.127838134766 170.685775756836 172.730514526367 146.359878540039 128.69660949707 162.165161132812 168.943267822266 153.996673583984 125.342071533203 154.401428222656 160.651107788086 158.722427368164 165.315811157227 176.430770874023 183.796676635742 176.813400268555 186.621078491211 187.455490112305 193.092758178711 188.826782226562 188.697479248047 189.463912963867 191.135009765625 188.398727416992 187.936492919922 193.304473876953 202.549163818359 215.307540893555 216.582916259766 222.695007324219 231.885696411133 240.356460571289 250.803207397461 266.467864990234 267.359649658203 256.2353515625 -3.4e+38 -3.4e+38
306.222839355469 287.977569580078 288.482788085938 244.06120300293 221.36637878418 232.478515625 261.323608398438 302.219879150391 314.284332275391 307.804229736328 281.638305664062 264.953704833984 233.839965820312 207.41862487793 186.159271240234 162.747360229492 158.004547119141 156.806991577148 123.937561035156 143.821472167969 141.87272644043 112.287567138672 144.74690246582 159.61799621582 170.817092895508 170.404067993164 177.035278320312 173.475524902344 180.064117431641 190.590560913086 201.115875244141 193.651458740234 197.8798828125 198.513137817383 194.350952148438 197.53010559082 201.867172241211 191.4052734375 191.391052246094 201.496337890625 202.464141845703 208.562576293945 213.454650878906 219.696731567383 230.141876220703 235.377883911133 248.285552978516 262.234832763672 262.358367919922 244.68391418457 246.541976928711 -3.4e+38
