R_scripts/int_process_data/East_Mediterranean_slope.asc
NCOLS 281 
NROWS 576 
XLLCORNER 81175.2677831308 
YLLCORNER 88.2293212990044 
CELLSIZE 1000 
NODATA_value -3.4e+38 
[rows 322 to 344 of 576, columns 104 to 155 of 281]
6.05423927307129 3.86594390869141 3.98480534553528 7.2548189163208 4.18286323547363 2.91646814346313 4.12308502197266 5.9779577255249 4.89502382278442 4.32512712478638 4.08026552200317 3.13320350646973 2.93452334403992 3.41357636451721 4.72264099121094 5.15315008163452 4.45958614349365 3.07113027572632 2.88663840293884 3.00335621833801 4.21274662017822 4.83309984207153 4.33467864990234 1.91507625579834 1.97254967689514 2.49917387962341 7.26900339126587 7.18982028961182 5.38660669326782 5.11458396911621 5.1792778968811 4.1604905128479 3.48417615890503 3.74421858787537 3.44693470001221 2.90905332565308 3.01584672927856 3.35582947731018 2.58969235420227 2.42472338676453 3.84561371803284 4.3534836769104 3.02425909042358 2.23912572860718 2.18176412582397 2.27645897865295 2.60374188423157 3.78445744514465 5.76367282867432 6.46001243591309 4.49993848800659 4.52619552612305
5.26063251495361 6.49420309066772 5.6735668182373 4.45610475540161 3.1343560218811 5.75031614303589 6.19442844390869 4.94144821166992 4.0001802444458 3.26087737083435 3.48181247711182 3.92384648323059 3.82562780380249 4.92266082763672 5.29959535598755 5.66857576370239 3.99913454055786 3.53836798667908 3.47246956825256 4.23198175430298 3.77636790275574 4.80692529678345 2.92490863800049 2.0169472694397 2.22452831268311 5.12328767776489 6.48865556716919 6.03451681137085 4.75010967254639 4.50197649002075 3.42954301834106 3.97587609291077 4.47771310806274 3.4695987701416 3.5490243434906 2.96617531776428 3.53303670883179 2.84833002090454 2.28564310073853 2.38651561737061 3.59351897239685 3.7860963344574 4.00420665740967 4.38252925872803 4.26478862762451 2.92207789421082 4.91106986999512 4.07033109664917 4.39077377319336 3.81286668777466 4.13200426101685 3.9209930896759
7.18581008911133 6.84327840805054 4.22506809234619 2.1346743106842 3.3104887008667 5.32243204116821 3.83320665359497 3.5374698638916 3.39101004600525 3.60031580924988 3.67011880874634 3.87949109077454 4.20955753326416 5.16244268417358 5.39781188964844 4.8632607460022 3.68112778663635 4.69233179092407 3.10784792900085 4.3868236541748 3.89859080314636 3.82153534889221 1.67124617099762 3.07312345504761 6.80717754364014 7.61564159393311 5.75402069091797 6.03198432922363 6.45578193664551 5.36972856521606 4.32870244979858 4.79811859130859 4.72708988189697 4.68634176254272 4.2671070098877 3.46016907691956 3.07264494895935 2.15848469734192 2.67653822898865 2.66824769973755 2.22879385948181 2.52973937988281 3.52812314033508 4.05415678024292 4.60523128509521 4.45590162277222 4.1057014465332 3.14018392562866 3.3113169670105 3.18686556816101 3.69158291816711 3.53120899200439
4.91450691223145 4.11157274246216 3.54443883895874 4.90971851348877 5.75058269500732 5.01397132873535 4.35667753219604 4.32037210464478 4.54498624801636 4.07962036132812 3.87824511528015 4.12476921081543 4.76952981948853 5.96438074111938 5.74021816253662 4.59836292266846 4.77058744430542 5.26925611495972 3.56986236572266 5.50369691848755 4.35282373428345 2.01979994773865 1.71484744548798 4.88369512557983 5.9416298866272 3.46539044380188 3.92791414260864 3.38551664352417 4.54703283309937 4.73915529251099 4.73883867263794 3.96939754486084 4.09225082397461 3.96381115913391 3.4761106967926 3.37581086158752 3.74252128601074 5.05196285247803 4.3432731628418 4.16662502288818 3.11089873313904 2.81052327156067 2.91553139686584 2.8067102432251 4.96273899078369 4.90786361694336 4.00888633728027 3.90735864639282 3.47590661048889 3.47239446640015 3.25727415084839 3.69402956962585
3.42036318778992 5.71724700927734 5.97137594223022 4.91894006729126 5.15661287307739 5.23383474349976 4.76310682296753 4.91228866577148 3.60715508460999 2.83265781402588 3.28951001167297 4.25657892227173 5.05604600906372 4.93597316741943 5.60813856124878 4.82954454421997 5.19778823852539 5.38936758041382 3.95986127853394 5.50635623931885 3.40552473068237 1.80140519142151 3.62870311737061 7.97321176528931 5.6044979095459 4.72032642364502 3.61928510665894 3.91257452964783 4.64399003982544 4.52802896499634 4.8133864402771 3.90725421905518 2.74236702919006 3.04813671112061 2.9700722694397 2.89140963554382 3.92363977432251 5.75787448883057 4.48169565200806 4.05922746658325 4.37118244171143 3.95608019828796 2.51970386505127 1.93535828590393 4.31305503845215 5.45886898040771 3.26106715202332 3.47448396682739 4.30737590789795 3.91166687011719 3.07056832313538 2.7713611125946
5.75697946548462 5.40823316574097 3.95666575431824 4.31223630905151 4.26232194900513 3.77436447143555 4.58516883850098 5.20962619781494 3.93491053581238 3.15372371673584 2.83050990104675 3.77141499519348 4.45404481887817 4.28148555755615 4.44692659378052 4.69492769241333 5.96982574462891 5.02966690063477 3.75750374794006 3.33528804779053 2.47667264938354 1.68069636821747 3.50294423103333 6.83177137374878 7.64443445205688 7.02499294281006 6.07009744644165 6.31765270233154 4.97100877761841 3.80793070793152 2.7620222568512 3.11161255836487 2.86415243148804 2.68950891494751 2.27911019325256 2.93763828277588 4.10347604751587 3.61105751991272 5.81192684173584 4.73308658599854 3.90774726867676 4.84581708908081 3.27119612693787 2.73145842552185 6.4872145652771 4.38401412963867 2.50204849243164 2.47662043571472 2.39969205856323 2.59790802001953 2.55120444297791 2.1661365032196
5.81970453262329 5.35827159881592 4.72166967391968 4.40597724914551 3.34618949890137 3.01203036308289 2.28777885437012 2.94502568244934 3.4966869354248 2.86957597732544 2.83819055557251 3.94283843040466 4.04579210281372 4.29455089569092 3.55034589767456 4.68820667266846 6.22031450271606 3.77991485595703 4.39395761489868 2.3396143913269 1.93101525306702 2.1856575012207 4.85927963256836 7.65590000152588 7.38880634307861 7.08315277099609 5.52225828170776 4.51990032196045 3.82558751106262 3.6254723072052 2.24176025390625 2.20120930671692 2.36166191101074 1.91389620304108 2.03959941864014 2.38237810134888 4.20776033401489 3.3468291759491 2.6091103553772 4.95439720153809 4.22608137130737 4.55991697311401 4.73995876312256 4.18514490127563 8.12313842773438 5.15180826187134 3.62589645385742 3.59359002113342 2.22743940353394 1.64357125759125 2.21445631980896 2.2217104434967
6.39188385009766 5.05855178833008 4.0253758430481 3.59873151779175 3.90702795982361 2.67997217178345 2.23203921318054 3.48020601272583 3.48668122291565 2.88895916938782 3.49147176742554 3.53001427650452 4.57636022567749 4.09552478790283 4.74937057495117 4.80846261978149 5.68179368972778 4.95244789123535 3.78263354301453 1.82241928577423 1.57380485534668 2.96902513504028 6.34835481643677 6.41422557830811 6.7368311882019 6.02022886276245 6.32861757278442 6.04610729217529 5.59875297546387 4.73117017745972 3.29022097587585 2.57424402236938 2.26045632362366 2.11117815971375 2.54547691345215 2.64045667648315 2.6693754196167 3.92015480995178 1.91719746589661 2.87532901763916 4.48510694503784 3.97803974151611 5.65616035461426 4.53052186965942 4.89985370635986 5.59432077407837 4.04170370101929 2.84908962249756 1.92446374893188 1.67215275764465 2.28041696548462 2.37761569023132
5.17500495910645 4.46246004104614 3.73210477828979 4.347740650177 2.74811983108521 1.6896938085556 3.1785740852356 3.72870516777039 3.28763866424561 3.44231295585632 3.53836631774902 2.87004923820496 4.18515110015869 4.19460487365723 4.36773633956909 5.37797832489014 5.85191965103149 5.48249387741089 3.27074122428894 1.92830073833466 2.20916962623596 5.75324058532715 6.66906690597534 6.26211214065552 7.34295845031738 7.02196741104126 6.39900064468384 6.16644668579102 6.58599805831909 5.72122097015381 3.28200030326843 2.59934997558594 2.90201187133789 3.12674808502197 3.15018630027771 2.62060570716858 2.41227340698242 4.4998836517334 3.14295816421509 2.81203007698059 2.47986626625061 4.23973560333252 4.99535512924194 4.06977605819702 2.5850248336792 3.32080006599426 3.1657817363739 1.88012290000916 1.6373416185379 2.05059051513672 1.97315847873688 2.26680016517639
4.81518888473511 4.49979496002197 4.18899631500244 3.76964426040649 2.73455405235291 3.24342393875122 3.99828886985779 4.11115217208862 3.86287331581116 3.92638301849365 3.01781463623047 3.00039219856262 2.95636510848999 3.64132189750671 3.69929599761963 5.22902679443359 5.66721153259277 3.71793603897095 3.3076069355011 2.03692293167114 4.85112905502319 7.45897769927979 7.45915174484253 6.72127103805542 6.83262825012207 5.30992555618286 5.70137691497803 5.07689046859741 5.03636264801025 4.48255205154419 3.55248713493347 2.50504064559937 3.22523617744446 2.69250535964966 3.04957699775696 2.54303002357483 3.7735550403595 4.29522275924683 2.94331192970276 2.41941332817078 3.688796043396 4.03468990325928 3.48752379417419 2.72307205200195 2.03407263755798 1.86800813674927 1.86375486850739 1.63642203807831 1.88390791416168 2.13315677642822 1.85590803623199 2.73732233047485
3.3696084022522 3.28090500831604 4.02377986907959 2.47802782058716 4.31244230270386 3.79155111312866 3.85521268844604 3.72082901000977 3.98480319976807 3.86435914039612 2.8493332862854 2.87525820732117 3.11248373985291 3.23045802116394 4.65699815750122 4.69975090026855 5.08631944656372 3.75230956077576 1.62788069248199 4.33736228942871 7.71780014038086 5.66235065460205 5.63872718811035 4.58033609390259 3.72424340248108 4.56648588180542 4.79756593704224 4.53871488571167 4.38602733612061 3.57485890388489 3.67229747772217 3.37930536270142 3.21885824203491 3.38829112052917 2.76360869407654 2.51786923408508 3.98615193367004 4.16012477874756 2.48236465454102 3.06506085395813 4.32470321655273 3.48740482330322 2.84541606903076 2.36182308197021 1.97273981571198 1.73463129997253 2.00826287269592 1.73311996459961 2.22364902496338 1.9477059841156 1.70027148723602 2.82719826698303
3.08138847351074 3.98642826080322 4.17144107818604 2.47745203971863 3.89284372329712 3.87268733978271 3.67251443862915 4.24348592758179 4.18954801559448 3.68772196769714 2.70244288444519 2.28893566131592 2.97584509849548 4.36452293395996 4.80174684524536 4.46528720855713 3.13974022865295 2.83473229408264 3.37532687187195 7.05705118179321 5.27957391738892 2.86109089851379 2.40440154075623 2.68371510505676 3.32850098609924 3.88990688323975 4.47634840011597 5.24213743209839 4.99305772781372 3.30456185340881 2.76224827766418 3.71885704994202 3.52026796340942 3.4045741558075 3.14175748825073 2.50396418571472 3.08331179618835 3.42765784263611 3.45305204391479 3.52722859382629 3.50654911994934 2.57074475288391 1.82636570930481 1.79908037185669 2.29323577880859 3.00382399559021 3.57139301300049 3.35723066329956 2.86435699462891 1.98303687572479 1.84760773181915 2.47024250030518
3.84757399559021 4.27582406997681 3.00482153892517 3.72904467582703 4.26516580581665 3.88870596885681 3.81774282455444 4.53962802886963 3.73811888694763 3.42710995674133 3.16246628761292 2.61908006668091 3.91673111915588 4.90235424041748 5.40446281433105 5.00728225708008 2.61774635314941 2.11100673675537 6.18916988372803 5.75110101699829 2.8793420791626 4.42320442199707 4.12881994247437 2.77328968048096 3.00171399116516 3.07664084434509 2.90341973304749 2.82012844085693 2.97028303146362 2.74367499351501 3.69292950630188 3.79570508003235 3.39805436134338 3.06872344017029 2.71053099632263 3.74980449676514 4.05791759490967 3.22195887565613 3.76707196235657 3.67333197593689 3.05338454246521 3.40626168251038 3.77253198623657 3.47568273544312 3.39265465736389 3.171790599823 2.62412571907043 2.34426927566528 2.06489634513855 2.20800876617432 2.32228875160217 2.25568413734436
3.8804075717926 4.23183584213257 2.60242867469788 3.13866925239563 4.16573905944824 3.93303847312927 4.11810541152954 3.45405721664429 2.80729842185974 2.74582195281982 2.74167013168335 3.86826539039612 5.59529876708984 5.7055549621582 5.23771905899048 2.87159323692322 1.72610056400299 5.59479951858521 6.24751377105713 4.15923404693604 5.44964933395386 5.50112104415894 3.09789419174194 2.18710160255432 3.24190402030945 3.81520652770996 3.09156370162964 2.81351113319397 2.78265309333801 3.52967286109924 3.85930204391479 3.32772088050842 3.30961847305298 2.72913193702698 2.07878541946411 4.36376523971558 3.68598413467407 4.31563949584961 4.32630395889282 4.4179368019104 4.45902633666992 4.50302743911743 4.44697856903076 3.08414554595947 2.07320880889893 2.12372779846191 1.80398845672607 4.1670036315918 4.63149976730347 3.55561757087708 3.60134291648865 2.54470992088318
4.07772779464722 3.34024667739868 3.21787691116333 3.49791073799133 4.78353309631348 3.93708515167236 3.46696472167969 3.78705477714539 3.36372447013855 3.38478493690491 4.15581083297729 4.63402462005615 5.54132747650146 7.16341686248779 4.47277593612671 1.7527973651886 3.54003620147705 6.45654535293579 4.52392148971558 6.06990766525269 6.12238073348999 4.19691514968872 3.23101258277893 4.18047666549683 3.48547577857971 3.74826383590698 3.30886673927307 3.73900985717773 3.50849509239197 3.5572030544281 3.52262234687805 3.1716570854187 3.77855944633484 3.15032005310059 3.56547355651855 4.3034348487854 2.62150907516479 2.69337320327759 4.442946434021 5.90915250778198 4.60788536071777 2.76940560340881 2.76698136329651 2.91344833374023 3.09166669845581 3.37020421028137 2.84926724433899 5.99574089050293 3.52642297744751 2.81305289268494 3.42720937728882 3.40539717674255
4.33004522323608 4.47960519790649 3.67418813705444 4.72365951538086 5.24227523803711 3.39379286766052 2.66193819046021 3.32464075088501 3.35028791427612 4.57203340530396 5.18734312057495 5.58402109146118 7.39331912994385 7.90361785888672 3.16173696517944 1.85204768180847 5.80887222290039 4.30234050750732 4.64286756515503 6.39092969894409 4.62637710571289 3.88630127906799 4.3048734664917 4.70389842987061 3.88086199760437 3.73715615272522 3.87076592445374 3.33582377433777 3.1630482673645 3.3957781791687 2.74532985687256 3.57724547386169 3.95667433738708 2.91458201408386 4.45937013626099 3.22859764099121 1.76225888729095 2.4018075466156 3.74397897720337 5.73454475402832 5.14925765991211 5.49573087692261 4.98187160491943 3.58701205253601 3.68916010856628 4.01754188537598 5.62094116210938 6.66050052642822 4.02503681182861 2.07007074356079 1.91936469078064 2.59760284423828
3.33396601676941 4.64621019363403 4.94791507720947 5.71445369720459 4.42880582809448 3.70450139045715 2.59228920936584 2.2910258769989 2.37876439094543 3.6167299747467 5.54518508911133 5.72817611694336 5.48692083358765 3.29869890213013 0.900936245918274 2.41887974739075 5.54804468154907 5.15738582611084 6.3701958656311 6.38531732559204 3.75407433509827 4.22457408905029 3.76061725616455 3.26700091362 3.84848380088806 4.4155068397522 3.95399522781372 3.55466890335083 4.1188063621521 3.81413698196411 3.2681679725647 2.82614517211914 3.4593026638031 3.6948823928833 4.04838705062866 3.37119197845459 2.98981213569641 1.9364607334137 2.78150057792664 3.51697826385498 4.14383029937744 4.07257080078125 4.11100912094116 3.15422582626343 3.23143720626831 5.64508533477783 6.57974910736084 4.80369853973389 4.56513595581055 3.15335559844971 2.54187440872192 2.80465531349182
4.89214658737183 5.44931650161743 4.61998796463013 3.78558373451233 3.17294239997864 3.03018712997437 2.47088241577148 2.58408808708191 2.36487483978271 4.16273736953735 6.14149284362793 6.09907388687134 4.5563268661499 1.67962419986725 1.19768035411835 4.20919895172119 5.60109329223633 5.92658185958862 6.68495082855225 6.0119743347168 5.14183521270752 7.26783990859985 5.3609733581543 4.13122749328613 3.62544441223145 3.48008131980896 4.04890298843384 3.56174349784851 4.30477666854858 3.28276205062866 3.22301840782166 3.0715012550354 2.14244556427002 3.79094362258911 2.41903209686279 3.70143723487854 2.92284798622131 1.54669439792633 2.13038206100464 3.15818071365356 3.28034067153931 3.04769730567932 2.35980439186096 2.11593747138977 2.34645700454712 3.21274471282959 2.41465473175049 2.30022549629211 2.53605198860168 2.6324737071991 2.09791541099548 2.8110888004303
5.56880044937134 4.4075083732605 4.03598165512085 3.66685509681702 3.32713866233826 2.87209343910217 3.56105923652649 3.68285918235779 3.10468482971191 4.44233655929565 6.36178827285767 6.64023303985596 4.18422842025757 1.11528694629669 4.58836841583252 3.82090497016907 4.19021606445312 5.73110818862915 6.08057498931885 7.06015968322754 7.9526481628418 5.70716619491577 4.83199596405029 5.11814785003662 4.5804123878479 3.99288415908813 3.7298059463501 4.48365688323975 4.80360507965088 4.25609874725342 2.50015330314636 2.91865086555481 2.62521982192993 3.76904058456421 3.75070905685425 3.92746782302856 2.24210238456726 1.63608181476593 1.89294540882111 1.93929052352905 1.95069801807404 1.53621864318848 1.90060317516327 2.81161880493164 2.63534307479858 2.14733362197876 1.78458857536316 1.87182855606079 2.36765956878662 2.00625419616699 2.25016188621521 2.97494530677795
4.53776788711548 4.89044618606567 5.90963220596313 5.7232346534729 5.84325647354126 5.54927062988281 5.82770776748657 4.43690586090088 3.65831685066223 5.81347560882568 7.81940460205078 7.38512802124023 4.23253440856934 3.38892960548401 4.57921409606934 3.39453077316284 2.78415775299072 2.81828784942627 3.95510649681091 5.36189699172974 5.97103071212769 5.90428352355957 5.45893049240112 4.44044542312622 3.55932140350342 3.07574200630188 2.88348913192749 3.89849901199341 2.84468388557434 3.02414417266846 2.34711098670959 2.57407331466675 2.47458815574646 2.64913725852966 3.2461268901825 4.06165170669556 2.5905442237854 2.11159944534302 1.96506083011627 1.76830625534058 1.62935590744019 1.65281736850739 2.63932251930237 3.3591947555542 2.84985661506653 2.72969198226929 3.01845192909241 2.09345698356628 2.69330883026123 2.96765828132629 2.14857840538025 3.79748797416687
2.90499472618103 3.72576308250427 6.61061668395996 7.50576686859131 7.79525470733643 8.76073360443115 5.88378000259399 5.22977876663208 5.95094585418701 5.61996459960938 8.45821189880371 7.42889356613159 2.9260880947113 4.57016944885254 2.67964100837708 3.2929470539093 4.36977624893188 3.31740832328796 2.7111279964447 3.61569571495056 5.51162147521973 5.67940378189087 5.54321336746216 4.90384864807129 4.04093074798584 3.4227306842804 2.3043999671936 2.17355251312256 1.68436360359192 1.89925312995911 2.9140899181366 2.41483592987061 3.4108190536499 3.16070890426636 4.34234189987183 5.64307546615601 3.79563856124878 2.81712508201599 2.58318042755127 2.58520889282227 3.15015125274658 4.0028715133667 3.72861552238464 3.60650420188904 3.15535354614258 3.46971249580383 3.2780339717865 2.40359115600586 4.02864027023315 4.1596245765686 2.53189373016357 4.61433267593384
3.65056753158569 4.72185850143433 4.03872871398926 5.40356063842773 7.63065433502197 6.89440822601318 7.19490575790405 8.8911247253418 9.49032402038574 7.20923137664795 7.4553074836731 3.71666717529297 2.78137993812561 3.09809708595276 3.31212830543518 4.18349552154541 4.40176773071289 3.95138311386108 3.87445998191833 3.0369701385498 2.87625455856323 3.26100015640259 2.84680199623108 3.158860206604 3.22769904136658 2.48021864891052 1.97657740116119 1.78091132640839 2.24071669578552 4.01485443115234 4.01425457000732 3.02060770988464 4.96864128112793 4.39979267120361 4.78847026824951 7.99148178100586 7.32258892059326 5.66883945465088 6.65892601013184 6.21922302246094 5.65235090255737 5.44994449615479 3.44440603256226 2.25592684745789 2.54695558547974 3.14907550811768 2.35677456855774 2.91145253181458 5.07334756851196 5.57162284851074 5.52062177658081 7.09496307373047
4.73575496673584 3.76006197929382 4.24181652069092 4.34611701965332 3.99609446525574 3.19085478782654 4.31897068023682 6.24665546417236 6.97098159790039 6.17907905578613 4.9535083770752 4.38165760040283 4.18403339385986 4.71142578125 4.21576499938965 4.26572227478027 3.76188826560974 5.31332683563232 4.52550220489502 2.52655148506165 2.8637683391571 3.05457949638367 2.68029260635376 2.57282400131226 2.15708136558533 2.35534858703613 2.04825711250305 2.25006699562073 4.21822309494019 5.16540813446045 3.96592402458191 3.11043667793274 1.96659052371979 5.00509548187256 4.17244720458984 3.98320269584656 7.51670742034912 8.44065761566162 5.86969757080078 5.50891208648682 6.66802024841309 5.48472261428833 6.09181022644043 3.99066829681396 2.95634269714355 2.98462772369385 3.34448051452637 2.80330538749695 4.3611912727356 6.5273232460022 7.52256631851196 6.62675952911377
