R_scripts/int_process_data/East_Mediterranean_slope.asc
NCOLS 281 
NROWS 576 
XLLCORNER 81175.2677831308 
YLLCORNER 88.2293212990044 
CELLSIZE 1000 
NODATA_value -3.4e+38 
[rows 207 to 229 of 576, columns 52 to 103 of 281]
-3.4e+38 -3.4e+38 -3.4e+38 -3.4e+38 -3.4e+38 2.24360680580139 2.99590301513672 2.20652389526367 1.87387716770172 1.92588841915131 1.73722541332245 2.64402103424072 2.32735252380371 2.38998055458069 2.93880105018616 3.08353972434998 2.70121741294861 2.58803701400757 2.51118111610413 2.69243121147156 2.77149343490601 2.99498081207275 1.69728183746338 2.45061230659485 3.55470705032349 2.45062470436096 3.34448623657227 3.64993906021118 4.49449777603149 5.3028621673584 5.92734146118164 5.71375846862793 6.56334447860718 4.78147220611572 5.3664436340332 5.33648490905762 6.20355415344238 6.97980546951294 7.15719366073608 6.11889743804932 5.25768899917603 3.97116184234619 5.84912919998169 10.1964797973633 13.5029306411743 16.4869842529297 17.1003665924072 15.3167600631714 8.35768032073975 4.77527713775635 5.31617593765259 13.8178396224976
-3.4e+38 -3.4e+38 -3.4e+38 -3.4e+38 1.5629745721817 2.57485103607178 2.80129504203796 1.81914389133453 1.80583226680756 1.94523000717163 2.08717751502991 2.2710919380188 2.61191558837891 2.36597585678101 2.86322927474976 3.57258868217468 2.61189770698547 2.97288846969604 2.79010891914368 2.72272968292236 2.61260318756104 2.73536562919617 2.73124837875366 3.92291712760925 3.24817728996277 3.07650780677795 2.66921234130859 3.89022731781006 4.28931427001953 4.08279943466187 4.46521902084351 5.04269409179688 6.57872867584229 5.430908203125 5.80687665939331 7.03358173370361 5.34003114700317 6.20878887176514 8.85169315338135 8.18474102020264 5.94767570495605 3.31258845329285 6.70253944396973 8.9591703414917 10.9403581619263 14.3174123764038 15.6742143630981 13.9607133865356 14.2324142456055 9.87754249572754 9.97506809234619 9.95037460327148
-3.4e+38 -3.4e+38 -3.4e+38 -3.4e+38 2.24924302101135 2.80482721328735 2.16991972923279 1.84724640846252 1.75163471698761 1.8586174249649 2.02392435073853 1.70349776744843 2.51087045669556 2.64038014411926 3.31453537940979 4.06812763214111 2.84619426727295 3.53263115882874 3.12879347801208 4.08671092987061 3.47275352478027 2.95892190933228 4.08302307128906 4.68863534927368 3.17237424850464 3.87055444717407 4.20114326477051 4.49178695678711 4.69389677047729 5.00041627883911 5.71785879135132 5.66804075241089 5.67092704772949 5.42999935150146 4.70484161376953 4.51426553726196 6.08103132247925 8.36471366882324 9.11273860931396 9.88598728179932 4.86722660064697 8.89476490020752 9.02166843414307 7.05699157714844 11.0444507598877 12.4040231704712 15.8700294494629 16.8188953399658 9.34698486328125 15.3866052627563 16.1410388946533 14.3514890670776
-3.4e+38 -3.4e+38 -3.4e+38 -3.4e+38 2.67871427536011 2.88292741775513 2.34684038162231 2.14795565605164 1.86785268783569 1.79841911792755 2.75786375999451 2.17985677719116 2.25256180763245 2.73211622238159 3.46743321418762 4.73024797439575 3.23589992523193 2.78194904327393 4.6382622718811 4.22177219390869 4.53156566619873 3.11609029769897 3.31215500831604 4.0142035484314 3.98490595817566 5.05347633361816 4.58546543121338 5.01314401626587 5.91208267211914 7.17884969711304 7.0449857711792 6.09961175918579 4.88419437408447 6.59777927398682 6.05700063705444 4.65884828567505 6.62992143630981 8.76292037963867 9.28638935089111 4.12716007232666 6.71745157241821 9.29367923736572 9.17014122009277 8.47554302215576 11.1938104629517 12.3924331665039 18.8148803710938 16.159387588501 10.4699764251709 12.3342657089233 18.2898063659668 17.0444965362549
-3.4e+38 -3.4e+38 -3.4e+38 1.974942445755 3.46492767333984 3.41900372505188 2.23993444442749 1.88372457027435 1.84784662723541 2.3673107624054 2.68941211700439 2.42430114746094 2.60825705528259 2.86244869232178 2.79806971549988 3.9780387878418 4.23625564575195 3.68871974945068 5.19328641891479 3.53004670143127 3.55245900154114 3.27926445007324 4.37871551513672 4.17871475219727 5.30886936187744 5.01895093917847 5.03253412246704 6.75820446014404 7.89312505722046 7.59921264648438 5.7665433883667 6.16283130645752 5.43608617782593 5.49328899383545 4.19149971008301 3.01911306381226 7.72455978393555 6.40862083435059 3.67754292488098 1.8621072769165 5.52470016479492 5.88595342636108 8.15866088867188 8.56038284301758 12.8361711502075 19.7355003356934 17.6305294036865 16.7670230865479 13.9567804336548 20.9802780151367 19.0603942871094 17.4971561431885
-3.4e+38 -3.4e+38 -3.4e+38 2.5904324054718 3.43694949150085 3.30877494812012 2.18246388435364 2.25280928611755 2.10674476623535 2.31875061988831 1.95806777477264 3.05057883262634 3.1088011264801 3.48481106758118 3.68359994888306 2.98688435554504 4.09622192382812 4.31071424484253 4.17475843429565 3.23555898666382 3.17895650863647 3.39357662200928 5.07430648803711 5.30275821685791 5.75629997253418 6.12596368789673 7.5047173500061 6.16615152359009 5.72275400161743 6.5846848487854 3.86613440513611 5.07105779647827 6.26688194274902 4.16515731811523 2.92463040351868 2.25709438323975 5.39525175094604 2.42389249801636 0.957699418067932 2.97237610816956 5.31530952453613 6.82788944244385 8.15474510192871 6.65781784057617 11.9014472961426 16.555139541626 13.8871755599976 16.394962310791 16.2904510498047 16.5300407409668 26.0348091125488 24.4001483917236
-3.4e+38 -3.4e+38 -3.4e+38 2.7543032169342 3.37535786628723 2.79496669769287 2.67773866653442 2.63373732566833 2.62660241127014 2.42350649833679 2.39313960075378 2.81883859634399 3.82587957382202 4.55809211730957 4.3765869140625 3.77132725715637 3.16449642181396 4.44105529785156 3.50418615341187 3.26636028289795 3.45403075218201 3.6496958732605 5.20685482025146 5.33387088775635 4.969153881073 5.25802946090698 6.00193786621094 4.19030475616455 3.91888427734375 5.32115650177002 4.107994556427 4.66283416748047 5.37799453735352 3.50974297523499 2.90851449966431 2.59417271614075 2.10338139533997 1.30424642562866 1.24134433269501 1.56045687198639 5.00223875045776 8.58952045440674 7.7791223526001 6.8645806312561 12.8649759292603 14.8448753356934 11.303689956665 16.454532623291 23.8067607879639 24.4300136566162 26.729549407959 23.2625865936279
-3.4e+38 -3.4e+38 1.92071163654327 3.57135653495789 3.2421600818634 2.1735246181488 3.28187036514282 3.02459359169006 2.91926717758179 3.16688227653503 2.84885931015015 2.67132544517517 2.71393728256226 3.20786309242249 2.98876667022705 3.85246276855469 3.11687636375427 5.2852201461792 3.11437225341797 3.3165500164032 4.42161989212036 5.71629667282104 4.7609601020813 4.02281618118286 6.36329650878906 5.37658309936523 3.64330554008484 4.78103923797607 3.52886652946472 4.20711851119995 3.87450551986694 3.83419823646545 2.47721982002258 2.22383666038513 1.11872625350952 1.35621452331543 1.37604320049286 1.34456479549408 2.99829173088074 2.77450752258301 4.59137344360352 11.1373147964478 10.7310628890991 9.2286205291748 12.9346799850464 16.5209808349609 14.0912761688232 20.1644153594971 22.5211734771729 28.5926914215088 24.877010345459 17.4363536834717
-3.4e+38 -3.4e+38 7.54939365386963 12.4429998397827 9.1941556930542 4.5985255241394 3.07159042358398 3.28653264045715 3.69596600532532 4.05114984512329 4.01401281356812 3.12150001525879 2.73096776008606 2.34207201004028 2.92063522338867 2.86029458045959 3.35221910476685 4.84972810745239 3.42828011512756 3.57952165603638 5.10533618927002 6.34310960769653 3.67715311050415 3.5982460975647 4.9499568939209 5.23546171188354 2.74538779258728 2.53054451942444 1.97999882698059 2.0729968547821 1.75098216533661 1.66139662265778 0.977206826210022 1.15462791919708 1.35750925540924 1.29786169528961 1.68449223041534 1.90655088424683 3.2350811958313 4.686354637146 4.94922924041748 9.46078586578369 9.58219146728516 7.98581314086914 10.828558921814 12.5369567871094 14.7219181060791 20.0424137115479 24.4268436431885 27.9090785980225 18.3923625946045 13.1559972763062
-3.4e+38 9.92957496643066 14.6140098571777 11.3216276168823 10.1889867782593 9.94848346710205 6.93635749816895 3.8327202796936 2.97401428222656 3.18801164627075 5.05286073684692 3.73975706100464 5.12812519073486 3.98814702033997 3.35906314849854 3.02975273132324 3.09885835647583 3.28507828712463 4.32040166854858 3.44904208183289 5.98498487472534 5.8002724647522 4.42139673233032 3.45701789855957 2.17484140396118 1.26595675945282 1.02691340446472 0.950035154819489 1.02711534500122 1.00211501121521 1.00874102115631 1.22391426563263 1.17899072170258 1.18725287914276 1.30970811843872 3.12100458145142 3.71439838409424 2.72342371940613 5.39406299591064 7.71872186660767 7.23661804199219 5.55117893218994 8.51435375213623 5.82892179489136 8.69840717315674 15.4291582107544 17.4155330657959 18.9314346313477 23.1209735870361 14.3022689819336 11.0469646453857 12.6803455352783
-3.4e+38 15.0069150924683 10.1845455169678 5.70564031600952 6.65592765808105 9.06344985961914 7.70886325836182 5.35356283187866 3.54893231391907 5.54524850845337 4.67164516448975 2.84573984146118 4.1342248916626 4.51791667938232 4.43631887435913 3.76605129241943 2.96468234062195 1.86621189117432 3.17021059989929 3.58440732955933 8.07101249694824 6.89353275299072 3.20694136619568 1.5630270242691 1.06451380252838 1.05162954330444 0.978849351406097 0.990631341934204 1.18130469322205 1.10978412628174 1.28029048442841 2.22028374671936 2.46945476531982 2.28078365325928 2.61945343017578 6.03504991531372 8.48407554626465 7.59925508499146 8.44444370269775 8.58248138427734 9.18207550048828 6.56089162826538 6.29362821578979 4.70477724075317 10.3318099975586 17.1522426605225 18.8330192565918 20.371244430542 18.3306407928467 18.2462024688721 17.3502178192139 15.5009603500366
-3.4e+38 10.8375310897827 9.05688095092773 9.01462650299072 7.37114667892456 8.03128337860107 8.62261199951172 5.97976112365723 5.73155307769775 5.5994119644165 4.57172060012817 4.15473556518555 3.45606422424316 3.38551807403564 3.08298397064209 2.0085277557373 1.35474240779877 1.27122557163239 3.07790970802307 4.06047868728638 8.80046558380127 4.92309522628784 0.876631259918213 1.05303192138672 1.05703735351562 1.52627301216125 2.18551850318909 3.51233100891113 3.94075012207031 4.327232837677 3.57971692085266 6.05037069320679 8.6070032119751 8.75388240814209 7.8929557800293 6.66328763961792 6.91900777816772 7.48050785064697 7.15491628646851 9.21444034576416 9.79321384429932 11.6100902557373 7.29524660110474 6.59123659133911 12.0961875915527 18.0611934661865 18.5804767608643 19.4307079315186 19.5777549743652 24.3315391540527 18.5351104736328 16.102367401123
-3.4e+38 -3.4e+38 6.01973438262939 6.85338878631592 8.04991436004639 8.38467025756836 9.01054096221924 6.96520042419434 7.1091742515564 6.96023654937744 5.02655506134033 4.49317979812622 4.57507085800171 3.7086501121521 3.29583430290222 1.48966038227081 1.06970262527466 3.4609580039978 5.07743835449219 4.0399808883667 4.91683959960938 3.10153031349182 1.04299855232239 1.12149024009705 1.17689502239227 1.65678942203522 2.59257793426514 3.11827635765076 3.41747784614563 3.60207629203796 6.07029056549072 6.72609901428223 7.82591581344604 6.7216272354126 6.04105091094971 4.84176874160767 4.36953353881836 7.5009241104126 5.05333042144775 7.89482164382935 8.5112771987915 11.9370012283325 9.4638500213623 7.33811616897583 9.3347053527832 15.4133701324463 17.6828937530518 21.7102069854736 18.0829448699951 15.2805824279785 18.8126659393311 17.1499328613281
-3.4e+38 -3.4e+38 -3.4e+38 4.82378005981445 6.24844694137573 5.85372829437256 5.66279315948486 6.30313873291016 6.71189498901367 7.69327068328857 7.16362953186035 6.07508420944214 6.42264223098755 5.41549777984619 2.3375415802002 0.918064296245575 1.31605195999146 2.45562243461609 2.03571653366089 1.8925678730011 1.50658845901489 1.29009735584259 1.07163023948669 1.28651487827301 2.14630150794983 1.89778625965118 1.79714930057526 3.23265027999878 5.17253303527832 7.15363740921021 5.47403144836426 4.86049127578735 6.77778387069702 5.93631839752197 5.83502435684204 5.67584896087646 4.74662780761719 7.0730504989624 7.11817264556885 6.18363332748413 7.75803375244141 10.7069778442383 10.9792137145996 12.4944114685059 5.94622039794922 12.5224075317383 19.9330081939697 19.9778728485107 15.7360305786133 12.7907524108887 15.2917604446411 14.4812507629395
-3.4e+38 -3.4e+38 -3.4e+38 -3.4e+38 4.81703662872314 4.95672988891602 5.10367488861084 7.50742530822754 6.17997550964355 5.2171196937561 5.50502109527588 6.56990146636963 6.50885009765625 7.02656841278076 7.31256818771362 2.19547128677368 0.998213768005371 1.89420306682587 1.1934187412262 1.04391193389893 3.13564610481262 5.44134664535522 3.38302803039551 2.51315116882324 4.79434776306152 6.53648900985718 5.91820192337036 3.40642595291138 2.87336206436157 6.26241302490234 6.04303359985352 4.42490243911743 5.25896406173706 4.99728441238403 5.4441499710083 6.05386352539062 4.81375789642334 7.37244510650635 7.78413534164429 6.37009763717651 7.21518421173096 8.47789096832275 9.38769149780273 13.5417222976685 11.4818248748779 12.5510444641113 19.9119739532471 19.0419616699219 17.7715091705322 10.3127107620239 5.30425977706909 7.06495761871338
-3.4e+38 -3.4e+38 -3.4e+38 -3.4e+38 2.93468022346497 2.77803778648376 4.07306003570557 5.60400295257568 6.36747884750366 8.35679912567139 8.48294734954834 5.29087686538696 5.99742698669434 7.62025499343872 7.07266616821289 2.65901160240173 2.48529577255249 1.6719024181366 1.02033388614655 0.983320236206055 3.22448182106018 5.58218622207642 4.98238372802734 5.33328914642334 5.91975498199463 5.54081678390503 6.20453310012817 8.17245101928711 5.81816482543945 2.87715244293213 5.85813570022583 5.42899179458618 4.15763092041016 4.96778392791748 4.67369270324707 4.22737598419189 4.39675092697144 5.70960569381714 7.43000364303589 7.74374437332153 7.77653932571411 10.4999647140503 9.57748031616211 12.5427341461182 13.6100025177002 13.4017505645752 18.1005477905273 16.9296264648438 14.4510021209717 11.3508310317993 4.26817464828491 8.64680099487305
-3.4e+38 -3.4e+38 -3.4e+38 -3.4e+38 -3.4e+38 1.57892048358917 2.18362307548523 1.04409265518188 1.15936958789825 3.85694861412048 6.97393274307251 7.06459426879883 6.68971014022827 3.54898405075073 3.95588564872742 8.44706726074219 7.96181535720825 4.8547568321228 4.26374864578247 4.63873529434204 3.01703548431396 1.15931630134583 2.82200813293457 4.67078638076782 5.84393787384033 8.0823335647583 7.47475719451904 7.87272119522095 8.29054832458496 4.28647422790527 3.08744859695435 4.71745872497559 3.0198962688446 3.87058234214783 4.34840297698975 5.48661947250366 6.20145893096924 5.35024833679199 4.8010630607605 4.82442665100098 6.57402181625366 8.0215311050415 8.53485774993896 8.8104248046875 10.8311634063721 12.3788890838623 15.1777963638306 17.2505569458008 17.169605255127 11.3449592590332 3.83393669128418 6.06579780578613
-3.4e+38 -3.4e+38 -3.4e+38 -3.4e+38 -3.4e+38 1.30816745758057 1.3849949836731 2.0220057964325 1.78222250938416 0.936465799808502 2.02817893028259 5.60026741027832 5.003333568573 0.35355418920517 4.80980491638184 9.50862693786621 9.5280122756958 7.179603099823 6.78881359100342 7.5939679145813 6.99401378631592 2.12087774276733 1.29783236980438 3.79299402236938 6.30194664001465 8.11451435089111 8.87429809570312 8.77278327941895 8.93140506744385 6.00329637527466 2.74202489852905 1.76499974727631 3.50800442695618 3.99700736999512 4.38095283508301 4.13397693634033 4.55569171905518 4.3046178817749 3.3962574005127 6.08033132553101 7.58360290527344 6.46050071716309 8.10984992980957 8.23007774353027 8.61769866943359 9.11179161071777 11.1860113143921 16.4061756134033 16.4940929412842 10.1089487075806 6.13047504425049 8.34829902648926
-3.4e+38 -3.4e+38 -3.4e+38 -3.4e+38 -3.4e+38 2.02340292930603 1.2810218334198 1.22858130931854 1.40419483184814 1.28457415103912 1.07558500766754 1.29294621944427 2.06821513175964 3.32268977165222 5.75622653961182 7.6114673614502 7.24579524993896 6.889564037323 5.37575912475586 7.4239068031311 7.41814374923706 3.36429119110107 0.571248829364777 4.00786733627319 9.08536148071289 8.67975330352783 5.91453456878662 7.05930614471436 8.10222434997559 6.8886775970459 4.34002447128296 2.0680570602417 2.75238823890686 3.28909611701965 3.15116906166077 4.2447829246521 5.59161758422852 5.33058309555054 8.49789142608643 6.33455181121826 7.15563631057739 8.23198509216309 7.03467655181885 10.6724271774292 9.01725101470947 12.6063442230225 11.2979412078857 13.3965663909912 13.820517539978 9.18779277801514 9.59707260131836 8.90128993988037
-3.4e+38 -3.4e+38 -3.4e+38 -3.4e+38 1.94801878929138 2.3139476776123 2.39995050430298 1.60508644580841 1.33544766902924 0.964021742343903 1.27803468704224 1.28739941120148 0.924799203872681 6.42699575424194 8.01160907745361 6.95653295516968 6.93613958358765 6.82442998886108 6.31474161148071 6.73031187057495 9.41137599945068 5.42522048950195 1.16055023670197 2.23815941810608 5.24094200134277 7.06091499328613 6.76885890960693 7.08005237579346 5.78785228729248 5.75211143493652 4.1937460899353 2.83383655548096 3.50894951820374 3.06200170516968 2.884037733078 3.44290328025818 2.85992670059204 5.71591997146606 9.20565128326416 7.2215313911438 5.94591522216797 7.84675979614258 7.82383298873901 11.6684589385986 8.98113822937012 14.0830888748169 11.5394897460938 9.14111614227295 17.0935020446777 11.1059865951538 8.96899509429932 8.34796047210693
-3.4e+38 -3.4e+38 -3.4e+38 -3.4e+38 2.13421416282654 3.35673236846924 4.42772054672241 3.08783078193665 2.04839038848877 1.11652112007141 0.818883121013641 1.90598452091217 2.62137079238892 1.68573105335236 6.95596504211426 6.27400159835815 7.08471632003784 6.14149713516235 6.20971393585205 6.34449625015259 7.74353265762329 6.73223447799683 1.52855336666107 1.3288346529007 5.31963634490967 6.24248790740967 5.01210784912109 5.82873868942261 6.6975793838501 4.85091209411621 3.68368601799011 3.0616819858551 3.55231928825378 3.82229804992676 4.64635753631592 5.6288537979126 2.45406317710876 7.01595020294189 7.00638389587402 7.25315809249878 7.18695592880249 8.56032180786133 6.95514726638794 9.22140789031982 11.1739234924316 12.3527860641479 11.2517185211182 11.8297929763794 16.017765045166 13.9100656509399 6.53391027450562 5.81121492385864
-3.4e+38 -3.4e+38 -3.4e+38 -3.4e+38 2.52703022956848 2.30901026725769 2.33030366897583 3.06568050384521 5.01867246627808 1.56363499164581 0.64364618062973 3.75945591926575 3.80563974380493 0.965196788311005 4.99650144577026 7.58562707901001 7.851318359375 6.70268392562866 6.04516649246216 7.08054065704346 7.09990835189819 6.41188335418701 1.50760328769684 0.980780005455017 4.31667041778564 6.70471477508545 5.54530143737793 5.2093825340271 5.7598557472229 4.81989812850952 4.51425504684448 3.85886645317078 4.66803026199341 2.94304919242859 4.28608274459839 7.79210758209229 6.38686847686768 8.47206974029541 5.12294006347656 4.03136205673218 6.23958206176758 7.63626003265381 7.82349252700806 9.9314661026001 9.25647258758545 8.83553886413574 10.2735872268677 13.9835529327393 16.9279003143311 13.2249002456665 3.43925333023071 6.30225038528442
-3.4e+38 -3.4e+38 -3.4e+38 1.93225395679474 2.8359043598175 2.89043593406677 2.32498526573181 2.68266367912292 7.35216045379639 5.7322735786438 5.76296043395996 4.97114753723145 4.01809215545654 2.8853714466095 2.44124722480774 6.97295522689819 8.65785884857178 7.17076730728149 6.34997797012329 6.73069858551025 6.48626947402954 6.83467531204224 3.00812029838562 1.24893295764923 5.84091806411743 5.92440128326416 5.12691068649292 5.4644603729248 4.61404800415039 6.26202535629272 7.63819122314453 7.72258710861206 6.66258573532104 6.11592149734497 8.33329391479492 8.81901454925537 12.0494365692139 14.2589321136475 6.44257974624634 5.51163768768311 7.436363697052 9.02126121520996 9.59337043762207 9.41532039642334 10.1179523468018 9.68482494354248 10.6683225631714 11.2573890686035 19.1784381866455 12.4708671569824 1.5914865732193 5.19792461395264
