R_scripts/int_process_data/East_Mediterranean_DEM.asc
NCOLS 281 
NROWS 576 
XLLCORNER 81175.2677831308 
YLLCORNER 88.2293212990044 
CELLSIZE 1000 
NODATA_value -3.4e+38 
[rows 529 to 551 of 576, columns 52 to 103 of 281]
-3.4e+38 -3.4e+38 -3.4e+38 -3.4e+38 -3.4e+38 21.9015865325928 64.8539276123047 78.5030822753906 86.4068756103516 93.1099472045898 102.608573913574 117.131958007812 106.120704650879 113.335060119629 126.899513244629 191.706100463867 232.502899169922 159.390747070312 237.107681274414 197.289901733398 112.28239440918 131.167541503906 189.911209106445 182.982238769531 281.090637207031 309.992065429688 267.889892578125 320.859222412109 279.487640380859 352.290191650391 432.646911621094 427.107177734375 397.62353515625 367.716247558594 345.507019042969 311.021606445312 231.90283203125 176.853759765625 161.805206298828 174.168472290039 177.11408996582 172.120193481445 149.238998413086 141.856307983398 171.345443725586 151.789001464844 142.039016723633 142.279647827148 151.013732910156 152.425857543945 150.067153930664 174.080276489258
-3.4e+38 -3.4e+38 -3.4e+38 -3.4e+38 -3.4e+38 55.6989517211914 72.3199157714844 83.1946868896484 73.7343902587891 76.2046127319336 81.4207229614258 114.87328338623 134.469909667969 137.229080200195 188.201080322266 186.120880126953 243.31120300293 236.448379516602 267.232788085938 189.301986694336 159.40446472168 126.096611022949 152.649658203125 225.031402587891 308.598907470703 385.016143798828 358.937530517578 395.141510009766 323.405822753906 314.036926269531 339.596893310547 360.226806640625 408.993835449219 353.642059326172 272.777008056641 252.254608154297 263.713012695312 248.075439453125 248.623123168945 200.894821166992 160.109375 160.527877807617 175.254760742188 136.513275146484 134.137741088867 129.848922729492 134.783065795898 160.263946533203 200.831314086914 208.213272094727 184.112030029297 215.488525390625
-3.4e+38 -3.4e+38 -3.4e+38 -3.4e+38 30.5500354766846 68.1588897705078 78.3515625 92.9731216430664 75.0918426513672 64.9522094726562 92.7189865112305 125.191818237305 159.917266845703 186.727600097656 225.037261962891 251.028579711914 254.683929443359 300.580780029297 269.343017578125 177.908218383789 178.17805480957 171.125183105469 167.507904052734 206.131286621094 215.104187011719 288.899841308594 376.680725097656 423.648193359375 412.962371826172 359.092163085938 370.311614990234 394.156158447266 377.198699951172 312.164978027344 277.193359375 225.179443359375 208.129974365234 205.211227416992 209.563140869141 263.924102783203 256.029907226562 161.895751953125 154.455230712891 169.111236572266 125.718902587891 121.408752441406 153.803604125977 163.307815551758 162.359527587891 182.037536621094 193.812683105469 185.966567993164
-3.4e+38 -3.4e+38 -3.4e+38 -3.4e+38 46.3439559936523 70.8049621582031 89.1580352783203 102.39714050293 75.7624664306641 60.2671737670898 97.7487411499023 124.134750366211 154.624786376953 205.658142089844 270.031280517578 293.633422851562 305.4384765625 268.728332519531 202.978744506836 213.111938476562 224.373306274414 221.728439331055 202.81135559082 200.569259643555 215.10758972168 231.453460693359 264.266265869141 319.403930664062 423.522491455078 456.984893798828 410.704711914062 363.811370849609 306.515991210938 257.444183349609 272.302978515625 293.710723876953 276.183441162109 230.270050048828 188.202880859375 182.951934814453 254.070892333984 225.155166625977 140.450531005859 154.248504638672 163.038604736328 120.459075927734 120.228103637695 127.292404174805 142.233184814453 170.31169128418 190.733291625977 217.209411621094
-3.4e+38 -3.4e+38 -3.4e+38 14.9338970184326 23.7501487731934 75.6738662719727 100.424880981445 109.305465698242 75.7892913818359 49.742546081543 83.2054138183594 100.918800354004 136.785934448242 213.500289916992 269.745422363281 293.703582763672 333.166778564453 297.685546875 238.613479614258 250.511962890625 292.147918701172 261.439697265625 286.142395019531 316.096374511719 302.63134765625 318.020599365234 349.931701660156 336.958038330078 395.942321777344 464.436370849609 451.4384765625 331.154937744141 265.723205566406 237.537338256836 225.74201965332 242.548202514648 272.898681640625 320.462036132812 253.498260498047 158.689956665039 184.223724365234 204.729019165039 195.852874755859 133.715454101562 138.568222045898 131.16748046875 119.488357543945 137.784851074219 152.217681884766 156.348297119141 195.841171264648 231.313018798828
-3.4e+38 -3.4e+38 -3.4e+38 48.5670738220215 11.8718271255493 47.7004127502441 94.880256652832 102.401054382324 69.3740234375 51.4683837890625 70.0626373291016 92.1620330810547 142.501266479492 190.738891601562 182.627868652344 227.292709350586 308.314300537109 348.878845214844 307.868316650391 297.266479492188 314.129333496094 320.448791503906 304.857391357422 355.553344726562 403.926910400391 459.103057861328 494.616394042969 459.288482666016 447.131256103516 399.89208984375 344.735748291016 282.686279296875 280.164245605469 277.315246582031 246.37873840332 213.006423950195 221.872863769531 311.314910888672 251.861953735352 164.348022460938 138.882354736328 138.96403503418 162.988189697266 128.301849365234 99.9573593139648 119.047393798828 160.320083618164 135.219665527344 152.905532836914 164.027862548828 165.634902954102 202.528793334961
-3.4e+38 -3.4e+38 48.0635223388672 49.7963371276855 38.5433807373047 9.36375045776367 76.1013107299805 62.2201461791992 38.3874092102051 88.8724060058594 105.571334838867 101.917984008789 116.508735656738 126.256530761719 154.038909912109 187.553329467773 281.150543212891 371.433441162109 362.210235595703 334.320007324219 381.147125244141 416.444885253906 394.571380615234 374.690032958984 494.418273925781 683.970825195312 722.104064941406 630.532958984375 569.87548828125 482.015472412109 365.042938232422 326.63671875 397.438934326172 477.509338378906 380.572998046875 268.014923095703 184.537536621094 304.428314208984 263.276489257812 174.213775634766 106.916061401367 125.757522583008 160.613418579102 172.879745483398 162.733840942383 141.411270141602 158.855361938477 178.155212402344 141.262329101562 170.52702331543 188.742797851562 180.247802734375
-3.4e+38 47.6884269714355 78.2548751831055 57.5959701538086 62.3684310913086 44.5527153015137 30.7298698425293 18.715015411377 31.3803157806396 76.3592910766602 63.0008544921875 89.3840942382812 159.132598876953 215.414855957031 210.793472290039 188.620742797852 277.036560058594 301.833526611328 304.2841796875 318.345306396484 342.216033935547 375.684997558594 410.766235351562 444.775024414062 609.392578125 797.890197753906 800.241638183594 731.039428710938 625.296691894531 463.382568359375 377.515106201172 471.024963378906 613.611083984375 584.1171875 466.773834228516 300.512420654297 151.665649414062 279.556427001953 234.491882324219 146.155639648438 120.313217163086 171.296661376953 187.141784667969 192.500747680664 256.766174316406 219.36296081543 153.791564941406 195.105545043945 199.527404785156 159.228866577148 167.780899047852 183.973129272461
-3.4e+38 52.6976280212402 89.1143798828125 76.2268371582031 85.2711029052734 88.4294967651367 88.3538970947266 27.3219795227051 33.045223236084 46.0921401977539 67.4307479858398 115.443237304688 174.376434326172 252.483352661133 255.642868041992 195.024230957031 224.277557373047 309.604827880859 348.800842285156 390.696136474609 460.181243896484 415.255950927734 480.850555419922 588.282104492188 723.3095703125 818.763305664062 788.991394042969 714.398132324219 547.961791992188 429.348693847656 505.337615966797 660.719055175781 671.827331542969 570.350891113281 446.894836425781 219.938018798828 145.442276000977 185.708236694336 176.434127807617 103.454414367676 133.852615356445 142.999725341797 191.863479614258 216.144607543945 236.582748413086 279.906097412109 212.320709228516 182.862731933594 197.810012817383 175.162857055664 142.213470458984 144.436401367188
-3.4e+38 48.4933776855469 84.9889068603516 104.567367553711 113.02303314209 107.398300170898 113.10188293457 40.9882316589355 59.2562942504883 75.2126846313477 91.2536392211914 162.084899902344 230.717407226562 208.887496948242 250.638824462891 276.800628662109 311.894897460938 348.630065917969 342.265197753906 355.989288330078 485.150787353516 484.593841552734 522.681762695312 631.522399902344 667.756469726562 634.544677734375 567.404418945312 475.840606689453 399.536926269531 477.339385986328 620.789428710938 637.841674804688 485.203002929688 388.590393066406 292.336517333984 152.304275512695 172.300064086914 100.573043823242 118.103073120117 189.409210205078 195.306213378906 227.063323974609 246.236282348633 267.066467285156 234.531753540039 234.004104614258 245.891555786133 184.748809814453 166.038970947266 166.431564331055 157.582656860352 124.616539001465
-3.4e+38 -3.4e+38 72.5002517700195 107.024833679199 114.0869140625 124.719253540039 120.494041442871 55.7736511230469 76.283088684082 104.584907531738 125.170280456543 214.125534057617 283.252899169922 301.611511230469 285.802886962891 335.855194091797 282.886352539062 293.768432617188 315.594177246094 296.714630126953 348.692718505859 393.304321289062 439.819641113281 519.603698730469 466.481536865234 411.573669433594 384.73583984375 348.581390380859 372.3427734375 409.638000488281 483.998626708984 415.467864990234 278.522186279297 241.465759277344 178.555297851562 93.3004455566406 129.544708251953 80.3243560791016 125.450248718262 216.469970703125 258.453979492188 254.235000610352 286.648132324219 248.040420532227 202.408432006836 204.820358276367 171.405075073242 173.391265869141 151.10774230957 141.940307617188 144.741683959961 129.498138427734
-3.4e+38 -3.4e+38 85.2759094238281 88.0896911621094 107.722480773926 133.153533935547 103.238052368164 54.2463912963867 94.9284515380859 135.073684692383 133.505325317383 202.693771362305 264.610443115234 284.658874511719 285.053100585938 312.201751708984 269.003967285156 253.418762207031 259.712921142578 234.390014648438 270.286407470703 313.400146484375 334.369781494141 342.999755859375 322.890655517578 302.028106689453 295.246704101562 295.6005859375 284.307800292969 265.629272460938 273.106597900391 236.647583007812 197.590866088867 177.013656616211 158.262817382812 76.2334747314453 74.68310546875 126.396705627441 182.870422363281 211.419052124023 220.004867553711 264.372772216797 258.676818847656 200.100128173828 156.5009765625 176.274993896484 177.160842895508 142.595565795898 156.918518066406 114.938720703125 120.20344543457 121.959571838379
-3.4e+38 -3.4e+38 41.8123474121094 63.9148406982422 91.7942276000977 135.269805908203 115.938591003418 67.6385803222656 109.50122833252 149.56135559082 163.752975463867 175.465377807617 223.877548217773 216.311630249023 227.141296386719 244.29280090332 214.261947631836 195.650527954102 212.156112670898 204.589263916016 239.261367797852 271.107513427734 274.570678710938 263.019714355469 269.607543945312 264.853759765625 241.610382080078 213.157302856445 211.299468994141 171.937774658203 162.364730834961 164.304824829102 155.730224609375 145.909820556641 122.2958984375 67.4321060180664 80.8859405517578 132.2294921875 192.135711669922 210.278350830078 203.493041992188 239.862228393555 250.714401245117 177.233352661133 137.018814086914 151.455093383789 121.811645507812 129.707595825195 135.319290161133 158.915954589844 105.271743774414 112.989448547363
-3.4e+38 -3.4e+38 42.3926696777344 95.7913208007812 121.814270019531 156.3701171875 110.57332611084 99.8681640625 145.518173217773 174.589736938477 196.193649291992 190.649215698242 226.778411865234 188.009979248047 186.963745117188 179.712005615234 158.713531494141 201.919326782227 217.450439453125 173.379776000977 187.892639160156 209.582641601562 228.136856079102 212.54866027832 212.988082885742 218.63655090332 201.937789916992 161.822326660156 159.698150634766 136.191955566406 120.585235595703 135.327514648438 116.333213806152 119.29027557373 98.754638671875 77.2082595825195 117.995948791504 139.99430847168 191.344253540039 187.316284179688 212.10725402832 205.716369628906 242.798049926758 188.03532409668 110.915367126465 125.712310791016 136.299789428711 185.663192749023 177.564376831055 164.535140991211 148.748428344727 132.376541137695
-3.4e+38 -3.4e+38 62.1157188415527 115.267639160156 153.407989501953 134.747772216797 93.5259552001953 117.484710693359 146.483688354492 181.830551147461 198.148330688477 235.279418945312 245.018112182617 201.185760498047 145.383529663086 158.266586303711 167.573394775391 203.151550292969 191.799453735352 164.834594726562 168.198654174805 163.058074951172 169.149307250977 161.198852539062 152.782104492188 173.927597045898 198.160766601562 152.96159362793 126.181045532227 109.877395629883 106.342262268066 112.51490020752 99.1605834960938 70.8829193115234 62.5823059082031 97.7040176391602 171.544250488281 212.786117553711 209.292098999023 153.587432861328 163.168212890625 189.857452392578 203.358428955078 149.593475341797 116.775917053223 143.515930175781 141.555068969727 155.711959838867 148.787033081055 154.010406494141 150.51252746582 160.710113525391
-3.4e+38 19.5550785064697 65.8190841674805 110.314117431641 133.054763793945 92.6797637939453 111.353332519531 139.48388671875 159.71061706543 169.140014648438 208.787384033203 231.502197265625 185.928955078125 167.617553710938 137.395553588867 136.37646484375 147.280487060547 179.200500488281 154.467163085938 165.122055053711 164.654708862305 144.242156982422 148.503280639648 131.050811767578 121.354530334473 143.03515625 173.851577758789 164.055679321289 110.585472106934 87.6164016723633 89.2988891601562 110.689575195312 73.9386596679688 41.6960525512695 52.6086311340332 154.772155761719 188.555404663086 190.761917114258 167.313583374023 135.111801147461 132.233215332031 169.632659912109 179.429595947266 140.279861450195 70.8418121337891 89.4089660644531 101.724464416504 100.583808898926 128.633377075195 189.361801147461 178.918975830078 182.270309448242
-3.4e+38 74.0222778320312 129.838623046875 140.841781616211 123.273300170898 91.863639831543 125.898742675781 155.97004699707 170.20491027832 177.256912231445 194.012130737305 215.342697143555 186.059799194336 133.954742431641 121.037490844727 123.483665466309 141.197387695312 147.465972900391 137.794647216797 159.560409545898 154.192901611328 131.46598815918 123.318840026855 117.143325805664 93.3317108154297 110.170669555664 111.701484680176 106.418930053711 92.1892166137695 66.6229400634766 73.897102355957 89.6211929321289 39.6085968017578 28.8906383514404 111.523086547852 171.158233642578 159.991012573242 149.848098754883 137.670822143555 116.018478393555 128.394897460938 145.40869140625 162.417419433594 122.37769317627 61.8415946960449 67.3021545410156 110.223220825195 77.4528198242188 113.498069763184 170.030288696289 144.419708251953 142.449981689453
-3.4e+38 119.378929138184 127.790222167969 116.246078491211 111.586967468262 100.75212097168 130.643783569336 162.643020629883 179.486770629883 184.562881469727 205.364395141602 219.243316650391 170.366088867188 140.272750854492 112.089050292969 108.017242431641 137.86296081543 121.394020080566 129.253173828125 157.279968261719 121.012641906738 113.760749816895 105.318923950195 110.06135559082 81.6539993286133 89.7709579467773 83.5610656738281 72.7141494750977 79.9384002685547 64.3043518066406 61.2890090942383 86.4251480102539 85.5676727294922 43.855281829834 101.139640808105 119.648712158203 116.089958190918 130.248580932617 138.506164550781 93.4492492675781 96.3825225830078 112.789619445801 136.28141784668 121.194541931152 70.9196319580078 59.8658752441406 72.2537536621094 103.871109008789 137.644546508789 113.945671081543 93.2613067626953 95.5638198852539
73.6958236694336 102.585563659668 79.4724655151367 85.8043746948242 114.27214050293 124.97673034668 142.312789916992 170.230667114258 198.801910400391 213.76496887207 206.134201049805 184.436660766602 154.570190429688 150.796936035156 131.497985839844 108.046691894531 100.506340026855 101.816970825195 161.748107910156 151.806121826172 120.982406616211 96.2394561767578 96.6596145629883 94.4532318115234 69.7814178466797 70.3231353759766 64.6057510375977 60.834114074707 63.1034507751465 57.3913078308105 47.2694473266602 69.7102432250977 85.3741455078125 42.6919326782227 58.5295181274414 76.6247940063477 86.7509536743164 108.55207824707 109.904685974121 74.0146713256836 94.2587661743164 119.72240447998 109.196678161621 102.318695068359 47.7200012207031 42.5440139770508 107.96346282959 134.0205078125 121.835517883301 92.5025787353516 84.6454010009766 81.1032638549805
65.5436553955078 61.7516784667969 54.1750679016113 91.5835876464844 119.692420959473 114.183166503906 132.964019775391 171.8583984375 200.178665161133 215.473129272461 151.96549987793 129.078262329102 118.366203308105 133.65380859375 133.228515625 100.175567626953 93.9303741455078 133.276397705078 127.019683837891 108.325103759766 108.224388122559 93.4726715087891 97.2056274414062 77.1991729736328 59.6826019287109 69.9420318603516 56.3166961669922 45.5141372680664 53.5008888244629 61.0118103027344 35.9681854248047 52.4027404785156 55.9195671081543 16.5747051239014 42.9680252075195 60.0355262756348 68.5505294799805 82.547119140625 79.9528732299805 70.6518859863281 75.0661849975586 79.7743377685547 59.5635299682617 30.6406478881836 27.1298274993896 74.7681884765625 113.306175231934 91.3697738647461 80.3731994628906 75.6164474487305 67.28662109375 64.3602981567383
34.2272109985352 37.1179046630859 57.2733840942383 76.4144592285156 73.5804443359375 93.4070816040039 139.830154418945 171.869338989258 197.232971191406 165.683807373047 116.805465698242 114.95532989502 110.483345031738 100.74919128418 113.066291809082 105.561210632324 93.5750274658203 131.692535400391 135.058486938477 100.933456420898 78.2958450317383 87.86181640625 90.524284362793 79.8857498168945 58.1561050415039 53.2949409484863 49.4182662963867 37.5066223144531 53.5012969970703 70.8188018798828 41.5833168029785 33.8032989501953 52.2194175720215 32.7396697998047 11.0491724014282 44.6531524658203 61.4839897155762 55.369255065918 58.7103729248047 65.5403671264648 34.4743804931641 41.9117851257324 31.4585666656494 33.7708129882812 61.0075035095215 97.1743469238281 79.8908386230469 61.4841957092285 51.3468170166016 58.4312362670898 68.5408020019531 68.4807510375977
58.6137161254883 77.0916290283203 74.6770706176758 92.7170181274414 108.482116699219 124.728202819824 152.845077514648 164.228851318359 158.914962768555 166.476348876953 125.244644165039 92.3285217285156 90.2269821166992 90.6091384887695 88.5631713867188 103.072105407715 98.3980026245117 82.0325622558594 108.508544921875 125.22087097168 90.8761138916016 61.7133712768555 81.9399032592773 71.0205841064453 37.4009284973145 48.4620246887207 45.3103523254395 27.575756072998 43.9047355651855 69.9053268432617 42.9912452697754 26.8266925811768 58.8508148193359 54.8483810424805 14.2825775146484 43.6903877258301 33.8240852355957 32.6866188049316 44.2952537536621 27.917839050293 12.7311477661133 30.819034576416 30.7666816711426 61.2185897827148 92.2959899902344 84.5956039428711 65.1938552856445 50.9003944396973 46.7505149841309 58.6772537231445 70.9501647949219 82.2979965209961
43.5633735656738 83.9211273193359 124.208549499512 119.335800170898 140.760498046875 140.278244018555 124.71654510498 126.970275878906 141.722183227539 165.076889038086 124.611351013184 96.0688705444336 85.8504180908203 69.7124099731445 79.6347045898438 78.9839248657227 76.2775344848633 81.6453704833984 113.111587524414 87.8177795410156 86.6874389648438 55.3546562194824 61.686450958252 51.6095542907715 27.4785995483398 38.1509590148926 39.1048812866211 28.0818309783936 55.2006607055664 51.3224334716797 32.7866744995117 22.8745288848877 50.091064453125 65.6233291625977 30.4929809570312 17.1116180419922 41.156120300293 8.48619937896729 7.86962652206421 19.134241104126 52.6276206970215 60.8477096557617 66.5603103637695 81.4633865356445 92.0781021118164 84.5204544067383 63.1355476379395 53.8613700866699 66.7061309814453 71.2336044311523 46.6420936584473 44.8458480834961
