R_scripts/int_process_data/layer.asc
NCOLS 281 
NROWS 577 
XLLCORNER 81175.2677831308 
YLLCORNER -911.770678700996 
CELLSIZE 1000 
NODATA_value -9999 
[rows 350 to 374 of 577, columns 168 to 223 of 281]
289.692016601562 289.643890380859 -9999 289.595153808594 289.598785400391 289.605895996094 -9999 -9999 -9999 -9999 -9999 -9999 289.605865478516 -9999 -9999 -9999 -9999 289.590179443359 289.58203125 289.573638916016 -9999 289.610626220703 -9999 -9999 -9999 -9999 -9999 -9999 -9999 -9999 -9999 289.793823242188 289.815216064453 289.837341308594 289.872467041016 289.934783935547 290.021667480469 290.057037353516 290.062774658203 290.053649902344 290.005432128906 290.017639160156 290.093841552734 290.082672119141 290.088745117188 290.063232421875 290.09765625 290.17822265625 290.217132568359 290.231872558594 290.260070800781 -9999 -9999 -9999 -9999 -9999
289.702545166016 -9999 -9999 289.616577148438 289.603485107422 289.607452392578 289.608093261719 289.612182617188 -9999 -9999 -9999 -9999 289.63916015625 289.626922607422 289.610778808594 -9999 -9999 -9999 -9999 289.585540771484 289.610137939453 289.599151611328 289.577575683594 -9999 -9999 -9999 -9999 -9999 -9999 -9999 -9999 289.776580810547 289.805786132812 289.841888427734 289.884399414062 289.953186035156 290.009338378906 290.044921875 290.092468261719 290.110900878906 290.086303710938 290.081909179688 290.130767822266 290.14404296875 290.14501953125 290.128051757812 290.144104003906 290.188140869141 290.221405029297 290.232543945312 290.260833740234 -9999 -9999 -9999 -9999 -9999
-9999 -9999 -9999 -9999 289.609710693359 289.6103515625 289.610473632812 289.613250732422 289.626647949219 -9999 -9999 -9999 -9999 -9999 -9999 -9999 -9999 -9999 -9999 -9999 -9999 -9999 -9999 -9999 -9999 289.599151611328 -9999 289.580047607422 -9999 -9999 -9999 289.754241943359 289.789001464844 289.846374511719 289.895782470703 289.942901611328 289.990142822266 290.021759033203 290.043151855469 290.091827392578 290.159088134766 290.166931152344 290.175018310547 290.182067871094 290.1904296875 290.185028076172 290.178924560547 290.189880371094 290.21630859375 290.240447998047 290.260498046875 -9999 -9999 -9999 -9999 -9999
289.684661865234 -9999 -9999 -9999 -9999 289.611694335938 289.613098144531 289.612976074219 289.637115478516 289.685363769531 -9999 -9999 -9999 -9999 -9999 289.652496337891 -9999 -9999 -9999 -9999 -9999 -9999 -9999 -9999 289.576843261719 289.562591552734 -9999 -9999 289.537445068359 289.607177734375 289.677612304688 289.724182128906 289.758575439453 289.828979492188 289.886749267578 289.935302734375 289.979034423828 289.971710205078 290.007751464844 -9999 290.185882568359 290.220581054688 290.212890625 290.210693359375 290.227416992188 290.223297119141 290.197021484375 290.2041015625 290.226379394531 290.23779296875 -9999 -9999 -9999 -9999 -9999 -9999
-9999 -9999 -9999 -9999 289.659515380859 289.618591308594 289.617279052734 289.615447998047 289.645904541016 289.684936523438 -9999 289.677185058594 -9999 -9999 -9999 289.652893066406 289.659820556641 -9999 -9999 -9999 -9999 289.623870849609 289.603332519531 289.578826904297 289.557037353516 -9999 -9999 -9999 -9999 -9999 289.633880615234 -9999 289.731048583984 289.790924072266 289.882354736328 289.951171875 289.966979980469 289.965057373047 290.010284423828 290.079528808594 290.16845703125 290.242279052734 290.241912841797 290.243133544922 290.245941162109 290.234008789062 290.214630126953 290.211395263672 290.22900390625 -9999 -9999 -9999 -9999 -9999 -9999 -9999
289.674346923828 -9999 -9999 289.701232910156 -9999 -9999 289.610260009766 289.613311767578 289.648986816406 -9999 -9999 -9999 289.675201416016 289.652374267578 289.638336181641 289.631713867188 -9999 -9999 -9999 289.623199462891 -9999 -9999 289.611358642578 289.571197509766 289.530883789062 -9999 -9999 -9999 289.510864257812 289.5546875 289.604400634766 289.669952392578 289.724792480469 289.777770996094 289.865447998047 289.937652587891 289.955352783203 289.986328125 290.036315917969 290.045349121094 290.145690917969 290.25537109375 290.276428222656 -9999 290.262786865234 290.244842529297 290.238830566406 290.227630615234 290.227508544922 -9999 -9999 -9999 -9999 -9999 -9999 -9999
289.672271728516 289.670227050781 289.6875 289.688720703125 289.673889160156 289.667663574219 289.627136230469 289.598999023438 289.618377685547 289.656066894531 289.669616699219 289.703979492188 289.716552734375 289.709197998047 289.685485839844 289.65869140625 289.641021728516 289.645477294922 -9999 289.627685546875 -9999 -9999 -9999 289.56494140625 289.523254394531 289.503936767578 289.511138916016 289.505706787109 289.505249023438 289.543487548828 289.595977783203 289.670196533203 -9999 289.794891357422 289.855529785156 289.905548095703 289.938446044922 289.969940185547 290.040191650391 290.103424072266 -9999 290.245635986328 290.301574707031 290.304473876953 290.277008056641 290.258178710938 290.253845214844 -9999 -9999 -9999 -9999 -9999 -9999 -9999 -9999 -9999
-9999 -9999 -9999 -9999 289.684265136719 289.68505859375 289.661071777344 289.632019042969 289.606384277344 289.630004882812 289.658203125 289.691314697266 289.720550537109 289.727722167969 289.720031738281 289.704162597656 289.700805664062 289.696319580078 289.673706054688 289.652740478516 289.641235351562 289.633697509766 289.613708496094 289.578125 289.536315917969 289.48828125 289.483367919922 289.490203857422 289.493286132812 289.522644042969 289.580108642578 289.670471191406 289.731750488281 289.798583984375 289.870239257812 289.930389404297 289.987823486328 290.035308837891 290.090301513672 290.165069580078 290.200012207031 290.23974609375 290.307464599609 290.325103759766 290.291290283203 290.272857666016 290.264953613281 -9999 -9999 -9999 -9999 -9999 -9999 -9999 -9999 -9999
289.677703857422 289.691619873047 -9999 -9999 -9999 289.696319580078 289.680328369141 289.669677734375 289.647979736328 -9999 289.627410888672 289.654266357422 289.699523925781 289.727691650391 -9999 289.709106445312 289.730560302734 289.733428955078 289.709991455078 289.692169189453 289.681762695312 289.648773193359 289.616271972656 289.600006103516 289.561920166016 289.498046875 289.453826904297 289.448883056641 289.469573974609 289.492797851562 289.566192626953 289.666809082031 289.718048095703 289.786346435547 289.878601074219 289.976318359375 290.072387695312 290.107543945312 290.146301269531 290.167205810547 290.225158691406 290.269653320312 290.309600830078 290.329193115234 290.309722900391 290.283905029297 290.269989013672 -9999 -9999 -9999 -9999 -9999 -9999 -9999 -9999 -9999
289.680694580078 289.689086914062 289.685455322266 -9999 289.695037841797 289.703308105469 289.69482421875 289.677490234375 289.683258056641 -9999 289.640960693359 289.614288330078 289.651397705078 289.715972900391 289.734771728516 289.711791992188 289.725189208984 289.739715576172 289.734344482422 289.709808349609 289.683837890625 289.642700195312 289.577484130859 289.564270019531 289.5595703125 289.508819580078 289.44384765625 289.438354492188 289.488006591797 289.531341552734 289.588714599609 289.660400390625 289.695526123047 289.763366699219 289.884582519531 290.010192871094 290.080352783203 -9999 290.118133544922 290.130767822266 290.225219726562 290.293426513672 290.30908203125 290.323516845703 290.324493408203 290.298461914062 290.266479492188 -9999 -9999 -9999 -9999 -9999 -9999 -9999 -9999 -9999
289.673400878906 289.672790527344 289.671936035156 289.673278808594 289.691650390625 289.69677734375 289.701263427734 289.690704345703 289.689758300781 289.702789306641 289.678863525391 289.639587402344 289.624969482422 289.691131591797 289.744323730469 -9999 -9999 289.739593505859 289.743682861328 289.729583740234 289.69873046875 289.649658203125 289.565643310547 289.535522460938 289.544311523438 289.504364013672 289.447631835938 289.475830078125 289.544189453125 289.611236572266 289.655120849609 -9999 -9999 289.779724121094 289.873779296875 290.010864257812 290.093109130859 290.116668701172 -9999 290.178924560547 290.218017578125 290.266418457031 290.290924072266 -9999 290.315887451172 -9999 -9999 -9999 -9999 -9999 -9999 -9999 -9999 -9999 -9999 -9999
289.664703369141 289.667907714844 289.6669921875 289.666046142578 289.689453125 289.687530517578 289.691833496094 289.694671630859 289.700836181641 289.7197265625 289.695343017578 289.671356201172 289.658538818359 289.692993164062 289.744323730469 289.740844726562 289.747497558594 289.749725341797 289.742340087891 289.737823486328 289.716247558594 289.675689697266 289.601867675781 289.529968261719 289.521850585938 289.495849609375 289.46435546875 289.506896972656 289.570373535156 289.638610839844 289.700256347656 -9999 -9999 289.872222900391 289.920318603516 289.989044189453 290.114135742188 290.193969726562 290.230377197266 290.234069824219 290.224945068359 290.248321533203 290.269287109375 -9999 290.299377441406 290.310333251953 -9999 -9999 -9999 -9999 -9999 -9999 -9999 -9999 -9999 -9999
289.675628662109 289.663757324219 289.665740966797 289.677459716797 -9999 289.685913085938 -9999 289.69677734375 289.709564208984 289.728271484375 289.715270996094 -9999 -9999 289.715850830078 289.735809326172 289.742858886719 -9999 289.752563476562 289.740539550781 289.734893798828 289.71728515625 289.697204589844 289.648406982422 289.563995361328 289.515228271484 289.476959228516 289.460784912109 289.513732910156 289.581481933594 289.639251708984 289.694396972656 289.783416748047 289.857788085938 -9999 289.965942382812 289.999542236328 290.109252929688 290.22216796875 290.273559570312 290.274688720703 290.242004394531 290.25244140625 290.276184082031 290.290466308594 290.300476074219 290.310333251953 290.306579589844 -9999 -9999 -9999 -9999 -9999 -9999 -9999 -9999 -9999
289.675720214844 289.659973144531 289.661041259766 289.673370361328 289.678985595703 289.684509277344 289.695373535156 289.701446533203 289.720428466797 -9999 289.724578857422 289.714080810547 -9999 289.724975585938 289.740020751953 289.744812011719 -9999 289.762298583984 289.747375488281 289.741638183594 289.743011474609 289.728759765625 289.695556640625 289.61474609375 289.546051025391 289.492156982422 289.454833984375 289.507019042969 289.603149414062 289.668853759766 289.721984863281 289.8037109375 289.869201660156 289.931396484375 289.970947265625 289.981628417969 290.096954345703 290.222320556641 290.255828857422 290.269561767578 290.269012451172 290.268859863281 290.293640136719 290.303527832031 290.309112548828 290.313262939453 -9999 -9999 -9999 -9999 -9999 -9999 -9999 -9999 -9999 -9999
289.649780273438 289.64990234375 289.641357421875 289.647735595703 289.666168212891 289.677276611328 289.686889648438 289.698181152344 289.721496582031 289.717895507812 289.721130371094 289.727233886719 -9999 289.742980957031 289.772399902344 289.782531738281 289.789764404297 289.803100585938 289.78515625 -9999 289.784698486328 289.784057617188 289.753784179688 289.678527832031 289.596282958984 289.536346435547 289.483245849609 289.515747070312 289.617950439453 289.694122314453 289.761962890625 289.861785888672 289.905364990234 289.961090087891 290.0224609375 290.058380126953 290.134552001953 290.217315673828 290.231292724609 290.258605957031 290.292541503906 290.299682617188 290.309448242188 290.313415527344 290.319122314453 290.316528320312 -9999 -9999 -9999 -9999 -9999 -9999 -9999 -9999 -9999 -9999
289.613586425781 -9999 -9999 289.631195068359 289.653778076172 289.665649414062 289.673858642578 289.69580078125 289.720886230469 289.717956542969 289.719757080078 289.728393554688 289.750030517578 289.777954101562 289.808532714844 289.826202392578 289.830810546875 289.847717285156 289.826141357422 -9999 -9999 289.831726074219 -9999 289.754150390625 289.666748046875 289.582733154297 289.517395019531 289.543273925781 289.648101806641 289.720153808594 289.810546875 289.930786132812 -9999 289.996368408203 290.070953369141 290.116912841797 290.169494628906 290.232177734375 290.226806640625 290.254302978516 290.298553466797 290.322784423828 290.323394775391 290.326782226562 290.324493408203 -9999 -9999 -9999 -9999 -9999 -9999 -9999 -9999 -9999 -9999 -9999
289.590240478516 289.601318359375 -9999 -9999 -9999 -9999 -9999 289.691345214844 289.712188720703 289.717163085938 289.721374511719 289.732177734375 289.769439697266 289.807952880859 289.84375 -9999 -9999 -9999 289.862640380859 289.822662353516 -9999 -9999 -9999 289.813842773438 -9999 289.647491455078 289.561889648438 289.589294433594 289.697143554688 289.776458740234 -9999 -9999 290.006042480469 290.004974365234 290.087951660156 290.175079345703 290.194396972656 290.247650146484 290.238067626953 290.262817382812 290.311737060547 290.329986572266 290.331207275391 290.336303710938 -9999 -9999 -9999 -9999 -9999 -9999 -9999 -9999 -9999 -9999 -9999 -9999
289.602081298828 289.591613769531 -9999 -9999 -9999 289.622283935547 -9999 289.666076660156 289.684020996094 289.706878662109 289.732849121094 289.763031005859 289.795379638672 289.825439453125 -9999 -9999 289.902160644531 -9999 289.900329589844 289.852294921875 -9999 -9999 -9999 -9999 -9999 289.707611083984 289.614929199219 289.662353515625 289.767791748047 -9999 -9999 290.047241210938 -9999 290.042816162109 -9999 -9999 290.238220214844 290.251007080078 290.266326904297 290.287658691406 290.326019287109 290.332672119141 290.330413818359 -9999 -9999 -9999 -9999 -9999 -9999 -9999 -9999 -9999 -9999 -9999 -9999 -9999
-9999 -9999 -9999 289.5673828125 -9999 -9999 -9999 289.644409179688 289.663848876953 -9999 289.747497558594 -9999 -9999 289.85009765625 -9999 -9999 -9999 289.929656982422 -9999 -9999 -9999 -9999 -9999 289.920166015625 289.877838134766 289.792938232422 -9999 289.739013671875 289.851287841797 289.918243408203 289.969604492188 290.07861328125 290.131103515625 -9999 290.157470703125 290.246307373047 290.271636962891 290.259246826172 290.292846679688 290.320434570312 290.332092285156 290.332305908203 -9999 -9999 -9999 -9999 -9999 -9999 -9999 -9999 -9999 -9999 -9999 -9999 -9999 -9999
-9999 -9999 289.604125976562 289.586975097656 -9999 -9999 -9999 -9999 289.660522460938 -9999 289.741333007812 289.807159423828 289.837493896484 289.864013671875 -9999 -9999 -9999 289.953735351562 -9999 -9999 -9999 289.921508789062 289.975067138672 289.975555419922 289.937652587891 289.881286621094 289.798156738281 289.794738769531 289.900787353516 289.982604980469 290.022216796875 290.076751708984 290.153411865234 290.184204101562 290.173461914062 290.239868164062 290.281982421875 290.299499511719 290.323699951172 290.332916259766 290.326354980469 290.321136474609 -9999 -9999 -9999 -9999 -9999 -9999 -9999 -9999 -9999 -9999 -9999 -9999 -9999 -9999
-9999 289.704406738281 -9999 -9999 -9999 289.63037109375 289.641418457031 289.648101806641 289.657592773438 289.690460205078 289.752349853516 -9999 289.816558837891 -9999 -9999 289.919830322266 289.931396484375 289.978271484375 289.944702148438 289.939758300781 289.933807373047 289.942687988281 289.997467041016 290.023803710938 289.995269775391 289.957611083984 -9999 289.889129638672 289.955749511719 290.025268554688 290.029602050781 290.058197021484 290.157745361328 290.233215332031 290.235809326172 290.255676269531 290.287872314453 290.327178955078 290.334655761719 290.325927734375 290.310424804688 290.301818847656 -9999 -9999 -9999 -9999 -9999 -9999 -9999 -9999 -9999 -9999 -9999 -9999 -9999 -9999
-9999 -9999 -9999 -9999 -9999 289.654632568359 289.65576171875 289.643127441406 289.643341064453 289.699249267578 289.740753173828 289.748596191406 -9999 -9999 -9999 -9999 -9999 289.984527587891 289.982604980469 289.968200683594 289.968475341797 289.958190917969 290.013580322266 290.055938720703 290.04736328125 290.017944335938 -9999 290.003692626953 290.057495117188 290.074279785156 290.026947021484 290.102081298828 290.190216064453 290.247253417969 290.266387939453 290.268859863281 290.312957763672 290.318603515625 -9999 -9999 -9999 -9999 -9999 -9999 -9999 -9999 -9999 -9999 -9999 -9999 -9999 -9999 -9999 -9999 -9999 -9999
-9999 -9999 -9999 -9999 -9999 289.698303222656 -9999 289.651458740234 289.627227783203 289.667327880859 289.718292236328 289.735534667969 -9999 -9999 -9999 -9999 -9999 290.00341796875 290.020385742188 290.00146484375 290.003509521484 289.978118896484 290.020843505859 290.079711914062 290.09423828125 290.078979492188 290.080139160156 290.099182128906 290.14013671875 290.104705810547 290.095031738281 290.166778564453 290.218048095703 290.257263183594 290.276916503906 290.28125 290.306640625 -9999 -9999 -9999 -9999 -9999 -9999 -9999 -9999 -9999 -9999 -9999 -9999 -9999 -9999 -9999 -9999 -9999 -9999 -9999
289.89208984375 289.888702392578 -9999 -9999 289.786010742188 -9999 -9999 -9999 289.655029296875 289.655975341797 289.692718505859 289.736297607422 -9999 -9999 -9999 -9999 289.985015869141 -9999 -9999 290.054840087891 290.035949707031 290.018768310547 290.031829833984 290.088500976562 290.128845214844 290.138427734375 290.147705078125 290.163970947266 290.164154052734 290.144866943359 290.192169189453 290.23193359375 290.242065429688 290.271759033203 290.290954589844 290.293090820312 -9999 -9999 -9999 -9999 -9999 -9999 -9999 -9999 -9999 -9999 -9999 -9999 -9999 -9999 -9999 -9999 -9999 -9999 -9999 -9999
289.850891113281 289.894287109375 289.896392822266 -9999 -9999 289.836944580078 -9999 289.775054931641 289.729034423828 289.700164794922 289.692687988281 289.720916748047 289.771392822266 289.802185058594 289.849822998047 -9999 -9999 290.035461425781 290.0859375 290.111694335938 290.073791503906 290.058319091797 290.038208007812 290.075164794922 290.133209228516 290.176147460938 290.20361328125 290.222961425781 290.200286865234 290.193267822266 290.229125976562 290.260528564453 290.280578613281 290.300689697266 290.292816162109 290.27587890625 -9999 -9999 -9999 -9999 -9999 -9999 -9999 -9999 -9999 -9999 -9999 -9999 -9999 -9999 -9999 -9999 -9999 -9999 -9999 -9999
