R_scripts/int_process_data/layer.asc
NCOLS 281 
NROWS 577 
XLLCORNER 81175.2677831308 
YLLCORNER -911.770678700996 
CELLSIZE 1000 
NODATA_value -9999 
[rows 275 to 299 of 577, columns 112 to 167 of 281]
288.644378662109 288.519226074219 288.519866943359 288.526763916016 288.395172119141 288.148498535156 288.112487792969 288.147735595703 288.108093261719 288.169036865234 288.302337646484 288.372772216797 288.351745605469 288.454864501953 288.588928222656 288.597930908203 288.675659179688 288.824981689453 288.881744384766 288.924713134766 289.026062011719 289.080657958984 289.0888671875 -9999 289.104064941406 289.167877197266 289.146881103516 289.130126953125 289.215301513672 289.346649169922 289.323638916016 289.266662597656 289.265075683594 289.315155029297 289.439483642578 289.590240478516 289.783813476562 289.75634765625 289.509246826172 289.319976806641 289.220123291016 289.433990478516 289.485168457031 289.103942871094 289.0361328125 289.699493408203 290.155700683594 290.282196044922 290.224761962891 290.178649902344 290.183563232422 290.167327880859 290.126159667969 290.065490722656 -9999 -9999
288.731506347656 288.643218994141 288.604705810547 288.702056884766 288.639617919922 288.419342041016 288.235595703125 288.178741455078 288.146026611328 288.338104248047 288.487548828125 288.501800537109 288.441284179688 288.454681396484 288.500366210938 288.478790283203 288.592803955078 288.737884521484 288.770050048828 288.711059570312 288.850524902344 289.028778076172 289.118804931641 289.164764404297 289.187530517578 289.197998046875 289.262329101562 289.259460449219 289.32470703125 289.424743652344 289.388885498047 289.352325439453 289.294860839844 289.320220947266 289.439239501953 289.614532470703 289.791381835938 289.667053222656 289.506530761719 289.346893310547 289.255981445312 289.492431640625 289.655059814453 -9999 289.230377197266 -9999 290.113525390625 290.289245605469 290.262084960938 290.243133544922 290.181488037109 290.005401611328 290.028656005859 290.08935546875 -9999 289.992523193359
288.871307373047 288.714691162109 288.858612060547 288.886901855469 288.811950683594 288.685546875 288.476898193359 288.371459960938 288.405944824219 288.602722167969 288.694580078125 288.644439697266 288.5322265625 288.462738037109 288.387756347656 288.357879638672 288.468383789062 -9999 -9999 288.519348144531 288.553497314453 288.763031005859 288.841796875 288.951263427734 289.0419921875 289.107696533203 289.275909423828 289.365875244141 289.391784667969 289.475494384766 289.459167480469 289.378540039062 289.316619873047 289.379974365234 289.500671386719 289.711578369141 289.849975585938 289.679229736328 289.479278564453 289.295806884766 289.214019775391 289.495178222656 289.775177001953 289.744537353516 289.594329833984 289.7119140625 290.057952880859 290.255798339844 290.210662841797 290.155303955078 -9999 289.906341552734 289.972503662109 290.124176025391 289.989318847656 289.821014404297
289.037231445312 288.950988769531 289.035369873047 289.011047363281 288.972381591797 288.844451904297 288.699096679688 288.516174316406 288.583984375 288.728912353516 288.781768798828 288.702941894531 288.627838134766 288.634765625 288.602355957031 288.525695800781 288.462188720703 288.446472167969 -9999 288.379272460938 288.518371582031 288.623504638672 288.64013671875 288.714233398438 288.814758300781 288.936706542969 289.143707275391 289.337066650391 289.457550048828 289.507385253906 289.502380371094 289.381164550781 289.308044433594 289.423065185547 289.560455322266 289.731628417969 289.804321289062 289.600616455078 289.363403320312 289.291351318359 289.317657470703 289.5 289.722808837891 289.957885742188 290.042724609375 289.9951171875 290.007995605469 290.207122802734 290.078094482422 -9999 -9999 289.933013916016 290.052368164062 290.051971435547 289.8525390625 -9999
289.181579589844 289.219421386719 289.193145751953 289.104766845703 289.046539306641 288.874267578125 288.767669677734 288.720001220703 288.81689453125 288.8603515625 288.784942626953 288.67431640625 288.625823974609 288.593902587891 288.541870117188 288.462951660156 288.614135742188 288.633941650391 288.269073486328 288.102325439453 288.379058837891 288.542724609375 288.648651123047 288.710479736328 288.791229248047 288.840179443359 288.819366455078 289.069763183594 289.340240478516 289.525299072266 289.577667236328 289.435821533203 289.328308105469 289.417297363281 289.596862792969 289.758178710938 289.764770507812 289.507171630859 289.320892333984 289.367279052734 289.401489257812 289.573974609375 289.749206542969 290.017211914062 290.196258544922 -9999 289.700073242188 290.0234375 290.071899414062 -9999 -9999 290.051635742188 290.064147949219 289.947143554688 289.766418457031 -9999
288.884735107422 289.027282714844 289.16845703125 289.1376953125 289.098266601562 288.967254638672 288.87451171875 288.895904541016 288.969818115234 288.917938232422 288.842864990234 288.777099609375 288.746765136719 288.698059082031 288.4697265625 288.132263183594 288.418609619141 288.790618896484 288.31103515625 287.987640380859 288.261657714844 288.498443603516 288.572082519531 288.592498779297 288.780639648438 288.938323974609 288.809387207031 288.851135253906 289.032287597656 289.330932617188 289.601257324219 289.596008300781 289.470153808594 289.497009277344 289.575988769531 289.691314697266 289.821350097656 289.601196289062 289.438415527344 289.382110595703 289.345733642578 289.607757568359 289.949829101562 290.017669677734 -9999 290.012115478516 289.635955810547 289.7265625 290.130798339844 -9999 290.082855224609 -9999 289.858978271484 289.817779541016 289.716979980469 289.539337158203
288.670104980469 288.759552001953 288.909881591797 288.937957763672 288.9638671875 289.062927246094 289.074066162109 289.01904296875 289.021575927734 289.005218505859 288.962799072266 288.856628417969 288.757476806641 288.795959472656 288.656097412109 288.187774658203 288.147827148438 288.810028076172 288.641387939453 288.191955566406 288.096374511719 288.408264160156 288.640686035156 288.623046875 288.833312988281 289.032653808594 288.961120605469 288.893157958984 288.910552978516 289.133575439453 289.446411132812 289.677917480469 289.576629638672 289.598419189453 289.716369628906 289.818481445312 289.819519042969 289.6328125 289.452423095703 289.331207275391 289.3955078125 289.637817382812 289.934448242188 290.065124511719 290.097198486328 290.040008544922 289.668762207031 289.451263427734 289.983520507812 290.127593994141 289.953216552734 -9999 289.724761962891 289.666442871094 289.662628173828 289.578125
288.708526611328 288.725738525391 288.756683349609 288.741516113281 288.735015869141 288.963684082031 289.055389404297 288.912872314453 288.883575439453 288.878051757812 288.817993164062 288.610870361328 288.473510742188 288.720611572266 288.7685546875 288.496520996094 288.242736816406 288.831695556641 288.957885742188 288.604156494141 288.338958740234 288.486358642578 288.767303466797 288.846282958984 288.855316162109 289.007751464844 289.051300048828 288.959228515625 288.932922363281 289.071624755859 289.220245361328 289.524383544922 289.658905029297 289.604705810547 289.801391601562 289.89990234375 289.776489257812 289.647766113281 289.503448486328 289.473419189453 289.60302734375 289.754272460938 289.966186523438 290.077575683594 -9999 -9999 289.680511474609 289.359497070312 289.658996582031 289.957397460938 289.880676269531 -9999 289.687561035156 289.547515869141 289.479064941406 -9999
288.841857910156 288.841766357422 288.787689208984 288.685577392578 288.641571044922 288.780426025391 288.855590820312 288.773223876953 288.657409667969 288.554229736328 288.514373779297 288.447937011719 288.444488525391 288.76611328125 288.806884765625 288.658325195312 288.552703857422 288.854644775391 289.058319091797 288.962646484375 288.870056152344 288.852294921875 288.903564453125 289.09423828125 288.944427490234 289.044586181641 289.109283447266 289.008026123047 288.967498779297 288.991790771484 289.086975097656 289.281311035156 289.709320068359 289.689819335938 289.729644775391 289.855651855469 -9999 289.601531982422 289.54638671875 289.727325439453 289.85205078125 290.000396728516 290.100677490234 290.058929443359 -9999 289.841888427734 289.694274902344 289.43798828125 289.312377929688 289.742736816406 289.845489501953 289.791656494141 289.775299072266 289.661895751953 -9999 -9999
289.008148193359 288.894165039062 288.795593261719 288.744140625 288.741241455078 288.705902099609 288.792205810547 288.787353515625 288.660858154297 288.555114746094 288.548736572266 288.551849365234 288.535430908203 288.806365966797 288.889251708984 288.790679931641 288.806579589844 288.959564208984 289.115478515625 289.094329833984 289.032958984375 289.126281738281 289.217864990234 289.2275390625 289.086334228516 289.102783203125 289.114044189453 289.052429199219 289.015014648438 288.967864990234 289.043701171875 289.199584960938 289.53466796875 289.756317138672 289.733093261719 289.86083984375 289.798187255859 289.588134765625 289.687164306641 289.996276855469 289.985809326172 289.894195556641 289.855499267578 289.863952636719 289.932067871094 -9999 289.795196533203 289.628967285156 289.33837890625 289.415985107422 289.648834228516 289.681579589844 -9999 289.673645019531 289.599914550781 289.478210449219
288.971282958984 288.919525146484 288.827545166016 288.843994140625 288.904571533203 288.798461914062 288.863525390625 288.858154296875 288.771484375 288.734497070312 288.711730957031 288.716400146484 288.632751464844 288.783477783203 289.025299072266 289.010345458984 288.930908203125 288.957458496094 289.042022705078 289.171875 289.163269042969 289.274993896484 289.323150634766 289.143676757812 288.994323730469 288.992156982422 289.045776367188 289.006378173828 288.99609375 289.024993896484 289.108795166016 289.210113525391 289.320434570312 289.630645751953 289.781860351562 289.821990966797 289.807678222656 289.678314208984 289.917083740234 289.955261230469 289.791351318359 -9999 289.530395507812 289.610260009766 289.674194335938 289.745727539062 289.835388183594 289.847961425781 289.726684570312 289.329742431641 289.437591552734 289.567901611328 289.551574707031 289.598968505859 289.638092041016 -9999
288.833801269531 288.84521484375 288.901611328125 288.969177246094 288.948791503906 288.853088378906 288.910736083984 288.983459472656 288.947174072266 288.898101806641 288.867431640625 288.846740722656 288.798126220703 288.853210449219 289.027252197266 289.164459228516 288.995788574219 288.976928710938 288.993133544922 289.089111328125 289.268798828125 289.429138183594 289.498352050781 289.364501953125 289.122650146484 289.061889648438 289.190551757812 289.145324707031 289.173706054688 289.195465087891 289.184936523438 289.233581542969 289.229217529297 289.432800292969 289.836486816406 289.873809814453 289.808837890625 289.818267822266 289.997039794922 289.761962890625 289.597717285156 -9999 289.440582275391 289.430450439453 289.468994140625 289.553466796875 289.633056640625 289.777160644531 289.894714355469 289.703155517578 289.623931884766 289.637725830078 289.487457275391 289.476043701172 289.579772949219 289.565246582031
288.810455322266 288.815460205078 288.95361328125 289.083740234375 288.984344482422 288.911682128906 288.910949707031 289.013366699219 289.052154541016 289.039703369141 289.022888183594 288.945526123047 288.90478515625 288.965576171875 289.014373779297 289.143615722656 289.113464355469 -9999 289.102508544922 289.169952392578 289.325256347656 289.509857177734 289.518310546875 289.462677001953 289.347259521484 289.181030273438 289.26025390625 289.275024414062 289.317443847656 289.317443847656 289.407104492188 289.522491455078 289.516204833984 289.731781005859 289.864013671875 289.772491455078 289.858306884766 289.995910644531 289.891510009766 289.684661865234 -9999 289.634338378906 289.544830322266 289.454803466797 289.452362060547 289.483917236328 289.469909667969 289.576416015625 289.714233398438 289.804901123047 289.82958984375 289.722625732422 289.571716308594 289.471984863281 289.468353271484 -9999
288.893768310547 288.903503417969 289.076416015625 289.150054931641 289.090393066406 289.057647705078 288.970855712891 288.988220214844 289.136138916016 289.178741455078 289.151031494141 289.090209960938 289.09814453125 289.074768066406 289.05322265625 289.130432128906 289.308685302734 -9999 -9999 289.278778076172 -9999 289.586395263672 289.454132080078 289.275299072266 289.258483886719 289.279022216797 289.352111816406 289.391021728516 289.377349853516 289.257904052734 289.30615234375 289.544097900391 289.730834960938 289.917236328125 289.844848632812 289.794372558594 289.967437744141 289.962615966797 289.799499511719 289.747131347656 -9999 289.682464599609 289.648895263672 289.546661376953 289.524291992188 289.507537841797 289.445526123047 289.460784912109 289.557525634766 289.618835449219 289.722839355469 289.753631591797 289.634429931641 289.515869140625 289.443298339844 -9999
288.999481201172 289.024169921875 289.198608398438 289.123443603516 289.143035888672 289.167053222656 289.113525390625 289.174377441406 289.233459472656 289.229156494141 289.208099365234 289.222930908203 289.263580322266 289.171997070312 289.16015625 289.254028320312 289.424926757812 289.310882568359 289.316040039062 -9999 289.531463623047 289.603881835938 289.410980224609 289.258392333984 289.274749755859 289.388458251953 289.490600585938 289.5419921875 289.398345947266 289.229675292969 289.227264404297 289.431243896484 289.769439697266 289.934936523438 289.941040039062 290.003051757812 289.926605224609 289.765594482422 289.657806396484 -9999 289.515625 -9999 289.624938964844 289.606903076172 289.58203125 289.546447753906 289.471984863281 289.424255371094 289.476867675781 289.517364501953 289.547424316406 289.702697753906 289.628326416016 289.495849609375 289.424621582031 289.369049072266
289.100738525391 289.158569335938 289.303771972656 289.209167480469 289.252593994141 289.221130371094 289.183624267578 289.269775390625 289.345062255859 289.267700195312 289.229949951172 289.295532226562 289.329498291016 289.273254394531 289.278961181641 289.379547119141 289.442840576172 289.226043701172 289.353485107422 289.514617919922 289.622222900391 289.567565917969 289.389678955078 289.34765625 289.321563720703 289.430450439453 289.590698242188 289.597320556641 289.447814941406 289.340270996094 289.399719238281 289.443420410156 289.743316650391 289.878540039062 289.833282470703 289.931671142578 -9999 289.633178710938 -9999 -9999 -9999 -9999 -9999 -9999 -9999 -9999 289.511901855469 289.469970703125 289.47119140625 289.527862548828 289.576416015625 289.693511962891 289.673858642578 289.554290771484 289.519989013672 289.476806640625
289.190185546875 289.253936767578 289.417633056641 289.391845703125 289.404205322266 289.309326171875 289.257049560547 289.318115234375 289.414978027344 289.361785888672 289.344573974609 289.416137695312 289.488891601562 289.492980957031 289.422698974609 289.547668457031 289.487548828125 289.287322998047 289.431365966797 289.676422119141 289.713592529297 289.490600585938 289.423767089844 289.452331542969 289.377502441406 289.475311279297 289.634948730469 289.57421875 289.431365966797 289.434753417969 289.586120605469 289.593017578125 289.928680419922 289.802520751953 289.695709228516 289.786376953125 289.771270751953 -9999 289.440704345703 289.384399414062 -9999 -9999 -9999 -9999 -9999 289.499114990234 289.503936767578 289.470886230469 289.465393066406 289.533050537109 289.587066650391 289.620086669922 289.633514404297 289.588928222656 289.538391113281 289.500061035156
289.284759521484 289.3388671875 -9999 289.526916503906 289.529754638672 289.469848632812 289.409851074219 289.4912109375 289.508880615234 289.376342773438 289.371185302734 289.533386230469 289.689758300781 289.671051025391 -9999 289.730773925781 289.546234130859 289.392578125 289.568756103516 289.790863037109 289.700256347656 289.478790283203 289.499450683594 289.467529296875 289.5009765625 289.621704101562 289.646575927734 289.538696289062 289.404876708984 289.492156982422 289.712341308594 -9999 290.059051513672 289.801818847656 289.604370117188 -9999 289.563171386719 289.579010009766 289.543395996094 289.524047851562 289.4970703125 -9999 -9999 289.496673583984 289.50927734375 289.498107910156 289.466979980469 289.415863037109 289.39599609375 289.416839599609 289.451751708984 289.430725097656 289.428436279297 289.463317871094 289.420806884766 -9999
289.377410888672 289.420471191406 289.610717773438 -9999 -9999 289.605133056641 289.580322265625 289.672790527344 289.624114990234 289.440216064453 289.442565917969 -9999 289.749053955078 289.751190185547 -9999 289.827972412109 289.569305419922 289.470672607422 289.674224853516 289.707458496094 289.556640625 289.517272949219 289.570373535156 289.485412597656 289.535491943359 289.666564941406 289.642181396484 289.549652099609 289.591613769531 289.6474609375 289.872833251953 290.020477294922 289.875396728516 289.682312011719 289.523406982422 -9999 -9999 289.375518798828 289.496734619141 289.550964355469 289.565795898438 289.539825439453 -9999 289.510314941406 289.501708984375 289.488342285156 289.455261230469 289.425659179688 289.387390136719 289.363006591797 289.376647949219 289.349487304688 289.311706542969 289.356231689453 289.411895751953 289.30615234375
289.465545654297 289.500122070312 289.689971923828 -9999 289.675598144531 289.704956054688 -9999 289.788238525391 -9999 289.574432373047 289.569702148438 289.6572265625 -9999 289.808990478516 289.8779296875 289.806854248047 289.634765625 289.643707275391 289.771453857422 289.645446777344 289.631317138672 289.728820800781 -9999 289.597473144531 289.604431152344 289.732208251953 289.630249023438 289.609954833984 289.870391845703 289.954559326172 290.027801513672 289.840301513672 289.652740478516 289.473968505859 289.398986816406 289.322540283203 289.256713867188 289.256500244141 289.332946777344 289.406066894531 289.478729248047 289.502136230469 289.465270996094 289.444763183594 289.430450439453 289.410797119141 289.392486572266 289.397338867188 289.400573730469 289.383453369141 289.373291015625 289.359344482422 289.310028076172 289.286712646484 289.388916015625 -9999
289.549743652344 289.608459472656 289.735321044922 289.777526855469 289.769165039062 289.800964355469 289.812561035156 289.880004882812 289.800659179688 289.729644775391 289.700866699219 -9999 -9999 -9999 289.918212890625 289.837554931641 289.791625976562 289.848724365234 289.924133300781 289.862976074219 289.907928466797 289.923431396484 289.905548095703 289.877899169922 289.840301513672 289.767944335938 289.695434570312 289.816528320312 289.980407714844 289.986450195312 -9999 289.759185791016 289.601989746094 -9999 289.364440917969 289.340087890625 -9999 289.309967041016 289.366638183594 289.407287597656 289.428558349609 289.469177246094 289.47216796875 -9999 -9999 289.368896484375 289.36083984375 289.351470947266 289.387420654297 289.389434814453 289.354217529297 289.345153808594 289.329498291016 289.273071289062 289.304077148438 -9999
289.637023925781 289.734588623047 289.795593261719 289.862243652344 289.902923583984 289.929412841797 -9999 -9999 289.942749023438 -9999 289.868713378906 289.858093261719 -9999 290.015045166016 290.02587890625 290.029541015625 290.054748535156 290.050872802734 290.112060546875 289.96142578125 289.774475097656 289.708068847656 289.733306884766 289.817108154297 -9999 289.925140380859 -9999 289.864227294922 -9999 289.897338867188 289.732269287109 289.628540039062 289.562957763672 -9999 289.419494628906 289.361480712891 289.383666992188 289.395568847656 -9999 289.441223144531 289.422271728516 -9999 289.454650878906 289.441619873047 289.401489257812 289.359344482422 289.344787597656 289.336639404297 289.371490478516 289.403442382812 289.374298095703 289.337860107422 289.324188232422 289.294616699219 289.258575439453 289.324279785156
289.656799316406 289.761566162109 289.886627197266 289.945678710938 289.965576171875 -9999 -9999 -9999 -9999 -9999 -9999 290.00537109375 -9999 290.100555419922 290.154815673828 290.194976806641 290.223968505859 290.161926269531 290.004364013672 289.844146728516 289.623107910156 289.470947265625 289.470733642578 289.527038574219 289.652801513672 289.788818359375 289.715209960938 289.626708984375 289.694854736328 289.818298339844 -9999 289.713623046875 289.677398681641 -9999 289.492248535156 -9999 289.425933837891 289.374755859375 289.392547607422 289.425201416016 289.426635742188 -9999 289.4140625 289.403778076172 289.391235351562 289.374359130859 289.356079101562 289.331329345703 289.341705322266 289.380065917969 289.397705078125 289.370666503906 289.324005126953 289.301727294922 289.257690429688 289.30029296875
289.544860839844 289.596893310547 289.9111328125 289.980499267578 -9999 -9999 -9999 -9999 -9999 -9999 -9999 -9999 -9999 -9999 290.134765625 290.183044433594 290.180694580078 -9999 289.917724609375 -9999 289.677551269531 289.541381835938 289.433013916016 289.398834228516 289.468109130859 289.563781738281 289.4814453125 289.467224121094 289.555694580078 289.605743408203 289.670288085938 289.644287109375 289.639526367188 289.539001464844 -9999 -9999 -9999 -9999 289.408966064453 -9999 289.414276123047 289.417999267578 289.405364990234 289.390197753906 289.401672363281 289.410125732422 289.396514892578 289.368438720703 289.339050292969 289.348876953125 289.383972167969 289.389465332031 289.338348388672 289.318420410156 289.290374755859 289.293365478516
289.703002929688 289.761505126953 289.942138671875 289.9638671875 289.896606445312 -9999 -9999 289.754608154297 289.709991455078 -9999 -9999 -9999 -9999 289.948974609375 290.002319335938 290.076538085938 290.018920898438 290.003356933594 289.955902099609 289.876861572266 289.771484375 289.610107421875 289.55712890625 289.535095214844 289.498229980469 289.478546142578 289.425872802734 289.412567138672 289.451141357422 289.446716308594 289.476745605469 289.439392089844 289.440948486328 289.395141601562 289.381530761719 289.414306640625 289.39306640625 -9999 -9999 289.436798095703 289.432342529297 -9999 -9999 -9999 -9999 289.454437255859 289.450958251953 289.415191650391 289.388000488281 289.369110107422 289.379791259766 289.409088134766 289.39453125 289.376800537109 289.349243164062 289.311553955078
