R_scripts/int_process_data/layer.asc
NCOLS 281 
NROWS 577 
XLLCORNER 81175.2677831308 
YLLCORNER -911.770678700996 
CELLSIZE 1000 
NODATA_value -9999 
[rows 300 to 324 of 577, columns 0 to 55 of 281]
-9999 -9999 -9999 -9999 -9999 -9999 -9999 -9999 -9999 -9999 -9999 -9999 -9999 -9999 -9999 -9999 -9999 -9999 -9999 -9999 -9999 -9999 -9999 -9999 -9999 289.206878662109 289.063781738281 289.006896972656 289.139465332031 289.27880859375 289.318023681641 289.366333007812 289.416839599609 289.319030761719 289.273712158203 289.177642822266 289.138671875 289.016174316406 288.970001220703 288.980804443359 289.092193603516 288.977600097656 288.971588134766 289.029205322266 288.785369873047 288.594482421875 288.560729980469 288.650390625 288.603820800781 288.382202148438 287.796966552734 287.373168945312 287.757354736328 287.881744384766 287.959503173828 288.310791015625
-9999 -9999 -9999 -9999 -9999 -9999 -9999 -9999 -9999 -9999 -9999 -9999 -9999 -9999 -9999 -9999 -9999 -9999 -9999 -9999 -9999 -9999 -9999 -9999 289.377624511719 289.305450439453 289.271942138672 289.209655761719 289.232452392578 289.229797363281 289.282043457031 289.385314941406 289.389495849609 289.211151123047 289.184936523438 289.31787109375 289.246490478516 289.186065673828 289.147918701172 289.000610351562 288.972381591797 289.01220703125 288.959655761719 288.981658935547 288.846862792969 288.616271972656 288.581817626953 288.648498535156 288.607269287109 288.277740478516 287.590270996094 287.486602783203 288.154388427734 288.399658203125 288.541534423828 288.6962890625
-9999 -9999 -9999 -9999 -9999 -9999 -9999 -9999 -9999 -9999 -9999 -9999 -9999 -9999 -9999 -9999 -9999 -9999 -9999 -9999 -9999 -9999 -9999 289.280303955078 289.318817138672 289.404296875 289.348022460938 289.283966064453 289.289947509766 289.224548339844 289.297119140625 289.366851806641 289.327941894531 289.110137939453 289.033813476562 289.283874511719 289.301025390625 289.158935546875 289.102294921875 289.013122558594 288.958312988281 289.05078125 289.032836914062 288.932800292969 288.794769287109 288.633087158203 288.605438232422 288.648040771484 288.584136962891 288.067504882812 287.513275146484 287.905059814453 288.660919189453 288.789031982422 288.824676513672 288.841430664062
-9999 -9999 -9999 -9999 -9999 -9999 -9999 -9999 -9999 -9999 -9999 -9999 -9999 -9999 -9999 -9999 -9999 -9999 -9999 -9999 -9999 289.339996337891 289.225341796875 289.069702148438 289.190155029297 -9999 289.416259765625 289.317535400391 289.300048828125 289.24462890625 289.327484130859 289.339141845703 289.262664794922 289.034362792969 288.978942871094 289.184326171875 289.298400878906 289.165710449219 289.102325439453 289.051605224609 289.070953369141 289.028442382812 288.960784912109 288.886871337891 288.701141357422 288.598419189453 288.619567871094 288.644409179688 288.495574951172 287.838134765625 287.668548583984 288.298278808594 288.759399414062 288.855010986328 288.889251708984 288.925872802734
-9999 -9999 -9999 -9999 -9999 -9999 -9999 -9999 -9999 -9999 -9999 -9999 -9999 -9999 -9999 -9999 -9999 -9999 -9999 -9999 289.349975585938 289.217987060547 289.040191650391 288.995819091797 289.149291992188 289.383758544922 -9999 289.404510498047 289.3876953125 289.343322753906 289.379089355469 289.358825683594 289.241638183594 289.032836914062 288.956451416016 289.117462158203 289.272216796875 289.272155761719 289.227813720703 289.191558837891 289.177947998047 289.084411621094 288.948425292969 288.822814941406 288.738800048828 288.670074462891 288.637664794922 288.651977539062 288.385498046875 287.819244384766 287.967712402344 288.366882324219 288.575317382812 288.850646972656 288.96337890625 289.0009765625
-9999 -9999 -9999 -9999 -9999 -9999 -9999 -9999 -9999 -9999 -9999 -9999 -9999 -9999 -9999 -9999 -9999 -9999 -9999 -9999 289.298187255859 289.124481201172 289.033050537109 289.093994140625 289.250549316406 289.389709472656 289.437103271484 289.412506103516 289.368560791016 289.378326416016 289.373107910156 289.337127685547 289.254150390625 289.073150634766 288.964111328125 289.058380126953 289.181610107422 289.288269042969 289.200927734375 289.134979248047 289.099914550781 289.093505859375 289.050201416016 288.945556640625 288.891998291016 288.761779785156 288.681030273438 288.665283203125 288.289672851562 287.921600341797 288.276428222656 288.484191894531 288.666107177734 288.83056640625 288.850799560547 288.914794921875
-9999 -9999 -9999 -9999 -9999 -9999 -9999 -9999 -9999 -9999 -9999 -9999 -9999 -9999 -9999 -9999 -9999 -9999 289.340789794922 289.243377685547 289.218719482422 289.117126464844 288.986877441406 289.032501220703 289.259155273438 289.355560302734 289.405517578125 289.410003662109 289.335296630859 289.329071044922 289.311431884766 289.284912109375 289.250030517578 289.097534179688 288.961700439453 288.956115722656 289.089782714844 289.266632080078 289.243347167969 289.181610107422 289.124481201172 289.008422851562 288.977111816406 288.930572509766 288.854888916016 288.721313476562 288.713348388672 288.652923583984 288.216613769531 288.169555664062 288.468658447266 288.672058105469 288.821990966797 288.749450683594 288.746917724609 288.921905517578
-9999 -9999 -9999 -9999 -9999 -9999 -9999 -9999 -9999 -9999 -9999 -9999 -9999 -9999 289.385986328125 -9999 289.304748535156 289.271850585938 289.252593994141 289.166290283203 289.154937744141 289.091888427734 288.952880859375 289.059051513672 289.264709472656 289.334259033203 289.434051513672 289.417327880859 289.390655517578 289.384033203125 289.298889160156 289.330627441406 289.268859863281 289.037567138672 288.878326416016 288.870666503906 289.005187988281 289.186798095703 289.240020751953 289.156005859375 289.111236572266 288.975982666016 288.925476074219 288.894256591797 288.794372558594 288.680267333984 288.735290527344 -9999 288.275726318359 288.564392089844 288.739135742188 288.799377441406 288.843017578125 288.743957519531 288.811737060547 289.005218505859
-9999 -9999 -9999 -9999 -9999 -9999 -9999 -9999 -9999 289.280792236328 289.277984619141 289.3203125 -9999 -9999 289.378997802734 289.344390869141 289.267272949219 289.180969238281 289.140228271484 289.080474853516 289.076354980469 289.087554931641 288.958923339844 289.032440185547 289.161437988281 289.263946533203 289.371551513672 289.416259765625 289.342712402344 289.410278320312 289.406036376953 289.429901123047 289.294525146484 289.049957275391 288.970794677734 289.024932861328 289.040832519531 289.047149658203 289.158996582031 289.154968261719 289.048187255859 288.945343017578 288.894592285156 288.868621826172 288.761749267578 288.739898681641 288.771728515625 288.583190917969 288.612426757812 288.915100097656 -9999 288.850982666016 288.879455566406 288.845123291016 288.928863525391 289.027313232422
-9999 -9999 -9999 -9999 -9999 -9999 -9999 -9999 289.344665527344 289.293334960938 289.262176513672 289.316558837891 289.361572265625 289.372436523438 289.372436523438 289.362640380859 289.309844970703 289.233612060547 289.119323730469 288.987487792969 288.990234375 289.048095703125 288.944000244141 288.876953125 289.032287597656 289.130859375 289.236938476562 289.324188232422 289.156066894531 289.335784912109 289.415313720703 289.346313476562 289.247467041016 289.208892822266 289.226043701172 289.248779296875 289.217834472656 289.115997314453 289.106781005859 289.102355957031 289.018188476562 288.992004394531 288.916015625 288.836853027344 288.772216796875 288.783081054688 288.772796630859 288.702026367188 288.962921142578 289.08984375 288.98046875 288.836700439453 288.917114257812 288.957244873047 288.980834960938 289.011413574219
-9999 -9999 -9999 -9999 -9999 -9999 -9999 -9999 -9999 -9999 289.321960449219 289.348724365234 289.366027832031 289.360534667969 289.361480712891 289.355163574219 289.316284179688 289.254180908203 289.156768798828 288.937866210938 288.881866455078 288.939453125 288.853485107422 288.812744140625 289.062652587891 289.118072509766 289.181304931641 289.270599365234 289.208557128906 289.304046630859 289.231781005859 289.033660888672 289.005004882812 289.158843994141 289.271362304688 289.253997802734 289.289916992188 289.281494140625 289.163787841797 289.048065185547 288.988342285156 288.954467773438 288.929565429688 288.886810302734 288.904754638672 288.859405517578 288.830444335938 288.805816650391 289.017578125 289.137878417969 289.031036376953 288.871520996094 288.914886474609 289.016418457031 289.007629394531 289.034942626953
-9999 -9999 -9999 -9999 -9999 -9999 -9999 -9999 -9999 -9999 -9999 -9999 289.375061035156 289.356964111328 289.328063964844 289.283172607422 289.260620117188 289.169494628906 289.077545166016 288.951995849609 288.852233886719 288.810974121094 288.7763671875 288.902770996094 289.181335449219 289.275512695312 289.313629150391 289.379333496094 289.388732910156 289.197875976562 288.910583496094 288.739807128906 288.863555908203 289.054260253906 289.065490722656 289.030334472656 289.175750732422 289.224670410156 289.15673828125 289.047241210938 288.958679199219 288.910095214844 288.851654052734 288.862884521484 288.980682373047 288.934814453125 288.906494140625 289.004058837891 289.111419677734 289.174163818359 289.120208740234 288.966125488281 288.850067138672 288.969757080078 289.081207275391 289.091156005859
-9999 -9999 -9999 -9999 -9999 -9999 -9999 -9999 -9999 -9999 -9999 -9999 -9999 289.347961425781 289.293701171875 289.223358154297 289.161773681641 289.130981445312 289.042144775391 288.931396484375 288.801818847656 288.724884033203 288.7265625 288.980072021484 289.249328613281 289.344879150391 289.416534423828 289.457916259766 289.405090332031 289.041564941406 288.669555664062 288.587066650391 288.866912841797 289.010009765625 288.901947021484 288.914489746094 289.116790771484 289.105438232422 289.03662109375 289.133270263672 289.0126953125 288.924652099609 288.927612304688 288.943939208984 288.989410400391 288.883056640625 288.839202880859 288.993377685547 289.133758544922 289.195861816406 289.172058105469 289.027465820312 288.855346679688 288.891662597656 289.076202392578 289.161224365234
-9999 -9999 -9999 -9999 -9999 -9999 -9999 -9999 -9999 -9999 -9999 -9999 289.381225585938 289.342468261719 289.242431640625 289.150177001953 289.065826416016 289.091400146484 289.088958740234 288.960998535156 288.773651123047 288.646301269531 288.636962890625 288.849945068359 289.130523681641 289.316558837891 289.391967773438 289.4150390625 289.38720703125 289.0029296875 288.632873535156 288.606750488281 288.769683837891 288.849029541016 288.804595947266 288.919647216797 289.133056640625 289.089416503906 288.961791992188 289.207397460938 289.212005615234 289.097747802734 289.135559082031 289.104675292969 289.013397216797 288.861694335938 288.837585449219 288.996368408203 289.104919433594 289.180572509766 289.223205566406 289.123046875 288.962615966797 288.908569335938 289.026489257812 289.154388427734
-9999 -9999 -9999 -9999 -9999 -9999 -9999 -9999 -9999 -9999 -9999 -9999 -9999 289.373291015625 289.233184814453 289.047607421875 288.971527099609 288.976013183594 289.085632324219 289.059509277344 288.779022216797 288.593200683594 288.597869873047 288.684997558594 288.974243164062 289.271057128906 289.345184326172 289.355804443359 289.36572265625 289.076477050781 288.782196044922 288.713562011719 288.627624511719 288.689605712891 288.772369384766 288.945129394531 289.0947265625 289.136444091797 288.967803955078 289.207641601562 289.289703369141 289.246643066406 289.225677490234 289.177703857422 289.029754638672 288.844940185547 288.911987304688 289.055206298828 289.101135253906 289.135711669922 289.237243652344 289.199829101562 289.054748535156 289.021484375 289.055786132812 289.119659423828
-9999 -9999 -9999 -9999 -9999 -9999 -9999 -9999 -9999 -9999 -9999 -9999 -9999 -9999 289.258209228516 288.985443115234 288.876831054688 288.839477539062 289.013763427734 289.085754394531 288.818603515625 288.626861572266 288.600891113281 288.613616943359 288.757354736328 288.939025878906 289.074645996094 289.243927001953 289.274444580078 289.246185302734 289.131744384766 288.900360107422 288.771057128906 288.788635253906 288.796783447266 288.902526855469 289.048736572266 289.109222412109 288.996765136719 289.189971923828 289.212158203125 289.239990234375 289.226776123047 289.101135253906 288.942138671875 288.882476806641 289.005126953125 289.095428466797 289.088836669922 289.129089355469 289.236541748047 289.270477294922 289.192413330078 289.166351318359 289.156219482422 289.166839599609
-9999 -9999 -9999 -9999 -9999 -9999 -9999 -9999 -9999 -9999 -9999 -9999 -9999 -9999 289.321716308594 289.071014404297 288.894561767578 288.772979736328 288.984985351562 289.107727050781 288.896514892578 288.656311035156 288.619781494141 288.607452392578 288.674133300781 288.719482421875 288.785949707031 288.977111816406 289.065795898438 289.236907958984 289.368011474609 289.175628662109 289.039855957031 289.008911132812 288.912963867188 288.887268066406 288.971496582031 289.027038574219 288.978057861328 289.1591796875 289.211761474609 289.025512695312 288.882263183594 288.800231933594 288.844970703125 288.890075683594 289.039886474609 289.132385253906 289.176025390625 289.221588134766 289.266784667969 289.330505371094 289.307373046875 289.28564453125 -9999 289.260833740234
-9999 -9999 -9999 -9999 -9999 -9999 -9999 -9999 -9999 -9999 -9999 -9999 -9999 -9999 289.350006103516 289.149841308594 288.975799560547 288.863555908203 288.94580078125 289.052093505859 288.850860595703 288.684143066406 288.663177490234 288.603485107422 288.622283935547 288.691467285156 288.782165527344 288.938690185547 289.058013916016 289.286468505859 289.401000976562 289.331909179688 289.256042480469 289.197998046875 289.079162597656 289.012725830078 289.033905029297 289.016754150391 288.975921630859 289.086395263672 289.178741455078 288.913787841797 288.870849609375 288.805053710938 288.901977539062 288.861419677734 288.966430664062 289.084564208984 289.163177490234 289.189453125 289.205810546875 289.336639404297 289.389831542969 289.393127441406 289.389923095703 289.340209960938
-9999 -9999 -9999 -9999 -9999 -9999 -9999 -9999 -9999 -9999 -9999 -9999 -9999 -9999 -9999 289.212188720703 289.111572265625 289.040344238281 288.896789550781 288.934509277344 288.755798339844 288.639465332031 288.610656738281 288.569274902344 288.590728759766 288.698944091797 288.851776123047 288.984375 289.149169921875 289.351776123047 289.386627197266 289.361480712891 289.353576660156 289.301818847656 289.229583740234 289.182098388672 289.156890869141 289.112152099609 289.021331787109 289.032073974609 289.18310546875 289.154510498047 289.148040771484 289.071655273438 289.049377441406 288.915954589844 288.962249755859 289.046905517578 289.11376953125 289.168365478516 289.1845703125 289.291839599609 289.386840820312 289.404174804688 289.414489746094 289.430755615234
-9999 -9999 -9999 -9999 -9999 -9999 -9999 -9999 -9999 -9999 -9999 -9999 -9999 -9999 -9999 289.31494140625 289.271179199219 289.1826171875 288.966033935547 288.941223144531 288.795318603516 288.623657226562 288.532562255859 288.494110107422 288.607574462891 288.6845703125 288.822082519531 288.980407714844 289.177520751953 289.324127197266 289.370483398438 289.400268554688 289.28857421875 289.240447998047 289.299987792969 289.280548095703 289.242218017578 289.213714599609 289.135284423828 289.073577880859 289.104858398438 289.175384521484 289.161529541016 289.118865966797 289.077911376953 289.009216308594 289.062683105469 289.139465332031 289.200561523438 289.266143798828 289.293487548828 289.319580078125 289.300140380859 289.320587158203 289.361907958984 289.422149658203
-9999 -9999 -9999 -9999 -9999 -9999 -9999 -9999 -9999 -9999 -9999 -9999 -9999 -9999 289.369812011719 289.328063964844 289.319091796875 289.2333984375 289.134674072266 289.091430664062 288.935028076172 288.778839111328 288.694000244141 288.630462646484 288.639801025391 288.6962890625 288.845855712891 288.999450683594 289.200286865234 289.276123046875 289.35009765625 289.393096923828 289.290405273438 289.160064697266 289.20751953125 289.28271484375 289.211730957031 289.207153320312 289.192230224609 289.16259765625 289.111450195312 289.097808837891 289.060363769531 289.022857666016 289.034912109375 289.120941162109 289.2001953125 289.269256591797 289.288208007812 289.337493896484 289.395965576172 289.412719726562 289.361663818359 289.368774414062 289.422729492188 -9999
-9999 -9999 -9999 -9999 -9999 -9999 -9999 -9999 -9999 -9999 -9999 -9999 -9999 -9999 289.303771972656 289.162475585938 289.303100585938 289.262145996094 289.160980224609 289.137573242188 289.041107177734 288.962982177734 288.901275634766 288.814025878906 288.864227294922 288.923828125 288.891265869141 288.993957519531 289.172058105469 289.256591796875 289.330993652344 289.324401855469 289.366973876953 289.237701416016 289.12744140625 289.237152099609 289.190246582031 289.092041015625 289.120941162109 289.166137695312 289.175872802734 289.117858886719 289.021545410156 288.969299316406 289.020416259766 289.119293212891 289.188537597656 289.275909423828 289.275054931641 289.279724121094 289.354095458984 289.414337158203 289.428100585938 289.397674560547 289.324798583984 289.211608886719
-9999 -9999 -9999 -9999 -9999 -9999 -9999 -9999 -9999 -9999 -9999 -9999 -9999 -9999 289.26171875 289.0419921875 289.242492675781 289.338256835938 289.254241943359 289.24853515625 289.213653564453 289.126525878906 288.993438720703 288.952758789062 289.072998046875 288.997985839844 288.863891601562 288.949768066406 289.136413574219 289.238708496094 289.249603271484 289.194549560547 289.327941894531 289.322296142578 289.195190429688 289.194580078125 289.239471435547 289.1484375 289.089508056641 289.084716796875 289.089752197266 289.040802001953 288.931671142578 288.993072509766 289.09619140625 289.117156982422 289.170104980469 289.240570068359 289.316864013672 289.332122802734 289.380065917969 289.414764404297 289.328826904297 289.210754394531 289.18359375 -9999
-9999 -9999 -9999 -9999 -9999 -9999 -9999 -9999 -9999 -9999 -9999 -9999 -9999 -9999 289.290893554688 289.035827636719 289.133666992188 289.264801025391 289.163726806641 289.196807861328 289.297515869141 289.238830566406 289.094604492188 289.121734619141 289.118957519531 288.932739257812 288.877685546875 288.942504882812 289.087890625 289.186737060547 289.153991699219 289.070831298828 289.214263916016 289.341339111328 289.229919433594 289.127899169922 289.174896240234 289.210540771484 289.157836914062 289.098663330078 289.031616210938 288.907806396484 288.852111816406 289.032073974609 289.179656982422 289.231384277344 289.200042724609 289.225708007812 289.285400390625 289.344390869141 289.393432617188 289.377014160156 289.334106445312 289.291473388672 289.247100830078 289.238220214844
-9999 -9999 -9999 -9999 -9999 -9999 -9999 -9999 -9999 -9999 -9999 -9999 -9999 -9999 289.262786865234 288.991394042969 289.006561279297 289.070373535156 288.869171142578 288.998291015625 289.207122802734 289.302124023438 289.242370605469 289.2353515625 289.186614990234 289.096740722656 289.079864501953 289.018463134766 289.074951171875 289.199981689453 289.175628662109 289.061981201172 289.138702392578 289.315032958984 289.204895019531 289.137786865234 289.119445800781 289.142852783203 289.137023925781 289.097473144531 288.978820800781 288.708923339844 288.728454589844 288.886047363281 289.098205566406 -9999 289.312652587891 289.288299560547 289.283752441406 289.320739746094 289.369506835938 289.407501220703 289.426147460938 289.444702148438 289.407562255859 289.329437255859
