R_scripts/int_process_data/layer.asc
NCOLS 281 
NROWS 577 
XLLCORNER 81175.2677831308 
YLLCORNER -911.770678700996 
CELLSIZE 1000 
NODATA_value -9999 
[rows 375 to 399 of 577, columns 0 to 55 of 281]
289.445983886719 289.146148681641 288.60986328125 288.103118896484 288.102905273438 288.134521484375 288.470672607422 288.674346923828 288.631011962891 288.799835205078 288.852874755859 288.946563720703 288.968322753906 289.039489746094 289.157531738281 289.17724609375 289.0791015625 289.091064453125 289.057098388672 288.988220214844 289.075958251953 289.162750244141 289.165618896484 289.178161621094 289.329437255859 289.493072509766 289.477783203125 289.403564453125 289.380310058594 289.429168701172 289.44140625 289.433349609375 289.455596923828 289.526245117188 289.655487060547 289.742492675781 -9999 -9999 -9999 -9999 -9999 -9999 -9999 -9999 -9999 -9999 -9999 -9999 289.864898681641 289.879638671875 289.887420654297 -9999 289.865417480469 -9999 289.890472412109 289.905426025391
289.542144775391 289.483154296875 289.192169189453 288.804718017578 288.701843261719 288.6474609375 288.779754638672 288.921051025391 288.926055908203 288.991119384766 288.979248046875 289.013977050781 289.029235839844 289.124938964844 289.196899414062 289.189422607422 289.047271728516 289.060150146484 289.159820556641 289.133758544922 289.225891113281 289.309387207031 289.288513183594 289.280426025391 289.399780273438 289.453125 289.465545654297 289.447631835938 289.431976318359 289.460815429688 289.480651855469 289.473114013672 289.485656738281 289.531372070312 289.648681640625 289.749603271484 -9999 -9999 -9999 -9999 -9999 -9999 -9999 -9999 -9999 -9999 -9999 -9999 289.843231201172 289.873107910156 289.889770507812 -9999 289.883026123047 -9999 -9999 -9999
-9999 -9999 289.434051513672 289.146148681641 289.039825439453 288.975646972656 289.008819580078 289.062622070312 289.061004638672 289.060089111328 289.072692871094 289.092315673828 289.06396484375 289.156311035156 289.174468994141 289.208587646484 289.128509521484 289.095855712891 289.262054443359 289.291015625 289.325134277344 289.343872070312 289.277465820312 289.221252441406 289.336853027344 289.414184570312 289.448699951172 289.454132080078 289.486572265625 289.482391357422 289.489807128906 289.499847412109 289.535919189453 289.581176757812 289.677062988281 289.76123046875 -9999 -9999 -9999 -9999 -9999 -9999 -9999 -9999 -9999 -9999 289.817291259766 289.807464599609 289.808227539062 289.845092773438 289.887298583984 289.900970458984 -9999 -9999 -9999 -9999
-9999 -9999 289.476226806641 289.261047363281 289.177429199219 289.100250244141 289.117248535156 289.123901367188 289.077819824219 289.091766357422 289.169799804688 289.222625732422 289.200225830078 289.198303222656 289.206390380859 289.276123046875 289.265289306641 289.168609619141 289.271514892578 289.352996826172 289.358306884766 289.28857421875 289.192230224609 289.207336425781 289.294006347656 289.385864257812 289.293334960938 -9999 289.481506347656 289.518615722656 289.501373291016 289.506683349609 289.544342041016 289.623840332031 289.721435546875 -9999 -9999 -9999 -9999 -9999 -9999 -9999 -9999 -9999 289.797882080078 289.804595947266 289.793914794922 289.777709960938 -9999 289.821563720703 289.8759765625 289.895751953125 289.907287597656 -9999 -9999 -9999
-9999 -9999 289.425384521484 289.259063720703 289.210235595703 289.178558349609 289.182678222656 289.149291992188 289.164367675781 289.171447753906 289.228942871094 289.293975830078 289.276031494141 289.246520996094 289.259307861328 289.333221435547 289.358825683594 289.278442382812 289.308715820312 289.435638427734 289.40869140625 289.402130126953 289.368713378906 289.362579345703 289.430725097656 289.427642822266 289.21533203125 -9999 289.47314453125 289.493225097656 289.503936767578 289.553649902344 289.552856445312 289.662048339844 289.760437011719 -9999 -9999 -9999 -9999 -9999 -9999 -9999 289.795501708984 289.797698974609 289.793762207031 289.781799316406 289.767913818359 289.758331298828 289.762756347656 289.805114746094 -9999 289.881500244141 289.900054931641 -9999 -9999 -9999
-9999 289.483947753906 289.342803955078 289.238250732422 289.255157470703 289.270629882812 289.277160644531 289.262023925781 289.283294677734 289.276580810547 289.333374023438 289.361633300781 289.322692871094 289.302032470703 289.302032470703 289.367370605469 289.433471679688 289.370635986328 289.389709472656 289.510070800781 289.477508544922 289.529327392578 289.496978759766 289.497680664062 289.564544677734 289.436309814453 289.287384033203 289.381225585938 289.542907714844 289.50341796875 289.561309814453 289.617401123047 289.599304199219 289.718048095703 -9999 -9999 -9999 -9999 -9999 -9999 289.785461425781 289.780975341797 289.782440185547 289.789245605469 289.782684326172 289.769561767578 289.762329101562 -9999 -9999 -9999 289.816619873047 289.857696533203 -9999 289.899536132812 -9999 -9999
289.529205322266 289.494506835938 289.377532958984 289.277709960938 289.287048339844 289.33349609375 289.371673583984 289.384521484375 289.412414550781 289.429016113281 289.445037841797 289.441040039062 289.342987060547 289.350982666016 289.369506835938 289.434020996094 289.517974853516 289.461639404297 289.459259033203 289.572174072266 289.579162597656 289.604156494141 289.527862548828 289.580993652344 289.585998535156 289.456237792969 289.452545166016 289.543518066406 289.615783691406 289.596099853516 289.650268554688 289.685455322266 289.711273193359 289.775360107422 -9999 -9999 -9999 -9999 -9999 289.789337158203 289.783782958984 289.781860351562 289.781707763672 289.785522460938 289.780700683594 289.775848388672 289.768493652344 289.760070800781 289.752166748047 -9999 289.775695800781 289.8310546875 289.866577148438 289.888458251953 -9999 -9999
-9999 -9999 289.503143310547 289.430084228516 289.399108886719 289.410491943359 289.45263671875 289.533386230469 289.588256835938 289.587738037109 289.559783935547 289.504119873047 289.395599365234 289.420501708984 289.479095458984 289.534973144531 289.570770263672 289.520172119141 289.564666748047 289.640533447266 289.656036376953 289.678405761719 289.639221191406 289.674285888672 289.643859863281 289.617279052734 289.661376953125 289.7021484375 289.738739013672 289.740753173828 289.770294189453 -9999 -9999 -9999 -9999 -9999 -9999 -9999 -9999 289.796478271484 289.798706054688 289.800323486328 289.799713134766 289.804534912109 289.803771972656 289.797058105469 289.786804199219 289.774536132812 289.758972167969 -9999 289.761444091797 -9999 -9999 289.873657226562 -9999 -9999
-9999 -9999 289.554718017578 289.540710449219 289.526458740234 289.531494140625 289.561279296875 289.606079101562 -9999 -9999 289.638763427734 289.612976074219 289.546295166016 289.543029785156 289.578735351562 289.606201171875 289.622497558594 289.647430419922 289.706695556641 289.739990234375 289.746520996094 289.753021240234 289.7529296875 289.758239746094 289.752105712891 289.756927490234 289.771270751953 289.782623291016 289.792144775391 -9999 -9999 -9999 -9999 -9999 -9999 -9999 -9999 -9999 -9999 289.804534912109 289.808227539062 289.810546875 289.813568115234 289.816131591797 289.815155029297 289.811248779297 289.804504394531 289.790863037109 289.765045166016 -9999 289.765289306641 -9999 289.834899902344 -9999 -9999 -9999
-9999 -9999 -9999 -9999 -9999 -9999 -9999 -9999 -9999 -9999 -9999 -9999 289.666015625 289.658294677734 289.656036376953 289.657348632812 289.695526123047 289.724945068359 -9999 -9999 -9999 -9999 -9999 -9999 -9999 -9999 -9999 -9999 -9999 289.679870605469 289.756500244141 -9999 -9999 -9999 -9999 -9999 -9999 -9999 289.807189941406 -9999 -9999 -9999 289.818145751953 289.818267822266 -9999 289.811645507812 289.801940917969 289.796295166016 -9999 289.744323730469 289.761535644531 289.796203613281 289.817596435547 -9999 -9999 -9999
-9999 -9999 -9999 -9999 -9999 -9999 -9999 -9999 -9999 -9999 -9999 -9999 -9999 -9999 289.702087402344 289.703430175781 -9999 -9999 -9999 -9999 -9999 -9999 -9999 289.656707763672 289.6123046875 289.601928710938 289.591827392578 289.591888427734 289.621246337891 289.680206298828 289.762237548828 -9999 -9999 -9999 -9999 -9999 -9999 -9999 289.805541992188 289.804656982422 -9999 -9999 289.818756103516 289.817413330078 -9999 289.808166503906 289.799011230469 289.793243408203 -9999 289.754119873047 289.754791259766 289.777191162109 289.797485351562 289.8271484375 289.853332519531 -9999
-9999 -9999 -9999 -9999 -9999 -9999 -9999 -9999 -9999 -9999 -9999 -9999 -9999 -9999 -9999 -9999 -9999 -9999 -9999 -9999 -9999 289.736480712891 289.682800292969 289.587951660156 289.502502441406 289.497863769531 289.508453369141 289.57470703125 289.659606933594 289.719940185547 289.751983642578 -9999 -9999 -9999 -9999 -9999 -9999 289.797912597656 289.795867919922 289.796844482422 289.821746826172 289.821258544922 289.824157714844 289.819488525391 289.799499511719 289.798889160156 289.796081542969 289.79296875 289.791625976562 289.767791748047 289.753265380859 289.759368896484 289.780578613281 -9999 289.837493896484 -9999
-9999 -9999 -9999 -9999 -9999 -9999 -9999 -9999 -9999 -9999 -9999 -9999 -9999 -9999 -9999 -9999 -9999 289.723571777344 -9999 -9999 289.735778808594 289.733428955078 289.688751220703 289.603485107422 289.54638671875 289.524475097656 289.550018310547 289.619415283203 289.659210205078 289.676666259766 289.702789306641 289.758148193359 -9999 -9999 -9999 289.809631347656 289.802368164062 289.786560058594 289.774291992188 289.783294677734 289.813659667969 289.818115234375 289.823455810547 289.825225830078 289.795257568359 289.781524658203 289.786590576172 289.793640136719 289.794860839844 289.776092529297 289.7548828125 289.74853515625 289.768432617188 289.800048828125 289.826995849609 -9999
-9999 -9999 -9999 -9999 -9999 -9999 -9999 -9999 -9999 -9999 -9999 -9999 -9999 -9999 -9999 -9999 -9999 -9999 -9999 -9999 -9999 289.734680175781 289.726165771484 289.667388916016 289.544250488281 289.517150878906 289.547973632812 289.619384765625 289.660125732422 289.680755615234 289.725952148438 289.774749755859 289.803344726562 289.807067871094 289.802917480469 -9999 289.811584472656 289.797546386719 289.759429931641 289.765838623047 289.805786132812 289.811279296875 289.815185546875 289.8251953125 -9999 -9999 289.780975341797 289.793884277344 289.796447753906 289.778533935547 289.755706787109 289.756439208984 289.767700195312 -9999 -9999 -9999
-9999 -9999 -9999 -9999 -9999 -9999 -9999 -9999 -9999 -9999 -9999 -9999 -9999 -9999 -9999 -9999 -9999 -9999 -9999 -9999 -9999 289.733459472656 289.734130859375 289.717407226562 289.604400634766 289.531433105469 289.570709228516 289.638336181641 289.687683105469 289.713806152344 289.757507324219 289.784423828125 289.785552978516 289.80078125 289.791381835938 289.790191650391 289.809967041016 289.812591552734 289.781463623047 289.759704589844 289.781860351562 -9999 -9999 289.820190429688 289.819976806641 289.794067382812 289.783203125 289.79150390625 289.795837402344 289.780914306641 289.759368896484 289.765258789062 289.773193359375 289.783874511719 -9999 -9999
-9999 -9999 -9999 -9999 -9999 -9999 -9999 -9999 -9999 -9999 -9999 -9999 -9999 -9999 -9999 -9999 -9999 -9999 -9999 -9999 -9999 -9999 -9999 289.739044189453 289.687103271484 289.579772949219 289.571807861328 289.630798339844 289.671173095703 289.703308105469 289.744873046875 289.765228271484 289.758056640625 289.787353515625 289.787322998047 289.77978515625 289.801300048828 289.815765380859 -9999 289.780853271484 289.761108398438 289.782135009766 289.798919677734 289.813446044922 289.820129394531 289.802917480469 289.781036376953 -9999 -9999 289.781585693359 289.76708984375 289.767761230469 289.776794433594 289.777526855469 -9999 -9999
-9999 -9999 -9999 -9999 -9999 -9999 -9999 -9999 -9999 -9999 -9999 -9999 -9999 -9999 -9999 -9999 -9999 -9999 -9999 -9999 -9999 -9999 -9999 289.74267578125 289.725463867188 289.612243652344 289.574645996094 289.621643066406 289.659454345703 289.694854736328 289.724884033203 289.748474121094 289.742614746094 289.775360107422 289.783721923828 289.771362304688 289.789428710938 289.815826416016 289.828063964844 -9999 -9999 289.767333984375 289.785339355469 289.808898925781 289.817932128906 289.804168701172 289.785247802734 289.786010742188 289.789520263672 -9999 289.768920898438 289.770355224609 289.777709960938 289.77734375 289.780059814453 289.797729492188
-9999 -9999 -9999 -9999 -9999 -9999 -9999 -9999 -9999 -9999 -9999 -9999 -9999 -9999 -9999 -9999 -9999 -9999 -9999 -9999 -9999 -9999 -9999 -9999 289.741302490234 289.662536621094 289.599273681641 289.616088867188 289.659027099609 289.687896728516 289.716247558594 289.729736328125 289.7353515625 289.766326904297 289.775726318359 289.765777587891 289.789703369141 289.814971923828 289.828155517578 289.807769775391 289.778137207031 -9999 289.775451660156 289.809295654297 289.815032958984 289.800262451172 289.7890625 289.78466796875 289.783081054688 289.773712158203 289.76953125 289.771606445312 289.774505615234 289.778228759766 289.781158447266 289.789489746094
-9999 -9999 -9999 -9999 -9999 -9999 -9999 -9999 -9999 -9999 -9999 -9999 -9999 -9999 -9999 -9999 -9999 -9999 -9999 -9999 -9999 -9999 -9999 -9999 289.746917724609 289.707489013672 289.606323242188 289.614654541016 289.649719238281 289.675170898438 289.704406738281 289.712280273438 289.724853515625 289.760772705078 289.77294921875 289.764678955078 289.785980224609 289.805572509766 289.823608398438 289.816589355469 289.780975341797 289.762634277344 -9999 289.813812255859 289.812408447266 289.794921875 289.783386230469 289.776702880859 289.773162841797 -9999 289.774627685547 289.774932861328 -9999 289.776580810547 289.784088134766 289.786560058594
-9999 -9999 -9999 -9999 -9999 -9999 -9999 -9999 -9999 -9999 -9999 -9999 -9999 -9999 -9999 -9999 -9999 -9999 -9999 -9999 -9999 -9999 -9999 -9999 -9999 289.725952148438 289.601470947266 289.610900878906 289.641754150391 289.665618896484 289.692077636719 289.700988769531 289.719909667969 289.751373291016 289.765533447266 289.759338378906 289.781066894531 289.799072265625 289.818786621094 289.831024169922 289.800201416016 289.769622802734 289.791839599609 289.815216064453 289.809967041016 289.794708251953 -9999 289.768829345703 289.770111083984 289.773529052734 289.778045654297 289.770263671875 289.761474609375 289.772430419922 289.784515380859 -9999
-9999 -9999 -9999 -9999 -9999 -9999 -9999 -9999 -9999 -9999 -9999 -9999 -9999 -9999 -9999 -9999 -9999 -9999 -9999 -9999 -9999 -9999 -9999 -9999 -9999 289.736938476562 289.624908447266 289.612182617188 289.634979248047 289.656158447266 289.675018310547 289.687713623047 289.709869384766 289.738891601562 289.754211425781 289.751159667969 289.770172119141 289.793792724609 289.810699462891 289.825225830078 289.815582275391 289.785583496094 -9999 289.812896728516 289.810638427734 289.797576904297 -9999 -9999 -9999 -9999 289.774566650391 289.757110595703 289.742858886719 289.763336181641 289.786010742188 -9999
-9999 -9999 -9999 -9999 -9999 -9999 -9999 -9999 -9999 -9999 -9999 -9999 -9999 -9999 -9999 -9999 -9999 -9999 -9999 -9999 -9999 -9999 -9999 -9999 -9999 289.748199462891 289.675323486328 289.612731933594 289.630767822266 289.650726318359 289.662384033203 289.671325683594 289.693176269531 289.718475341797 289.740875244141 289.738098144531 289.756469726562 289.785858154297 289.805053710938 289.816467285156 289.827972412109 289.806335449219 289.808135986328 289.813842773438 -9999 289.800384521484 289.774566650391 289.769592285156 289.776885986328 -9999 289.762420654297 -9999 289.719390869141 289.761840820312 -9999 -9999
-9999 -9999 -9999 -9999 -9999 -9999 -9999 -9999 -9999 -9999 -9999 -9999 -9999 -9999 -9999 -9999 -9999 -9999 -9999 -9999 -9999 -9999 -9999 -9999 -9999 289.763671875 289.711242675781 289.619598388672 289.636688232422 289.650848388672 289.660919189453 289.667297363281 289.684844970703 289.701507568359 289.727264404297 289.726593017578 289.742370605469 289.776458740234 289.800842285156 289.810699462891 289.829284667969 289.82373046875 289.821166992188 289.819061279297 -9999 289.800933837891 -9999 289.771881103516 289.768280029297 289.75537109375 289.742584228516 289.728179931641 289.721099853516 289.779754638672 -9999 -9999
-9999 -9999 -9999 -9999 -9999 -9999 -9999 -9999 -9999 -9999 -9999 -9999 -9999 -9999 -9999 -9999 -9999 -9999 -9999 -9999 -9999 -9999 -9999 -9999 -9999 -9999 289.733917236328 289.641937255859 289.639831542969 289.659973144531 289.681274414062 289.685455322266 289.692779541016 289.704498291016 289.718811035156 289.723968505859 289.735931396484 289.770477294922 289.795043945312 289.808746337891 289.826416015625 289.827484130859 -9999 -9999 289.8115234375 -9999 289.766174316406 289.740386962891 -9999 289.740783691406 289.742340087891 289.755401611328 289.779876708984 289.808227539062 289.814300537109 289.821044921875
-9999 -9999 -9999 -9999 -9999 -9999 -9999 -9999 -9999 -9999 -9999 -9999 -9999 -9999 -9999 -9999 -9999 -9999 -9999 -9999 -9999 -9999 -9999 -9999 -9999 -9999 -9999 289.666259765625 289.638610839844 289.667663574219 289.701263427734 289.708648681641 289.717346191406 289.725341796875 289.718292236328 289.720397949219 289.736663818359 289.761657714844 289.783111572266 289.807952880859 289.82080078125 289.818542480469 289.822357177734 289.818481445312 289.804290771484 289.767700195312 289.736480712891 289.727447509766 289.731109619141 -9999 -9999 289.777282714844 289.830688476562 289.835968017578 -9999 289.826263427734
