R_scripts/int_process_data/Portugal_Aspect_degrees.asc
NCOLS 281 
NROWS 577 
XLLCORNER 81175.2677831308 
YLLCORNER -911.770678700996 
CELLSIZE 1000 
NODATA_value -3.4e+38 
[rows 184 to 206 of 577, columns 104 to 155 of 281]
260.32080078125 226.535766601562 206.266799926758 267.121704101562 247.370758056641 182.319030761719 170.81120300293 234.043716430664 192.442367553711 161.090484619141 158.885635375977 150.455581665039 146.461654663086 151.787811279297 184.393157958984 197.008422851562 163.667358398438 181.124389648438 199.021560668945 217.971206665039 196.761871337891 188.972625732422 222.871032714844 199.153793334961 230.84342956543 201.707672119141 218.745422363281 207.859878540039 138.380523681641 137.948684692383 158.265365600586 221.739532470703 248.040298461914 208.12516784668 186.555282592773 184.629043579102 185.172515869141 249.940536499023 209.414749145508 167.875061035156 118.23397064209 144.015182495117 163.019058227539 187.475448608398 126.464897155762 129.930740356445 203.287200927734 219.600479125977 215.805892944336 148.78450012207 170.65251159668 157.890472412109
224.813171386719 208.368286132812 254.354827880859 231.188110351562 216.158569335938 218.113784790039 194.239105224609 198.769561767578 199.580718994141 183.550231933594 166.845413208008 177.123504638672 170.528167724609 179.98600769043 185.181716918945 203.242065429688 203.458953857422 199.772735595703 202.562713623047 181.818420410156 201.571960449219 207.322082519531 165.373001098633 212.598037719727 234.424224853516 165.525970458984 153.706146240234 166.019729614258 211.347259521484 229.170135498047 259.195617675781 260.115997314453 209.913940429688 176.196197509766 195.594161987305 222.578735351562 272.428253173828 217.291534423828 133.247802734375 155.126113891602 144.407867431641 121.030364990234 142.89875793457 160.444549560547 184.42106628418 156.362396240234 152.981628417969 211.511795043945 215.883010864258 218.208465576172 208.906967163086 214.463562011719
208.93034362793 194.619232177734 207.875549316406 184.867660522461 200.72737121582 212.187423706055 178.519058227539 190.768447875977 177.176635742188 149.009155273438 209.947067260742 184.900344848633 185.277740478516 176.236602783203 197.147064208984 161.741882324219 149.018508911133 153.105209350586 195.259155273438 208.127502441406 186.819183349609 196.896621704102 207.490615844727 233.574615478516 189.527069091797 177.650497436523 201.023300170898 217.747451782227 253.616653442383 243.87532043457 238.022079467773 185.264434814453 160.591735839844 193.049926757812 235.747940063477 269.989135742188 195.710357666016 152.412628173828 142.368057250977 174.057113647461 238.241958618164 232.277435302734 158.599258422852 145.65885925293 170.604843139648 168.631072998047 144.350570678711 174.678741455078 169.576858520508 173.427169799805 191.719467163086 197.465484619141
203.775802612305 190.905975341797 175.175643920898 202.593536376953 212.035140991211 216.384384155273 189.750061035156 200.94743347168 190.614852905273 156.59684753418 141.3837890625 162.78466796875 190.800628662109 212.469284057617 165.116744995117 149.429382324219 160.720916748047 192.411163330078 185.716522216797 191.422927856445 181.989700317383 149.455291748047 186.313201904297 157.538955688477 187.739517211914 197.912475585938 198.156188964844 243.829193115234 207.733169555664 182.963943481445 165.747940063477 158.606506347656 203.108642578125 207.910659790039 269.336334228516 194.709075927734 161.475311279297 212.582778930664 186.921295166016 134.154769897461 174.609909057617 176.601669311523 177.343185424805 164.539398193359 167.893096923828 165.761291503906 157.079238891602 160.755279541016 136.748352050781 153.013946533203 136.383590698242 176.435653686523
169.404281616211 207.898239135742 221.95051574707 223.121719360352 195.434692382812 195.883560180664 217.328369140625 210.969970703125 200.626708984375 203.01692199707 154.289779663086 181.126708984375 200.408340454102 186.192642211914 143.575866699219 161.630889892578 205.731643676758 223.880950927734 204.40544128418 179.741073608398 210.709533691406 202.536346435547 212.2802734375 230.735473632812 188.285552978516 221.056427001953 261.662689208984 198.713973999023 144.747924804688 149.233978271484 190.262573242188 186.442504882812 191.199737548828 252.136215209961 202.989501953125 165.57666015625 137.373886108398 162.927185058594 159.107925415039 179.038284301758 173.570388793945 198.972747802734 181.75146484375 143.470550537109 158.910354614258 181.028350830078 214.281478881836 202.30046081543 158.761932373047 142.095123291016 178.67219543457 233.988845825195
160.097259521484 201.247619628906 205.948028564453 211.516555786133 202.517929077148 223.421737670898 234.101470947266 204.922515869141 215.658279418945 194.866714477539 162.881790161133 157.704147338867 183.274612426758 171.31884765625 180.015716552734 220.318084716797 218.744491577148 189.609710693359 214.142456054688 201.8427734375 194.195526123047 238.549499511719 151.068466186523 174.585342407227 225.03678894043 217.652313232422 150.945068359375 132.05256652832 161.537033081055 231.108413696289 208.779144287109 221.822326660156 233.48030090332 213.030548095703 145.179290771484 201.602676391602 227.155487060547 192.116882324219 213.555526733398 231.801605224609 218.883239746094 235.028015136719 213.389541625977 232.083572387695 235.139877319336 239.333786010742 236.489135742188 205.509353637695 177.378311157227 163.175857543945 192.340301513672 215.009613037109
198.16633605957 181.960968017578 176.94416809082 216.047790527344 204.890747070312 216.911636352539 219.212249755859 219.707153320312 219.601318359375 216.235733032227 152.681350708008 148.553375244141 166.898834228516 173.674575805664 217.88948059082 213.03434753418 189.876388549805 217.070510864258 213.245529174805 219.737167358398 221.61198425293 180.256011962891 141.631210327148 122.75959777832 142.81884765625 141.279251098633 142.969467163086 191.619934082031 241.687316894531 223.947265625 188.94580078125 211.880065917969 242.787139892578 162.062545776367 152.768356323242 146.091445922852 163.010513305664 205.814010620117 215.478775024414 232.640075683594 217.022048950195 157.059967041016 175.560775756836 164.641555786133 129.014129638672 115.047813415527 160.827850341797 200.641571044922 230.808471679688 227.867416381836 216.775390625 172.314849853516
180.450881958008 190.745864868164 198.455749511719 199.021911621094 207.89599609375 199.888580322266 202.805389404297 207.388717651367 213.778396606445 179.253402709961 179.065628051758 178.56623840332 185.504852294922 215.379028320312 215.380187988281 186.018295288086 215.060409545898 203.237670898438 194.336639404297 224.958786010742 183.559020996094 195.772888183594 191.390472412109 153.033172607422 138.00439453125 190.21028137207 226.835723876953 198.987915039062 200.85920715332 244.883148193359 254.746246337891 240.386856079102 160.696334838867 197.564163208008 181.491134643555 154.678436279297 156.6650390625 204.379623413086 249.997299194336 170.54557800293 148.371200561523 170.194137573242 175.929306030273 188.720458984375 149.646957397461 149.230606079102 145.866455078125 146.729568481445 153.5546875 206.989181518555 158.460708618164 135.522125244141
217.906631469727 190.4052734375 197.155624389648 203.773818969727 214.376998901367 188.802001953125 193.44677734375 221.042327880859 206.514694213867 197.734100341797 211.034332275391 183.005599975586 195.379531860352 212.084167480469 206.829055786133 228.185974121094 208.62385559082 209.935958862305 231.709564208984 177.529800415039 159.471008300781 146.271118164062 135.831512451172 185.862579345703 214.058441162109 230.333023071289 218.776016235352 187.534332275391 218.918075561523 231.736083984375 143.899475097656 175.700592041016 199.891876220703 208.116790771484 192.772247314453 198.039520263672 243.541809082031 252.654525756836 197.716857910156 173.053436279297 160.440338134766 162.239669799805 174.741409301758 172.310302734375 199.975723266602 219.48681640625 153.349197387695 117.708831787109 169.941070556641 184.331893920898 124.727416992188 129.717529296875
157.344711303711 142.197998046875 177.393844604492 158.716918945312 206.591171264648 204.828567504883 172.671173095703 197.777572631836 204.423370361328 204.489715576172 222.990386962891 175.681838989258 192.999633789062 181.731430053711 201.315353393555 212.226852416992 239.495376586914 231.4404296875 184.334762573242 148.363677978516 160.17561340332 194.542144775391 192.331130981445 223.03645324707 226.803833007812 203.05615234375 194.285202026367 222.96809387207 245.177337646484 167.825393676758 186.465545654297 182.846817016602 203.212036132812 196.358413696289 234.976516723633 244.802185058594 222.493408203125 158.779861450195 142.226593017578 158.794952392578 170.115936279297 144.306274414062 129.947845458984 172.496337890625 188.402770996094 190.364624023438 157.916351318359 151.164367675781 174.592651367188 128.430679321289 170.240020751953 161.951141357422
158.624313354492 203.636260986328 195.162490844727 171.911865234375 149.074295043945 203.902786254883 213.411087036133 185.524398803711 187.64128112793 185.044662475586 183.297500610352 173.804153442383 179.799163818359 181.357482910156 181.763442993164 252.036758422852 179.019638061523 141.111068725586 141.503494262695 180.791778564453 201.844284057617 200.317504882812 210.395172119141 204.042037963867 197.994506835938 202.863739013672 242.761154174805 205.627639770508 151.788909912109 150.96533203125 163.971084594727 121.925888061523 128.559036254883 106.832237243652 120.160781860352 162.569091796875 180.033493041992 170.820190429688 154.91960144043 133.237701416016 156.862167358398 186.106704711914 224.499069213867 197.099792480469 193.462310791016 191.590606689453 206.254821777344 177.68489074707 168.024154663086 166.542572021484 148.740447998047 155.014678955078
175.441711425781 157.730667114258 182.73779296875 194.459060668945 155.834426879883 160.047637939453 197.577117919922 167.557373046875 167.821594238281 170.848510742188 153.598892211914 161.040618896484 161.96159362793 207.19189453125 221.017578125 189.631698608398 121.533866882324 132.471969604492 191.187408447266 223.782028198242 214.919769287109 188.068954467773 234.810882568359 235.422958374023 213.577056884766 196.172256469727 165.291137695312 164.393920898438 171.113311767578 184.140625 147.188415527344 123.41316986084 126.511764526367 143.57600402832 121.885757446289 129.348495483398 178.238098144531 211.234039306641 222.98454284668 230.7451171875 244.70002746582 236.464065551758 183.382461547852 163.660675048828 131.794830322266 175.356491088867 186.391311645508 186.334518432617 199.889953613281 204.752334594727 194.042434692383 209.682693481445
197.082275390625 199.517364501953 187.224166870117 183.697296142578 204.631820678711 179.281173706055 175.514083862305 168.035537719727 149.950790405273 164.748458862305 174.030746459961 107.585166931152 177.456344604492 209.561218261719 180.861343383789 134.147888183594 174.225738525391 204.751098632812 220.411499023438 205.660354614258 233.720489501953 234.596160888672 187.884857177734 182.313659667969 176.086563110352 174.201568603516 198.000549316406 231.105682373047 220.462219238281 206.910034179688 189.009552001953 196.171981811523 213.002746582031 220.460815429688 197.071411132812 160.814758300781 127.760047912598 108.054267883301 121.679489135742 132.349731445312 123.385208129883 105.13355255127 191.540954589844 220.496673583984 175.503372192383 155.00602722168 228.188247680664 253.340438842773 234.517227172852 242.474533081055 205.758407592773 165.09912109375
195.463333129883 198.036926269531 176.764099121094 193.960861206055 189.28889465332 179.722320556641 179.274063110352 206.640701293945 218.960174560547 179.242660522461 154.142425537109 148.097549438477 152.396286010742 133.635009765625 143.941940307617 165.103668212891 196.936279296875 231.714965820312 195.311157226562 207.331741333008 205.089828491211 202.055282592773 149.025939941406 161.316864013672 136.610412597656 161.790649414062 192.241287231445 194.238494873047 193.498413085938 209.542999267578 225.463043212891 218.597351074219 234.1201171875 205.002243041992 176.27961730957 164.759552001953 176.865097045898 161.6123046875 153.152938842773 147.871246337891 150.770568847656 129.496841430664 144.936386108398 137.07453918457 140.503158569336 251.183639526367 216.461395263672 140.959686279297 165.228240966797 153.534652709961 162.234451293945 134.164154052734
207.187149047852 213.748748779297 226.491577148438 216.941452026367 214.177810668945 187.396987915039 172.232940673828 157.380844116211 196.800659179688 180.729293823242 167.971923828125 102.623741149902 145.706985473633 172.927734375 197.08024597168 204.669235229492 156.034027099609 157.210220336914 234.621078491211 222.854400634766 151.772888183594 146.836380004883 205.395538330078 209.895797729492 182.756820678711 170.946990966797 149.422958374023 138.928268432617 182.557861328125 164.713180541992 178.498382568359 197.232177734375 179.794769287109 135.969146728516 150.802383422852 192.335540771484 210.292221069336 167.139846801758 145.081268310547 153.305328369141 196.400543212891 201.391815185547 151.73225402832 191.318206787109 259.732849121094 240.045684814453 173.46452331543 173.670562744141 158.951629638672 138.940551757812 173.554901123047 208.794799804688
165.134719848633 157.658874511719 176.750961303711 210.55810546875 179.424850463867 173.588531494141 212.88117980957 182.837280273438 179.18034362793 186.887466430664 175.112319946289 115.059326171875 196.602142333984 196.432601928711 180.914733886719 190.209777832031 202.667449951172 194.79443359375 139.354919433594 121.42391204834 143.550720214844 140.209335327148 118.077255249023 175.074661254883 214.399200439453 172.276596069336 127.668533325195 133.206008911133 157.504577636719 155.808074951172 136.419021606445 192.938827514648 172.606018066406 174.099273681641 149.227447509766 180.341247558594 169.931518554688 178.50407409668 190.448776245117 184.457855224609 139.825531005859 171.213943481445 255.774017333984 265.776977539062 206.732315063477 146.452789306641 178.577545166016 194.706420898438 176.573089599609 132.848098754883 174.580856323242 168.410446166992
201.697723388672 209.656677246094 185.113616943359 181.375717163086 157.279052734375 166.708953857422 200.877746582031 195.046691894531 197.417236328125 190.650863647461 155.001327514648 146.851181030273 207.519317626953 214.425384521484 196.973220825195 192.583847045898 219.59635925293 211.612289428711 191.501800537109 207.992431640625 203.13948059082 174.974746704102 163.487991333008 123.802558898926 129.347473144531 171.251815795898 184.562866210938 143.919036865234 127.549530029297 143.325500488281 134.072296142578 129.47819519043 152.005828857422 170.993469238281 180.217880249023 163.273574829102 189.064575195312 170.312744140625 146.088287353516 168.208923339844 224.287368774414 265.757232666016 227.837509155273 142.728485107422 107.041893005371 97.1208801269531 115.776634216309 118.782020568848 182.724151611328 174.423400878906 139.478942871094 141.117294311523
199.471923828125 193.800537109375 152.866073608398 152.506210327148 215.294021606445 198.429275512695 173.375335693359 182.801803588867 177.371322631836 149.270843505859 76.6247711181641 101.970657348633 126.394805908203 164.524322509766 146.250701904297 78.4148330688477 127.564270019531 161.129364013672 185.320938110352 172.225173950195 133.325134277344 155.751846313477 189.048950195312 207.853576660156 181.407577514648 150.655487060547 173.537033081055 195.51872253418 177.60400390625 130.529113769531 115.80101776123 131.467880249023 146.599899291992 156.976684570312 165.280868530273 130.20393371582 126.186698913574 135.014663696289 199.53450012207 257.825714111328 268.129455566406 222.035263061523 164.86328125 174.130157470703 145.7392578125 150.428665161133 131.74055480957 141.147964477539 127.042831420898 147.314331054688 236.572357177734 232.10612487793
216.609008789062 200.594009399414 206.600555419922 203.913101196289 186.562347412109 198.575592041016 194.308166503906 185.322479248047 168.845611572266 127.177146911621 98.9194488525391 140.044143676758 142.871124267578 153.303237915039 109.151985168457 132.605209350586 142.546325683594 190.356155395508 181.655227661133 220.032257080078 205.035095214844 163.511871337891 132.491333007812 153.808609008789 134.559997558594 179.935485839844 173.230606079102 148.023742675781 158.803894042969 162.232223510742 160.223373413086 132.791580200195 118.193420410156 157.691696166992 153.595413208008 172.610778808594 196.382369995117 216.500640869141 273.639678955078 216.586791992188 157.170303344727 109.603416442871 110.426483154297 148.08805847168 216.384292602539 238.332122802734 215.887390136719 193.34162902832 240.316864013672 262.280578613281 258.181549072266 239.620468139648
162.180618286133 178.329116821289 188.033416748047 221.927947998047 195.024398803711 171.619705200195 189.317764282227 202.441650390625 214.901748657227 179.141723632812 164.546279907227 173.672134399414 173.031982421875 166.487319946289 170.141128540039 164.000213623047 147.014236450195 118.397369384766 138.124862670898 171.444152832031 199.283920288086 227.667327880859 197.358245849609 139.763259887695 151.237335205078 143.180755615234 164.224990844727 196.210708618164 236.397994995117 235.737503051758 219.242492675781 220.179626464844 218.139022827148 166.327926635742 200.512435913086 235.555526733398 248.158950805664 271.322265625 207.842575073242 131.629608154297 146.042205810547 179.482284545898 204.511138916016 252.315734863281 243.271759033203 193.9619140625 218.691772460938 245.292495727539 274.51513671875 227.152816772461 187.875030517578 143.552444458008
108.73046875 162.818069458008 189.407257080078 207.898971557617 224.588226318359 168.106719970703 166.973083496094 169.353393554688 174.544021606445 215.946182250977 202.751754760742 170.351654052734 173.108917236328 151.842697143555 159.654327392578 188.222595214844 188.585052490234 159.692596435547 148.874206542969 148.230712890625 145.69889831543 146.394073486328 184.836853027344 187.5166015625 189.967758178711 216.821762084961 214.010269165039 215.477127075195 207.706832885742 196.278884887695 239.920318603516 234.928634643555 238.756378173828 200.838088989258 196.273391723633 238.548080444336 266.327941894531 208.412567138672 191.937408447266 217.89778137207 257.397277832031 254.248687744141 231.965423583984 200.20198059082 229.859725952148 206.666793823242 217.066940307617 204.521713256836 161.008499145508 141.458587646484 141.309997558594 180.702621459961
154.202682495117 171.578598022461 185.634292602539 168.302764892578 181.604644775391 218.856491088867 195.521179199219 190.447616577148 194.253692626953 203.259414672852 218.89567565918 196.421173095703 209.205932617188 202.644882202148 162.579940795898 167.21110534668 167.320556640625 203.992736816406 194.926040649414 170.929580688477 176.575454711914 188.131851196289 175.133392333984 217.423431396484 239.030899047852 221.759292602539 206.229553222656 178.217437744141 184.365371704102 228.307739257812 235.711364746094 230.281311035156 216.334655761719 247.276062011719 273.7783203125 260.625671386719 142.618911743164 147.629089355469 195.84375 191.493789672852 203.365020751953 215.238723754883 217.081100463867 227.738037109375 202.013748168945 224.005172729492 252.826248168945 178.474487304688 192.615737915039 254.011901855469 226.084671020508 298.144561767578
162.847793579102 147.362121582031 166.548583984375 213.278503417969 175.214111328125 161.107131958008 209.538665771484 206.415756225586 215.285079956055 193.358200073242 200.412460327148 219.422317504883 210.845230102539 175.047607421875 187.999359130859 211.17822265625 198.336135864258 182.790390014648 158.149932861328 151.073760986328 156.522262573242 175.577713012695 197.540420532227 225.63688659668 215.473251342773 197.479400634766 186.67626953125 168.71174621582 214.489868164062 221.95622253418 163.13655090332 213.104461669922 223.588760375977 194.096237182617 191.385131835938 131.035842895508 137.831695556641 158.705307006836 149.097534179688 145.214141845703 104.46753692627 91.6978759765625 106.482208251953 152.982208251953 184.852676391602 208.111938476562 160.874038696289 217.424301147461 258.020294189453 229.915252685547 269.250885009766 253.34619140625
