R_scripts/int_process_data/Portugal_DEM.asc
NCOLS 281 
NROWS 577 
XLLCORNER 81175.2677831308 
YLLCORNER -911.770678700996 
CELLSIZE 1000 
NODATA_value -3.4e+38 
[rows 161 to 183 of 577, columns 52 to 103 of 281]
-3.4e+38 -3.4e+38 -3.4e+38 -3.4e+38 -3.4e+38 -3.4e+38 -3.4e+38 -3.4e+38 -3.4e+38 -3.4e+38 -3.4e+38 -3.4e+38 -3.4e+38 -3.4e+38 -3.4e+38 -3.4e+38 4.02583360671997 -3.4e+38 -3.4e+38 0.171871617436409 -3.4e+38 -3.4e+38 0.469594687223434 0.75420206785202 1.01445758342743 0.833955466747284 2.66028523445129 3.83419322967529 3.74157929420471 2.85343909263611 2.94815897941589 23.4202575683594 61.5364723205566 99.1224746704102 126.060417175293 135.631225585938 138.985580444336 133.265228271484 73.7665786743164 47.4073066711426 76.7554168701172 110.018325805664 164.5556640625 118.252731323242 174.028823852539 168.109573364258 85.8018569946289 106.685127258301 199.146987915039 322.279022216797 404.084869384766 533.635437011719
-3.4e+38 -3.4e+38 -3.4e+38 -3.4e+38 -3.4e+38 -3.4e+38 -3.4e+38 -3.4e+38 -3.4e+38 -3.4e+38 -3.4e+38 -3.4e+38 -3.4e+38 -3.4e+38 -3.4e+38 -3.4e+38 4.61235809326172 -3.4e+38 -3.4e+38 -3.4e+38 -0.131925508379936 -0.158119395375252 -3.4e+38 1.41081380844116 1.6473240852356 10.5918531417847 11.0388011932373 7.22750043869019 4.90934705734253 3.30902361869812 2.35871767997742 37.5710868835449 78.4299850463867 99.953727722168 119.254318237305 125.888732910156 130.086669921875 123.540504455566 105.90079498291 40.757152557373 61.3119926452637 95.816764831543 88.3579788208008 80.531135559082 111.623741149902 107.866317749023 150.876602172852 214.725921630859 228.108367919922 289.675231933594 350.495178222656 552.804443359375
-3.4e+38 -3.4e+38 -3.4e+38 -3.4e+38 -3.4e+38 -3.4e+38 -3.4e+38 -3.4e+38 -3.4e+38 -3.4e+38 -3.4e+38 -3.4e+38 -3.4e+38 -3.4e+38 -3.4e+38 7.36675596237183 4.93542957305908 -3.4e+38 -1.15259671211243 -0.018624022603035 -3.4e+38 -3.4e+38 0.8377366065979 -0.184189215302467 4.9008846282959 17.7923793792725 19.9276695251465 16.62082862854 6.79313373565674 4.06483840942383 5.30403518676758 40.4536056518555 81.7762832641602 96.2932586669922 105.817161560059 114.136558532715 115.827835083008 119.860504150391 120.596817016602 74.4824752807617 47.3392868041992 63.3274688720703 90.0304107666016 113.249626159668 149.728073120117 170.288314819336 185.678161621094 199.615432739258 260.467193603516 406.660400390625 433.703857421875 562.360656738281
-3.4e+38 -3.4e+38 -3.4e+38 -3.4e+38 -3.4e+38 -3.4e+38 -3.4e+38 -3.4e+38 -3.4e+38 -3.4e+38 -3.4e+38 -3.4e+38 -3.4e+38 -3.4e+38 -3.4e+38 6.41220283508301 5.66471385955811 -3.4e+38 -0.312196612358093 -3.4e+38 -1.00761198997498 0.0319800600409508 -0.0924816802144051 -1.69805109500885 10.5216760635376 20.7760334014893 25.6616382598877 25.8676490783691 8.40143489837646 2.3522961139679 6.50725889205933 53.9983100891113 62.6133422851562 70.4596939086914 78.8523635864258 98.0960388183594 104.49365234375 114.939888000488 82.7883453369141 42.960147857666 38.9650382995605 66.8747100830078 139.958297729492 132.089965820312 148.286071777344 193.647857666016 230.695999145508 310.108917236328 350.691467285156 459.588653564453 533.643981933594 605.184387207031
-3.4e+38 -3.4e+38 -3.4e+38 -3.4e+38 -3.4e+38 -3.4e+38 -3.4e+38 -3.4e+38 -3.4e+38 -3.4e+38 -3.4e+38 -3.4e+38 -3.4e+38 -3.4e+38 -3.4e+38 4.5304594039917 2.60243725776672 -3.4e+38 -0.372268259525299 -1.08802950382233 -1.51071500778198 -1.17341721057892 -1.69102191925049 -1.16526651382446 12.1291761398315 22.0844974517822 31.3689022064209 29.8018360137939 15.2247667312622 2.91719365119934 4.05909013748169 12.8810319900513 45.7581825256348 69.2814178466797 80.9982833862305 88.759765625 95.348014831543 112.679344177246 62.1819190979004 54.754825592041 77.4575271606445 71.322624206543 122.973037719727 147.246337890625 166.992858886719 208.080810546875 237.756759643555 338.490478515625 401.050170898438 419.942169189453 471.084136962891 487.470825195312
-3.4e+38 -3.4e+38 -3.4e+38 -3.4e+38 -3.4e+38 -3.4e+38 -3.4e+38 -3.4e+38 -3.4e+38 -3.4e+38 -3.4e+38 -3.4e+38 -3.4e+38 -3.4e+38 -3.4e+38 2.07967352867126 -3.4e+38 2.07330369949341 2.15221476554871 -1.44870674610138 -1.2816253900528 -1.74930644035339 -1.54347777366638 1.41929376125336 12.4184341430664 21.5712966918945 36.6870040893555 37.9585952758789 19.6670303344727 4.00888967514038 4.25456237792969 3.59861540794373 31.1624870300293 64.4592437744141 90.1759719848633 98.3070373535156 96.3304138183594 103.034027099609 66.3549728393555 43.8913612365723 84.0667419433594 83.3080291748047 121.585838317871 150.283569335938 163.334350585938 219.130752563477 304.951446533203 343.321807861328 294.482482910156 421.387786865234 351.001312255859 339.264068603516
-3.4e+38 -3.4e+38 -3.4e+38 -3.4e+38 -3.4e+38 -3.4e+38 -3.4e+38 -3.4e+38 -3.4e+38 -3.4e+38 -3.4e+38 -3.4e+38 -3.4e+38 -3.4e+38 -3.4e+38 -3.4e+38 2.11206293106079 3.49397253990173 4.25482273101807 0.254658192396164 -1.32050704956055 -1.68902826309204 1.45266735553741 12.1974020004272 21.4328556060791 27.4502105712891 43.7748718261719 41.2815246582031 22.4617824554443 4.38738489151001 2.76186227798462 12.8000955581665 54.6683692932129 77.4701385498047 82.2453460693359 82.1185989379883 88.082878112793 86.8180160522461 38.1773109436035 21.1607418060303 61.5104560852051 73.4627380371094 125.510208129883 133.136291503906 148.563079833984 178.595840454102 261.017913818359 257.313873291016 283.244750976562 306.454803466797 206.218353271484 183.976470947266
-3.4e+38 -3.4e+38 -3.4e+38 -3.4e+38 -3.4e+38 -3.4e+38 -3.4e+38 -3.4e+38 -3.4e+38 -3.4e+38 -3.4e+38 -3.4e+38 -3.4e+38 -3.4e+38 -3.4e+38 1.44959819316864 2.20977830886841 6.01394367218018 7.26892232894897 5.28125476837158 0.999516069889069 -1.98725140094757 7.51071548461914 16.5270557403564 19.6957397460938 35.6420021057129 48.3576126098633 38.0253982543945 16.071403503418 9.31151580810547 3.95264196395874 10.6727514266968 52.4233131408691 68.5821762084961 63.2142181396484 69.3264541625977 71.8740463256836 44.0604515075684 20.7542591094971 21.3700733184814 33.9415969848633 81.1602172851562 110.810691833496 99.7975997924805 123.296577453613 150.67121887207 180.786819458008 227.169006347656 266.022705078125 163.779159545898 168.385559082031 230.829086303711
-3.4e+38 -3.4e+38 -3.4e+38 -3.4e+38 -3.4e+38 -3.4e+38 -3.4e+38 -3.4e+38 -3.4e+38 -3.4e+38 -3.4e+38 -3.4e+38 -3.4e+38 -3.4e+38 1.228346824646 0.418988257646561 4.80817747116089 10.1282815933228 10.6848297119141 7.90108823776245 0.5222207903862 -1.27872979640961 8.30169677734375 19.7237453460693 24.9215087890625 40.8365211486816 49.3800239562988 30.9523601531982 30.2658443450928 28.8381309509277 13.9813528060913 4.85228109359741 21.1726169586182 42.4918556213379 58.3766899108887 50.8460578918457 30.5066699981689 28.8762397766113 57.9365768432617 41.8073425292969 20.8901443481445 43.1452102661133 84.3447570800781 116.676376342773 142.666305541992 149.32096862793 162.463012695312 137.228622436523 118.220153808594 166.285232543945 316.939361572266 386.446441650391
-3.4e+38 -3.4e+38 -3.4e+38 -3.4e+38 -3.4e+38 -3.4e+38 -3.4e+38 -3.4e+38 -3.4e+38 -3.4e+38 -3.4e+38 -3.4e+38 -3.4e+38 -3.4e+38 2.17717051506042 0.780432224273682 5.97895860671997 14.0920391082764 15.4414710998535 9.95617961883545 1.38152873516083 3.41113209724426 12.5026006698608 20.2457256317139 31.8080806732178 48.0260925292969 49.3335914611816 45.7590713500977 51.9778671264648 45.6160697937012 18.3619403839111 19.0484600067139 12.1673908233643 28.3626136779785 47.8786354064941 21.3958740234375 6.08207082748413 42.8252601623535 81.2771835327148 77.0062484741211 29.6075019836426 22.7629547119141 75.820426940918 123.093460083008 151.151184082031 167.068115234375 124.973960876465 87.9027938842773 150.234451293945 244.494827270508 375.645843505859 397.496154785156
-3.4e+38 -3.4e+38 -3.4e+38 -3.4e+38 -3.4e+38 -3.4e+38 -3.4e+38 -3.4e+38 -3.4e+38 -3.4e+38 -3.4e+38 -3.4e+38 -3.4e+38 -3.4e+38 1.67942845821381 0.225440680980682 7.42546129226685 13.5139465332031 15.6546125411987 6.77155590057373 1.30220699310303 9.2581090927124 16.8040027618408 24.5657749176025 37.9278793334961 50.3427848815918 53.0884628295898 53.401798248291 51.3112411499023 32.6045417785645 24.5076026916504 50.9013595581055 39.8975028991699 10.5031852722168 15.3374452590942 8.5380859375 19.4849185943604 57.3795967102051 75.8940048217773 75.9906005859375 51.1487922668457 36.7262306213379 81.1757965087891 125.835876464844 157.678771972656 157.469863891602 77.6263198852539 136.474716186523 259.311157226562 381.711883544922 455.26513671875 421.127746582031
-3.4e+38 -3.4e+38 -3.4e+38 -3.4e+38 -3.4e+38 -3.4e+38 -3.4e+38 -3.4e+38 -3.4e+38 -3.4e+38 -3.4e+38 -3.4e+38 -3.4e+38 -3.4e+38 1.30092990398407 1.07101452350616 11.1586751937866 15.7142314910889 13.0011787414551 3.26904988288879 4.82110023498535 14.5389394760132 20.6842594146729 28.2398662567139 44.3984642028809 51.349308013916 55.283748626709 50.8861274719238 34.3698120117188 31.6682453155518 64.6487808227539 63.2733459472656 44.5145874023438 15.1437292098999 43.4596405029297 52.9258270263672 54.1467895507812 73.1001281738281 77.3715515136719 81.3847961425781 72.5638580322266 66.4748764038086 93.2138290405273 123.731712341309 155.488189697266 133.644012451172 92.6689147949219 160.980270385742 296.319763183594 410.543823242188 435.858154296875 362.185882568359
-3.4e+38 -3.4e+38 -3.4e+38 -3.4e+38 -3.4e+38 -3.4e+38 -3.4e+38 -3.4e+38 -3.4e+38 -3.4e+38 -3.4e+38 -3.4e+38 -3.4e+38 1.36362111568451 1.14011776447296 4.20276069641113 14.8845386505127 17.3695335388184 10.8375253677368 3.36298370361328 9.30540561676025 18.1711826324463 24.2758350372314 36.5576705932617 49.5906181335449 52.3971672058105 56.2717247009277 51.902473449707 46.1155014038086 51.1356353759766 73.9425430297852 60.3027420043945 37.9838981628418 13.352367401123 16.9681663513184 48.1702690124512 70.4604110717773 82.411506652832 83.2005310058594 82.7073059082031 78.3549499511719 76.8756713867188 102.32258605957 114.484840393066 138.030731201172 111.035781860352 142.289215087891 191.80583190918 312.956939697266 244.285751342773 263.217498779297 234.488891601562
-3.4e+38 -3.4e+38 -3.4e+38 -3.4e+38 -3.4e+38 -3.4e+38 -3.4e+38 -3.4e+38 -3.4e+38 -3.4e+38 -3.4e+38 -3.4e+38 -3.4e+38 1.94521486759186 1.51911199092865 9.8687686920166 16.6209850311279 16.8689765930176 13.8051910400391 4.79429531097412 7.5549578666687 20.6510314941406 28.1829662322998 43.7469787597656 54.8328895568848 56.6080169677734 51.0433158874512 52.4354362487793 57.3296928405762 62.7423896789551 57.8023376464844 51.6370086669922 16.3363056182861 3.23495817184448 8.59899044036865 18.2032623291016 24.3794422149658 53.5118064880371 78.1492919921875 62.2166938781738 61.8973999023438 56.5272560119629 87.0508422851562 114.728866577148 127.509269714355 95.9632186889648 128.433303833008 200.34504699707 232.598861694336 133.821395874023 176.238800048828 241.882385253906
-3.4e+38 -3.4e+38 -3.4e+38 -3.4e+38 -3.4e+38 -3.4e+38 -3.4e+38 -3.4e+38 -3.4e+38 -3.4e+38 -3.4e+38 -3.4e+38 -3.4e+38 2.8915638923645 4.06116580963135 15.8007354736328 17.6382160186768 17.7084331512451 14.0457105636597 5.45590162277222 7.1068000793457 30.8117523193359 35.7536964416504 49.4452857971191 59.1797409057617 56.9710121154785 41.959114074707 41.5520324707031 41.6347389221191 46.912712097168 33.4225883483887 17.5561256408691 9.84338665008545 11.3749208450317 6.65407943725586 25.8669624328613 21.9351768493652 25.1204147338867 27.2220611572266 21.1134262084961 23.3676052093506 43.4605255126953 84.2793731689453 96.5693664550781 104.905059814453 65.3506469726562 139.214828491211 158.965957641602 111.893196105957 157.834411621094 217.513336181641 220.557678222656
-3.4e+38 -3.4e+38 -3.4e+38 -3.4e+38 -3.4e+38 -3.4e+38 -3.4e+38 -3.4e+38 -3.4e+38 -3.4e+38 -3.4e+38 -3.4e+38 -3.4e+38 3.77340817451477 6.92438220977783 18.5353717803955 21.720552444458 19.9846324920654 12.4293928146362 9.02620029449463 5.46022891998291 25.3364562988281 45.3557395935059 54.9321823120117 62.2352104187012 55.9233093261719 35.6395454406738 27.555212020874 31.6167659759521 24.5875053405762 15.3473167419434 17.0605335235596 26.7967834472656 32.813648223877 9.09657192230225 23.4673080444336 58.9473304748535 62.9329147338867 57.3658180236816 45.4835014343262 17.2668571472168 29.635684967041 53.8762474060059 43.561206817627 40.5038452148438 97.7544326782227 158.049453735352 119.622573852539 177.087173461914 258.546142578125 285.870819091797 378.948089599609
-3.4e+38 -3.4e+38 -3.4e+38 -3.4e+38 -3.4e+38 -3.4e+38 -3.4e+38 -3.4e+38 -3.4e+38 -3.4e+38 -3.4e+38 -3.4e+38 -3.4e+38 2.05867266654968 12.2200422286987 22.8541069030762 24.1674861907959 19.3609638214111 12.1924505233765 12.8257541656494 10.9250497817993 18.9559516906738 43.3986396789551 57.3231315612793 65.3518676757812 49.4291839599609 30.644115447998 23.3527374267578 27.0511837005615 22.9038200378418 24.978422164917 26.0448513031006 46.558422088623 45.1698837280273 12.7401485443115 13.4228610992432 53.1211433410645 83.3050079345703 89.0037307739258 74.7461853027344 48.4937705993652 57.5932159423828 72.6462173461914 80.5791015625 69.9694290161133 69.15673828125 103.714767456055 119.178268432617 156.118072509766 148.797897338867 177.518081665039 268.774932861328
-3.4e+38 -3.4e+38 -3.4e+38 -3.4e+38 -3.4e+38 -3.4e+38 -3.4e+38 -3.4e+38 -3.4e+38 -3.4e+38 -3.4e+38 -3.4e+38 1.21001052856445 3.472172498703 16.8418674468994 24.5511226654053 23.8580989837646 20.4601039886475 12.491192817688 14.0248403549194 17.907735824585 21.4104709625244 47.4470024108887 58.8336334228516 60.9618186950684 36.0868377685547 27.1139640808105 39.3417129516602 45.1470642089844 30.0054607391357 42.4943466186523 42.3132057189941 58.7621269226074 56.1188812255859 32.012825012207 9.77145576477051 38.4807167053223 89.3409576416016 78.9547805786133 66.4355163574219 62.8736457824707 75.8311309814453 86.6185531616211 95.8579788208008 107.889465332031 69.2267379760742 91.1972732543945 136.034271240234 173.774047851562 286.363830566406 188.888916015625 220.58219909668
-3.4e+38 -3.4e+38 -3.4e+38 -3.4e+38 -3.4e+38 -3.4e+38 -3.4e+38 -3.4e+38 -3.4e+38 -3.4e+38 -3.4e+38 -3.4e+38 0.208141461014748 5.2805643081665 21.1179447174072 25.9625835418701 25.1897468566895 23.8167018890381 16.4084224700928 14.3074741363525 17.9726428985596 17.8596019744873 51.1740341186523 63.5437622070312 56.007682800293 36.0097274780273 35.4413414001465 52.669246673584 38.8119659423828 33.4839401245117 53.6089859008789 47.1392440795898 50.697509765625 68.6929092407227 48.5486717224121 15.1154184341431 14.5923385620117 49.0659294128418 64.2041320800781 58.975341796875 65.3956680297852 71.1049041748047 66.0609664916992 71.9817428588867 90.0969085693359 84.8256683349609 119.422378540039 148.999084472656 187.638320922852 363.379516601562 280.094635009766 171.34553527832
-3.4e+38 -3.4e+38 -3.4e+38 -3.4e+38 -3.4e+38 -3.4e+38 -3.4e+38 -3.4e+38 -3.4e+38 -3.4e+38 -3.4e+38 -3.4e+38 1.10945308208466 10.3970232009888 24.0393714904785 27.6875133514404 26.5195999145508 26.7794818878174 21.9265117645264 16.8168888092041 20.1758823394775 15.2300415039062 50.8780670166016 66.8285064697266 53.4461402893066 41.0972709655762 45.6369209289551 53.8555107116699 41.6662712097168 55.5493545532227 54.936840057373 51.9932899475098 43.1657409667969 34.1223564147949 23.9138221740723 38.0459823608398 30.6875324249268 9.06036472320557 28.5396156311035 47.0587768554688 52.1433868408203 54.6356201171875 54.5319709777832 69.1510620117188 79.9435729980469 87.8302536010742 102.770660400391 126.087631225586 193.353759765625 270.693328857422 334.455383300781 204.330078125
-3.4e+38 -3.4e+38 -3.4e+38 -3.4e+38 -3.4e+38 -3.4e+38 -3.4e+38 -3.4e+38 -3.4e+38 -3.4e+38 -3.4e+38 -3.4e+38 3.13577270507812 15.2998781204224 22.8424415588379 26.0847625732422 26.6510257720947 28.3754043579102 26.893949508667 22.2143001556396 25.4249362945557 13.8331394195557 45.6570243835449 68.4859161376953 65.848762512207 46.4006652832031 50.9723014831543 58.0670318603516 51.0274887084961 59.1629486083984 59.7228965759277 52.9663124084473 53.1663703918457 47.8130111694336 23.2332363128662 43.6197166442871 46.8106231689453 21.6002044677734 11.172137260437 21.6619033813477 27.0892486572266 29.0183906555176 40.372802734375 55.507869720459 74.5764007568359 93.5064697265625 120.85041809082 156.550186157227 245.430160522461 263.878479003906 350.083190917969 336.111206054688
-3.4e+38 -3.4e+38 -3.4e+38 -3.4e+38 -3.4e+38 -3.4e+38 -3.4e+38 -3.4e+38 -3.4e+38 -3.4e+38 -3.4e+38 3.59864211082458 5.28483486175537 17.0981063842773 23.038028717041 23.9181365966797 24.6250705718994 28.3524112701416 29.2349681854248 24.8182773590088 23.1131210327148 19.9538192749023 39.7568664550781 57.9963760375977 48.6674575805664 37.6329612731934 51.221851348877 62.4321441650391 63.3403472900391 61.6803970336914 57.1406135559082 55.2663116455078 65.0793762207031 51.7509651184082 29.1577434539795 30.4898166656494 53.8885917663574 43.6874465942383 26.4308433532715 19.9357509613037 29.0481376647949 41.2099647521973 49.0081672668457 61.5941696166992 78.7571563720703 103.730110168457 135.337631225586 160.207168579102 217.76969909668 310.269500732422 336.900207519531 419.314270019531
-3.4e+38 -3.4e+38 -3.4e+38 -3.4e+38 -3.4e+38 -3.4e+38 -3.4e+38 -3.4e+38 -3.4e+38 -3.4e+38 -3.4e+38 3.93576192855835 12.2860078811646 19.0659084320068 23.0027275085449 22.2106781005859 23.125129699707 29.8627891540527 34.0198593139648 26.7927684783936 27.6681213378906 31.2436199188232 27.1088981628418 27.0778789520264 30.0326480865479 36.5826416015625 48.9333076477051 62.3484382629395 66.5910186767578 61.0099105834961 54.3458213806152 51.320369720459 56.2853393554688 37.2375869750977 45.3957290649414 52.2797393798828 41.1050300598145 58.1326446533203 32.3927307128906 22.0466709136963 44.3138694763184 53.6408042907715 63.219913482666 82.9179534912109 104.837684631348 120.851913452148 131.330413818359 178.065673828125 222.061950683594 265.623443603516 371.659545898438 455.748718261719
