R_scripts/int_process_data/Portugal_DEM.asc
NCOLS 281 
NROWS 577 
XLLCORNER 81175.2677831308 
YLLCORNER -911.770678700996 
CELLSIZE 1000 
NODATA_value -3.4e+38 
[rows 138 to 160 of 577, columns 156 to 207 of 281]
887.723266601562 879.655944824219 845.842407226562 796.571838378906 794.410827636719 837.229736328125 844.890197753906 824.949584960938 746.866333007812 702.945434570312 670.885803222656 711.984619140625 711.500305175781 715.233703613281 668.637390136719 611.376647949219 681.599243164062 740.560974121094 776.059326171875 808.444580078125 837.189575195312 827.092346191406 814.68701171875 854.835266113281 884.341613769531 842.452331542969 820.857055664062 779.887573242188 718.966369628906 657.907836914062 673.927490234375 700.478698730469 758.129577636719 743.344665527344 633.198974609375 625.836181640625 576.37109375 501.359680175781 491.17626953125 482.296997070312 487.590942382812 478.8740234375 469.409332275391 467.581756591797 479.581512451172 405.049499511719 422.8779296875 497.068481445312 468.187347412109 343.408020019531 404.795745849609 479.671234130859
841.880737304688 852.268127441406 825.465393066406 787.521911621094 796.097717285156 808.937622070312 807.774047851562 831.869323730469 786.682189941406 715.3955078125 685.029357910156 732.995788574219 739.024230957031 698.859008789062 620.959899902344 625.996032714844 729.221069335938 745.865905761719 787.659790039062 836.40869140625 859.109130859375 843.257995605469 865.443481445312 891.251953125 890.937255859375 843.8046875 831.356323242188 808.437194824219 745.045532226562 682.432861328125 718.627990722656 776.402526855469 777.211730957031 642.771789550781 577.534973144531 552.068542480469 520.403259277344 520.664489746094 518.857360839844 497.609130859375 486.999328613281 471.510406494141 471.604919433594 484.540496826172 436.0068359375 427.745880126953 489.282775878906 505.52685546875 453.702331542969 353.613464355469 408.417877197266 471.200653076172
808.633605957031 834.440246582031 809.444946289062 783.828186035156 785.904357910156 791.149291992188 800.866271972656 837.804931640625 821.689697265625 739.912170410156 771.962463378906 775.766479492188 746.052185058594 717.421813964844 609.505859375 618.859985351562 723.316772460938 835.449279785156 846.790832519531 877.387329101562 876.109069824219 810.596923828125 888.764099121094 925.759887695312 932.351928710938 894.384887695312 871.467102050781 838.181213378906 785.739318847656 720.088073730469 758.850952148438 815.033752441406 729.424133300781 638.520874023438 582.467895507812 543.147216796875 543.602416992188 551.388488769531 519.41015625 503.062164306641 478.858245849609 477.002655029297 480.988677978516 454.481903076172 398.469757080078 455.9365234375 504.753295898438 462.885711669922 392.934173583984 365.059753417969 458.515991210938 496.998352050781
791.259704589844 801.089172363281 783.038757324219 782.964660644531 808.513122558594 834.647827148438 835.492004394531 848.428039550781 855.464111328125 871.374633789062 898.814453125 825.392395019531 819.01904296875 783.773681640625 651.797424316406 619.024230957031 781.277893066406 897.484191894531 888.473083496094 922.01611328125 838.202880859375 780.053894042969 895.356628417969 924.233215332031 926.863830566406 887.003112792969 912.393615722656 871.953430175781 793.249755859375 716.944030761719 784.8857421875 780.178894042969 781.344482421875 713.022766113281 642.827270507812 612.277221679688 597.484191894531 572.100463867188 518.883422851562 500.422729492188 489.65478515625 490.142730712891 471.081634521484 415.919311523438 442.862609863281 467.282135009766 485.023101806641 419.701141357422 353.730804443359 420.498107910156 504.682769775391 539.949340820312
786.47705078125 776.264038085938 787.833190917969 812.103637695312 838.110900878906 846.557373046875 846.694274902344 845.370361328125 872.951416015625 893.795166015625 908.485107421875 864.027954101562 764.347839355469 737.736206054688 649.015747070312 634.003723144531 736.352661132812 808.396789550781 856.104309082031 893.166015625 742.406555175781 784.067138671875 908.38818359375 940.019592285156 835.619506835938 844.567932128906 937.282775878906 881.424560546875 757.291625976562 698.52685546875 740.241821289062 779.933471679688 789.688415527344 755.519287109375 691.537475585938 622.519409179688 581.350524902344 580.047668457031 520.766357421875 506.983337402344 507.304016113281 487.009033203125 463.536346435547 425.878204345703 490.899658203125 488.442657470703 483.136657714844 442.016662597656 402.390930175781 484.938629150391 530.290649414062 581.779235839844
776.144165039062 783.835021972656 804.779235839844 813.596374511719 817.657409667969 841.350646972656 830.154113769531 817.229125976562 844.522827148438 854.897216796875 901.656555175781 863.742431640625 715.072204589844 656.14892578125 651.951232910156 623.009948730469 639.885375976562 720.254760742188 779.633239746094 766.187133789062 669.777038574219 767.322265625 887.312377929688 871.909484863281 758.517822265625 856.368041992188 936.809387207031 875.946228027344 739.839721679688 708.7646484375 762.835693359375 786.254028320312 778.312805175781 740.170715332031 658.182434082031 609.128356933594 579.405639648438 552.18798828125 537.109497070312 519.259704589844 502.958374023438 514.661560058594 474.365875244141 426.757446289062 511.014617919922 502.321044921875 499.286865234375 547.799438476562 486.092132568359 421.883087158203 535.320678710938 580.105163574219
768.188171386719 797.121826171875 800.920776367188 816.132690429688 824.773986816406 844.403259277344 777.595581054688 797.37548828125 836.586364746094 873.556335449219 907.460205078125 894.512145996094 774.354797363281 708.287963867188 694.502380371094 641.841613769531 619.646850585938 667.647033691406 743.794921875 695.529113769531 672.602905273438 788.3935546875 851.02978515625 769.372924804688 750.1337890625 936.424743652344 890.544250488281 807.801391601562 717.440551757812 749.749145507812 798.899597167969 793.475708007812 765.488159179688 682.267578125 644.674621582031 651.568969726562 621.95361328125 546.274597167969 532.759460449219 512.557922363281 512.867980957031 503.493103027344 453.756072998047 478.741027832031 535.725341796875 516.089538574219 539.539855957031 591.025390625 523.453735351562 420.964538574219 547.60498046875 547.508972167969
797.841369628906 822.434387207031 821.509765625 843.299682617188 851.6630859375 827.925231933594 713.139404296875 797.65185546875 857.885192871094 869.729797363281 873.611938476562 892.727355957031 833.13916015625 729.064697265625 714.675598144531 714.671447753906 670.018676757812 623.0517578125 692.20361328125 648.982421875 683.606567382812 748.664489746094 787.202331542969 693.468017578125 805.889221191406 892.790710449219 873.419006347656 813.073120117188 725.249206542969 781.755859375 830.959350585938 806.587829589844 741.341064453125 632.1181640625 633.254272460938 648.098388671875 598.209594726562 547.18994140625 516.209594726562 497.5146484375 506.275665283203 463.951049804688 462.595428466797 532.106079101562 561.415161132812 541.964050292969 591.110229492188 615.081787109375 510.450714111328 409.586364746094 408.510833740234 508.952697753906
784.450317382812 818.869140625 833.8173828125 843.697326660156 833.049926757812 752.306823730469 679.011840820312 790.3427734375 842.022033691406 820.401489257812 848.757202148438 869.770874023438 794.54736328125 739.910461425781 761.666564941406 752.689697265625 698.162841796875 631.736206054688 629.689147949219 636.33544921875 679.556762695312 750.658325195312 715.730834960938 682.20751953125 794.084594726562 883.178039550781 877.460632324219 800.236328125 761.198425292969 852.824645996094 845.920104980469 776.64453125 689.638671875 583.473999023438 602.326354980469 615.107299804688 573.228332519531 563.680786132812 523.606872558594 483.01220703125 478.262329101562 450.404083251953 480.781951904297 574.525634765625 568.976196289062 529.480346679688 564.171691894531 563.472351074219 485.115203857422 439.535797119141 364.239715576172 406.831848144531
738.19775390625 798.223754882812 800.393127441406 790.25048828125 792.458435058594 696.361267089844 652.5322265625 781.8896484375 818.375427246094 775.293884277344 836.754455566406 847.208068847656 789.409851074219 763.721496582031 757.968383789062 794.915649414062 721.284362792969 696.853759765625 629.707580566406 621.482177734375 695.805603027344 746.875793457031 658.662841796875 670.288818359375 803.104370117188 847.449340820312 809.536254882812 792.949645996094 814.256042480469 865.401977539062 795.390563964844 713.106262207031 644.312133789062 563.706909179688 553.697082519531 550.731811523438 531.5166015625 534.977233886719 504.134155273438 485.452514648438 514.70751953125 482.412017822266 526.388977050781 567.044006347656 562.030822753906 532.514038085938 546.693054199219 532.590454101562 474.832916259766 448.03662109375 400.443572998047 422.596771240234
744.025390625 752.868469238281 717.514953613281 728.25341796875 752.429809570312 652.569030761719 668.711486816406 756.244689941406 757.951477050781 747.596923828125 811.915283203125 778.352783203125 759.911071777344 738.856079101562 737.06591796875 786.907104492188 777.421020507812 703.729919433594 655.241088867188 643.435302734375 648.450927734375 652.625854492188 646.777099609375 723.768798828125 813.639404296875 785.379699707031 811.266723632812 806.434387207031 855.244140625 832.380004882812 755.914245605469 676.951354980469 594.751159667969 554.134460449219 548.015502929688 552.078430175781 525.351501464844 510.389709472656 510.163818359375 537.847351074219 552.26318359375 473.175262451172 488.836212158203 532.606384277344 575.427001953125 568.599426269531 561.152465820312 555.469604492188 541.514587402344 503.526184082031 450.880676269531 524.171325683594
705.593444824219 702.4462890625 653.441467285156 710.270568847656 717.38330078125 627.403930664062 683.139465332031 708.049560546875 695.694030761719 755.336608886719 736.674926757812 727.81982421875 748.892883300781 719.284118652344 748.02685546875 766.237548828125 750.349243164062 679.211791992188 726.18994140625 708.819885253906 629.156066894531 648.186767578125 669.85791015625 726.585510253906 768.787475585938 776.771118164062 825.468322753906 791.113525390625 831.877380371094 783.384643554688 713.76416015625 656.802551269531 573.467651367188 589.849731445312 604.757934570312 566.231506347656 552.068176269531 567.633544921875 541.174377441406 517.786193847656 473.710632324219 463.955108642578 481.371551513672 523.141784667969 573.345153808594 588.624755859375 578.758911132812 570.21337890625 574.439025878906 522.858581542969 497.479797363281 514.862609863281
669.811096191406 657.12060546875 675.314086914062 705.5966796875 662.71435546875 627.115417480469 689.143127441406 669.001647949219 703.819641113281 697.422424316406 644.335388183594 720.570556640625 724.281799316406 698.708557128906 748.710998535156 750.844360351562 715.861938476562 739.496765136719 794.222900390625 747.688598632812 653.249755859375 637.032348632812 662.758422851562 726.723876953125 771.502746582031 789.769592285156 758.244873046875 769.213989257812 810.644653320312 811.199035644531 774.517700195312 692.917846679688 619.575927734375 636.445922851562 584.568176269531 567.048706054688 625.333923339844 598.594848632812 538.958862304688 486.25439453125 483.907165527344 518.682922363281 541.442321777344 550.314208984375 590.704711914062 605.112487792969 588.79833984375 578.251159667969 591.556579589844 545.352783203125 535.950866699219 570.69775390625
637.248107910156 608.168151855469 660.311462402344 642.5380859375 628.230773925781 625.488525390625 651.341613769531 699.831909179688 739.968139648438 655.410095214844 627.019592285156 699.48291015625 671.87060546875 697.6171875 745.622131347656 730.46826171875 709.648010253906 743.225830078125 767.664978027344 769.147521972656 695.328186035156 727.013305664062 720.626037597656 722.264038085938 757.367004394531 727.1337890625 733.621215820312 802.30419921875 834.638793945312 812.812744140625 802.316467285156 708.937438964844 639.850952148438 648.192626953125 638.0625 618.20849609375 651.768249511719 619.9833984375 557.044738769531 536.213928222656 516.629699707031 534.913879394531 572.680847167969 603.885559082031 627.168273925781 615.449279785156 600.395080566406 589.804382324219 614.100769042969 582.760498046875 551.867736816406 574.205444335938
607.559143066406 598.952514648438 612.592224121094 609.111145019531 604.415771484375 624.638977050781 661.865905761719 713.904724121094 700.195556640625 609.981262207031 629.788208007812 645.429260253906 683.396606445312 695.254028320312 708.382934570312 687.272888183594 705.451049804688 744.197875976562 764.951232910156 747.066772460938 706.551025390625 821.482238769531 841.371948242188 759.112915039062 716.406616210938 702.069946289062 753.6865234375 816.423400878906 847.458068847656 791.342407226562 736.20068359375 674.974243164062 674.390747070312 728.173889160156 700.038452148438 644.119445800781 604.640441894531 574.207702636719 560.311340332031 547.168823242188 535.329772949219 547.052612304688 573.884704589844 609.577697753906 633.986022949219 614.043884277344 619.385070800781 604.208801269531 614.660400390625 593.899963378906 569.529907226562 606.145446777344
587.15185546875 590.66748046875 595.95751953125 605.545288085938 637.200622558594 699.52587890625 700.163391113281 688.792175292969 640.458618164062 575.141723632812 607.354553222656 608.933410644531 653.111389160156 682.9365234375 679.737121582031 686.416076660156 743.676330566406 763.902038574219 727.351013183594 693.264099121094 692.352478027344 812.796936035156 925.584594726562 847.086975097656 706.12060546875 703.480102539062 733.201171875 815.635986328125 837.034301757812 754.679809570312 694.569152832031 724.828186035156 773.185974121094 778.018981933594 691.916259765625 646.519775390625 608.977722167969 580.032592773438 563.469360351562 541.104858398438 549.363830566406 570.073425292969 581.013610839844 608.12255859375 625.175354003906 621.350708007812 640.871887207031 626.941467285156 606.411560058594 625.199768066406 600.364807128906 577.423706054688
643.38623046875 635.564880371094 629.195739746094 647.574768066406 659.477233886719 669.145385742188 663.841552734375 644.246337890625 575.498779296875 579.114013671875 621.419189453125 641.51708984375 676.169372558594 691.174621582031 638.978210449219 701.694030761719 769.582824707031 750.815246582031 693.358825683594 656.150939941406 701.668762207031 783.165405273438 878.330139160156 797.632507324219 745.441101074219 742.885681152344 728.147521972656 782.837280273438 829.273559570312 795.460510253906 734.33056640625 752.305541992188 766.751525878906 759.643188476562 724.394287109375 690.434387207031 589.984252929688 569.529174804688 574.4130859375 553.59716796875 572.29541015625 562.937133789062 592.284851074219 619.876953125 628.973083496094 643.329406738281 656.502319335938 636.281311035156 603.270141601562 638.933288574219 624.62890625 573.799560546875
621.116760253906 606.284362792969 606.998596191406 620.750732421875 623.968017578125 622.061584472656 636.232116699219 606.635070800781 563.788879394531 659.094421386719 713.9833984375 694.853454589844 664.831848144531 591.20361328125 661.940856933594 717.265380859375 753.82275390625 725.638671875 672.732238769531 654.796447753906 713.6640625 761.573486328125 833.631164550781 704.156311035156 797.431396484375 833.021606445312 794.010986328125 793.063293457031 779.649719238281 783.991333007812 725.4912109375 679.060485839844 662.839782714844 754.865417480469 760.611877441406 669.163024902344 592.275085449219 567.346313476562 543.345520019531 582.885070800781 622.395935058594 597.127380371094 583.931762695312 629.687316894531 638.644958496094 651.127685546875 669.544006347656 646.843017578125 606.115661621094 625.224670410156 637.375732421875 591.360778808594
600.847534179688 602.87841796875 617.063049316406 643.331298828125 609.131591796875 547.645446777344 571.491333007812 536.0546875 582.626403808594 683.807006835938 672.73828125 604.411010742188 549.19580078125 560.680969238281 654.260498046875 702.234619140625 736.286743164062 700.45556640625 661.115356445312 653.006103515625 710.740173339844 760.128112792969 730.400756835938 668.670166015625 850.574157714844 858.762634277344 797.798278808594 800.031066894531 716.33740234375 672.880493164062 638.451965332031 568.384582519531 621.042236328125 772.166687011719 777.698120117188 701.811401367188 606.186340332031 549.806396484375 529.88818359375 583.425903320312 609.579345703125 621.967590332031 599.118896484375 643.429443359375 644.962036132812 660.1435546875 676.828674316406 636.201843261719 610.321533203125 633.267822265625 636.767395019531 612.092102050781
607.496826171875 568.808349609375 560.867431640625 583.031127929688 522.416198730469 488.119934082031 496.371673583984 531.362426757812 646.6533203125 701.171081542969 580.984069824219 534.969848632812 502.702178955078 585.052490234375 637.712341308594 680.618408203125 699.736267089844 677.080139160156 638.780334472656 652.39990234375 697.661254882812 753.884704589844 603.658813476562 694.847290039062 853.015441894531 790.970886230469 770.273010253906 774.251770019531 647.776306152344 556.603515625 582.921264648438 510.267730712891 611.417236328125 722.669006347656 731.502319335938 664.236083984375 577.565246582031 542.58154296875 548.300354003906 540.185424804688 551.079223632812 573.212219238281 588.441162109375 645.0556640625 654.526916503906 676.287780761719 649.768615722656 613.919494628906 617.52197265625 653.839782714844 648.418273925781 607.342102050781
548.875671386719 531.900756835938 498.459014892578 491.865631103516 472.864440917969 501.485961914062 555.623168945312 613.435974121094 659.458557128906 640.342041015625 565.470092773438 496.70361328125 515.436645507812 566.35302734375 633.667541503906 693.163879394531 658.090026855469 637.907592773438 661.229736328125 691.560119628906 607.999328613281 613.986694335938 539.936401367188 737.035034179688 814.90283203125 713.224060058594 756.137023925781 667.801513671875 521.545593261719 529.897644042969 528.929382324219 484.069732666016 560.288513183594 573.132202148438 635.310913085938 605.380065917969 550.349365234375 554.428283691406 572.435424804688 546.941955566406 558.250427246094 563.528686523438 600.737182617188 667.54638671875 663.598815917969 661.279174804688 633.074951171875 630.692504882812 632.594970703125 661.680725097656 629.759460449219 602.728576660156
503.284454345703 516.793212890625 477.928771972656 479.706481933594 513.139831542969 537.699890136719 580.150573730469 594.362609863281 585.805603027344 559.464965820312 529.010314941406 489.349151611328 527.851318359375 579.459655761719 654.734741210938 660.759521484375 624.850952148438 627.031494140625 694.060180664062 709.036560058594 525.572265625 458.63037109375 538.372375488281 725.708190917969 749.867858886719 658.74072265625 675.447509765625 535.530639648438 468.744140625 497.619262695312 474.744964599609 457.476593017578 490.201507568359 502.23046875 532.733459472656 554.010681152344 547.461303710938 584.672058105469 559.992248535156 567.804809570312 578.464050292969 559.253479003906 599.864990234375 647.861877441406 665.188720703125 653.317993164062 661.63916015625 652.440612792969 655.899658203125 662.626953125 608.776306152344 637.019958496094
481.420227050781 458.739715576172 494.862884521484 540.605651855469 557.210632324219 585.989440917969 563.867736816406 511.108764648438 511.905792236328 505.229949951172 469.991027832031 496.148712158203 538.96142578125 622.062255859375 650.177978515625 621.591918945312 641.1689453125 675.319641113281 735.032287597656 619.263122558594 465.640350341797 436.560363769531 576.207336425781 703.8671875 670.574951171875 557.434997558594 622.210571289062 491.315612792969 452.888061523438 455.020080566406 440.310668945312 452.088043212891 467.185302734375 481.462341308594 498.160858154297 535.716064453125 564.851806640625 577.282897949219 573.6328125 625.303649902344 606.036254882812 563.132263183594 576.842468261719 620.338928222656 676.805908203125 679.255554199219 679.121032714844 673.454650878906 691.819763183594 653.084533691406 610.844604492188 627.168640136719
