R_scripts/int_process_data/Portugal_Aspect_degrees.asc
NCOLS 281 
NROWS 577 
XLLCORNER 81175.2677831308 
YLLCORNER -911.770678700996 
CELLSIZE 1000 
NODATA_value -3.4e+38 
[rows 161 to 183 of 577, columns 104 to 155 of 281]
171.107543945312 198.79768371582 235.856338500977 258.066131591797 259.674743652344 217.934143066406 213.169738769531 221.340454101562 212.207458496094 224.464996337891 194.320556640625 194.190704345703 149.634857177734 117.467727661133 120.806884765625 121.933006286621 116.89608001709 140.852127075195 120.048271179199 131.864135742188 147.354156494141 192.627593994141 186.793975830078 154.554473876953 107.693672180176 202.570037841797 239.251556396484 185.905807495117 111.450820922852 165.714660644531 162.045211791992 206.403793334961 190.125106811523 230.050186157227 253.169357299805 216.171325683594 209.632797241211 222.243270874023 215.272857666016 197.158325195312 213.991775512695 217.338943481445 227.472640991211 218.774429321289 211.36882019043 238.810897827148 180.072555541992 179.74137878418 222.034225463867 207.199142456055 205.014923095703 240.991561889648
212.681243896484 232.456390380859 295.943023681641 273.555389404297 218.987915039062 171.518417358398 206.321990966797 227.941604614258 199.210357666016 175.737609863281 163.254333496094 170.910415649414 194.424209594727 210.315475463867 171.96403503418 145.284515380859 113.502944946289 99.0481185913086 116.263496398926 161.979080200195 176.194473266602 158.694381713867 145.042694091797 190.495193481445 222.539520263672 219.271118164062 229.372787475586 205.388244628906 157.384536743164 157.031982421875 166.471755981445 245.849060058594 241.074432373047 223.81396484375 215.847595214844 213.277603149414 222.326370239258 203.36865234375 158.914901733398 156.237167358398 192.512786865234 216.072219848633 205.487045288086 229.914627075195 211.390029907227 167.069259643555 140.603851318359 217.457138061523 238.005676269531 203.135894775391 222.398651123047 174.081466674805
205.724273681641 233.045379638672 238.81901550293 230.262985229492 207.577850341797 220.219970703125 212.647033691406 167.043060302734 157.453369140625 142.055053710938 137.71125793457 123.643852233887 159.666213989258 168.522903442383 156.015228271484 200.639617919922 144.136703491211 91.2365112304688 126.291313171387 180.350891113281 219.318283081055 201.153396606445 160.636795043945 136.810989379883 197.276840209961 204.804306030273 215.406585693359 203.635284423828 224.152786254883 234.376617431641 275.510345458984 255.049072265625 207.54899597168 255.950134277344 201.639099121094 233.23176574707 203.603927612305 197.576583862305 220.217712402344 192.148193359375 176.692764282227 219.304473876953 240.416580200195 195.336944580078 158.831130981445 190.934768676758 209.083404541016 209.796936035156 178.239654541016 233.321472167969 205.839080810547 167.317428588867
279.694305419922 258.450073242188 208.395706176758 214.329925537109 249.66357421875 229.484268188477 189.866348266602 156.254852294922 132.158279418945 114.245101928711 126.535362243652 139.545059204102 125.694343566895 134.40837097168 149.736587524414 143.895446777344 156.218658447266 154.768447875977 182.857727050781 194.341323852539 187.970123291016 167.672027587891 169.779769897461 182.639831542969 200.121948242188 200.146820068359 188.004776000977 235.353134155273 222.403030395508 243.81494140625 262.209259033203 166.645385742188 208.631256103516 218.237213134766 211.259887695312 194.066024780273 183.913848876953 186.516555786133 206.172058105469 233.964202880859 219.652877807617 256.863433837891 227.09260559082 174.145202636719 235.215118408203 217.427398681641 209.735382080078 182.207092285156 186.906463623047 180.705139160156 167.776779174805 232.569000244141
238.978286743164 211.601898193359 207.93864440918 215.686462402344 182.931777954102 151.502792358398 168.570922851562 141.780136108398 169.257705688477 156.069717407227 113.341415405273 116.791076660156 152.882568359375 176.605010986328 183.456527709961 148.566757202148 177.90495300293 250.457305908203 279.414428710938 197.36799621582 136.26823425293 160.885681152344 214.003387451172 239.41162109375 195.050552368164 183.517715454102 214.988372802734 212.246215820312 216.933486938477 243.611267089844 192.545623779297 223.571640014648 205.417144775391 159.219161987305 159.280792236328 141.499588012695 163.533325195312 210.869537353516 243.270599365234 256.330413818359 212.733932495117 202.638916015625 193.915115356445 254.972717285156 232.231002807617 205.881866455078 218.943710327148 237.407379150391 195.276306152344 180.824829101562 258.68505859375 217.975784301758
255.218948364258 234.65380859375 242.415344238281 198.424468994141 179.672286987305 182.962127685547 200.089797973633 206.656845092773 229.311584472656 208.173873901367 139.392120361328 112.49201965332 125.397239685059 136.987823486328 144.720031738281 120.955497741699 137.623565673828 198.821014404297 233.469573974609 184.528167724609 187.869293212891 229.392684936523 244.724029541016 218.395385742188 221.1943359375 202.021957397461 209.346954345703 191.855651855469 207.452209472656 190.923873901367 224.63508605957 210.300659179688 169.302764892578 153.761642456055 180.366073608398 211.854568481445 236.591751098633 232.984924316406 241.053359985352 263.092651367188 258.776519775391 204.328689575195 229.970123291016 180.396942138672 212.953643798828 244.554656982422 251.050704956055 226.566757202148 208.255722045898 260.392944335938 202.018814086914 113.411643981934
189.201034545898 134.815002441406 140.336135864258 160.824844360352 202.871017456055 217.171417236328 215.270584106445 173.709548950195 202.74609375 197.290084838867 212.00617980957 175.218780517578 150.834579467773 128.355041503906 137.052429199219 127.602851867676 164.30500793457 174.26676940918 185.641128540039 238.175750732422 219.403015136719 188.648910522461 186.941955566406 199.401245117188 180.673843383789 169.192504882812 184.114166259766 221.215805053711 205.804489135742 223.625213623047 164.359741210938 152.197082519531 194.044540405273 219.596710205078 218.975341796875 242.664794921875 225.272415161133 187.152008056641 193.351440429688 209.973663330078 195.626403808594 258.790679931641 205.679672241211 230.871658325195 265.341186523438 231.550720214844 213.861831665039 138.875015258789 172.740753173828 154.973388671875 180.098220825195 217.951644897461
143.174194335938 144.291442871094 109.532585144043 98.8472747802734 118.607192993164 143.608703613281 153.82600402832 109.374183654785 116.033226013184 179.690536499023 174.309860229492 236.036987304688 178.729873657227 155.263565063477 162.10823059082 251.507186889648 267.377960205078 256.450103759766 248.069580078125 221.314971923828 216.348663330078 217.774826049805 199.138854980469 188.919723510742 222.2822265625 212.507919311523 216.808975219727 185.932601928711 165.86100769043 186.744644165039 210.408493041992 208.850875854492 216.647491455078 217.658096313477 211.808578491211 217.165313720703 180.768005371094 202.446701049805 215.198699951172 189.896087646484 165.568710327148 204.529357910156 182.591567993164 225.739807128906 187.742477416992 111.470664978027 132.014236450195 187.669174194336 173.736663818359 185.918258666992 207.423736572266 204.932983398438
141.591857910156 155.153198242188 182.611297607422 154.774368286133 124.718032836914 130.034637451172 167.191680908203 161.422119140625 122.911117553711 152.462646484375 212.001205444336 243.837661743164 197.923492431641 180.918304443359 229.225921630859 244.358291625977 227.243942260742 287.327728271484 263.500671386719 197.009140014648 207.014221191406 179.718444824219 161.217559814453 175.411865234375 162.301834106445 132.785034179688 180.796951293945 174.114547729492 200.162612915039 179.06803894043 175.528244018555 237.863510131836 236.357269287109 214.486862182617 149.101654052734 178.593933105469 198.625350952148 252.449981689453 260.063934326172 230.882278442383 207.67756652832 154.387664794922 105.141181945801 130.435333251953 156.806945800781 190.862548828125 198.298110961914 196.154220581055 159.553359985352 176.720840454102 202.423324584961 186.719039916992
193.843887329102 231.487915039062 231.804901123047 218.893646240234 164.7314453125 130.129043579102 141.936172485352 170.971374511719 162.280639648438 99.6106643676758 138.083526611328 151.548034667969 175.055419921875 193.930404663086 244.541305541992 249.818176269531 198.388381958008 185.086212158203 208.971176147461 203.539749145508 178.503128051758 196.492324829102 193.256057739258 185.420028686523 221.195129394531 221.738998413086 186.624420166016 188.611740112305 219.145263671875 193.20378112793 217.973693847656 205.514144897461 191.804656982422 173.133514404297 220.235336303711 242.672134399414 261.846588134766 268.932342529297 250.133972167969 230.63639831543 195.827117919922 222.998016357422 199.858215332031 179.741394042969 195.475662231445 178.150726318359 175.989440917969 118.419860839844 123.12036895752 133.934539794922 163.473495483398 155.957794189453
192.103866577148 227.209136962891 226.109802246094 203.551147460938 209.557678222656 215.653625488281 161.49560546875 170.742233276367 171.824645996094 135.684494018555 97.3950424194336 117.274505615234 129.626831054688 213.531661987305 273.224395751953 252.518157958984 246.921478271484 220.991775512695 204.880966186523 192.603378295898 206.208511352539 212.972915649414 178.590805053711 194.38249206543 209.545104980469 177.3896484375 176.865753173828 227.921279907227 192.599517822266 214.265747070312 226.939727783203 200.17431640625 176.717987060547 175.40315246582 227.069122314453 259.816528320312 243.441009521484 229.594055175781 125.052696228027 121.886726379395 129.188369750977 123.27522277832 154.484298706055 138.354537963867 132.493255615234 109.547584533691 136.89387512207 201.085433959961 250.35710144043 114.860984802246 99.2007827758789 96.9188232421875
192.778472900391 146.877410888672 122.628952026367 181.676330566406 223.709976196289 229.299957275391 237.84992980957 203.188934326172 210.959777832031 202.613189697266 183.297729492188 180.627349853516 216.586990356445 254.883178710938 240.105361938477 238.440948486328 212.307556152344 215.091613769531 178.724014282227 191.173294067383 206.756866455078 186.009963989258 204.992004394531 213.35823059082 186.248382568359 197.688003540039 197.758499145508 220.537338256836 206.811752319336 197.950958251953 165.865936279297 144.464294433594 227.3544921875 266.609802246094 277.868255615234 250.095031738281 165.305526733398 126.042587280273 131.881607055664 102.279121398926 143.711532592773 153.982940673828 224.978424072266 227.641235351562 236.194595336914 231.319229125977 225.334289550781 259.326171875 250.955474853516 196.755264282227 159.563552856445 144.39338684082
171.983596801758 229.993606567383 187.461547851562 151.559661865234 160.826049804688 137.35758972168 120.52188873291 124.729568481445 131.027725219727 157.687286376953 187.72135925293 176.224639892578 203.297927856445 191.814605712891 178.062255859375 253.594024658203 231.492706298828 211.521636962891 203.609878540039 197.086578369141 200.244354248047 195.77116394043 216.209182739258 231.805130004883 196.023223876953 198.93733215332 175.192489624023 210.246032714844 201.739517211914 237.830673217773 241.491088867188 236.600341796875 250.672332763672 222.119293212891 239.395416259766 187.120788574219 157.14582824707 157.274780273438 167.821838378906 190.740814208984 209.022552490234 232.221786499023 230.292236328125 239.361846923828 225.944442749023 236.09977722168 255.313415527344 203.403366088867 171.84538269043 200.898086547852 219.482620239258 264.508911132812
227.019012451172 206.452743530273 204.134582519531 206.993362426758 180.015243530273 161.743026733398 159.974563598633 141.263290405273 127.911041259766 115.946388244629 149.711807250977 199.850891113281 226.418243408203 190.562026977539 224.417770385742 220.741928100586 198.086700439453 181.481842041016 191.262985229492 182.422393798828 214.839767456055 225.515853881836 210.19775390625 204.927185058594 200.781997680664 221.580505371094 217.361831665039 189.843231201172 241.925857543945 249.9521484375 199.842681884766 214.717895507812 222.008392333984 214.682327270508 178.345077514648 161.532104492188 191.528610229492 250.671188354492 236.4306640625 251.519927978516 221.562377929688 214.652465820312 219.927307128906 198.659484863281 202.178207397461 245.351409912109 212.917678833008 173.262496948242 196.099685668945 235.172760009766 263.248321533203 247.330032348633
149.164764404297 95.7713851928711 147.327896118164 181.123168945312 179.595550537109 173.521987915039 198.616638183594 188.623046875 211.699295043945 201.659973144531 202.550354003906 280.546661376953 245.645065307617 264.514190673828 253.53564453125 230.581283569336 182.853591918945 225.629409790039 232.478088378906 166.608383178711 182.061264038086 217.147491455078 212.708694458008 196.350875854492 210.499725341797 203.8623046875 220.217956542969 215.651260375977 222.56819152832 171.712249755859 202.504898071289 225.038024902344 245.6982421875 198.197570800781 127.887756347656 172.285629272461 249.560668945312 198.002182006836 175.886260986328 190.856231689453 204.290618896484 229.307830810547 211.241821289062 181.560791015625 235.267791748047 224.873321533203 164.374725341797 162.705261230469 212.935653686523 233.007873535156 221.852066040039 248.541442871094
119.291511535645 132.272079467773 126.019035339355 210.210403442383 249.304748535156 219.642593383789 202.415252685547 191.29426574707 193.720489501953 168.910583496094 232.639785766602 222.78239440918 241.984970092773 241.168228149414 224.357070922852 214.230911254883 196.563629150391 169.642288208008 159.810394287109 205.21125793457 205.484603881836 173.011978149414 214.441497802734 201.460296630859 216.308609008789 212.436767578125 203.000411987305 146.690765380859 138.081314086914 169.624572753906 241.682113647461 236.752807617188 219.605682373047 162.605895996094 218.028518676758 237.924255371094 176.608276367188 167.087646484375 142.028854370117 123.140632629395 141.309997558594 200.369125366211 181.407180786133 225.370559692383 176.785385131836 135.338973999023 143.116302490234 186.259231567383 203.741622924805 186.583145141602 232.468063354492 224.551071166992
169.387680053711 152.132965087891 121.469200134277 159.854766845703 163.777282714844 153.234268188477 151.386978149414 140.064498901367 166.607788085938 146.478973388672 144.940307617188 164.887420654297 200.66325378418 260.197418212891 217.332855224609 186.476196289062 195.884475708008 150.978134155273 182.262329101562 224.966445922852 191.325088500977 223.977981567383 208.136077880859 198.71662902832 213.774017333984 207.313934326172 184.841735839844 165.697372436523 173.848266601562 265.534454345703 279.129791259766 224.53971862793 153.279418945312 189.221008300781 227.085632324219 177.141891479492 222.363250732422 202.439895629883 196.956649780273 194.971588134766 195.583297729492 201.804016113281 224.063293457031 215.575942993164 163.578552246094 162.131500244141 183.725463867188 216.007186889648 195.750579833984 193.719528198242 242.808197021484 234.436904907227
199.080841064453 163.046035766602 131.425979614258 145.815765380859 176.2744140625 162.284866333008 158.23957824707 190.472946166992 160.55598449707 227.100051879883 283.025085449219 319.604156494141 238.084365844727 220.556503295898 200.114730834961 198.426498413086 182.296630859375 210.380722045898 211.015594482422 203.619537353516 210.504806518555 230.78288269043 218.957412719727 209.324340820312 175.46711730957 192.011840820312 181.590454101562 176.437759399414 227.187927246094 239.676284790039 164.751495361328 146.042373657227 217.168533325195 193.864974975586 130.158996582031 122.608551025391 139.714752197266 144.829605102539 151.372848510742 166.639312744141 159.001754760742 198.670867919922 228.851028442383 194.374710083008 215.197402954102 218.255233764648 225.024810791016 222.229888916016 215.45182800293 269.240142822266 228.210220336914 182.013275146484
194.661895751953 186.776550292969 150.847747802734 112.53751373291 226.69953918457 233.347305297852 240.89436340332 211.416870117188 244.121765136719 304.539703369141 292.54931640625 246.818466186523 219.868621826172 202.872329711914 185.665893554688 187.122894287109 202.77197265625 235.838165283203 220.959259033203 213.228866577148 223.017684936523 204.783645629883 191.902008056641 178.688919067383 179.183563232422 184.068298339844 160.217575073242 196.824066162109 195.020889282227 177.461502075195 168.558563232422 234.715896606445 189.33561706543 181.564300537109 220.501342773438 222.196655273438 220.73844909668 236.705551147461 200.061798095703 165.670989990234 190.004135131836 205.681579589844 162.983749389648 128.801193237305 144.410873413086 221.123519897461 252.612182617188 241.184143066406 253.683639526367 269.945159912109 181.697723388672 123.29175567627
194.414611816406 218.824905395508 257.687316894531 256.696563720703 214.569305419922 190.915786743164 171.370269775391 216.525131225586 272.447052001953 266.28662109375 262.988494873047 264.784790039062 202.457565307617 200.833984375 209.452499389648 226.496536254883 225.585205078125 227.223678588867 222.662475585938 203.060424804688 227.491577148438 185.049453735352 173.512466430664 170.652008056641 208.13459777832 175.586090087891 196.677474975586 234.937255859375 230.9462890625 185.536270141602 246.953002929688 180.719039916992 164.093811035156 217.525436401367 236.99201965332 168.662521362305 178.041961669922 172.199325561523 205.450790405273 206.217346191406 233.919143676758 211.819793701172 205.262557983398 203.875289916992 224.812591552734 245.103378295898 232.162292480469 201.727615356445 178.512832641602 173.682693481445 136.382186889648 152.820281982422
137.239364624023 110.912689208984 160.953567504883 162.278823852539 121.134407043457 143.626708984375 181.617080688477 165.09912109375 208.964813232422 220.366790771484 223.370742797852 233.566818237305 197.769500732422 183.672637939453 218.838043212891 198.692504882812 206.148559570312 188.857360839844 160.310928344727 157.974563598633 167.005996704102 203.968338012695 197.897567749023 261.280792236328 210.164138793945 172.353607177734 221.440216064453 268.646881103516 190.353454589844 209.943237304688 227.677917480469 208.124130249023 199.06282043457 189.83366394043 172.314178466797 213.508728027344 200.329025268555 219.419296264648 195.220565795898 212.669815063477 177.641067504883 216.15510559082 262.172302246094 233.250091552734 289.716125488281 252.053756713867 180.583587646484 168.646789550781 131.831176757812 150.854080200195 135.266311645508 115.126403808594
114.193786621094 141.846221923828 129.164291381836 107.784782409668 146.545669555664 174.590866088867 216.761917114258 191.303451538086 195.621490478516 193.486679077148 185.385101318359 197.138031005859 184.174133300781 204.047439575195 185.990829467773 207.230377197266 206.876129150391 171.04719543457 127.558990478516 116.204895019531 166.245590209961 210.71516418457 210.799057006836 231.407165527344 167.681777954102 223.082977294922 242.655563354492 174.091445922852 186.757614135742 247.708587646484 192.171875 160.829055786133 176.080841064453 216.078109741211 227.722808837891 208.140533447266 221.17790222168 224.059524536133 223.119430541992 225.996994018555 236.507125854492 201.029602050781 203.553649902344 222.831390380859 242.532272338867 153.050659179688 108.573135375977 138.147003173828 187.950424194336 203.985610961914 183.602279663086 169.021545410156
144.759780883789 224.222885131836 215.560852050781 196.654006958008 249.405181884766 228.375198364258 212.213409423828 202.158309936523 191.734359741211 190.320785522461 185.739242553711 185.469802856445 177.453918457031 195.562408447266 184.863632202148 184.260772705078 195.217147827148 175.930877685547 163.459747314453 205.442108154297 207.997543334961 183.1875 211.386077880859 174.563949584961 213.351196289062 254.496200561523 186.010482788086 220.522888183594 244.292495727539 159.063568115234 144.671905517578 140.421325683594 216.864547729492 237.467575073242 206.624221801758 168.618957519531 186.234878540039 220.041961669922 245.202590942383 238.768341064453 242.910568237305 154.994277954102 123.247596740723 121.674652099609 111.262413024902 209.254913330078 176.620880126953 139.023895263672 170.29182434082 144.981414794922 180.644424438477 175.047103881836
