R_scripts/int_process_data/Portugal_slope.asc
NCOLS 281 
NROWS 577 
XLLCORNER 81175.2677831308 
YLLCORNER -911.770678700996 
CELLSIZE 1000 
NODATA_value -3.4e+38 
[rows 437 to 459 of 577, columns 104 to 155 of 281]
1.6860100030899 1.77592349052429 2.10289645195007 2.26570653915405 2.15217065811157 3.56464171409607 3.19005727767944 3.14978551864624 2.66391324996948 2.35605812072754 2.3622727394104 2.79802322387695 2.67132067680359 3.51615166664124 3.91809964179993 4.1079740524292 4.44680976867676 3.79558610916138 2.78771829605103 2.01100206375122 2.59678506851196 3.66196966171265 1.5940819978714 1.61033511161804 1.8294665813446 1.99170410633087 1.9468492269516 2.93480777740479 2.56723523139954 2.10053062438965 1.97720754146576 1.77575206756592 1.95928514003754 4.55001735687256 4.01188898086548 4.4695611000061 5.88245725631714 4.96043348312378 2.57530903816223 2.04961109161377 2.93268346786499 3.25166916847229 2.64813613891602 2.95071721076965 3.0504744052887 4.48668003082275 2.45515656471252 5.24635744094849 7.8391580581665 7.02234697341919 9.9631814956665 6.99415159225464
2.86526393890381 2.34072995185852 1.88718473911285 1.81880164146423 2.20653581619263 4.26221466064453 4.00148677825928 3.47337365150452 2.65029144287109 2.04445838928223 2.6742422580719 3.58618235588074 3.79557728767395 4.00521469116211 3.61999082565308 3.87977433204651 2.45931506156921 3.0463752746582 3.68133735656738 4.25477123260498 3.3325879573822 2.76818537712097 1.5499724149704 1.53420627117157 1.42603671550751 1.59337413311005 1.78472101688385 1.80947494506836 2.09804940223694 2.04798078536987 1.87899172306061 1.80313682556152 1.74037873744965 3.95960521697998 4.05494785308838 3.66863203048706 4.24084663391113 5.21469354629517 3.35222339630127 2.82713270187378 7.86039590835571 5.03724002838135 3.21650505065918 2.96472930908203 2.56374359130859 3.36638116836548 2.86660122871399 3.45263338088989 6.22522830963135 7.20109128952026 9.12856006622314 10.8914289474487
4.98473119735718 4.66718292236328 3.10151624679565 1.84021317958832 1.81310248374939 4.41856908798218 4.15229225158691 3.99992108345032 4.73108863830566 3.91766953468323 3.60661745071411 3.87739205360413 4.10124588012695 3.45430660247803 2.85621738433838 2.43617868423462 1.08144295215607 0.884247004985809 1.37881696224213 2.26949119567871 2.84586310386658 2.16385650634766 1.81161463260651 1.7042578458786 1.69432306289673 1.30908012390137 1.84390354156494 1.9852020740509 2.03533053398132 1.59841012954712 1.66411781311035 2.21615600585938 1.78608369827271 1.67468965053558 1.89131116867065 2.03018760681152 2.69970273971558 3.8613007068634 3.87016534805298 4.63410902023315 4.96400833129883 3.60243082046509 3.27835369110107 3.07869458198547 2.5204815864563 2.1213493347168 2.60201334953308 2.60000061988831 2.54850506782532 3.9360466003418 6.20262145996094 6.38073015213013
5.13107299804688 6.30488872528076 5.93702840805054 3.86006641387939 3.44083952903748 4.88452434539795 5.640549659729 4.22647762298584 4.12600421905518 4.42723941802979 4.28511905670166 3.16756725311279 2.73473596572876 2.63102507591248 2.35378980636597 3.33113169670105 2.84017848968506 1.64831852912903 1.27631390094757 1.32159376144409 2.29349493980408 1.77284240722656 1.6236115694046 1.5074714422226 1.81490170955658 1.62504947185516 1.80651521682739 2.30992078781128 2.32280731201172 1.65906155109406 1.47449469566345 1.83232140541077 1.73961973190308 1.80537724494934 1.77096939086914 1.72949600219727 1.95610058307648 1.97801601886749 2.2776951789856 2.80177044868469 2.39651155471802 2.86588883399963 3.10587477684021 2.64277791976929 2.4151451587677 2.17660617828369 2.68532562255859 2.15036749839783 1.83215117454529 3.35297107696533 4.62791299819946 4.43676805496216
3.82854342460632 2.62234020233154 5.5637640953064 6.62092304229736 6.50702333450317 6.05916166305542 3.40479469299316 2.46445775032043 2.09186267852783 2.20399165153503 2.11449718475342 2.1849262714386 2.46005439758301 2.89125823974609 3.63923740386963 6.40823221206665 5.21163272857666 2.75527286529541 2.83978986740112 2.08465528488159 2.07099032402039 1.7798547744751 1.53030955791473 1.5291645526886 1.58967971801758 1.79692912101746 2.06370806694031 1.83469748497009 2.60451769828796 2.21032500267029 2.24474573135376 1.78675758838654 1.80893766880035 1.89538097381592 1.9112800359726 1.8964741230011 2.20305323600769 2.33063411712646 2.58659291267395 2.40237045288086 2.05527377128601 2.49298667907715 2.5298113822937 2.60163378715515 2.38062334060669 2.99439573287964 3.08910655975342 2.59219980239868 2.0608217716217 3.02080655097961 3.30667424201965 3.72703981399536
2.10371732711792 2.34788179397583 3.08532214164734 4.23739099502563 4.16167211532593 5.5830020904541 4.4267144203186 3.53786492347717 3.43438768386841 3.00022888183594 3.45159769058228 3.99406671524048 4.08313798904419 5.01588249206543 4.29598951339722 4.14883899688721 3.04517769813538 1.6258225440979 1.58862709999084 2.33820867538452 2.26903367042542 1.60740721225739 1.50089871883392 1.81035006046295 1.52830672264099 1.90787863731384 2.15495634078979 2.78115487098694 2.49688363075256 2.36242175102234 2.41438126564026 1.91875505447388 2.32160234451294 2.28681182861328 2.0229024887085 1.88299429416656 2.20930647850037 2.3516628742218 2.09754657745361 2.47673010826111 2.38166856765747 2.62699866294861 2.89002180099487 2.73942589759827 2.25738716125488 2.65859818458557 3.18255805969238 3.25429320335388 2.69673347473145 2.46622037887573 2.57221031188965 2.26179099082947
1.88565194606781 1.76962614059448 2.01406621932983 2.19913864135742 2.09320521354675 3.09923601150513 5.61468839645386 5.7327675819397 5.05657339096069 5.41551876068115 4.7492208480835 4.91653871536255 2.99129748344421 2.00124478340149 2.49886870384216 3.55731701850891 2.35562658309937 2.33947038650513 1.80839943885803 1.54691982269287 1.47474706172943 1.33570218086243 1.78063607215881 1.89979863166809 1.83402585983276 1.90769779682159 2.09317660331726 3.25727963447571 3.37353706359863 2.47397422790527 3.26599526405334 2.99160933494568 2.28370952606201 2.26523041725159 2.27047204971313 2.22718811035156 2.0849437713623 2.24749684333801 1.9622837305069 2.27074337005615 2.45662927627563 2.50534105300903 2.86579012870789 2.88315773010254 2.38925433158875 2.53756952285767 3.93869757652283 4.29276847839355 3.20379614830017 2.8894202709198 3.71196746826172 2.75249862670898
1.8911634683609 1.80767858028412 1.80452871322632 2.00586295127869 1.70563673973083 2.48491859436035 3.48220229148865 3.63300323486328 5.83941793441772 4.4757399559021 3.86229467391968 3.00657987594604 2.33939385414124 1.99887132644653 2.74846935272217 2.82414364814758 2.83637952804565 2.4651186466217 1.69056248664856 1.59409689903259 1.83983504772186 1.56859791278839 1.68720138072968 1.91096353530884 2.10292720794678 2.25240397453308 2.51100373268127 2.5707790851593 2.73324060440063 2.51547455787659 3.08633923530579 3.10724878311157 2.00624775886536 2.04502248764038 2.24285793304443 2.23622894287109 1.9598251581192 1.98789858818054 1.9986572265625 2.09956359863281 2.52917289733887 2.43037939071655 2.94057083129883 3.48029184341431 2.62885236740112 2.33370089530945 3.49000120162964 3.86424922943115 3.1032178401947 3.53129506111145 4.00066471099854 4.38259267807007
1.75411307811737 1.93787062168121 2.10759878158569 1.66070437431335 1.77935469150543 2.42594003677368 1.97178447246552 1.94353270530701 3.09544467926025 2.73315215110779 2.90804743766785 2.46999430656433 2.68674278259277 2.66221761703491 2.23613214492798 2.42812252044678 2.02168822288513 2.20619487762451 2.05854153633118 1.72225701808929 1.67327415943146 1.81352782249451 1.82212519645691 1.72783291339874 2.30781078338623 2.29946446418762 3.28844928741455 3.32298398017883 2.27210259437561 1.83497107028961 1.80835604667664 2.69853591918945 2.14451098442078 2.46906208992004 2.52098560333252 2.17572116851807 1.63017821311951 1.99167454242706 2.15084934234619 2.14406967163086 2.51053595542908 2.95122861862183 2.87592244148254 3.52719283103943 3.47585892677307 2.36381363868713 2.7791383266449 3.82384538650513 3.74048066139221 3.26397442817688 4.42217493057251 4.81656074523926
1.96987354755402 2.15655708312988 2.39119625091553 2.01561403274536 1.71080923080444 2.10377383232117 2.00462222099304 1.73293340206146 2.12838554382324 2.01773619651794 2.03933238983154 2.57814502716064 2.71719074249268 2.98299813270569 2.97577452659607 2.4237585067749 2.27259588241577 2.23958373069763 2.37975406646729 2.33204960823059 2.35274195671082 2.53546094894409 1.87500047683716 1.96028709411621 2.48070669174194 1.80914318561554 2.30480933189392 2.40705442428589 2.05463004112244 1.91728317737579 2.08596158027649 1.79372465610504 1.99176204204559 2.28200578689575 2.30174374580383 2.00652599334717 2.27588272094727 2.27057290077209 2.3374457359314 2.44339799880981 2.27898526191711 2.96655893325806 3.49839973449707 3.24122142791748 3.79504656791687 2.91898465156555 2.99599885940552 3.28588223457336 4.61816167831421 4.03653573989868 3.45647072792053 5.03305673599243
1.9464920759201 1.68321692943573 2.08254384994507 2.07626748085022 1.70523118972778 1.85147881507874 1.9317752122879 1.85206735134125 1.77831172943115 2.21683311462402 2.54897618293762 2.728271484375 2.82909798622131 2.71150135993958 3.23408603668213 2.32112193107605 2.16168093681335 2.10381150245667 2.17119860649109 2.10910153388977 2.55226635932922 2.729336977005 2.30913877487183 2.43931674957275 2.08068513870239 2.09354591369629 2.0844521522522 2.58459043502808 2.16852593421936 2.21127247810364 3.36919474601746 2.94937252998352 2.60569286346436 2.32908844947815 1.91622090339661 1.89755344390869 2.23658728599548 2.61077642440796 3.2405104637146 2.84754943847656 2.50073599815369 2.54007697105408 2.85415124893188 3.88307189941406 4.23630619049072 4.50926637649536 4.44340229034424 4.15827894210815 4.99436140060425 6.34342479705811 6.06255722045898 5.40335988998413
2.20316433906555 1.76101613044739 1.76578223705292 1.87968969345093 2.00423645973206 2.075364112854 2.0849289894104 2.29586243629456 2.64466714859009 2.60982990264893 2.54121446609497 2.6265172958374 2.88064432144165 2.91972589492798 2.58158898353577 2.23791360855103 1.93962872028351 1.60829341411591 1.77863454818726 1.84526205062866 1.62819278240204 2.54811215400696 1.83752405643463 2.414626121521 2.40792298316956 2.09672594070435 2.03746795654297 2.19558429718018 2.1825840473175 1.93662238121033 2.70756602287292 4.78363180160522 2.80246686935425 2.3917510509491 2.46090936660767 2.38347291946411 2.49109697341919 3.3290102481842 3.50393080711365 2.68079733848572 2.58429479598999 2.17827582359314 2.86239218711853 3.48713088035583 2.20408248901367 3.37108588218689 4.2340612411499 4.03321886062622 3.81052255630493 4.4881443977356 6.51133584976196 7.10062122344971
2.07368683815002 1.99825751781464 1.69913697242737 1.79815280437469 2.32803511619568 2.53750324249268 2.43416047096252 2.61725449562073 2.2199330329895 1.97519016265869 1.77535212039948 2.02502202987671 1.7921941280365 1.94868695735931 2.1268675327301 1.96946024894714 1.94351422786713 1.67171919345856 1.68422937393188 1.78748667240143 2.09023928642273 2.54587745666504 2.19070196151733 1.93025684356689 1.76603496074677 2.05175375938416 2.25702714920044 1.63343191146851 1.70429599285126 2.60567784309387 4.91647052764893 3.52326989173889 1.78710770606995 2.22169876098633 2.4302659034729 2.67132711410522 3.28748798370361 3.00132822990417 3.02609515190125 2.61218214035034 2.80031180381775 2.61033797264099 2.79632902145386 2.67062783241272 2.53253054618835 2.89428567886353 3.92547988891602 4.08565521240234 3.66426396369934 2.1787371635437 3.50038504600525 5.28933429718018
1.4913295507431 1.77341818809509 1.90655422210693 2.31043338775635 3.11743783950806 2.56893849372864 2.1999454498291 2.02773213386536 2.33010506629944 2.28978705406189 2.03419876098633 1.87439072132111 2.25299739837646 1.87129902839661 1.78696227073669 1.69175732135773 2.02114200592041 2.28993892669678 2.03344678878784 1.87615120410919 2.09207725524902 2.16741919517517 2.25897240638733 1.85133111476898 1.79396152496338 1.66610193252563 2.33165669441223 1.82661998271942 1.87775456905365 3.91983795166016 4.5415620803833 1.75676035881042 2.29802560806274 2.67237615585327 2.75365495681763 2.93031048774719 2.96749186515808 2.74430322647095 2.74978685379028 2.60139322280884 2.82673525810242 2.65378165245056 2.96105742454529 2.73130583763123 3.32960844039917 3.30060911178589 4.36935377120972 4.27878427505493 3.4779896736145 2.41585874557495 5.17557954788208 4.30948114395142
2.00568270683289 1.88663041591644 1.67959320545197 2.9614565372467 3.32520437240601 2.11519861221313 1.88212752342224 2.39169788360596 2.27623701095581 2.12369203567505 2.44989395141602 2.2256920337677 2.02541089057922 1.75524699687958 1.69810962677002 1.48509895801544 1.76066184043884 1.97161114215851 2.91909456253052 2.46914029121399 2.07676529884338 2.19307971000671 2.77794003486633 2.15356826782227 2.3849151134491 1.96606945991516 2.3375608921051 2.41942262649536 3.10728311538696 3.18376350402832 2.5001962184906 1.92429256439209 2.93072867393494 2.5918927192688 2.82783603668213 3.07583928108215 2.25851225852966 2.54215621948242 2.47250390052795 2.60058927536011 2.86150050163269 2.71895956993103 2.62907099723816 2.89007091522217 3.60102820396423 2.99916553497314 4.14790010452271 4.29516363143921 4.42486763000488 3.9112548828125 3.98333072662354 3.92217636108398
2.51883578300476 2.15569472312927 1.92328608036041 2.50960397720337 2.15258407592773 2.1056387424469 1.81225955486298 2.45991945266724 2.8948667049408 2.25192475318909 2.1834774017334 2.64090275764465 2.27653670310974 1.77543199062347 1.78359961509705 1.69346022605896 1.8309520483017 1.91343367099762 2.75128626823425 2.94664716720581 2.38208818435669 2.82854986190796 3.33359861373901 3.47380518913269 2.70330548286438 2.46073365211487 1.70280063152313 2.53020453453064 3.0778865814209 2.61614370346069 2.76325654983521 2.45065689086914 2.86887836456299 2.30489873886108 2.33231043815613 3.10214924812317 2.61888766288757 2.41516876220703 2.86618733406067 2.55874609947205 2.74014282226562 2.98711013793945 2.85782551765442 2.95785856246948 3.00721859931946 3.41415095329285 4.23018550872803 3.39729285240173 3.81428670883179 4.06807899475098 3.29118347167969 2.62637662887573
2.52875065803528 2.62562608718872 2.62485551834106 2.21199369430542 2.03126811981201 2.31796193122864 2.1286084651947 2.4235954284668 2.39186215400696 1.93373894691467 1.52709150314331 1.9745831489563 1.95100808143616 1.7649792432785 1.64279687404633 1.87113535404205 2.19921398162842 2.45588421821594 2.46312689781189 2.88638973236084 1.97968053817749 3.28841996192932 4.72402429580688 3.81619024276733 3.49851512908936 2.1673219203949 1.84486794471741 2.25027585029602 2.8545925617218 2.84578371047974 3.0373706817627 2.61297798156738 2.96366500854492 2.52704405784607 2.29169893264771 2.72702646255493 2.54934477806091 2.1002824306488 2.81030344963074 2.87430095672607 2.46163749694824 2.68266725540161 2.84079742431641 3.02213215827942 3.19637203216553 2.96391034126282 4.01993274688721 4.29994201660156 3.08007478713989 3.40061593055725 3.44946932792664 3.11455488204956
2.82232642173767 2.84777975082397 2.1113920211792 1.76766538619995 1.65995621681213 2.02881002426147 1.95848298072815 2.25070261955261 2.52293992042542 2.23981213569641 1.95161306858063 1.6838219165802 1.6344633102417 1.6316431760788 1.4677722454071 1.92029356956482 2.59774136543274 2.34118819236755 2.68245530128479 3.09249329566956 3.9328932762146 3.9183349609375 4.2864875793457 4.42945623397827 3.97442817687988 2.64656519889832 2.46574330329895 3.0927906036377 3.16528415679932 2.73342847824097 3.0816605091095 2.45111584663391 2.67328405380249 2.02767205238342 2.09664916992188 2.2452974319458 2.3911759853363 2.14203095436096 2.27041697502136 2.60586190223694 2.73828220367432 2.97946429252625 3.18481183052063 3.2457218170166 3.42839598655701 3.23531007766724 3.61202883720398 3.81596088409424 3.69686794281006 2.5137152671814 3.10969042778015 3.68025279045105
2.86205410957336 2.00476813316345 1.65198636054993 1.8395391702652 1.91325700283051 1.85925114154816 1.78278362751007 1.56203031539917 1.69813287258148 1.95010364055634 2.34941554069519 2.24310755729675 2.16754388809204 1.91662514209747 1.66948795318604 1.83968997001648 2.66745853424072 2.47456526756287 2.89820837974548 2.58798837661743 3.7612988948822 3.07474637031555 3.4030487537384 3.93739080429077 6.11646699905396 3.59089422225952 3.29418468475342 3.17069292068481 2.8117949962616 3.05524754524231 2.56496357917786 2.29666137695312 2.15036725997925 2.08159422874451 2.04519104957581 1.86144959926605 2.32173585891724 2.28103446960449 2.2745406627655 2.80448365211487 3.9210422039032 3.05278825759888 2.8843309879303 3.25635385513306 4.31556558609009 3.76100015640259 3.28846192359924 3.35972905158997 3.52311563491821 2.8374285697937 3.2159481048584 3.86192727088928
2.39137673377991 2.2336483001709 1.68759953975677 1.94472169876099 2.00365424156189 1.89227986335754 2.04827189445496 1.68539345264435 1.36625277996063 1.50466644763947 1.72015035152435 1.87420463562012 2.19340848922729 1.97317218780518 1.86762750148773 1.64025855064392 1.71361780166626 2.33699035644531 2.77762222290039 3.91830682754517 3.41679072380066 3.13455986976624 3.97872495651245 3.66722059249878 4.05366373062134 5.63081693649292 3.5816867351532 2.4018931388855 2.28425240516663 2.2867271900177 2.67696762084961 2.0950608253479 2.40655970573425 2.24409127235413 1.98983085155487 2.24644732475281 2.44259905815125 2.55106449127197 2.59043788909912 2.74305200576782 3.45674180984497 3.15068197250366 2.45447540283203 2.72022080421448 2.91672682762146 4.28665447235107 3.96008729934692 4.37296676635742 4.2859525680542 3.60930752754211 3.65215039253235 3.91629195213318
1.98606288433075 2.46905660629272 2.28703880310059 2.2326238155365 2.50130748748779 2.24642372131348 2.17624449729919 2.20494675636292 1.93078136444092 1.9939774274826 1.91774499416351 2.0752911567688 2.13690280914307 2.1839907169342 2.17406129837036 1.87879979610443 1.68589317798615 1.95778489112854 2.89267492294312 4.14116907119751 4.28632164001465 3.18111491203308 2.88131022453308 2.81832766532898 3.63102316856384 4.70888805389404 2.86535239219666 2.61438965797424 2.22732210159302 1.88021016120911 2.08121109008789 2.35173892974854 2.41638135910034 2.72777152061462 2.44543123245239 2.52825474739075 3.36913752555847 3.47741055488586 3.00011610984802 3.30714392662048 3.72277665138245 3.51178932189941 2.99690890312195 2.87443685531616 2.54430818557739 2.54556941986084 3.71348333358765 4.02799367904663 4.77702713012695 3.69852900505066 3.96206116676331 4.72584676742554
1.85256028175354 2.31819367408752 2.90349555015564 2.72031998634338 2.64939880371094 2.53207278251648 2.31939387321472 2.06492161750793 2.04587292671204 2.38901257514954 1.63341307640076 1.56600594520569 1.49291932582855 1.55572009086609 2.04115128517151 3.24880743026733 3.14267587661743 2.4475622177124 2.83141160011292 4.52544260025024 4.85806941986084 5.77151536941528 3.30398035049438 4.33911752700806 4.57152986526489 3.60353136062622 2.55964612960815 2.09827899932861 1.91297245025635 1.89714086055756 2.11983561515808 2.13664150238037 2.01775503158569 2.06611013412476 2.16617751121521 2.47771883010864 3.11953258514404 3.19845581054688 3.49204897880554 3.03593897819519 3.01542139053345 3.01111340522766 3.68038821220398 3.70314502716064 2.74661827087402 2.86260414123535 3.02679777145386 3.51528000831604 4.53679752349854 4.08084630966187 4.04201555252075 3.74402952194214
2.05868411064148 1.79034435749054 1.67882037162781 2.22283220291138 2.72599029541016 2.91836285591125 3.12154269218445 2.90182733535767 2.74546194076538 2.33457207679749 1.94460773468018 1.84606277942657 1.62910234928131 1.68702054023743 2.67954587936401 3.11025667190552 3.34012913703918 2.58512473106384 2.06712198257446 3.44576096534729 5.6152982711792 6.32233762741089 4.54151439666748 3.27745151519775 3.35270833969116 2.98121333122253 2.6602041721344 2.70220017433167 2.39246702194214 2.65442514419556 2.40302872657776 2.40925455093384 2.3096284866333 2.61973118782043 2.69104671478271 2.70273399353027 2.63887143135071 3.35751080513 5.02619981765747 3.9345850944519 3.0003342628479 3.09378266334534 3.5604419708252 3.56469178199768 3.45417976379395 3.77954363822937 3.55237364768982 4.96263885498047 3.16424155235291 3.20241141319275 3.63795351982117 3.44697284698486
