R_scripts/int_process_data/Portugal_DEM.asc
NCOLS 281 
NROWS 577 
XLLCORNER 81175.2677831308 
YLLCORNER -911.770678700996 
CELLSIZE 1000 
NODATA_value -3.4e+38 
[rows 115 to 137 of 577, columns 52 to 103 of 281]
-3.4e+38 -3.4e+38 -3.4e+38 -3.4e+38 -3.4e+38 -3.4e+38 -3.4e+38 -3.4e+38 -3.4e+38 -3.4e+38 -3.4e+38 -3.4e+38 -3.4e+38 -3.4e+38 -3.4e+38 -3.4e+38 -3.4e+38 -3.4e+38 -3.4e+38 -3.4e+38 -3.4e+38 -3.4e+38 14.9902210235596 30.6168975830078 70.073844909668 99.2008361816406 124.340690612793 166.186630249023 145.909225463867 105.566650390625 59.7768898010254 70.9130172729492 32.8332672119141 74.9783020019531 102.806793212891 107.075912475586 50.4847755432129 99.6611785888672 113.526214599609 82.5533599853516 64.3434371948242 155.389389038086 262.813812255859 142.993347167969 122.941780090332 215.551895141602 190.016403198242 190.545745849609 265.289306640625 368.872650146484 448.604095458984 391.459136962891
-3.4e+38 -3.4e+38 -3.4e+38 -3.4e+38 -3.4e+38 -3.4e+38 -3.4e+38 -3.4e+38 -3.4e+38 -3.4e+38 -3.4e+38 -3.4e+38 -3.4e+38 -3.4e+38 -3.4e+38 -3.4e+38 -3.4e+38 -3.4e+38 -3.4e+38 -3.4e+38 -3.4e+38 -3.4e+38 12.9267902374268 27.3450870513916 48.5610466003418 76.729362487793 102.424377441406 150.158706665039 197.796691894531 138.792785644531 69.7766571044922 88.6782989501953 66.9876174926758 29.0461750030518 106.330368041992 121.955825805664 45.7347221374512 63.4155158996582 39.8841896057129 101.780151367188 128.765899658203 141.38981628418 258.431976318359 267.862579345703 136.257064819336 146.725204467773 210.507614135742 265.490509033203 274.763519287109 406.603271484375 438.357482910156 375.082366943359
-3.4e+38 -3.4e+38 -3.4e+38 -3.4e+38 -3.4e+38 -3.4e+38 -3.4e+38 -3.4e+38 -3.4e+38 -3.4e+38 -3.4e+38 -3.4e+38 -3.4e+38 -3.4e+38 -3.4e+38 -3.4e+38 -3.4e+38 -3.4e+38 -3.4e+38 -3.4e+38 -3.4e+38 -3.4e+38 -3.4e+38 24.0778179168701 44.7052230834961 65.6094055175781 93.9722366333008 141.872283935547 160.738632202148 131.785522460938 87.3202133178711 75.9465255737305 99.9921035766602 58.0287208557129 63.4276390075684 65.2855072021484 49.8206520080566 60.7702560424805 47.3892288208008 119.847450256348 208.606353759766 148.126312255859 198.306823730469 302.601104736328 237.383438110352 183.882186889648 290.374420166016 359.636932373047 325.899780273438 349.83642578125 409.632659912109 376.019958496094
-3.4e+38 -3.4e+38 -3.4e+38 -3.4e+38 -3.4e+38 -3.4e+38 -3.4e+38 -3.4e+38 -3.4e+38 -3.4e+38 -3.4e+38 -3.4e+38 -3.4e+38 -3.4e+38 -3.4e+38 -3.4e+38 -3.4e+38 -3.4e+38 -3.4e+38 -3.4e+38 -3.4e+38 -3.4e+38 -3.4e+38 23.5935153961182 51.2843742370605 62.5616683959961 86.7910461425781 133.185424804688 187.528228759766 152.03044128418 120.394401550293 92.1669235229492 96.4512481689453 91.2573928833008 36.1172103881836 77.7567291259766 102.151832580566 118.652984619141 69.7815628051758 102.425003051758 189.443054199219 230.781723022461 162.124847412109 166.785659790039 228.529983520508 295.625122070312 261.454772949219 328.873992919922 277.881713867188 307.280548095703 417.102325439453 345.729949951172
-3.4e+38 -3.4e+38 -3.4e+38 -3.4e+38 -3.4e+38 -3.4e+38 -3.4e+38 -3.4e+38 -3.4e+38 -3.4e+38 -3.4e+38 -3.4e+38 -3.4e+38 -3.4e+38 -3.4e+38 -3.4e+38 -3.4e+38 -3.4e+38 -3.4e+38 -3.4e+38 -3.4e+38 -3.4e+38 -3.4e+38 19.3465385437012 54.6626319885254 81.3435440063477 101.133903503418 118.085296630859 199.819778442383 187.960906982422 143.765914916992 124.115829467773 110.041526794434 108.35570526123 46.4440383911133 92.3234176635742 87.4382019042969 59.4377822875977 34.3193855285645 79.6705169677734 116.921546936035 180.551406860352 142.813095092773 80.7430801391602 86.1623840332031 204.395233154297 247.192092895508 228.119232177734 267.208190917969 407.616851806641 415.341400146484 303.024566650391
-3.4e+38 -3.4e+38 -3.4e+38 -3.4e+38 -3.4e+38 -3.4e+38 -3.4e+38 -3.4e+38 -3.4e+38 -3.4e+38 -3.4e+38 -3.4e+38 -3.4e+38 -3.4e+38 -3.4e+38 -3.4e+38 -3.4e+38 -3.4e+38 -3.4e+38 -3.4e+38 -3.4e+38 -3.4e+38 -3.4e+38 18.1133766174316 57.1973533630371 87.6228256225586 102.446128845215 118.846672058105 164.074462890625 185.896850585938 152.662353515625 124.911918640137 117.315696716309 131.303283691406 130.729446411133 51.1351585388184 38.4142761230469 66.4236907958984 65.3435592651367 52.8071136474609 74.2176513671875 106.088973999023 113.485237121582 21.6725234985352 42.581974029541 90.3378677368164 173.231536865234 195.404830932617 368.162384033203 390.267639160156 304.269683837891 200.018035888672
-3.4e+38 -3.4e+38 -3.4e+38 -3.4e+38 -3.4e+38 -3.4e+38 -3.4e+38 -3.4e+38 -3.4e+38 -3.4e+38 -3.4e+38 -3.4e+38 -3.4e+38 -3.4e+38 -3.4e+38 -3.4e+38 -3.4e+38 -3.4e+38 -3.4e+38 -3.4e+38 -3.4e+38 -3.4e+38 -3.4e+38 21.2661781311035 50.8827323913574 73.0654220581055 94.8412399291992 115.993255615234 118.709091186523 179.545928955078 167.474227905273 137.684875488281 135.753509521484 148.229446411133 200.324096679688 143.810836791992 99.7221145629883 73.4711990356445 105.27799987793 54.6520309448242 50.0471649169922 114.176788330078 88.7320022583008 39.6334266662598 33.7845115661621 98.3097457885742 107.783866882324 126.592300415039 324.073120117188 302.552429199219 102.73291015625 70.7677993774414
-3.4e+38 -3.4e+38 -3.4e+38 -3.4e+38 -3.4e+38 -3.4e+38 -3.4e+38 -3.4e+38 -3.4e+38 -3.4e+38 -3.4e+38 -3.4e+38 -3.4e+38 -3.4e+38 -3.4e+38 -3.4e+38 -3.4e+38 -3.4e+38 -3.4e+38 -3.4e+38 -3.4e+38 -3.4e+38 -3.4e+38 19.4098510742188 53.995433807373 84.1970138549805 79.9810180664062 92.9092483520508 122.186462402344 155.805450439453 171.047286987305 166.93115234375 159.681838989258 181.349334716797 228.057907104492 172.685211181641 106.009788513184 79.1716156005859 141.648208618164 123.403289794922 56.8328704833984 101.223411560059 72.4023056030273 92.1773834228516 50.6751937866211 58.2297821044922 35.1572380065918 63.6507377624512 115.284255981445 81.1695709228516 88.7214813232422 220.22917175293
-3.4e+38 -3.4e+38 -3.4e+38 -3.4e+38 -3.4e+38 -3.4e+38 -3.4e+38 -3.4e+38 -3.4e+38 -3.4e+38 -3.4e+38 -3.4e+38 -3.4e+38 -3.4e+38 -3.4e+38 -3.4e+38 -3.4e+38 -3.4e+38 -3.4e+38 -3.4e+38 -3.4e+38 -3.4e+38 -3.4e+38 14.9390926361084 43.2784576416016 62.4066925048828 75.360969543457 82.5983123779297 105.221893310547 138.112884521484 177.772232055664 187.018402099609 164.72770690918 182.243453979492 191.002792358398 170.018157958984 145.381652832031 75.5938186645508 104.59204864502 146.140884399414 115.404434204102 59.4244194030762 44.6327323913574 116.572555541992 124.274604797363 153.432846069336 102.583671569824 42.3113746643066 34.5113677978516 51.5144004821777 194.564376831055 237.728576660156
-3.4e+38 -3.4e+38 -3.4e+38 -3.4e+38 -3.4e+38 -3.4e+38 -3.4e+38 -3.4e+38 -3.4e+38 -3.4e+38 -3.4e+38 -3.4e+38 -3.4e+38 -3.4e+38 -3.4e+38 -3.4e+38 -3.4e+38 -3.4e+38 -3.4e+38 -3.4e+38 -3.4e+38 -3.4e+38 -3.4e+38 -3.4e+38 26.9467315673828 47.1795692443848 87.2041473388672 103.76513671875 115.529541015625 129.923675537109 197.023162841797 216.270004272461 178.050918579102 151.60417175293 142.434677124023 146.171463012695 105.833251953125 99.5515975952148 119.800193786621 179.613647460938 157.735885620117 92.4537582397461 83.3971405029297 160.860855102539 169.185272216797 202.386413574219 134.787948608398 89.2436904907227 163.670608520508 195.803588867188 293.309936523438 276.055419921875
-3.4e+38 -3.4e+38 -3.4e+38 -3.4e+38 -3.4e+38 -3.4e+38 -3.4e+38 -3.4e+38 -3.4e+38 -3.4e+38 -3.4e+38 -3.4e+38 -3.4e+38 -3.4e+38 -3.4e+38 -3.4e+38 -3.4e+38 -3.4e+38 -3.4e+38 -3.4e+38 -3.4e+38 -3.4e+38 -3.4e+38 -3.4e+38 28.3490791320801 51.0271987915039 78.0747375488281 102.824485778809 106.464660644531 126.101203918457 182.59114074707 230.779693603516 181.414855957031 128.734313964844 138.483657836914 131.795547485352 108.438705444336 138.113540649414 158.58723449707 176.827926635742 157.218170166016 87.7330322265625 102.447364807129 156.212615966797 233.724273681641 220.008743286133 107.673896789551 101.786773681641 263.604827880859 312.651458740234 358.903961181641 343.137115478516
-3.4e+38 -3.4e+38 -3.4e+38 -3.4e+38 -3.4e+38 -3.4e+38 -3.4e+38 -3.4e+38 -3.4e+38 -3.4e+38 -3.4e+38 -3.4e+38 -3.4e+38 -3.4e+38 -3.4e+38 -3.4e+38 -3.4e+38 -3.4e+38 -3.4e+38 -3.4e+38 -3.4e+38 -3.4e+38 -3.4e+38 -3.4e+38 24.7962875366211 46.8716163635254 65.1357116699219 83.9285430908203 104.606857299805 125.819763183594 176.676528930664 213.750305175781 178.478317260742 137.272644042969 174.980850219727 122.649673461914 125.049781799316 176.190155029297 196.236221313477 209.430358886719 159.998977661133 91.0494384765625 114.823760986328 207.882949829102 307.3857421875 285.58056640625 217.782562255859 91.3258361816406 133.356582641602 204.175918579102 294.583282470703 363.271423339844
-3.4e+38 -3.4e+38 -3.4e+38 -3.4e+38 -3.4e+38 -3.4e+38 -3.4e+38 -3.4e+38 -3.4e+38 -3.4e+38 -3.4e+38 -3.4e+38 -3.4e+38 -3.4e+38 -3.4e+38 -3.4e+38 -3.4e+38 -3.4e+38 -3.4e+38 -3.4e+38 -3.4e+38 -3.4e+38 -3.4e+38 -3.4e+38 26.2306041717529 49.0630722045898 59.2153625488281 91.0446319580078 108.571563720703 139.722793579102 180.581741333008 202.661956787109 211.727798461914 186.146636962891 173.434066772461 141.580535888672 159.42350769043 203.994369506836 222.890319824219 190.445465087891 137.072769165039 125.835411071777 138.260406494141 200.092483520508 313.916015625 392.89111328125 259.116180419922 110.312316894531 156.672988891602 264.309906005859 321.536834716797 366.714141845703
-3.4e+38 -3.4e+38 -3.4e+38 -3.4e+38 -3.4e+38 -3.4e+38 -3.4e+38 -3.4e+38 -3.4e+38 -3.4e+38 -3.4e+38 -3.4e+38 -3.4e+38 -3.4e+38 -3.4e+38 -3.4e+38 -3.4e+38 -3.4e+38 -3.4e+38 -3.4e+38 -3.4e+38 -3.4e+38 -3.4e+38 -3.4e+38 17.893611907959 47.9945678710938 64.3873138427734 80.2793960571289 111.163597106934 161.283828735352 166.105178833008 173.727478027344 229.214065551758 215.405227661133 150.403274536133 144.392929077148 208.634872436523 205.948104858398 185.998138427734 162.694610595703 136.382629394531 187.643936157227 175.307067871094 255.117141723633 319.213989257812 368.363494873047 248.413787841797 134.335403442383 130.025482177734 226.908050537109 308.976501464844 316.638366699219
-3.4e+38 -3.4e+38 -3.4e+38 -3.4e+38 -3.4e+38 -3.4e+38 -3.4e+38 -3.4e+38 -3.4e+38 -3.4e+38 -3.4e+38 -3.4e+38 -3.4e+38 -3.4e+38 -3.4e+38 -3.4e+38 -3.4e+38 -3.4e+38 -3.4e+38 -3.4e+38 -3.4e+38 -3.4e+38 -3.4e+38 -3.4e+38 14.776759147644 55.9145126342773 70.7733306884766 83.058967590332 108.172706604004 127.554161071777 138.395889282227 169.093627929688 208.6728515625 203.008422851562 149.231475830078 132.089553833008 186.796493530273 218.412155151367 181.812103271484 162.857299804688 194.242233276367 195.132049560547 165.353805541992 197.543472290039 269.483856201172 297.274230957031 226.629150390625 163.985763549805 120.152534484863 126.964241027832 176.14323425293 214.358627319336
-3.4e+38 -3.4e+38 -3.4e+38 -3.4e+38 -3.4e+38 -3.4e+38 -3.4e+38 -3.4e+38 -3.4e+38 -3.4e+38 -3.4e+38 -3.4e+38 -3.4e+38 -3.4e+38 -3.4e+38 -3.4e+38 -3.4e+38 -3.4e+38 -3.4e+38 -3.4e+38 -3.4e+38 -3.4e+38 -3.4e+38 2.01430916786194 11.1814012527466 46.8081283569336 70.2645111083984 78.0528945922852 97.3552551269531 114.383033752441 141.061431884766 186.135559082031 223.97380065918 213.130111694336 195.385696411133 139.05339050293 173.05615234375 216.57746887207 190.713119506836 207.050079345703 245.436218261719 201.708648681641 208.322525024414 193.659088134766 250.789077758789 359.597229003906 345.367706298828 242.095825195312 208.433166503906 151.11784362793 154.181640625 169.734069824219
-3.4e+38 -3.4e+38 -3.4e+38 -3.4e+38 -3.4e+38 -3.4e+38 -3.4e+38 -3.4e+38 -3.4e+38 -3.4e+38 -3.4e+38 -3.4e+38 -3.4e+38 -3.4e+38 -3.4e+38 -3.4e+38 -3.4e+38 -3.4e+38 -3.4e+38 -3.4e+38 -3.4e+38 -3.4e+38 -3.4e+38 0.262981653213501 8.17572402954102 54.8255500793457 91.8251419067383 87.5083847045898 103.408004760742 125.636558532715 173.365661621094 209.219467163086 238.539428710938 232.988815307617 255.922943115234 173.149658203125 183.825210571289 225.188430786133 247.85498046875 254.370712280273 220.201934814453 226.847885131836 251.139602661133 271.600830078125 304.343933105469 373.382202148438 340.6025390625 263.657592773438 216.607559204102 167.340148925781 225.233032226562 219.86279296875
-3.4e+38 -3.4e+38 -3.4e+38 -3.4e+38 -3.4e+38 -3.4e+38 -3.4e+38 -3.4e+38 -3.4e+38 -3.4e+38 -3.4e+38 -3.4e+38 -3.4e+38 -3.4e+38 -3.4e+38 -3.4e+38 -3.4e+38 -3.4e+38 -3.4e+38 -3.4e+38 -3.4e+38 -3.4e+38 -3.4e+38 4.45073366165161 7.63152265548706 46.4330406188965 93.3351898193359 104.12646484375 105.64493560791 118.549430847168 134.251693725586 169.625518798828 244.018646240234 263.502014160156 275.400115966797 208.496353149414 185.854309082031 248.793701171875 326.777435302734 334.292846679688 236.760971069336 276.733245849609 289.807952880859 311.824005126953 414.111083984375 353.725830078125 301.109802246094 276.325378417969 246.660568237305 169.242889404297 264.157928466797 267.628173828125
-3.4e+38 -3.4e+38 -3.4e+38 -3.4e+38 -3.4e+38 -3.4e+38 -3.4e+38 -3.4e+38 -3.4e+38 -3.4e+38 -3.4e+38 -3.4e+38 -3.4e+38 -3.4e+38 -3.4e+38 -3.4e+38 -3.4e+38 -3.4e+38 -3.4e+38 -3.4e+38 -3.4e+38 -3.4e+38 -3.4e+38 10.5902795791626 10.3509569168091 37.7479667663574 82.6834182739258 93.218147277832 96.8080825805664 108.863502502441 131.155410766602 154.162643432617 198.539398193359 257.444732666016 291.625885009766 246.922882080078 206.860092163086 253.160064697266 307.332122802734 349.5439453125 310.241180419922 318.272644042969 333.186065673828 359.638793945312 457.859924316406 399.960968017578 321.733673095703 249.03205871582 216.871368408203 166.632385253906 291.632293701172 358.056304931641
-3.4e+38 -3.4e+38 -3.4e+38 -3.4e+38 -3.4e+38 -3.4e+38 -3.4e+38 -3.4e+38 -3.4e+38 -3.4e+38 -3.4e+38 -3.4e+38 -3.4e+38 -3.4e+38 -3.4e+38 -3.4e+38 -3.4e+38 -3.4e+38 -3.4e+38 -3.4e+38 -3.4e+38 -3.4e+38 9.4428014755249 16.6598587036133 15.4344615936279 27.8784294128418 67.1330184936523 89.1474075317383 107.218406677246 119.461723327637 123.431106567383 139.443786621094 173.204376220703 210.920028686523 256.514556884766 283.467224121094 218.647018432617 230.654434204102 300.647216796875 290.819091796875 314.186157226562 346.392242431641 368.741302490234 446.423706054688 476.6982421875 433.757720947266 344.438812255859 321.758361816406 280.835601806641 181.258666992188 257.730163574219 301.610015869141
-3.4e+38 -3.4e+38 -3.4e+38 -3.4e+38 -3.4e+38 -3.4e+38 -3.4e+38 -3.4e+38 -3.4e+38 -3.4e+38 -3.4e+38 -3.4e+38 -3.4e+38 -3.4e+38 -3.4e+38 -3.4e+38 -3.4e+38 -3.4e+38 -3.4e+38 -3.4e+38 -3.4e+38 -3.4e+38 15.511025428772 17.9631767272949 19.044075012207 24.6196308135986 59.8662643432617 97.4657974243164 103.156410217285 101.185882568359 119.045677185059 161.958770751953 163.057769775391 165.151947021484 222.73974609375 273.077117919922 217.634506225586 222.065719604492 268.850402832031 259.039489746094 326.486999511719 380.623657226562 437.315093994141 469.631622314453 536.200500488281 551.590454101562 439.787384033203 365.521728515625 280.000885009766 206.685073852539 272.972930908203 334.968688964844
-3.4e+38 -3.4e+38 -3.4e+38 -3.4e+38 -3.4e+38 -3.4e+38 -3.4e+38 -3.4e+38 -3.4e+38 -3.4e+38 -3.4e+38 -3.4e+38 -3.4e+38 -3.4e+38 -3.4e+38 -3.4e+38 -3.4e+38 -3.4e+38 -3.4e+38 -3.4e+38 -3.4e+38 -3.4e+38 21.6444129943848 17.7505016326904 20.0214672088623 20.4081974029541 47.2375907897949 79.1178894042969 92.0833358764648 114.846908569336 127.571701049805 131.358795166016 148.278686523438 175.098007202148 197.344192504883 251.931610107422 251.007675170898 236.291351318359 233.827713012695 294.138732910156 365.033447265625 400.208343505859 408.099884033203 473.6767578125 543.43408203125 570.123474121094 435.608154296875 311.841522216797 206.80940246582 237.35676574707 379.641418457031 375.391967773438
-3.4e+38 -3.4e+38 -3.4e+38 -3.4e+38 -3.4e+38 -3.4e+38 -3.4e+38 -3.4e+38 -3.4e+38 -3.4e+38 -3.4e+38 -3.4e+38 -3.4e+38 -3.4e+38 -3.4e+38 -3.4e+38 -3.4e+38 -3.4e+38 -3.4e+38 -3.4e+38 -3.4e+38 -3.4e+38 26.5999183654785 20.8354778289795 23.9918079376221 28.3396854400635 48.3861427307129 71.4255065917969 100.346725463867 112.524238586426 110.897102355957 126.003868103027 177.93017578125 163.677505493164 171.298309326172 221.517303466797 270.105743408203 226.802841186523 234.789108276367 299.705047607422 320.404968261719 344.686645507812 361.329742431641 467.807403564453 543.638854980469 564.473205566406 516.303161621094 352.454040527344 271.948822021484 219.944152832031 268.252960205078 222.509841918945
