R_scripts/int_process_data/Portugal_slope.asc
NCOLS 281 
NROWS 577 
XLLCORNER 81175.2677831308 
YLLCORNER -911.770678700996 
CELLSIZE 1000 
NODATA_value -3.4e+38 
[rows 92 to 114 of 577, columns 104 to 155 of 281]
6.89898633956909 9.7968864440918 12.1095685958862 11.651349067688 10.5214414596558 10.865743637085 8.88069629669189 7.29556655883789 8.44037628173828 7.09054660797119 8.47527027130127 10.9295806884766 10.9768371582031 8.26456260681152 8.31972885131836 8.35036563873291 10.4464550018311 11.9388780593872 13.8370399475098 10.4649524688721 8.77360725402832 12.9598217010498 13.7828636169434 17.9267158508301 18.3812503814697 7.91550064086914 14.6462650299072 22.6711845397949 20.4870281219482 20.0478420257568 21.2286853790283 21.5110149383545 17.5044231414795 23.1783752441406 26.4357852935791 21.1798915863037 16.7473373413086 17.4814281463623 20.2995758056641 17.5327854156494 10.2244110107422 15.9904565811157 18.105978012085 17.0692596435547 12.7125968933105 9.72414684295654 8.24158096313477 5.86927890777588 7.66336393356323 10.7478857040405 9.08196640014648 6.40337753295898
12.4588613510132 9.70901775360107 15.0391473770142 15.578200340271 11.1451578140259 9.6664867401123 7.26877164840698 7.03391933441162 7.20890522003174 5.17398500442505 9.58431434631348 10.2857837677002 8.58777046203613 10.0904092788696 9.25340366363525 8.08526420593262 9.92214202880859 9.81894874572754 9.27925300598145 9.84811401367188 12.2082328796387 12.0791921615601 12.2655515670776 15.6822099685669 15.0530309677124 12.9838495254517 20.7954921722412 19.6664047241211 20.5079917907715 19.7178573608398 18.8485050201416 22.9497356414795 22.4867095947266 18.2511787414551 17.2277660369873 12.0756425857544 11.3701686859131 11.5425748825073 13.0599613189697 15.5874872207642 9.40825366973877 16.4303417205811 18.0607929229736 14.6661186218262 10.2611474990845 6.38039112091064 6.44486427307129 6.54790163040161 6.67575359344482 7.9247350692749 6.62688398361206 8.23546981811523
14.3495454788208 14.4788846969604 12.0032691955566 10.9593524932861 6.02623176574707 8.0367259979248 10.3003883361816 6.26088619232178 7.27230834960938 10.7982778549194 12.8698110580444 8.23815631866455 6.45492935180664 7.09279346466064 12.1010551452637 12.9488687515259 9.8693151473999 7.97493028640747 7.31324577331543 6.65427112579346 10.3412866592407 13.7919883728027 11.491491317749 14.765212059021 17.9217357635498 19.1496639251709 15.925802230835 16.7202339172363 20.787727355957 20.1687259674072 16.2014255523682 16.4615631103516 13.1391363143921 12.9529523849487 14.7479724884033 11.257417678833 7.25948667526245 13.9534225463867 10.2399740219116 11.822940826416 11.1635427474976 16.708833694458 15.1093549728394 13.711799621582 8.07921123504639 6.36012697219849 7.97043943405151 7.34655857086182 7.63718748092651 5.56573724746704 8.07518863677979 12.5992918014526
7.16698217391968 10.8138961791992 6.75846672058105 7.925696849823 5.77209329605103 5.19021558761597 6.37445592880249 6.75173902511597 8.5247163772583 11.0790557861328 10.5840463638306 8.31529808044434 9.42077255249023 10.439377784729 11.0582475662231 16.7575073242188 12.0147361755371 8.03673076629639 8.07956409454346 11.0341491699219 11.0174007415771 10.1640930175781 13.2130212783813 14.5812873840332 15.5035133361816 13.9443407058716 15.8744859695435 17.9685535430908 18.772289276123 17.6174468994141 20.0668487548828 22.9913158416748 18.2159328460693 16.7774810791016 12.1727676391602 11.2941665649414 4.04267930984497 8.85760879516602 13.4535360336304 10.2780103683472 12.5102758407593 11.8848943710327 12.017406463623 10.9351005554199 8.77989864349365 7.16488790512085 12.1753578186035 13.7297534942627 5.07098913192749 6.11366415023804 9.92675399780273 8.33553218841553
6.04992961883545 9.52105045318604 6.63974237442017 6.74736166000366 7.67556190490723 5.65308856964111 7.39841938018799 9.39793300628662 6.41680479049683 10.4671077728271 11.6758518218994 9.11126232147217 10.8120412826538 11.723560333252 12.1280374526978 11.1695861816406 13.6142091751099 9.64652156829834 8.39111709594727 9.48749828338623 11.0724039077759 12.3992223739624 10.5671615600586 11.6228141784668 11.0428276062012 12.8321161270142 11.7408618927002 18.2151489257812 19.5765628814697 20.2402629852295 20.7495021820068 23.0341033935547 18.0508613586426 11.9506759643555 11.1635274887085 13.1887454986572 8.77348518371582 5.86802625656128 5.55996370315552 5.84330987930298 10.3851537704468 9.2526683807373 8.97376155853271 11.2457895278931 9.68806076049805 11.9420471191406 18.9982032775879 10.6262073516846 5.2892599105835 7.67854833602905 7.37348651885986 5.82219314575195
7.76509571075439 9.16036510467529 5.08096647262573 8.46973037719727 5.84794664382935 5.04972410202026 7.6414852142334 7.50795459747314 8.83804035186768 8.52851486206055 8.10622024536133 8.85389614105225 7.16458654403687 11.0559730529785 10.8120851516724 10.5599527359009 7.85471200942993 9.9701099395752 9.59919357299805 8.61951732635498 10.9737596511841 10.8902683258057 10.1658802032471 13.9974451065063 14.8120222091675 11.5825176239014 9.75867080688477 13.7996015548706 19.1133651733398 19.2476806640625 13.138129234314 22.7022304534912 21.3798179626465 14.5259437561035 16.4992790222168 15.8360052108765 20.5422668457031 18.7521171569824 17.4581413269043 16.8968467712402 9.34768962860107 7.64583444595337 9.70912647247314 12.2591714859009 16.2576332092285 19.0533428192139 21.4762134552002 17.356969833374 9.27268409729004 4.00946283340454 3.99838900566101 4.64650964736938
7.77047777175903 7.67828607559204 7.33865833282471 7.71131610870361 5.7112865447998 6.45117092132568 5.26515960693359 5.82504796981812 8.45251560211182 7.32676792144775 6.68459033966064 9.20706844329834 9.68963718414307 10.7084608078003 10.917064666748 9.69180297851562 5.91383266448975 8.93470478057861 10.0688848495483 9.79131031036377 12.0797882080078 10.5658655166626 9.07555866241455 13.8607015609741 15.0723915100098 10.995325088501 11.0698051452637 16.1154747009277 17.5691394805908 20.1310958862305 21.1953029632568 25.5912990570068 24.1643733978271 22.4106216430664 24.0638294219971 23.2127552032471 24.5293941497803 21.6330890655518 20.1380882263184 21.9928398132324 19.1972827911377 10.7748022079468 11.4206275939941 14.4928903579712 20.9911670684814 19.9702968597412 21.0693492889404 23.8065319061279 12.5011615753174 7.00416278839111 6.5870532989502 5.34567356109619
6.71134567260742 5.70850229263306 6.48619508743286 7.25464057922363 4.6055269241333 5.62583684921265 6.11603355407715 7.05243253707886 8.09168815612793 6.84093618392944 5.35237121582031 8.690110206604 13.8597974777222 11.6124610900879 11.9726667404175 9.1074047088623 8.67922496795654 12.7465505599976 11.8213520050049 10.6111545562744 12.9484815597534 10.9199924468994 10.9834127426147 12.0023908615112 13.6123132705688 12.2467813491821 13.5257558822632 15.736138343811 13.6969614028931 22.4085578918457 26.2799682617188 22.9510822296143 22.0693550109863 20.368673324585 21.1015319824219 29.2861251831055 25.2554798126221 25.1327438354492 22.5770397186279 20.8851203918457 23.4803504943848 22.7834815979004 23.5996932983398 18.8400402069092 13.7360734939575 15.372015953064 20.0779991149902 21.4353141784668 11.9448909759521 13.8874759674072 6.53350400924683 7.49976873397827
4.71623516082764 5.71071434020996 6.11752414703369 6.69354438781738 6.67777299880981 7.74877119064331 8.62224674224854 8.69021320343018 10.9782180786133 9.06467533111572 6.50725746154785 9.0577449798584 13.5886945724487 11.7996740341187 13.6263599395752 13.7532110214233 12.6717758178711 15.0585327148438 12.6636838912964 8.41598510742188 10.3135967254639 12.5821619033813 10.4254674911499 9.54383850097656 12.6775598526001 15.025616645813 15.7174978256226 18.2115917205811 18.0870361328125 16.8914031982422 17.7344913482666 21.1945266723633 18.4327564239502 18.2443332672119 17.2641525268555 23.852258682251 25.5010719299316 25.3189907073975 21.989429473877 21.633861541748 22.4908199310303 21.5847721099854 22.192813873291 24.1322574615479 21.1559162139893 17.5801315307617 21.1328506469727 20.0692481994629 18.6908569335938 12.2192602157593 7.88176918029785 15.7901601791382
4.94398355484009 6.9881329536438 4.97076892852783 8.25962543487549 9.2414493560791 10.8565654754639 10.5024242401123 11.4960241317749 9.03380966186523 7.93809032440186 8.85756874084473 9.63991260528564 11.2808303833008 11.7926740646362 12.5226373672485 14.8385601043701 11.7759494781494 13.8848180770874 10.0346183776855 11.246997833252 14.0345153808594 13.5190906524658 15.2625579833984 18.1638317108154 15.9678621292114 17.3707180023193 13.0546808242798 19.0050048828125 18.6507415771484 18.552303314209 17.5327548980713 20.3680019378662 20.8026485443115 20.1544857025146 14.018105506897 15.5524168014526 25.1170768737793 25.2083473205566 19.4028415679932 20.984375 23.3819103240967 21.2635154724121 22.3221321105957 21.4108009338379 15.1806592941284 19.7126522064209 22.8030967712402 19.4319114685059 19.3718967437744 16.6366424560547 18.8486480712891 18.9496784210205
4.38390064239502 5.23375797271729 6.18039608001709 7.92522144317627 9.39297008514404 9.87509727478027 5.9236478805542 9.46177673339844 6.25783681869507 6.516921043396 6.3509464263916 7.53055286407471 10.4818639755249 8.74647235870361 9.38605785369873 12.6469440460205 10.109564781189 11.7503433227539 11.0057878494263 12.1104249954224 12.9046907424927 12.640172958374 11.9435005187988 17.8336162567139 23.6146507263184 23.3972568511963 16.7904586791992 9.28073692321777 13.2153263092041 16.314884185791 16.5682888031006 17.0870342254639 19.7116394042969 15.1407670974731 18.1501483917236 21.8768882751465 30.5230751037598 27.2345409393311 19.751091003418 16.0393009185791 20.2405757904053 17.1597595214844 18.4247722625732 22.0892467498779 16.8140201568604 17.7385311126709 21.8942317962646 19.2850608825684 19.586877822876 19.3348865509033 20.7764987945557 16.3948745727539
4.395920753479 5.15914678573608 7.86933898925781 9.45799160003662 7.68882513046265 6.19385862350464 5.44142818450928 9.29939460754395 8.69800090789795 8.04225730895996 7.73903369903564 7.33712720870972 9.7733678817749 7.81995105743408 8.89939403533936 12.1914472579956 11.8432674407959 10.6561098098755 12.1604633331299 11.284218788147 11.2324590682983 16.5018997192383 17.6743049621582 9.41363334655762 11.7686424255371 17.5482578277588 18.7422218322754 16.7615737915039 11.945237159729 14.452654838562 14.8533630371094 16.0185737609863 16.4293403625488 21.1513633728027 23.0633144378662 27.9323806762695 29.4611854553223 24.6280212402344 20.3903923034668 19.1791439056396 16.8404731750488 17.6813411712646 18.5708293914795 18.2406120300293 17.5488777160645 21.2476196289062 26.0787677764893 20.0212898254395 20.115140914917 16.6233444213867 18.9951629638672 12.2571020126343
5.6642107963562 6.16226005554199 8.70966720581055 9.33378505706787 6.80961942672729 7.46555662155151 10.2516431808472 12.4167051315308 9.5580587387085 8.73820209503174 8.11552715301514 9.27842807769775 9.12682723999023 8.67788982391357 10.2568502426147 13.05530834198 11.9484300613403 12.9449014663696 11.457615852356 11.0471210479736 13.6417856216431 16.4340629577637 13.2450246810913 7.73724842071533 10.2818250656128 11.2025690078735 14.9300842285156 14.261248588562 14.1079816818237 15.6407909393311 12.2750854492188 15.8519878387451 21.5324859619141 21.1165218353271 24.6703414916992 23.0541820526123 23.2653636932373 20.0012111663818 16.8756790161133 18.0765476226807 16.8066082000732 16.1449375152588 17.3013095855713 15.1015043258667 14.7348566055298 21.5582084655762 25.2986793518066 11.2908430099487 20.6680202484131 20.0634956359863 18.4301948547363 14.5138874053955
5.64372491836548 7.50266170501709 9.41453742980957 8.70736122131348 8.99926471710205 8.67267990112305 9.61875915527344 13.858642578125 9.02753734588623 8.63397026062012 9.58477878570557 9.48418426513672 8.81564426422119 10.9626064300537 11.8885803222656 11.5032014846802 14.0250883102417 12.7149353027344 10.5319414138794 13.0642232894897 17.5301570892334 10.4062576293945 9.92465496063232 9.09268665313721 7.80877923965454 9.61465263366699 13.0819673538208 11.0643720626831 12.0318431854248 17.5517520904541 14.6062822341919 15.7664747238159 20.6554889678955 26.1633911132812 22.7882556915283 15.1106653213501 18.8469562530518 19.3398761749268 10.9199819564819 16.1168785095215 14.0383081436157 15.5434846878052 12.1780595779419 13.0346212387085 12.6786241531372 19.2669696807861 21.58962059021 20.4357452392578 23.1385898590088 17.457706451416 11.72181224823 9.97594261169434
5.20672225952148 9.31450271606445 10.0418634414673 8.15007209777832 9.01332664489746 7.1999659538269 9.06700611114502 14.3930406570435 10.5607852935791 7.51963996887207 8.8798885345459 11.730565071106 9.21549987792969 10.6758680343628 10.7826910018921 9.53600311279297 12.7274751663208 11.0993518829346 11.2138051986694 15.3340635299683 13.8350086212158 9.01566791534424 8.14033126831055 7.67819166183472 13.7109270095825 14.6962614059448 14.2992267608643 11.8753175735474 11.3201103210449 13.9819269180298 15.951678276062 16.7662391662598 19.5200099945068 27.2107009887695 24.6051712036133 13.8023691177368 21.1121845245361 15.7154693603516 15.0924196243286 15.1019039154053 13.9112873077393 17.0180072784424 17.9807071685791 14.391321182251 11.5766897201538 18.5591888427734 22.0508632659912 20.456506729126 19.0975742340088 9.74384117126465 7.14754629135132 11.5232248306274
5.10317993164062 10.7521991729736 8.91390228271484 5.89719486236572 7.81353187561035 9.01965713500977 12.8617315292358 13.2531585693359 10.0828666687012 8.59839725494385 11.3355913162231 12.1759519577026 10.9992361068726 8.9680757522583 8.7358283996582 8.34597301483154 11.2925443649292 12.3331336975098 11.2120485305786 14.8661031723022 11.5320644378662 7.38251972198486 7.71068048477173 16.7742023468018 14.9037485122681 12.1999969482422 14.7976627349854 12.5937347412109 14.1953678131104 8.91382694244385 12.4386873245239 21.430269241333 20.4754905700684 21.99072265625 22.955228805542 15.753231048584 17.7816925048828 15.8231401443481 17.9780693054199 23.2356433868408 15.8097143173218 15.0985107421875 16.1733322143555 14.5559549331665 15.1147155761719 20.6340579986572 21.0257949829102 19.9109306335449 16.5634422302246 7.77203512191772 13.9131984710693 21.5385475158691
5.78448581695557 10.6309022903442 10.5746631622314 9.42863845825195 8.12922763824463 13.0176000595093 15.4882392883301 14.2298192977905 12.1652803421021 11.0534038543701 13.5561141967773 10.3101778030396 7.21315002441406 8.20063495635986 8.00945854187012 10.5037403106689 11.203724861145 12.3323993682861 15.634651184082 15.9939727783203 8.37979221343994 7.37279033660889 12.2689237594604 15.0875272750854 9.34659481048584 12.6761827468872 13.0402593612671 9.73328304290771 14.4953737258911 14.5419340133667 9.90229034423828 15.3473815917969 21.538724899292 18.5854263305664 20.0764083862305 18.5891780853271 18.817211151123 17.8757457733154 17.029426574707 24.4182662963867 16.7428245544434 16.6867904663086 15.7578248977661 11.9473991394043 14.1096868515015 20.9743194580078 22.1962928771973 20.536376953125 16.8896503448486 5.48572301864624 15.4673976898193 24.4287090301514
5.68630456924438 8.17899322509766 9.22616767883301 10.2437162399292 12.1341943740845 12.1528453826904 9.79765129089355 8.88015270233154 10.0778360366821 14.0663995742798 14.8464794158936 10.5291442871094 7.18431949615479 8.50525379180908 11.8606195449829 12.7105951309204 13.127984046936 11.4666061401367 13.5867404937744 15.430230140686 8.58195877075195 8.95934295654297 13.2887296676636 10.6610059738159 7.69234943389893 12.2212400436401 12.0473604202271 9.90965938568115 16.7324161529541 17.6871967315674 15.4680414199829 8.44889354705811 16.6592102050781 21.8999366760254 18.1772212982178 17.032585144043 20.2903671264648 19.2225227355957 16.586181640625 20.3347549438477 14.548638343811 16.2818737030029 8.89553546905518 8.38930130004883 11.8799180984497 17.9215545654297 19.7352771759033 17.97141456604 9.94062328338623 7.56599903106689 9.05542469024658 21.1017303466797
6.42995071411133 8.12369060516357 10.6041488647461 10.8979454040527 13.3913917541504 12.30544090271 7.87161159515381 5.88626909255981 10.1002883911133 15.1960315704346 9.2918004989624 10.0322389602661 10.0146446228027 9.85156536102295 13.3887224197388 12.3382863998413 10.7812414169312 9.15722942352295 13.0079336166382 10.6167936325073 10.7723999023438 11.5503416061401 10.8150873184204 10.0815877914429 11.7357769012451 12.9766817092896 12.1306743621826 14.1872215270996 9.52694797515869 17.5718975067139 15.5310020446777 12.8827056884766 14.0945348739624 22.1331195831299 17.1719017028809 13.9850492477417 15.3830404281616 15.3138704299927 17.3681964874268 18.6573619842529 13.6296072006226 13.0621128082275 7.33715581893921 5.98893070220947 10.9591312408447 16.5353717803955 18.2721004486084 20.6298427581787 20.4090023040771 15.1944494247437 9.70910739898682 19.4712142944336
10.2446336746216 8.16857624053955 10.462553024292 6.5939154624939 11.471417427063 10.0077695846558 10.8801832199097 10.8233108520508 13.9447708129883 12.5657958984375 8.66190052032471 8.58921432495117 13.0602912902832 11.2926759719849 13.5875959396362 14.9180707931519 11.5327711105347 11.4320402145386 10.5923757553101 11.3434906005859 12.7034778594971 9.84826183319092 11.2392206192017 12.6479749679565 12.95090675354 9.83447360992432 14.1707468032837 14.346173286438 10.25364112854 15.3751182556152 11.4263048171997 12.599175453186 16.2841320037842 19.2016696929932 20.3878574371338 13.7922859191895 14.9921178817749 18.0502643585205 16.7913799285889 18.4037914276123 17.0006904602051 12.0597038269043 5.43259906768799 10.7921981811523 15.4297657012939 19.6816272735596 18.71364402771 19.5007305145264 16.8163604736328 22.8981628417969 23.5366382598877 19.7250118255615
9.56785202026367 7.71594095230103 8.38783645629883 6.98715877532959 9.46087455749512 10.8319311141968 8.24973773956299 8.21217918395996 7.9252347946167 10.3542594909668 10.7881622314453 10.8876066207886 11.4645986557007 10.1776580810547 12.4835815429688 13.6057453155518 13.2962093353271 13.6168832778931 9.83514213562012 12.6847505569458 9.86649513244629 10.2334842681885 12.4260263442993 13.0156402587891 9.54188537597656 12.8053140640259 13.2871446609497 11.4488763809204 14.4484252929688 16.2568264007568 13.6119403839111 14.0080671310425 16.0691223144531 14.5698213577271 19.3334484100342 18.2155818939209 19.3015956878662 16.6973400115967 17.6053276062012 21.4706993103027 19.8266258239746 16.8678436279297 13.363920211792 14.8401508331299 19.461483001709 21.3524169921875 18.8273124694824 19.6520767211914 19.9176330566406 23.2111110687256 23.039608001709 18.0733375549316
7.71957778930664 5.84914445877075 8.12485885620117 9.23047351837158 12.5125246047974 10.7472686767578 10.0296831130981 8.82656002044678 6.79177188873291 11.05100440979 10.4790954589844 11.5864009857178 10.3385858535767 7.23404693603516 12.5329084396362 14.3470497131348 14.0510368347168 14.9906339645386 12.8310270309448 11.4667901992798 10.2389011383057 7.82653570175171 10.5999746322632 13.0311260223389 17.288236618042 16.4146709442139 15.2373113632202 13.6240510940552 17.8588314056396 16.0101528167725 15.9647417068481 14.7300148010254 16.99045753479 17.2514820098877 18.25124168396 16.5975303649902 18.5653190612793 21.9474411010742 18.5542392730713 18.9722919464111 19.5116844177246 16.5838966369629 15.2181119918823 13.4044990539551 16.746021270752 17.8890342712402 12.9485445022583 19.6092758178711 23.2447757720947 18.5566520690918 20.176908493042 20.6239891052246
7.55866193771362 5.61374950408936 7.45378446578979 7.21076726913452 10.601056098938 11.5066661834717 10.404972076416 7.77989435195923 5.79264116287231 10.3162307739258 11.4060850143433 13.4817018508911 12.512167930603 9.97655773162842 11.6693868637085 14.6104564666748 15.4221687316895 15.9725046157837 14.0777711868286 12.4860639572144 12.5005407333374 10.7150468826294 13.0083599090576 17.7334690093994 16.152961730957 15.1580381393433 15.4149856567383 16.7130832672119 17.4127883911133 16.9622535705566 18.4947242736816 17.3656730651855 16.21657371521 19.5689525604248 21.419979095459 17.4484004974365 18.3725624084473 17.2989730834961 15.5728187561035 14.6834354400635 16.3358573913574 16.7724018096924 15.1312828063965 11.2102422714233 15.6928787231445 19.505298614502 19.2536220550537 16.0801239013672 11.1417541503906 8.54299068450928 19.8837184906006 22.8217849731445
