R_scripts/int_process_data/Portugal_slope.asc
NCOLS 281 
NROWS 577 
XLLCORNER 81175.2677831308 
YLLCORNER -911.770678700996 
CELLSIZE 1000 
NODATA_value -3.4e+38 
[rows 115 to 137 of 577, columns 104 to 155 of 281]
9.16063976287842 6.68210697174072 6.63482856750488 7.98949575424194 10.1515817642212 10.4487285614014 8.85078144073486 5.00834560394287 9.23745727539062 13.3957424163818 9.76540851593018 9.64431285858154 12.1045436859131 10.1546945571899 8.84206485748291 13.4120817184448 15.8476438522339 15.567798614502 13.8242492675781 11.9980478286743 10.5260057449341 12.43039894104 15.3528938293457 20.8605670928955 17.0334091186523 13.0750017166138 13.2869777679443 15.1470375061035 11.8835430145264 16.232271194458 16.3317604064941 19.8559055328369 18.6961612701416 19.2220325469971 18.998462677002 16.5650806427002 20.2862434387207 18.3989791870117 12.6580772399902 14.0748348236084 17.4284267425537 18.5383605957031 12.8629760742188 14.500358581543 16.5731029510498 17.5583229064941 20.9179992675781 7.13836622238159 4.86698293685913 7.65445613861084 10.2098340988159 22.3360939025879
9.52284240722656 7.71075534820557 9.75276184082031 10.3407716751099 9.28334140777588 9.384521484375 10.366530418396 11.3556270599365 13.9428777694702 14.1932420730591 9.11304473876953 10.2744245529175 11.7069644927979 12.6585187911987 9.1800422668457 14.6140871047974 15.220648765564 15.4674243927002 15.205638885498 13.4838457107544 9.80446434020996 12.7347602844238 15.3412733078003 15.818717956543 15.6768054962158 11.6053667068481 12.0754585266113 14.9513816833496 14.7061128616333 11.2081298828125 13.1804494857788 15.9156198501587 20.4686756134033 19.4239292144775 13.8005390167236 18.3645782470703 20.5503177642822 13.0534210205078 5.85087299346924 10.3646574020386 17.1341686248779 11.9466924667358 7.67749452590942 19.0494861602783 19.709077835083 21.1578273773193 14.1799230575562 5.15825319290161 7.50107955932617 6.7143235206604 7.62165260314941 11.134955406189
8.82833766937256 12.0226011276245 17.287899017334 16.5546722412109 7.63838768005371 9.3497428894043 14.6250514984131 18.2267665863037 15.3707265853882 15.8758344650269 14.5406894683838 12.3743734359741 14.0352821350098 13.7041673660278 16.6278495788574 18.436954498291 15.1757183074951 15.8946828842163 9.32058238983154 15.3646078109741 15.7618465423584 15.3090829849243 18.1971111297607 17.232027053833 13.3643016815186 17.7115440368652 16.9190063476562 15.2616186141968 16.0939521789551 15.2921113967896 13.2629556655884 12.1534557342529 17.004487991333 18.0474624633789 18.0864124298096 21.8400592803955 14.0963144302368 10.0812873840332 14.0806798934937 17.7900562286377 14.1265954971313 9.29838180541992 12.8638601303101 14.4262275695801 18.9992294311523 22.1833019256592 19.2509078979492 9.51472759246826 7.96389055252075 9.94919013977051 8.15695095062256 6.68538856506348
10.5454587936401 13.7618865966797 13.0086479187012 9.72122192382812 6.6027626991272 9.09847259521484 15.6975193023682 16.7648906707764 14.1002368927002 15.0089244842529 17.9294509887695 20.0454235076904 21.7231311798096 20.0444164276123 19.142370223999 12.932448387146 14.1694679260254 12.1342220306396 14.3319244384766 14.7624378204346 18.4390602111816 20.0458602905273 16.5788154602051 20.8970127105713 15.9912338256836 18.022647857666 19.8446846008301 14.1943159103394 15.4047117233276 17.9109897613525 14.0040445327759 12.3511514663696 13.3985481262207 20.7498111724854 18.1821746826172 18.5637645721436 13.3738222122192 11.6645517349243 15.6360425949097 13.4398345947266 11.5684967041016 13.1027727127075 12.9350557327271 8.8718090057373 13.3233184814453 19.2694625854492 24.834602355957 10.5460767745972 6.22704648971558 7.58511114120483 8.13905715942383 8.41190052032471
14.2715978622437 9.0428466796875 10.0916862487793 8.82080459594727 8.6888599395752 10.7938985824585 17.6786823272705 18.8429069519043 15.0001430511475 9.4740047454834 16.0798225402832 14.9896144866943 16.4897022247314 15.5956811904907 15.9076385498047 15.6994562149048 13.5624113082886 9.15654373168945 12.9921226501465 20.5875339508057 16.8313274383545 12.3509826660156 17.6454391479492 21.2899951934814 18.6923713684082 11.6595840454102 16.4915409088135 16.782039642334 14.3476982116699 17.845085144043 16.7057266235352 14.4370403289795 13.4848804473877 20.4699764251709 18.1434459686279 18.8565902709961 12.2879943847656 13.1536722183228 10.8359622955322 9.6669397354126 12.3169937133789 14.0430517196655 8.78682136535645 9.80941867828369 8.48570346832275 12.0123624801636 22.2592163085938 14.9681758880615 14.6891670227051 9.82011795043945 7.91561841964722 9.28074264526367
13.0574312210083 12.4214448928833 13.0081491470337 10.721549987793 12.5621166229248 14.7398633956909 14.1070404052734 14.8159046173096 12.5522384643555 12.4278936386108 11.8195638656616 10.9154148101807 11.5387868881226 12.5763130187988 14.8707313537598 13.1449775695801 16.4526977539062 13.3243741989136 13.060733795166 19.4713706970215 20.2152996063232 13.6023845672607 13.5191240310669 19.0042953491211 18.4525928497314 13.6656332015991 12.2795534133911 14.1978349685669 11.8208332061768 12.4273309707642 20.0614032745361 12.4893865585327 11.3273487091064 18.3222141265869 19.8242893218994 17.6770172119141 12.9395313262939 12.6178064346313 11.1624765396118 11.6783170700073 12.0320482254028 9.70506286621094 8.75144004821777 10.1843824386597 7.45668745040894 12.4135189056396 17.0104122161865 16.8650188446045 17.416353225708 15.2582683563232 9.02060222625732 6.55757331848145
15.5864191055298 12.2971887588501 16.1571960449219 15.2656545639038 12.6904020309448 17.0162773132324 18.6255016326904 11.9491834640503 10.5140523910522 12.4160985946655 13.3370943069458 10.2254257202148 13.8953332901001 16.5187854766846 17.141450881958 14.7201738357544 14.3211441040039 14.0208597183228 14.8887376785278 17.0255355834961 21.6163539886475 19.1423625946045 10.3479900360107 15.4207725524902 18.8026828765869 19.4368076324463 14.6901092529297 14.6251335144043 11.0696105957031 8.52241992950439 15.5423994064331 15.6802988052368 16.2162036895752 18.9483089447021 18.9641437530518 13.3656253814697 15.1370887756348 13.5055294036865 14.0779333114624 5.68381595611572 8.36696910858154 13.1800212860107 10.1219072341919 6.22820568084717 8.96919631958008 9.344482421875 9.77030086517334 13.3315715789795 13.2604608535767 12.5166473388672 11.5442514419556 6.64203977584839
16.0245704650879 11.3883457183838 12.2448463439941 11.1770629882812 11.1601409912109 17.6308441162109 21.366771697998 13.5732612609863 8.40653991699219 11.9352912902832 13.8244132995605 12.0512790679932 16.4888000488281 17.7661399841309 17.317943572998 16.2294597625732 15.9134750366211 13.1393013000488 12.9814176559448 16.9180335998535 22.8492183685303 21.3577575683594 11.0603914260864 10.9013242721558 15.1456289291382 19.7380561828613 20.7433128356934 17.7337913513184 16.466028213501 10.4279861450195 9.30179500579834 10.7636041641235 19.7109298706055 21.6055297851562 10.8180532455444 8.01954364776611 12.1650295257568 17.6994724273682 17.1726226806641 12.5157260894775 11.9777822494507 14.8241691589355 10.0734443664551 10.3040218353271 10.2193422317505 8.98675537109375 5.85734987258911 10.5436124801636 9.52270698547363 10.813458442688 9.21062660217285 10.2432489395142
10.3273477554321 13.8398752212524 11.5142345428467 8.20394802093506 11.4326229095459 11.4628086090088 17.4484386444092 16.0747756958008 13.9655952453613 15.7515716552734 11.1691741943359 14.4760713577271 17.8495197296143 18.3071174621582 16.0456504821777 17.4935264587402 10.9775371551514 8.91867351531982 10.3683824539185 16.8260345458984 22.5555591583252 21.6902179718018 17.7878475189209 13.1501302719116 10.0731897354126 13.2296056747437 16.2372283935547 16.6096210479736 15.5058975219727 14.9246387481689 10.7821207046509 5.41015434265137 11.8430500030518 13.8636150360107 7.7718391418457 7.35115003585815 13.6442575454712 17.5841407775879 16.6241645812988 16.4195766448975 14.5786514282227 9.89822101593018 10.1542043685913 9.59841632843018 9.75356483459473 10.743522644043 8.06485939025879 12.453200340271 10.252779006958 12.2863931655884 8.0630521774292 9.33894634246826
8.54594612121582 8.75440406799316 12.911187171936 14.6480464935303 10.9560012817383 11.5025520324707 15.9800624847412 16.9438285827637 16.1896476745605 13.7949228286743 9.27776527404785 12.5544681549072 16.6712112426758 17.4197177886963 16.8061828613281 10.6947116851807 6.23199272155762 7.25232601165771 12.0376834869385 20.0398273468018 18.5597743988037 22.2891597747803 22.6743850708008 13.6599159240723 7.41550254821777 9.17657375335693 13.1490859985352 14.4194946289062 14.6648941040039 10.7741775512695 9.57228088378906 6.79578685760498 9.43451404571533 7.90550470352173 6.89392185211182 4.94079160690308 10.5924949645996 14.7213830947876 18.5095520019531 15.4663276672363 18.8450946807861 16.8229141235352 10.2853012084961 7.66782712936401 7.18035221099854 9.46081256866455 9.01371955871582 12.9087581634521 8.46988868713379 8.58517932891846 7.76464509963989 10.0794248580933
12.4510316848755 13.7036075592041 13.550145149231 11.7310314178467 10.9951162338257 18.3446197509766 20.6903648376465 17.3138637542725 13.8020877838135 13.0091676712036 15.8893022537231 16.4085254669189 15.6119136810303 15.328125 14.2659196853638 11.078143119812 6.64147472381592 7.90953826904297 12.9115543365479 16.2491569519043 15.1895370483398 16.8747653961182 25.244348526001 17.6114273071289 8.97465419769287 7.64911699295044 6.49514675140381 10.7609157562256 10.5404758453369 5.94414663314819 6.49523782730103 10.5274744033813 10.0105428695679 10.3189859390259 9.21846199035645 5.37003803253174 7.64385795593262 11.2227993011475 18.8547306060791 17.3395576477051 19.6501617431641 19.6645050048828 15.4676427841187 7.96671295166016 6.46039867401123 5.97749757766724 7.29157018661499 10.3602161407471 10.4116525650024 6.48633718490601 6.44511318206787 11.2208614349365
13.7292947769165 13.8204641342163 13.8650016784668 10.6334543228149 12.6818380355835 19.8717060089111 23.9034843444824 16.8349475860596 13.597674369812 14.5870399475098 17.7025852203369 16.263599395752 17.8628559112549 18.7165451049805 17.5371170043945 15.0043392181396 10.8464908599854 9.7749137878418 10.1309776306152 13.7631406784058 11.8978481292725 13.8377027511597 19.8319931030273 19.6213302612305 11.8900728225708 11.1253242492676 7.46992158889771 8.42178153991699 8.21309185028076 4.58373880386353 3.05897736549377 11.5824556350708 6.6536808013916 6.83702516555786 7.5755934715271 7.14654445648193 8.98720741271973 11.5763816833496 16.6977958679199 17.5324649810791 11.0752811431885 11.21058177948 18.8349857330322 13.1062431335449 9.89807319641113 10.8276062011719 9.85351371765137 11.8084707260132 14.1341218948364 6.9997444152832 6.13286161422729 7.02565050125122
14.2459306716919 13.0572471618652 12.4144134521484 13.4140377044678 14.0064420700073 20.2826766967773 23.4804573059082 12.953896522522 16.8905639648438 16.1432571411133 11.3820457458496 14.2548694610596 15.0842351913452 15.7276163101196 15.4229354858398 20.9057788848877 16.1195640563965 16.2630290985107 11.5664339065552 14.7822952270508 13.0586395263672 15.5166492462158 14.5615835189819 19.5684814453125 11.832368850708 12.8616962432861 7.11553001403809 7.95332717895508 8.08749389648438 5.83580732345581 5.49550676345825 8.45711994171143 5.57005882263184 5.81060647964478 7.45109272003174 6.64560317993164 8.49660587310791 10.0806322097778 8.37563419342041 12.1232643127441 6.67754411697388 6.78098726272583 13.8199758529663 20.2650680541992 15.9208097457886 13.1691370010376 15.0258321762085 15.8624887466431 10.1867475509644 7.45149087905884 4.94318723678589 6.6537709236145
16.4456634521484 15.4391012191772 12.7717580795288 13.9017295837402 15.1358709335327 18.5196170806885 21.4134254455566 20.0731582641602 21.2185916900635 19.5149345397949 16.8083190917969 14.2626495361328 14.4074764251709 15.2066373825073 19.7274284362793 18.2046947479248 15.3376541137695 21.1438102722168 14.4188356399536 15.9824542999268 15.5165157318115 16.2369155883789 15.5836925506592 18.9554023742676 11.7527122497559 12.6910448074341 7.53041553497314 6.81659364700317 7.92517518997192 5.51141738891602 6.88042974472046 8.57063961029053 7.95076370239258 8.33446502685547 6.57816791534424 5.66060590744019 7.22220754623413 6.57197761535645 6.29514408111572 7.36398267745972 7.74801349639893 5.34680843353271 7.29215669631958 9.46181201934814 18.3806858062744 11.5550470352173 17.575174331665 15.5291404724121 12.7187852859497 8.1719913482666 7.27351999282837 6.83170223236084
13.1794109344482 15.4905118942261 18.0988578796387 19.0033874511719 17.095832824707 16.8722343444824 20.064546585083 17.9420070648193 18.9777965545654 22.9479866027832 20.0915126800537 15.7543926239014 15.2083520889282 17.4452724456787 16.834846496582 11.7750625610352 13.9672842025757 17.6995792388916 14.5176439285278 14.8441772460938 14.1101531982422 14.6094970703125 15.984354019165 16.9258842468262 16.5325088500977 10.7242422103882 10.427056312561 8.25489616394043 7.65688943862915 6.53584480285645 9.53081703186035 9.53875732421875 7.39150619506836 11.0059223175049 8.19476318359375 7.83052158355713 7.08916187286377 5.52669048309326 6.30841255187988 6.77742004394531 7.23648691177368 6.33205890655518 6.15393877029419 7.9974308013916 9.66552734375 11.4193964004517 16.3490562438965 16.8363857269287 13.2031240463257 5.04481601715088 4.3459849357605 6.29643535614014
11.6236085891724 11.8150196075439 14.360408782959 16.3272857666016 17.2051906585693 18.6540966033936 17.7863101959229 18.8482227325439 15.8889207839966 19.2309112548828 20.438835144043 17.7217788696289 10.7748441696167 13.7043294906616 18.8262500762939 13.7522087097168 14.6813268661499 16.2819156646729 21.7931308746338 14.5199680328369 19.1138820648193 17.59787940979 11.6349649429321 12.7321062088013 16.3559875488281 10.0893125534058 9.57153129577637 6.56934642791748 7.3772144317627 8.26133728027344 9.0451717376709 7.2782039642334 8.95366191864014 10.8258972167969 7.78640031814575 6.3618688583374 5.64384984970093 8.13799285888672 7.81159400939941 6.16070365905762 4.57113838195801 5.21532583236694 4.51247644424438 5.59740495681763 7.77981185913086 12.3367967605591 11.4278879165649 9.90590572357178 6.7969799041748 3.75062251091003 2.63057684898376 3.15880060195923
14.9463996887207 15.7414131164551 14.8647432327271 13.2191228866577 15.6028738021851 17.6142711639404 21.0601024627686 19.4281425476074 13.8785362243652 14.519419670105 24.7801113128662 18.6136817932129 8.05590438842773 8.98309707641602 13.3640470504761 17.3878936767578 13.6495485305786 17.6381282806396 17.7087306976318 14.8083143234253 21.8121604919434 21.4096584320068 15.2707443237305 10.3440341949463 15.8026266098022 13.4401264190674 7.39784336090088 5.80006694793701 7.93225145339966 14.1055898666382 13.7748403549194 7.57749843597412 11.4023084640503 10.3154602050781 7.80035591125488 5.15013694763184 6.4628963470459 5.48976278305054 7.1981725692749 8.44267082214355 6.91277360916138 7.58967590332031 6.79596471786499 7.211989402771 8.55902099609375 10.7606210708618 10.7037591934204 8.50024604797363 6.33257532119751 4.49969959259033 3.3524112701416 2.98518252372742
13.5671806335449 14.558235168457 15.5049343109131 15.797191619873 17.0846462249756 18.3000717163086 16.6187191009521 20.0922985076904 18.7696094512939 18.3020133972168 23.1687088012695 24.0173454284668 8.15716075897217 10.1527261734009 10.157470703125 14.6346445083618 16.6145648956299 17.2628498077393 15.9695062637329 19.6713104248047 19.3425064086914 17.897367477417 14.228123664856 16.9490928649902 18.6681442260742 19.6930561065674 14.0399751663208 10.8612413406372 17.2538757324219 20.8985042572021 13.7578525543213 8.92071628570557 9.43176746368408 8.90808200836182 6.82288646697998 5.8692889213562 6.56466817855835 4.70419454574585 5.52649211883545 6.76121807098389 6.27723407745361 7.13403940200806 7.41209888458252 8.63206005096436 10.5866918563843 9.65355777740479 6.29106855392456 8.94855308532715 4.3403468132019 3.7734489440918 3.1265389919281 2.30883407592773
16.7804222106934 14.4285440444946 15.4983940124512 16.9948215484619 18.8702144622803 18.691743850708 15.4698362350464 20.4447040557861 21.0033550262451 17.5999488830566 19.0041160583496 22.1431770324707 15.4494132995605 10.5952491760254 13.0259437561035 15.3497753143311 17.7021083831787 17.3998336791992 21.0713367462158 19.3181972503662 17.935546875 18.0924453735352 19.9096565246582 19.1264247894287 14.9996013641357 15.7825489044189 12.4793500900269 15.7005653381348 18.5837020874023 20.4089412689209 12.4930601119995 9.09319114685059 7.80487060546875 7.75008773803711 6.32964277267456 9.34048843383789 5.79231405258179 3.81027054786682 4.37554502487183 7.19964504241943 8.50114917755127 6.5326361656189 9.86402988433838 9.52705574035645 8.26990604400635 10.4552021026611 7.03725814819336 4.60049533843994 2.88838005065918 2.53725838661194 2.11441850662231 2.70453834533691
15.1027841567993 16.2948017120361 17.303466796875 18.2910270690918 19.1236801147461 20.9226551055908 17.4841537475586 18.3529224395752 20.8219108581543 21.2033061981201 21.2772426605225 18.1926517486572 14.2913246154785 16.5570030212402 17.2048015594482 21.3536338806152 19.8835353851318 17.9854068756104 16.6236057281494 17.150577545166 18.2847995758057 19.6258792877197 17.8386535644531 17.9845867156982 19.3596038818359 15.2439727783203 10.5713920593262 19.9003429412842 16.2562198638916 19.409460067749 13.1542797088623 10.9017963409424 9.54389095306396 7.82963848114014 5.32175636291504 15.3439741134644 6.73814344406128 4.09830093383789 5.75551748275757 7.97627258300781 9.09509086608887 10.2851104736328 10.2689199447632 11.7846097946167 9.85055923461914 9.86314582824707 5.58581352233887 4.58913040161133 3.94515681266785 3.93109321594238 4.41803407669067 4.56683349609375
16.4299373626709 17.8022193908691 12.3909282684326 11.8947877883911 9.31871509552002 12.5793085098267 19.5724105834961 17.196928024292 17.5822734832764 20.5298385620117 21.7923240661621 21.5337238311768 22.4069061279297 21.3873996734619 20.2080039978027 19.6193904876709 20.4311714172363 19.227108001709 17.8890514373779 15.0586519241333 16.7149276733398 18.2235412597656 21.1386070251465 20.2243614196777 20.7370624542236 20.1453819274902 19.4566230773926 22.9894104003906 19.4727077484131 24.1145973205566 21.4866676330566 15.0324878692627 9.74202728271484 6.64572429656982 13.0466995239258 17.4242324829102 8.74406242370605 5.09160375595093 9.24504947662354 7.53861045837402 10.5561199188232 11.6799926757812 7.41221809387207 6.01277637481689 6.34256029129028 5.08302021026611 6.59944820404053 7.69568109512329 4.85478496551514 5.30050420761108 6.36222410202026 4.57795190811157
15.1851377487183 10.560076713562 7.26696729660034 5.49146890640259 6.88152456283569 9.9272289276123 12.8896188735962 16.8882160186768 18.1414337158203 17.6341991424561 22.5542545318604 19.3800735473633 19.8584537506104 22.7745475769043 24.5235824584961 22.8887767791748 24.4329376220703 21.383337020874 18.945858001709 16.5963401794434 15.1950588226318 16.6916103363037 19.6172103881836 18.5951652526855 18.9211921691895 19.5021438598633 20.7883186340332 24.1568069458008 22.6926937103271 24.2706489562988 22.6504096984863 12.9144496917725 6.80380249023438 9.49588394165039 15.263822555542 12.1031084060669 4.20918989181519 6.95537805557251 7.56754732131958 9.32603931427002 11.1713771820068 6.7762508392334 6.08633041381836 5.69719314575195 4.44856977462769 3.83986830711365 5.29286241531372 6.03047370910645 3.9510977268219 5.04590845108032 6.62911939620972 5.38267850875854
15.7374677658081 15.0429973602295 11.9676904678345 11.2785873413086 11.1504144668579 14.4419441223145 11.5937194824219 11.3978796005249 19.5050868988037 19.5433502197266 21.4594078063965 19.4759979248047 22.5983562469482 26.2175827026367 22.9446887969971 23.7719058990479 21.1425609588623 23.6740589141846 21.9164047241211 18.3875522613525 17.6547946929932 15.4194192886353 17.5435981750488 17.8595008850098 17.2419624328613 17.1289978027344 17.7645587921143 18.8812084197998 19.8396053314209 21.6797676086426 12.3054819107056 8.88204956054688 8.06749725341797 11.1870527267456 13.2981643676758 8.48605537414551 7.82759189605713 8.74080848693848 9.44460010528564 10.1318817138672 8.01918029785156 4.98395299911499 5.25271558761597 7.18780565261841 3.91775965690613 4.45345258712769 6.30333232879639 5.07081174850464 3.94756603240967 5.81353950500488 6.32600784301758 3.59048533439636
