R_scripts/int_process_data/Portugal_Aspect_degrees.asc
NCOLS 281 
NROWS 577 
XLLCORNER 81175.2677831308 
YLLCORNER -911.770678700996 
CELLSIZE 1000 
NODATA_value -3.4e+38 
[rows 115 to 137 of 577, columns 156 to 207 of 281]
112.365272521973 142.358978271484 105.600479125977 159.443649291992 120.357063293457 176.860733032227 165.067581176758 123.667686462402 86.4196548461914 81.3042755126953 73.004150390625 96.4205322265625 161.313629150391 228.483993530273 223.968612670898 235.273681640625 203.677261352539 187.204940795898 201.436386108398 174.031967163086 164.129104614258 121.680206298828 152.445343017578 202.427886962891 217.663391113281 182.908050537109 182.872955322266 159.368362426758 158.800155639648 149.892929077148 126.668319702148 157.272674560547 170.247695922852 159.687393188477 188.888473510742 149.061462402344 146.285827636719 172.505004882812 178.339721679688 174.058975219727 197.181045532227 154.971908569336 155.239379882812 152.674133300781 200.691314697266 222.239883422852 155.244415283203 169.672653198242 195.949340820312 192.947357177734 148.300109863281 165.849533081055
136.353912353516 143.610900878906 191.268615722656 281.870758056641 190.479309082031 155.865936279297 224.94384765625 167.61799621582 191.569778442383 151.679992675781 113.413940429688 99.0214080810547 53.4124145507812 112.87735748291 195.819427490234 168.703735351562 201.09489440918 209.156112670898 182.812866210938 169.398559570312 167.776718139648 179.198333740234 147.390731811523 147.473022460938 174.721389770508 211.044143676758 130.889862060547 125.667373657227 158.537796020508 143.060333251953 120.627914428711 94.9910278320312 114.567260742188 180.620330810547 177.901016235352 164.850021362305 109.292488098145 145.706527709961 163.355117797852 131.86247253418 143.301788330078 98.5833206176758 117.697746276855 141.931838989258 209.321578979492 197.103561401367 151.34782409668 146.509429931641 164.609436035156 155.453384399414 164.499984741211 194.304748535156
177.410461425781 198.737319946289 154.262390136719 132.371078491211 90.3014373779297 153.535522460938 215.744201660156 223.875305175781 218.805099487305 171.943099975586 223.306671142578 172.834625244141 131.291000366211 94.9189682006836 156.393508911133 233.472152709961 239.586303710938 234.079681396484 232.133117675781 183.373580932617 151.600875854492 163.569046020508 148.648803710938 138.373428344727 184.090408325195 234.457412719727 190.157180786133 117.635162353516 147.642425537109 137.045104980469 177.631225585938 186.474426269531 179.09309387207 233.598236083984 235.598602294922 217.630554199219 208.309936523438 228.604583740234 193.661270141602 154.638809204102 129.250640869141 130.137741088867 131.545104980469 180.293319702148 179.749786376953 162.671310424805 159.04118347168 200.511428833008 185.207580566406 161.894943237305 176.237716674805 235.19091796875
141.979019165039 145.258880615234 164.792846679688 143.010009765625 138.926391601562 84.1064224243164 204.189605712891 238.271331787109 196.528167724609 186.92561340332 116.667022705078 116.179039001465 158.952301025391 120.05200958252 97.4428482055664 191.541442871094 167.696182250977 163.93505859375 140.642135620117 128.194244384766 174.558013916016 180.468414306641 119.043830871582 149.839981079102 144.513473510742 189.933853149414 224.39860534668 194.237777709961 140.164474487305 194.408233642578 206.544479370117 176.014633178711 196.096099853516 242.671325683594 172.846099853516 159.668914794922 200.831939697266 227.055541992188 148.533401489258 177.420639038086 155.701843261719 143.551239013672 168.517425537109 205.716445922852 210.324951171875 167.865905761719 164.527130126953 159.446395874023 200.967559814453 160.309417724609 234.889083862305 227.152114868164
112.186325073242 133.575485229492 180.537246704102 189.237442016602 206.511764526367 132.704437255859 179.003952026367 215.006072998047 176.742095947266 121.735412597656 158.376174926758 141.587539672852 152.133331298828 159.089630126953 193.586196899414 159.936218261719 141.816055297852 116.757705688477 94.3346633911133 112.910293579102 135.903671264648 149.371444702148 145.679229736328 150.82341003418 139.577270507812 133.810043334961 170.650009155273 172.431701660156 157.156036376953 143.537063598633 181.953201293945 207.509536743164 241.365615844727 238.721221923828 214.768203735352 189.643783569336 188.852951049805 127.622291564941 103.129203796387 165.374740600586 219.338180541992 217.769714355469 225.338043212891 181.538757324219 178.231872558594 164.566482543945 187.663879394531 174.234436035156 152.244140625 142.077987670898 112.222991943359 160.983352661133
87.8091659545898 123.340362548828 168.673599243164 175.918060302734 184.6435546875 204.566192626953 187.413330078125 205.210968017578 229.493728637695 198.828704833984 209.850387573242 182.989685058594 117.42293548584 171.622955322266 143.290145874023 174.889801025391 204.52131652832 190.771774291992 175.0283203125 154.861129760742 124.942939758301 77.1739807128906 108.17919921875 132.652786254883 144.559829711914 168.476821899414 186.834060668945 218.332046508789 234.11051940918 222.700042724609 196.258407592773 157.441284179688 207.237396240234 194.38752746582 158.547744750977 161.725799560547 148.521545410156 154.875183105469 158.923431396484 135.828750610352 189.510681152344 181.024200439453 194.163467407227 184.977645874023 179.192520141602 165.593276977539 146.559204101562 153.782577514648 157.507034301758 177.654495239258 145.643249511719 110.815643310547
90.5824661254883 125.232925415039 161.847991943359 170.287414550781 204.910232543945 249.702789306641 149.628265380859 224.269027709961 204.104309082031 241.817108154297 249.992111206055 207.697418212891 187.011917114258 199.714019775391 118.95970916748 134.703399658203 214.285659790039 233.74250793457 206.817520141602 200.501113891602 177.968002319336 153.051696777344 120.582344055176 172.579803466797 110.410720825195 119.67163848877 179.810470581055 213.848037719727 209.511901855469 241.394119262695 218.88346862793 213.75553894043 182.504257202148 158.344299316406 167.335739135742 169.549835205078 175.781372070312 197.704177856445 141.007934570312 144.877136230469 149.792327880859 170.784851074219 199.677734375 198.35920715332 192.986267089844 173.255035400391 197.714050292969 191.145935058594 186.889297485352 177.760833740234 158.634368896484 128.396102905273
150.140716552734 122.828155517578 176.385177612305 175.652542114258 208.764785766602 158.305923461914 120.070411682129 176.511947631836 202.610275268555 196.877365112305 164.836990356445 157.295639038086 255.471908569336 229.155212402344 229.205963134766 205.331024169922 200.297439575195 192.443923950195 204.221694946289 134.371139526367 125.884506225586 185.293502807617 122.047355651855 117.816581726074 163.868118286133 224.273651123047 162.946151733398 188.886169433594 226.913284301758 225.652282714844 201.010620117188 168.683670043945 158.94384765625 155.469390869141 161.980972290039 158.843826293945 183.391464233398 145.65495300293 106.114616394043 110.289932250977 168.33056640625 190.859085083008 180.397201538086 203.978790283203 223.423263549805 195.133590698242 167.130722045898 212.222778320312 194.831680297852 146.734100341797 131.400421142578 140.484466552734
212.880477905273 132.412307739258 150.485321044922 187.36018371582 181.424438476562 150.781021118164 88.1967620849609 156.361236572266 149.857849121094 155.568771362305 187.450897216797 256.082550048828 291.475555419922 249.428604125977 223.031295776367 200.856063842773 178.164428710938 213.988586425781 185.707580566406 168.545532226562 145.207962036133 125.652328491211 184.686370849609 224.874969482422 274.754760742188 188.670288085938 146.36882019043 128.239898681641 127.635971069336 170.939910888672 178.831741333008 152.801010131836 165.047973632812 179.156768798828 163.325897216797 181.549575805664 176.801712036133 167.645584106445 120.679512023926 141.758438110352 185.551940917969 198.467788696289 196.155685424805 192.496734619141 182.629043579102 218.860977172852 193.02961730957 155.039505004883 166.849609375 191.193496704102 158.275650024414 124.736808776855
224.971420288086 187.237442016602 167.484451293945 207.744186401367 183.179321289062 165.597137451172 141.278991699219 161.146362304688 183.571517944336 118.392692565918 177.875289916992 271.113433837891 258.957916259766 239.499328613281 217.0849609375 201.386978149414 211.324111938477 192.346374511719 210.720291137695 198.497787475586 233.982147216797 219.959945678711 146.101043701172 165.788558959961 165.804428100586 107.398696899414 108.523704528809 134.960464477539 115.438499450684 173.054153442383 145.192947387695 150.851409912109 158.329895019531 174.391189575195 162.059387207031 190.248687744141 212.519897460938 240.287872314453 212.876678466797 243.558456420898 244.58430480957 246.202667236328 218.43913269043 197.477142333984 140.392318725586 166.905212402344 202.789749145508 215.625854492188 189.719696044922 217.774749755859 243.298889160156 239.252487182617
215.483367919922 235.957153320312 253.004867553711 250.511184692383 167.824249267578 198.400238037109 181.174163818359 129.778701782227 189.076812744141 214.466125488281 241.731719970703 245.483276367188 187.632888793945 243.360244750977 228.619491577148 139.904495239258 157.789337158203 167.729644775391 167.552780151367 200.756729125977 210.008743286133 192.246124267578 135.772399902344 78.6386337280273 145.668014526367 199.41618347168 183.907699584961 111.74813079834 136.078506469727 147.335510253906 142.327072143555 128.427764892578 147.041534423828 147.580871582031 162.145858764648 140.096237182617 166.308822631836 192.75862121582 189.678253173828 214.788665771484 220.443572998047 230.369644165039 224.872589111328 203.957489013672 179.010726928711 172.334686279297 157.779098510742 150.74006652832 145.703369140625 186.246536254883 187.640991210938 225.513244628906
179.263061523438 215.330551147461 252.332046508789 213.410781860352 184.047485351562 188.544876098633 167.697418212891 180.764785766602 176.202301025391 230.943954467773 234.082550048828 249.421234130859 231.995300292969 204.54753112793 147.053970336914 118.300140380859 114.61466217041 172.51579284668 134.876525878906 175.199234008789 196.713836669922 183.475006103516 167.255477905273 134.275283813477 166.004196166992 202.658309936523 167.475280761719 131.213012695312 123.226760864258 152.516265869141 179.5927734375 183.966567993164 180.674835205078 157.493179321289 147.28532409668 163.353698730469 141.247085571289 161.796752929688 199.495010375977 217.895599365234 178.36067199707 158.167465209961 205.283630371094 199.952285766602 193.97216796875 181.67903137207 134.694839477539 162.798690795898 183.263549804688 189.371063232422 215.491256713867 218.979751586914
109.783485412598 189.714904785156 209.238571166992 158.344467163086 188.893127441406 203.000213623047 175.163421630859 125.252449035645 180.480987548828 233.204666137695 205.797714233398 166.949249267578 190.473815917969 208.46418762207 161.209274291992 96.2021789550781 120.165916442871 134.80158996582 134.480056762695 201.500793457031 230.268524169922 235.57405090332 221.360000610352 204.046890258789 146.993728637695 161.291305541992 152.872299194336 224.492568969727 198.880386352539 206.61360168457 163.523651123047 205.488418579102 191.207580566406 195.924697875977 185.791305541992 130.822219848633 175.530944824219 211.441818237305 204.787811279297 204.352691650391 220.781799316406 206.369964599609 199.705291748047 133.684951782227 124.020805358887 147.032211303711 168.013427734375 188.659133911133 189.08430480957 185.33073425293 164.290588378906 163.296661376953
156.098571777344 247.01139831543 248.482772827148 196.090087890625 165.871047973633 177.01416015625 206.388366699219 188.350387573242 171.114303588867 209.384124755859 265.257598876953 202.744857788086 196.354110717773 160.144470214844 185.092864990234 163.885238647461 97.3931503295898 125.255546569824 123.140922546387 118.400497436523 197.344512939453 249.684143066406 213.902587890625 202.3056640625 144.609024047852 107.29972076416 140.063064575195 252.071212768555 244.095321655273 210.30908203125 155.279724121094 155.374206542969 200.761367797852 158.105621337891 157.592422485352 169.498565673828 184.501861572266 162.944000244141 195.773162841797 181.543731689453 191.960083007812 207.342330932617 183.982009887695 162.494918823242 154.785385131836 136.449890136719 170.118011474609 197.308990478516 195.108688354492 179.651824951172 139.459564208984 149.609237670898
200.523773193359 145.296310424805 169.098419189453 172.99641418457 119.618324279785 166.764556884766 217.12744140625 191.905639648438 161.999725341797 240.341003417969 213.658065795898 236.506881713867 214.362548828125 168.080169677734 212.160202026367 205.604446411133 147.070236206055 113.030311584473 118.757141113281 78.4537963867188 133.42594909668 179.770248413086 169.955459594727 211.623626708984 194.846466064453 125.620666503906 162.868148803711 192.797256469727 217.427474975586 161.624267578125 185.937637329102 199.022354125977 202.495040893555 182.280563354492 188.926818847656 179.07763671875 162.349182128906 174.032318115234 176.021911621094 181.303863525391 195.59538269043 173.63037109375 167.323501586914 172.910751342773 131.297790527344 158.978698730469 184.189361572266 161.378387451172 153.937561035156 169.766647338867 215.563995361328 154.241439819336
119.498092651367 177.055450439453 188.864501953125 141.88835144043 90.4456558227539 100.782852172852 126.761306762695 128.343322753906 154.656204223633 188.173782348633 209.608764648438 233.371383666992 130.220077514648 126.229049682617 173.135070800781 210.84294128418 238.066940307617 175.862106323242 181.766876220703 157.762130737305 111.986595153809 173.169799804688 199.531234741211 241.049072265625 197.724487304688 221.245239257812 180.866409301758 164.025924682617 175.682113647461 187.77978515625 274.023590087891 286.820037841797 201.900115966797 137.20068359375 152.478302001953 190.390014648438 167.748336791992 161.267608642578 183.310913085938 166.272384643555 156.820327758789 175.791885375977 152.484130859375 188.639114379883 225.658340454102 186.965209960938 153.619979858398 175.355453491211 161.400573730469 173.335021972656 157.398208618164 177.838226318359
174.823989868164 125.886451721191 99.3428115844727 87.2101287841797 137.299850463867 123.035659790039 104.518020629883 167.73908996582 111.953559875488 145.208862304688 184.713333129883 171.160568237305 94.1863174438477 127.645401000977 172.444091796875 151.446105957031 214.978042602539 228.164749145508 229.826477050781 239.587661743164 210.928436279297 144.91780090332 203.614608764648 253.005874633789 180.33757019043 150.023422241211 147.936401367188 231.701141357422 149.765899658203 171.923522949219 231.267761230469 212.934875488281 166.660400390625 133.639663696289 145.205780029297 188.481399536133 184.809448242188 140.359405517578 168.176177978516 180.910308837891 186.704406738281 178.156997680664 180.034942626953 190.371292114258 218.209884643555 258.285400390625 261.212127685547 236.655090332031 254.086029052734 198.369827270508 187.540466308594 181.884429931641
165.932662963867 130.846954345703 120.07901763916 114.724807739258 119.967636108398 104.260688781738 110.690422058105 78.9607696533203 81.5855331420898 133.88525390625 150.713806152344 167.565856933594 65.9651489257812 118.422912597656 199.125244140625 190.461227416992 210.125274658203 236.958206176758 236.449859619141 248.640182495117 238.148284912109 233.606033325195 278.366363525391 245.25993347168 209.91716003418 211.05078125 187.625091552734 190.795944213867 127.866508483887 177.290130615234 173.706283569336 184.828170776367 169.606063842773 186.255569458008 129.187438964844 160.633697509766 149.041748046875 221.555557250977 188.651107788086 177.394958496094 172.369033813477 144.028411865234 164.429550170898 215.655197143555 226.801620483398 220.706527709961 198.323364257812 241.247634887695 181.372756958008 133.442687988281 202.433013916016 163.48600769043
200.165130615234 206.622482299805 207.871978759766 200.733581542969 176.596984863281 134.842529296875 211.034561157227 224.164016723633 175.211410522461 225.080932617188 221.759689331055 195.266952514648 81.5157699584961 114.672241210938 169.750778198242 232.449142456055 257.125762939453 248.019409179688 265.654327392578 254.80744934082 238.702041625977 245.779266357422 261.492156982422 216.165710449219 210.159637451172 226.892974853516 260.903717041016 202.660949707031 138.335342407227 221.67610168457 174.962844848633 144.277725219727 202.907257080078 195.748550415039 108.844161987305 169.39338684082 228.951797485352 214.893142700195 240.629104614258 198.268997192383 185.263900756836 185.059371948242 142.161972045898 113.665031433105 105.704803466797 120.651092529297 206.849990844727 196.395935058594 161.677291870117 179.439117431641 186.295257568359 181.670440673828
137.368362426758 209.454879760742 256.947082519531 255.15788269043 258.938842773438 250.18327331543 255.283355712891 247.011856079102 203.221206665039 161.496810913086 206.356704711914 250.007705688477 114.535301208496 126.820434570312 198.927642822266 280.683776855469 247.548843383789 209.470138549805 185.102752685547 197.709533691406 194.460159301758 149.589660644531 141.064407348633 148.147323608398 140.730255126953 215.030197143555 262.499786376953 187.880249023438 183.448501586914 203.059432983398 181.081481933594 152.00813293457 174.169662475586 149.826995849609 169.526382446289 160.522567749023 159.531585693359 150.993362426758 172.428405761719 130.073150634766 141.479888916016 158.899398803711 134.105834960938 165.565216064453 164.5234375 145.435455322266 177.489562988281 176.1328125 172.349731445312 155.094573974609 181.796630859375 187.714447021484
159.724822998047 205.124465942383 235.767471313477 256.495666503906 256.505798339844 197.254669189453 146.814376831055 170.458099365234 232.15364074707 225.896789550781 191.447631835938 179.483947753906 105.187149047852 113.043060302734 279.537933349609 209.050445556641 155.055801391602 194.878402709961 221.104309082031 150.541290283203 163.831161499023 193.161407470703 160.655654907227 142.529632568359 172.579513549805 180.997634887695 162.119979858398 163.073287963867 233.997055053711 241.76416015625 203.745040893555 228.363983154297 180.248077392578 195.268280029297 249.685852050781 178.705047607422 160.346893310547 153.729415893555 159.570205688477 223.336929321289 205.25910949707 159.542449951172 204.654174804688 218.915924072266 212.768630981445 220.594818115234 183.578659057617 168.82780456543 194.579071044922 214.758987426758 184.040786743164 204.026580810547
221.184799194336 204.917022705078 254.387435913086 225.668350219727 222.162582397461 218.87663269043 210.033874511719 238.611801147461 192.058639526367 148.087112426758 147.267196655273 129.300399780273 109.268630981445 121.489814758301 163.704696655273 179.970092773438 169.614669799805 142.345977783203 148.019104003906 124.76927947998 133.977813720703 125.556411743164 132.656005859375 186.932327270508 157.808471679688 159.046432495117 166.749710083008 210.457183837891 271.7783203125 257.572906494141 240.94775390625 185.350158691406 156.666717529297 194.896575927734 259.763977050781 230.626052856445 226.797943115234 250.806457519531 182.968933105469 217.696060180664 221.000503540039 202.326171875 213.845855712891 195.317092895508 257.715911865234 182.567123413086 168.671127319336 183.64208984375 151.639297485352 198.47673034668 182.433258056641 182.169479370117
248.241149902344 194.369979858398 174.812515258789 195.351699829102 192.453491210938 171.677536010742 149.260131835938 124.004859924316 147.317108154297 162.319061279297 194.079299926758 156.690139770508 104.220199584961 119.340293884277 114.231552124023 164.649383544922 177.215408325195 143.537857055664 124.294784545898 137.454437255859 132.394729614258 190.760131835938 204.865371704102 239.910736083984 185.490493774414 180.185333251953 179.671096801758 254.841384887695 267.829406738281 268.249328613281 233.399276733398 146.912185668945 153.165328979492 205.872512817383 246.207550048828 219.58219909668 280.053833007812 295.368530273438 250.326095581055 235.222198486328 178.87174987793 184.076507568359 188.906478881836 213.137710571289 162.164611816406 211.798263549805 217.522262573242 161.661575317383 183.499435424805 194.809631347656 203.53141784668 183.916046142578
