R_scripts/int_process_data/Portugal_slope.asc
NCOLS 281 
NROWS 577 
XLLCORNER 81175.2677831308 
YLLCORNER -911.770678700996 
CELLSIZE 1000 
NODATA_value -3.4e+38 
[rows 276 to 298 of 577, columns 52 to 103 of 281]
4.73935031890869 5.5690484046936 5.46038961410522 4.72495937347412 4.20983743667603 4.64955615997314 4.52548313140869 4.33851289749146 8.6356258392334 9.24432945251465 8.81370258331299 7.42896556854248 12.8442964553833 13.1302700042725 10.7395944595337 8.46654796600342 6.57768201828003 6.1673526763916 8.10630130767822 8.44308376312256 11.5477962493896 9.11357116699219 8.3617115020752 8.16989994049072 7.13071393966675 5.97527074813843 9.10840034484863 9.04305076599121 9.51695728302002 9.02124691009521 7.13085651397705 5.23448896408081 6.32441282272339 9.30493450164795 7.05849313735962 7.34415292739868 6.19404268264771 6.87535524368286 7.12757444381714 9.22501659393311 10.6940288543701 11.3981609344482 11.2580547332764 9.1918249130249 10.3000593185425 8.83631420135498 3.74832224845886 3.27358818054199 7.40975427627563 8.6384105682373 9.60144233703613 9.637131690979
6.10560703277588 5.85809659957886 6.03695583343506 4.47415065765381 4.52486801147461 6.99919891357422 7.28170299530029 5.61011075973511 8.87008953094482 8.09054851531982 6.31500482559204 8.08124256134033 12.1894865036011 14.4151878356934 10.624210357666 5.26799201965332 4.71989250183105 4.69581031799316 4.57219314575195 5.60504961013794 11.3832063674927 8.63914585113525 6.19019317626953 8.09052848815918 6.48782110214233 6.57806444168091 6.2874584197998 4.77532625198364 4.6323938369751 4.88731384277344 3.34842729568481 7.54935121536255 10.0884866714478 7.86424493789673 6.2224383354187 7.53659963607788 7.75969791412354 6.22720050811768 7.43864488601685 9.75902557373047 9.56867408752441 9.0482234954834 11.5595836639404 10.4435186386108 7.80634450912476 6.0565619468689 5.76202058792114 6.17778873443604 8.18153476715088 10.8296060562134 10.1616020202637 9.68517684936523
5.15921115875244 5.67823362350464 5.63619661331177 3.34834504127502 4.58326578140259 6.62663793563843 6.82243776321411 6.4249529838562 7.32071208953857 7.59618425369263 5.92300796508789 8.70219802856445 8.8764591217041 14.1615552902222 7.42808485031128 5.68755769729614 4.30760860443115 4.61655712127686 3.74575781822205 4.86411428451538 9.49774360656738 12.4513998031616 11.7151432037354 8.88538265228271 7.02754926681519 3.97324585914612 5.69728136062622 10.1533727645874 8.21898078918457 7.92924690246582 8.35671234130859 7.74395942687988 8.0425386428833 6.97291326522827 5.75510406494141 7.27902221679688 8.82835674285889 6.29485654830933 7.32855796813965 7.8989143371582 8.02281188964844 7.47675657272339 8.84843063354492 9.29874134063721 7.80407190322876 7.11283588409424 5.41051626205444 6.60476303100586 10.4202442169189 11.1123094558716 9.55060291290283 8.72884082794189
7.47005939483643 6.36609363555908 6.23909616470337 5.69494438171387 4.52180814743042 4.88542175292969 5.6100640296936 5.74553871154785 7.60781192779541 8.67672348022461 7.69748020172119 7.49016666412354 9.00169086456299 14.566876411438 9.23125457763672 8.34324836730957 4.51994323730469 3.52533864974976 4.01440286636353 3.31718301773071 4.36059474945068 11.6408109664917 17.2124118804932 12.917236328125 9.85153579711914 4.48428010940552 6.57757759094238 9.5340633392334 7.45676708221436 7.78306579589844 8.80497455596924 6.95504951477051 6.1914210319519 6.64340591430664 5.92338609695435 8.37991237640381 9.05428409576416 7.93865728378296 7.12118816375732 7.66956663131714 6.61473226547241 5.86531257629395 7.22227001190186 8.43045234680176 8.01638126373291 5.45141744613647 4.27509307861328 5.98460483551025 7.37546634674072 7.62771987915039 9.404296875 8.61932468414307
6.77119398117065 4.29643249511719 5.34677457809448 6.30139064788818 4.30060529708862 2.89583611488342 4.92821216583252 6.08258008956909 6.58969783782959 8.32076549530029 9.11828899383545 8.94223785400391 12.2678661346436 13.8831443786621 6.92406368255615 5.29876613616943 4.06452751159668 3.60359382629395 4.03309631347656 3.46476769447327 2.3314516544342 6.77630567550659 16.031436920166 11.7044525146484 8.78905391693115 5.88872385025024 4.43777322769165 6.74339294433594 4.95305776596069 5.55721235275269 5.82529449462891 6.53172206878662 6.81650352478027 7.387366771698 4.3798360824585 7.86198711395264 7.86923980712891 7.61122274398804 7.50225257873535 7.31442356109619 7.30550289154053 6.62069654464722 6.74080848693848 8.41778469085693 7.82010173797607 3.65497827529907 3.2461953163147 4.75446510314941 9.73883247375488 9.11300849914551 6.74583101272583 5.2438383102417
5.52677202224731 4.69476461410522 5.88251447677612 6.07769346237183 4.20877838134766 3.3125638961792 6.26007795333862 6.29205274581909 6.26765537261963 8.20793724060059 8.85978317260742 6.40196371078491 14.5157346725464 11.7722196578979 7.88248538970947 4.51553821563721 3.6109881401062 4.05404472351074 3.92906641960144 4.05540180206299 4.48321580886841 2.75048542022705 7.25960969924927 13.0417757034302 9.69172477722168 6.08046054840088 3.30815887451172 2.90093231201172 4.49946641921997 4.53851270675659 3.86714482307434 5.01711988449097 4.5870885848999 5.91125869750977 5.52366065979004 7.30585718154907 7.46695709228516 5.86996459960938 7.07847023010254 7.97722291946411 7.40137767791748 5.73401212692261 6.92154741287231 7.07459688186646 5.69933366775513 3.05576872825623 3.07726526260376 6.47599840164185 9.30439186096191 6.77517795562744 5.68705940246582 4.71838855743408
7.24630546569824 5.91514873504639 5.9298677444458 4.64292478561401 3.71146607398987 2.43806982040405 2.97447681427002 7.70470142364502 5.50886726379395 8.52021026611328 13.016900062561 9.17788124084473 14.2960023880005 7.83384561538696 8.6640453338623 5.69224500656128 4.69067335128784 6.46969747543335 7.66891145706177 5.24202966690063 4.99791955947876 1.99507772922516 3.54491329193115 6.31766557693481 10.0068845748901 8.20984172821045 5.06582593917847 5.46680498123169 5.2134952545166 4.33104848861694 4.46505355834961 7.76981782913208 8.40284156799316 7.44934415817261 8.12002468109131 7.13366365432739 7.56982231140137 6.60494565963745 6.12108278274536 7.2588062286377 6.32336044311523 5.62219524383545 7.44595527648926 4.04368448257446 3.95282912254333 4.20540142059326 4.54937839508057 6.98093891143799 7.59994316101074 7.91141510009766 6.54647779464722 8.47122955322266
6.74995803833008 6.42501878738403 4.74630117416382 4.28316783905029 2.54761672019958 3.77884387969971 9.31743431091309 4.9105167388916 6.66486310958862 10.150354385376 11.1398267745972 14.1522750854492 12.265513420105 8.76384353637695 7.12117004394531 7.33431720733643 8.24312305450439 9.14122867584229 7.99274778366089 6.04198503494263 5.04339027404785 2.98721504211426 2.85066556930542 5.06436491012573 6.57714223861694 7.35402870178223 7.69600343704224 7.19025182723999 4.71587467193604 5.10280895233154 7.23004150390625 6.48065948486328 5.22845554351807 6.45670700073242 6.56188440322876 7.57044649124146 7.14670705795288 7.04611015319824 6.49162292480469 6.41749382019043 6.1259708404541 6.39905405044556 7.60360050201416 3.26855611801147 4.03779268264771 3.59924411773682 4.52305269241333 7.06056356430054 7.75813722610474 8.61963844299316 6.28783941268921 7.0637640953064
7.59600019454956 6.10801315307617 5.30851364135742 3.38962531089783 3.03481650352478 11.2265520095825 14.4944362640381 6.90010833740234 10.4527711868286 14.1862888336182 7.91457653045654 10.4733381271362 6.26718854904175 7.56231355667114 8.94007301330566 9.12981033325195 9.50981998443604 8.55972003936768 9.61340522766113 9.18005275726318 7.29155588150024 4.22431230545044 2.3764181137085 3.69391274452209 4.71827030181885 5.34761905670166 6.3094801902771 6.36362314224243 7.0710768699646 7.177574634552 2.99594116210938 2.85034227371216 5.815749168396 5.31309700012207 5.55691719055176 8.61452770233154 5.23463344573975 5.71007680892944 6.32922697067261 6.0585298538208 5.86810255050659 4.64527225494385 5.96287536621094 3.837646484375 5.04096364974976 3.0063853263855 3.18701910972595 4.71606731414795 9.57306003570557 7.94699478149414 7.29300165176392 6.70648431777954
5.44582223892212 5.6410117149353 4.61962938308716 4.21772575378418 9.27457237243652 14.3475303649902 11.3112716674805 11.4177169799805 15.1140222549438 15.9010133743286 11.532190322876 8.20831871032715 6.87351131439209 8.71481418609619 9.86020660400391 8.90147686004639 6.08646059036255 6.34770631790161 7.03896188735962 6.36918878555298 5.78057098388672 6.25086784362793 3.00930380821228 1.64579463005066 3.02861499786377 4.2675838470459 5.34344911575317 6.20921564102173 7.83605766296387 6.69891738891602 3.04536437988281 6.37222194671631 6.42069244384766 5.78482246398926 5.76327466964722 7.40386724472046 7.13137149810791 4.91351366043091 5.7073974609375 5.20404767990112 5.79360294342041 4.71752214431763 5.56588459014893 3.83937859535217 3.64343166351318 3.30399775505066 2.91886973381042 3.18142676353455 9.67863845825195 7.51342391967773 9.19945430755615 9.18448734283447
5.77174663543701 5.89401006698608 3.91241264343262 4.03466510772705 17.3791694641113 11.2034006118774 14.8302707672119 16.0386867523193 18.1173896789551 13.014630317688 6.10205984115601 7.16357040405273 7.78950929641724 7.99395418167114 8.57566833496094 8.75448036193848 7.46416568756104 7.37484741210938 7.91976022720337 5.95325422286987 5.56612634658813 4.73519849777222 3.7228946685791 2.69984769821167 3.56410002708435 5.19423246383667 4.95387935638428 5.975257396698 8.45042896270752 6.43217134475708 7.11289978027344 4.27498388290405 6.74642944335938 5.93101644515991 4.7645206451416 4.91939163208008 5.4425745010376 7.009765625 4.80900764465332 5.95366621017456 4.66797876358032 5.68647813796997 4.45168113708496 3.61149215698242 2.78056406974792 3.85427641868591 3.49107480049133 4.85249185562134 7.84401655197144 7.02364158630371 7.33007621765137 12.7240324020386
5.68768310546875 3.4603328704834 1.75837063789368 12.396954536438 17.0331020355225 8.4689245223999 15.1205749511719 11.3097324371338 11.3961305618286 17.3827247619629 5.58665990829468 7.08896684646606 8.56404685974121 6.29356908798218 6.38735866546631 6.84357309341431 5.44457530975342 7.39676475524902 6.59209537506104 5.51247262954712 4.91179323196411 4.58058500289917 3.7156400680542 4.21837472915649 5.37634372711182 5.67169427871704 7.5846905708313 10.8305854797363 6.74957466125488 8.73843669891357 4.837646484375 4.90547275543213 7.15814352035522 5.54751253128052 4.82955026626587 3.58029627799988 3.77017617225647 4.40469980239868 5.2139835357666 4.51246213912964 4.44074773788452 4.01548957824707 3.41730070114136 5.19964408874512 3.67019414901733 3.70236682891846 3.34813022613525 5.92862844467163 5.20470237731934 6.41279077529907 9.17244625091553 11.011342048645
3.57783460617065 2.45873045921326 6.60415697097778 20.1122779846191 9.36061954498291 10.8764352798462 14.5837287902832 11.6519813537598 11.4611806869507 14.5394868850708 13.0454998016357 1.90177357196808 8.53614616394043 10.85622215271 7.18868637084961 7.49668216705322 8.81036376953125 5.02969360351562 4.62326908111572 5.05829477310181 3.98649024963379 4.41717672348022 3.32773089408875 4.13317346572876 7.4835901260376 8.75248622894287 8.72875499725342 13.0102500915527 9.02732944488525 5.31432771682739 4.07934904098511 5.66868257522583 5.79109001159668 5.32869243621826 5.30827522277832 4.14364290237427 4.86973285675049 2.59936738014221 3.33245849609375 4.54259300231934 3.83687973022461 4.71916818618774 4.57170677185059 3.72556948661804 3.76842427253723 2.30807542800903 3.93586444854736 5.41145896911621 4.73731088638306 6.26594924926758 8.8351354598999 9.74513721466064
1.52566397190094 2.8826916217804 16.9245319366455 13.823709487915 6.82152557373047 14.5615425109863 16.4367656707764 12.5714483261108 8.28472232818604 6.19096279144287 16.0089054107666 11.0718412399292 6.9866099357605 14.7756233215332 15.9059371948242 9.29213905334473 8.52164173126221 9.5587158203125 6.77173662185669 5.25458240509033 4.49416160583496 3.40561771392822 4.53941345214844 10.4658527374268 9.91521167755127 9.67289543151855 16.3494873046875 12.3924570083618 5.88053560256958 3.28600811958313 4.97597646713257 6.06762027740479 5.77121114730835 6.63987064361572 6.20395517349243 4.92036008834839 3.97951722145081 2.76870441436768 2.31397461891174 3.75804972648621 5.21456336975098 4.66994380950928 4.958571434021 4.77054595947266 3.29719924926758 3.16219449043274 5.01047992706299 5.51671314239502 5.41415500640869 7.12930727005005 9.54463768005371 7.60065889358521
2.12248826026917 11.0130882263184 20.1898937225342 4.78105545043945 11.0735311508179 19.3463726043701 11.3384828567505 12.2365884780884 8.74182891845703 8.28359031677246 7.95577716827393 19.6628036499023 15.7278537750244 10.3726778030396 10.8154621124268 18.2764644622803 6.27386331558228 5.98311901092529 8.73824501037598 7.51378774642944 5.92336511611938 5.92931175231934 13.0112915039062 11.4567613601685 6.46027421951294 15.8372850418091 14.530689239502 8.4825267791748 3.99916791915894 5.03628730773926 6.16174411773682 5.84601163864136 7.69262790679932 5.66834735870361 5.35968112945557 5.53579521179199 4.32990550994873 3.04918503761292 2.74837613105774 2.08993268013 2.72856473922729 3.92904448509216 5.91000509262085 5.34226083755493 4.55707502365112 6.76831960678101 6.02450323104858 8.40972995758057 10.516695022583 15.3542289733887 12.9102916717529 7.26522302627563
4.49588966369629 15.6787586212158 10.0502605438232 7.48190593719482 12.8890495300293 7.73877620697021 8.00884246826172 8.33183860778809 6.35809564590454 5.84220218658447 6.18038463592529 8.66023921966553 11.010799407959 9.69769954681396 5.88517427444458 11.3027858734131 17.9935722351074 2.60076904296875 3.98795700073242 7.63646268844604 6.49180793762207 11.0378818511963 9.36967277526855 6.03660869598389 17.4058322906494 14.9977369308472 9.85283660888672 6.95023822784424 6.17466974258423 6.42673921585083 5.89385271072388 8.24384117126465 6.76457643508911 4.32555484771729 5.83737993240356 4.48624897003174 4.60472822189331 3.67866921424866 3.54750823974609 2.77095651626587 3.46540307998657 2.55741000175476 4.10189056396484 4.28709983825684 4.36300468444824 7.10792827606201 11.3861322402954 13.6398153305054 12.3858194351196 9.82418155670166 8.433913230896 8.60410118103027
8.30384254455566 13.3933048248291 6.76321935653687 8.96903324127197 5.30721807479858 4.69943714141846 10.742639541626 4.67237234115601 4.98995876312256 4.54046487808228 4.7892804145813 5.85645723342896 5.26029062271118 4.46180582046509 4.95428419113159 4.88272333145142 10.5216703414917 17.4648017883301 3.29109501838684 4.90350008010864 8.93549823760986 9.90438175201416 14.0216617584229 19.0490398406982 17.5659599304199 8.41351413726807 6.60177040100098 3.28164029121399 4.69728088378906 6.41940641403198 7.24403095245361 8.03669929504395 6.00990295410156 6.94744729995728 6.89523410797119 5.50776433944702 4.52319002151489 3.14161252975464 4.12564039230347 3.36531615257263 3.58382773399353 4.22358465194702 5.3284068107605 5.5405650138855 5.38480615615845 4.31049585342407 7.28072023391724 12.8087024688721 12.3746194839478 8.11971378326416 12.7141008377075 8.76766490936279
14.126030921936 13.4378499984741 8.93080902099609 6.00006723403931 4.51809930801392 7.54282712936401 9.45476341247559 4.19998359680176 4.44553470611572 5.18327379226685 4.67207002639771 6.90724611282349 8.42896175384521 4.53283929824829 3.93740510940552 3.60460543632507 3.7584056854248 12.4112186431885 17.495662689209 10.3518314361572 10.1497106552124 9.87589931488037 13.2336807250977 10.1102266311646 3.04202675819397 7.62179756164551 6.84648656845093 5.43541097640991 6.4862847328186 6.28051567077637 8.48208236694336 9.01619529724121 7.22915458679199 5.75126647949219 6.25736236572266 5.29495477676392 3.79051566123962 4.26361322402954 3.59911942481995 5.01449680328369 4.92042303085327 4.68046474456787 4.80057716369629 5.90978002548218 6.94706058502197 7.68745994567871 9.36767959594727 9.64867305755615 11.253041267395 14.9020128250122 12.5248603820801 7.64022731781006
9.32052516937256 10.8862438201904 9.6677942276001 1.92803478240967 1.93797552585602 9.20030403137207 8.04667854309082 3.38509368896484 3.850914478302 6.29113483428955 5.68848180770874 4.63345003128052 6.32531404495239 5.4366774559021 3.78099584579468 3.24108529090881 4.24391078948975 4.48377847671509 13.8709831237793 19.0483226776123 13.056957244873 6.98095417022705 4.70469760894775 4.5515832901001 8.16129112243652 8.89830684661865 4.23814535140991 6.80298614501953 7.12713956832886 8.01285839080811 8.32158470153809 8.1067419052124 5.0795521736145 5.12608480453491 4.37290573120117 3.78084397315979 3.04978656768799 3.65567350387573 4.71709823608398 4.99309873580933 3.34865069389343 5.30705404281616 6.10763359069824 7.49234819412231 7.93649482727051 7.39089298248291 7.31091117858887 7.88057518005371 8.30875873565674 11.917218208313 13.7909917831421 10.3353548049927
11.7085990905762 8.61921215057373 5.81139373779297 6.42464733123779 3.53606796264648 10.3867559432983 4.48719310760498 4.18137836456299 2.51102757453918 3.82666873931885 4.4219765663147 5.15209102630615 4.94438886642456 4.6582555770874 3.22949552536011 2.59739375114441 3.26803374290466 4.2503547668457 7.03398180007935 9.00368213653564 15.8846960067749 9.90815353393555 7.26165103912354 8.31573581695557 7.0753321647644 4.29931545257568 7.20410537719727 7.03751802444458 7.25710391998291 6.41635799407959 6.0579662322998 7.07886600494385 5.76157522201538 5.69086265563965 5.27305221557617 5.05564975738525 3.83070111274719 3.80906939506531 4.71917581558228 4.14693832397461 4.72325420379639 6.5003342628479 6.9184947013855 6.96376371383667 6.59757375717163 4.86502170562744 5.31090641021729 5.69759702682495 8.2991886138916 13.4574279785156 8.97482585906982 8.58657932281494
9.06458187103271 6.48505306243896 9.47411823272705 9.59301376342773 6.57992744445801 7.93256235122681 3.02488493919373 4.80540370941162 4.18986320495605 2.61124181747437 3.54468369483948 5.12112522125244 7.58272409439087 4.61250972747803 4.64919090270996 5.37135124206543 3.51081442832947 4.72604417800903 4.4040379524231 4.3848934173584 6.78018283843994 6.17496967315674 4.04740238189697 2.52162575721741 1.72155427932739 1.97973918914795 5.64641904830933 6.33467626571655 6.95399141311646 6.35226154327393 6.49610757827759 5.71657562255859 7.28856086730957 6.6958384513855 5.77288436889648 6.27858591079712 4.66831207275391 3.37553668022156 3.84568214416504 4.40237712860107 7.40446996688843 6.38779306411743 6.31302690505981 6.41058683395386 3.72478103637695 4.20015382766724 5.96952056884766 5.3177638053894 9.45360374450684 7.94211053848267 4.26381206512451 3.8241593837738
8.1036901473999 9.88445281982422 10.1609258651733 9.50753116607666 8.01721668243408 6.088134765625 3.75841999053955 3.16323137283325 4.83039855957031 2.88133907318115 4.99340867996216 6.6469259262085 3.51077914237976 1.75370705127716 6.36551713943481 8.69402885437012 6.5846266746521 6.5182843208313 8.80132007598877 7.30928421020508 4.24040365219116 3.74926972389221 2.45907354354858 3.32464122772217 2.73607063293457 3.0720739364624 2.54363417625427 2.62816762924194 3.39876222610474 4.18850183486938 4.71818733215332 4.3725380897522 5.102783203125 4.44454383850098 4.40294694900513 4.56149387359619 3.12810730934143 2.57028222084045 3.74613475799561 2.79480361938477 5.41595840454102 7.8148365020752 6.32523775100708 6.08938598632812 5.34470653533936 3.35757398605347 1.84824192523956 3.06678032875061 7.13277053833008 5.65580606460571 2.8298192024231 2.27326464653015
8.59250450134277 9.17298221588135 8.89018630981445 4.51215744018555 5.6684398651123 6.26613140106201 6.08611536026001 3.38842439651489 4.58931541442871 4.14565086364746 6.64765739440918 3.40293645858765 2.80686902999878 7.18284845352173 9.45822620391846 8.92659759521484 5.89030694961548 7.56707048416138 6.81842374801636 4.91507577896118 4.51302003860474 4.17251253128052 4.7471866607666 4.61429738998413 4.13921928405762 4.69122695922852 2.62257790565491 4.22925615310669 4.68113946914673 5.20955896377563 4.70991039276123 4.33485555648804 3.76800680160522 3.71184349060059 5.19877481460571 3.07598876953125 2.44063782691956 1.92776250839233 2.5595428943634 2.40870046615601 4.24989032745361 8.35235786437988 7.17690801620483 5.33414793014526 7.07739734649658 4.75437021255493 3.95185589790344 3.55249786376953 6.78905057907104 8.4676342010498 5.89863109588623 2.97799849510193
