R_scripts/int_process_data/Portugal_Aspect_degrees.asc
NCOLS 281 
NROWS 577 
XLLCORNER 81175.2677831308 
YLLCORNER -911.770678700996 
CELLSIZE 1000 
NODATA_value -3.4e+38 
[rows 483 to 505 of 577, columns 104 to 155 of 281]
200.707885742188 195.993591308594 213.555435180664 192.358291625977 179.37516784668 199.706436157227 199.344604492188 205.717330932617 197.203399658203 192.520874023438 184.350448608398 182.877685546875 186.430389404297 150.920623779297 156.38134765625 154.273803710938 153.155639648438 155.478607177734 156.626205444336 180.227478027344 184.766967773438 187.700119018555 154.193618774414 170.664245605469 148.177505493164 145.558639526367 165.884735107422 166.964614868164 182.030502319336 151.652557373047 170.819732666016 160.258071899414 182.640426635742 192.940017700195 141.333450317383 170.208786010742 160.352737426758 154.233123779297 182.358505249023 193.113494873047 176.966156005859 171.604644775391 171.878387451172 189.172744750977 171.202407836914 185.724456787109 169.76496887207 164.16015625 196.084671020508 172.424499511719 155.279968261719 180.737228393555
226.450927734375 210.843322753906 192.055862426758 191.165283203125 214.283981323242 186.532745361328 161.247573852539 177.43994140625 211.371551513672 199.848175048828 183.551544189453 202.595001220703 190.473541259766 181.533782958984 155.258605957031 151.149368286133 167.946365356445 190.727630615234 177.282821655273 157.229125976562 173.266677856445 169.224502563477 174.734329223633 160.98030090332 159.379608154297 178.351699829102 186.836380004883 164.398712158203 179.550506591797 184.151397705078 178.144790649414 160.574310302734 172.57341003418 178.021743774414 157 135.306243896484 150.676177978516 175.222091674805 160.2568359375 144.115386962891 177.51969909668 173.557388305664 156.345092773438 162.722946166992 189.368179321289 167.562835693359 178.174407958984 184.650024414062 179.140182495117 171.900909423828 163.541564941406 144.210083007812
168.679611206055 195.921051025391 191.216796875 201.746109008789 184.465774536133 182.104309082031 188.376922607422 159.36279296875 155.684600830078 195.082870483398 209.943222045898 186.025772094727 155.471389770508 174.420379638672 170.263580322266 190.337387084961 176.739639282227 183.031494140625 198.47038269043 200.794006347656 176.801177978516 148.218536376953 152.474945068359 166.386657714844 175.937286376953 187.853118896484 175.664443969727 148.287872314453 146.848068237305 186.334609985352 186.527236938477 173.758651733398 150.343658447266 164.023971557617 144.824600219727 145.002136230469 152.261672973633 158.369232177734 150.243179321289 150.681243896484 154.667694091797 188.12385559082 201.990478515625 186.12678527832 186.672485351562 198.524688720703 200.069351196289 207.545364379883 181.865493774414 163.754318237305 154.944763183594 150.760711669922
172.086791992188 133.963348388672 139.170181274414 152.082672119141 152.836608886719 177.526779174805 174.270935058594 197.135848999023 197.490844726562 178.223739624023 169.41552734375 157.366165161133 153.658645629883 161.048461914062 183.01594543457 180.977813720703 180.535705566406 162.934478759766 157.404220581055 155.518157958984 141.478149414062 172.531066894531 184.9755859375 193.906951904297 195.901107788086 191.562118530273 172.182647705078 168.232299804688 165.892440795898 175.438262939453 169.533767700195 175.644012451172 167.577819824219 168.392166137695 163.297882080078 166.250228881836 156.672271728516 146.082962036133 164.185546875 186.099456787109 170.255584716797 155.011703491211 167.920822143555 191.363906860352 166.483489990234 163.491302490234 166.087295532227 177.93489074707 176.458099365234 206.107437133789 209.384918212891 195.360198974609
146.963470458984 197.446990966797 158.662445068359 139.00032043457 141.500885009766 159.587005615234 200.228515625 227.406280517578 212.068695068359 161.643249511719 143.1630859375 145.341339111328 157.285430908203 170.373657226562 195.934860229492 170.425064086914 146.835311889648 160.058456420898 150.084030151367 160.365798950195 187.653778076172 187.029708862305 177.015533447266 158.078643798828 167.408874511719 165.834243774414 155.228332519531 179.555221557617 192.776733398438 170.338088989258 153.88151550293 161.999877929688 187.471893310547 175.763656616211 138.649124145508 135.967514038086 137.677474975586 160.007232666016 167.572326660156 155.773056030273 170.65461730957 169.937973022461 142.654357910156 160.863265991211 179.953552246094 196.55534362793 173.545806884766 162.169311523438 155.983642578125 159.575546264648 188.501998901367 182.973251342773
183.326705932617 193.511306762695 203.709289550781 189.744888305664 213.370742797852 216.298294067383 204.074905395508 175.387359619141 158.825958251953 182.795028686523 174.675247192383 157.622497558594 144.149551391602 174.240463256836 153.684356689453 148.126098632812 162.687194824219 168.088256835938 182.645889282227 189.690368652344 166.625183105469 156.323043823242 141.896194458008 162.181594848633 171.146682739258 153.208084106445 164.499801635742 197.160583496094 205.90673828125 203.478469848633 192.122299194336 177.075241088867 163.280517578125 165.981689453125 188.752258300781 143.263381958008 122.077247619629 143.066589355469 144.236892700195 169.018325805664 169.392822265625 164.368576049805 184.986557006836 173.18913269043 192.205261230469 174.701431274414 174.341018676758 173.067306518555 176.379501342773 151.705047607422 157.3193359375 191.687362670898
245.520202636719 213.185684204102 205.545394897461 204.750427246094 200.002410888672 187.942886352539 158.031539916992 161.301986694336 161.276321411133 138.319747924805 179.477401733398 176.36750793457 155.685302734375 141.321685791016 150.597946166992 166.876739501953 178.628967285156 178.527420043945 181.270706176758 178.440582275391 151.569000244141 153.74055480957 170.93293762207 169.972427368164 167.546051025391 157.751861572266 181.679733276367 178.78678894043 214.799560546875 202.783950805664 197.412078857422 183.393112182617 148.445617675781 135.129470825195 164.989212036133 194.026657104492 176.747482299805 167.325469970703 153.140716552734 162.68196105957 155.773452758789 134.298522949219 133.233184814453 162.524078369141 164.666946411133 140.00764465332 157.671295166016 177.396102905273 176.97966003418 174.174682617188 158.108459472656 156.82112121582
186.559829711914 191.281997680664 184.902877807617 181.590347290039 192.568283081055 192.587417602539 193.824768066406 188.318023681641 181.669906616211 169.220779418945 135.861953735352 189.92399597168 198.819000244141 145.983154296875 130.91032409668 154.093566894531 145.733520507812 139.598892211914 158.917205810547 164.596801757812 152.113723754883 154.228958129883 176.969192504883 181.214508056641 163.063659667969 165.776580810547 169.199676513672 173.326889038086 179.128021240234 181.777236938477 172.967926025391 164.191040039062 186.936645507812 158.202423095703 130.074401855469 145.323745727539 201.507827758789 199.525421142578 160.438232421875 145.969116210938 127.229125976562 136.124465942383 152.917282104492 141.434020996094 146.584625244141 130.202423095703 142.226669311523 156.751663208008 154.284698486328 174.121704101562 177.987838745117 173.22282409668
124.314804077148 120.42839050293 198.016983032227 215.405456542969 194.261734008789 170.955520629883 146.97688293457 155.347900390625 147.896987915039 177.192749023438 171.556289672852 153.312973022461 190.385391235352 200.610168457031 172.464233398438 127.811889648438 145.06477355957 179.597229003906 183.278793334961 162.913009643555 163.612686157227 173.143615722656 169.603942871094 161.904769897461 174.355590820312 192.005599975586 179.721725463867 191.3984375 176.576263427734 133.235412597656 164.561401367188 159.269195556641 171.590560913086 196.08122253418 164.767227172852 145.318923950195 139.884613037109 145.460571289062 163.252822875977 178.940765380859 183.724197387695 162.789031982422 188.940307617188 185.239242553711 151.540023803711 151.119583129883 136.318145751953 153.100509643555 148.300537109375 161.454925537109 191.099212646484 203.182327270508
78.1663208007812 70.3470916748047 96.2013244628906 161.295486450195 165.649963378906 166.349151611328 186.084838867188 146.701065063477 165.805099487305 142.878021240234 158.691818237305 143.629730224609 161.688766479492 194.593688964844 207.151290893555 190.097229003906 164.651840209961 167.600509643555 153.054595947266 151.295013427734 173.332458496094 171.552001953125 155.352142333984 162.459487915039 182.038925170898 187.813827514648 199.55094909668 180.629821777344 144.967529296875 156.846008300781 163.736770629883 163.688720703125 158.02262878418 159.151565551758 187.822875976562 178.092559814453 162.785781860352 152.583923339844 189.893615722656 192.255523681641 200.001815795898 213.086227416992 219.031539916992 204.349548339844 216.327560424805 214.577346801758 165.405044555664 136.807327270508 133.931015014648 148.954467773438 161.679992675781 177.667831420898
115.872734069824 125.304443359375 147.048934936523 135.079956054688 178.412368774414 178.316345214844 169.783676147461 172.266052246094 164.65461730957 171.498565673828 157.478607177734 157.844299316406 139.097259521484 153.24967956543 182.645904541016 205.550231933594 188.508728027344 170.73063659668 148.496856689453 131.295883178711 168.282379150391 177.947509765625 164.516250610352 181.709060668945 168.923278808594 177.305633544922 144.449432373047 159.996246337891 161.299423217773 151.631195068359 130.95068359375 161.698471069336 169.638809204102 153.997375488281 147.516540527344 188.196166992188 209.809005737305 214.486862182617 184.730484008789 167.898803710938 161.381393432617 151.280960083008 166.739974975586 194.956466674805 204.437744140625 198.893173217773 185.564239501953 144.447006225586 152.092514038086 163.286407470703 165.915481567383 150.162109375
161.183624267578 147.063583374023 172.162124633789 146.533737182617 169.950073242188 171.701293945312 168.235824584961 195.859893798828 212.83219909668 192.237289428711 166.422729492188 172.570983886719 162.647964477539 158.592544555664 151.457931518555 160.473190307617 180.765838623047 180.449691772461 202.095703125 177.85856628418 152.169342041016 182.108764648438 202.883605957031 181.991058349609 196.532531738281 166.547286987305 168.84211730957 154.215728759766 148.013824462891 143.331619262695 137.545455932617 126.790435791016 168.077682495117 203.898101806641 208.04719543457 190.565155029297 187.807601928711 178.511260986328 184.201599121094 191.441070556641 203.798889160156 160.235015869141 169.147216796875 165.29931640625 191.439361572266 212.501968383789 203.454635620117 169.608520507812 153.664489746094 198.721389770508 183.097412109375 153.568710327148
172.045333862305 153.577423095703 176.486831665039 168.205780029297 171.363861083984 180.577651977539 159.737762451172 143.362701416016 157.80534362793 177.087020874023 179.639801025391 167.331466674805 177.002365112305 201.693923950195 194.447158813477 184.309921264648 164.251358032227 190.662887573242 221.015060424805 238.969757080078 217.612731933594 156.374618530273 182.862976074219 177.734375 152.984405517578 174.617202758789 165.556701660156 142.926696777344 155.707641601562 152.246566772461 153.654769897461 166.638259887695 147.738479614258 150.725311279297 155.950424194336 169.806930541992 173.083358764648 188.598526000977 206.014297485352 179.950820922852 194.520309448242 222.920440673828 207.360458374023 193.18196105957 175.059005737305 182.38542175293 202.675430297852 236.127960205078 241.195785522461 219.4794921875 171.387161254883 146.345077514648
169.1923828125 148.535079956055 151.772430419922 191.698974609375 158.575454711914 152.01237487793 188.122177124023 171.508666992188 146.315216064453 162.623825073242 192.725723266602 180.486053466797 165.266540527344 179.259796142578 200.014144897461 207.840133666992 190.551559448242 170.116989135742 192.926513671875 176.686416625977 197.601318359375 219.866851806641 191.737991333008 133.152984619141 158.404998779297 152.973739624023 171.34538269043 162.420104980469 159.045227050781 148.79541015625 177.787521362305 165.37190246582 154.180572509766 155.339828491211 150.529663085938 183.043304443359 192.972549438477 181.705413818359 184.622329711914 198.526336669922 168.98030090332 149.380554199219 160.032958984375 183.110260009766 210.377456665039 192.255462646484 193.203796386719 171.405654907227 150.060638427734 194.000885009766 233.781921386719 219.188674926758
167.817398071289 160.584442138672 158.748397827148 181.933013916016 169.577560424805 172.088760375977 151.333404541016 164.764312744141 150.590805053711 143.199523925781 177.534194946289 203.36865234375 186.296981811523 175.021743774414 178.588821411133 179.664840698242 187.610641479492 179.533111572266 173.473495483398 152.407638549805 152.838607788086 155.6953125 151.2412109375 189.037887573242 167.478546142578 137.615371704102 141.536972045898 165.411743164062 149.369705200195 157.709869384766 149.169479370117 138.806137084961 176.861236572266 176.084075927734 185.24382019043 175.280990600586 193.049423217773 200.17741394043 183.923263549805 155.508773803711 135.88981628418 133.70378112793 140.815765380859 151.477523803711 166.830368041992 187.053665161133 195.866470336914 180.432479858398 141.141555786133 131.987014770508 193.790954589844 209.781677246094
152.956558227539 171.967025756836 170.812881469727 175.141052246094 162.25749206543 169.465759277344 194.015121459961 189.811462402344 179.227203369141 169.680099487305 144.592819213867 165.899475097656 190.915481567383 176.347396850586 165.072723388672 162.349884033203 148.012390136719 177.8818359375 183.602767944336 154.254577636719 168.445007324219 163.666549682617 161.096527099609 166.786499023438 178.355041503906 165.387344360352 149.273056030273 145.239608764648 158.87272644043 179.367813110352 163.816162109375 166.496673583984 172.429107666016 204.231689453125 190.900436401367 201.109390258789 179.28271484375 142.607223510742 139.025848388672 158.74348449707 149.084579467773 131.219299316406 140.3505859375 148.529434204102 148.513122558594 138.106155395508 146.791534423828 184.412933349609 233.814208984375 179.311752319336 168.619445800781 178.631225585938
144.829345703125 169.561157226562 190.458511352539 161.837219238281 177.565704345703 176.541961669922 152.78776550293 171.46110534668 176.552230834961 163.879516601562 164.363998413086 162.385940551758 174.131286621094 190.71337890625 162.507339477539 159.937850952148 194.756942749023 177.697860717773 152.419815063477 157.766677856445 144.701675415039 137.034469604492 162.169631958008 176.345230102539 165.446487426758 184.837875366211 165.108947753906 146.090805053711 176.774459838867 160.569610595703 148.44970703125 175.984069824219 180.567398071289 175.34733581543 183.913146972656 160.228546142578 142.243713378906 160.510681152344 151.294769287109 163.196029663086 165.557586669922 158.962753295898 154.454833984375 148.54638671875 100.510414123535 103.046989440918 146.867584228516 153.383697509766 164.067596435547 186.95100402832 176.126998901367 184.076522827148
169.844253540039 159.42546081543 163.572326660156 175.801971435547 173.841415405273 155.930862426758 180.420333862305 177.730102539062 190.705871582031 188.96044921875 163.084625244141 169.726104736328 173.624481201172 149.800384521484 162.605392456055 175.846939086914 180.680679321289 175.855804443359 173.659210205078 164.752227783203 146.854873657227 147.274337768555 157.487945556641 154.748092651367 155.984466552734 155.934967041016 176.417907714844 178.091064453125 166.666107177734 155.480606079102 182.399932861328 174.339538574219 180.473602294922 151.611480712891 161.169677734375 142.417556762695 144.168792724609 156.119033813477 150.40251159668 155.625564575195 189.637680053711 217.455184936523 181.572280883789 204.994232177734 219.9462890625 153.511672973633 141.114181518555 153.679824829102 191.184906005859 172.615814208984 148.309783935547 151.000595092773
159.364532470703 182.580841064453 180.055145263672 166.6455078125 171.191253662109 162.398193359375 154.002059936523 164.793533325195 170.117477416992 175.263778686523 177.343856811523 189.694076538086 170.549224853516 159.15625 174.132095336914 185.432769775391 169.331100463867 165.937927246094 161.67448425293 157.592163085938 144.97200012207 146.343215942383 149.802261352539 158.09733581543 166.574020385742 149.383178710938 159.436706542969 165.905990600586 150.499862670898 147.984802246094 146.775085449219 164.514694213867 160.058258056641 152.81706237793 159.84748840332 149.678909301758 161.227142333984 151.660003662109 151.373306274414 157.805221557617 193.97966003418 185.217758178711 171.705535888672 187.82551574707 219.661514282227 220.565307617188 206.229553222656 201.801147460938 158.625228881836 151.095779418945 153.293365478516 174.156005859375
143.204467773438 171.548385620117 181.615585327148 161.356719970703 163.001800537109 160.381057739258 166.114883422852 154.670715332031 140.710113525391 148.354446411133 173.79948425293 166.513519287109 152.956436157227 182.041381835938 172.282119750977 154.881378173828 191.638519287109 155.502807617188 124.825645446777 138.22673034668 147.488143920898 149.531982421875 147.585571289062 173.391723632812 168.272323608398 161.523025512695 169.841522216797 130.192337036133 155.226608276367 182.315689086914 177.773864746094 180.980621337891 155.928817749023 161.615295410156 133.60383605957 142.535415649414 165.584564208984 160.823318481445 175.9609375 196.578323364258 182.939407348633 191.39582824707 200.037246704102 189.160690307617 163.906097412109 170.333801269531 139.4208984375 146.571441650391 150.121185302734 150.06086730957 188.303756713867 186.758346557617
174.408737182617 145.427673339844 144.875045776367 168.874389648438 154.776733398438 157.104705810547 141.582305908203 174.534439086914 192.796768188477 189.519561767578 158.400360107422 149.331924438477 172.539184570312 173.343017578125 164.506912231445 170.810317993164 159.968872070312 170.721145629883 194.66618347168 163.962142944336 139.753555297852 150.947235107422 157.881195068359 162.731063842773 153.810424804688 151.934555053711 156.149047851562 185.59016418457 192.371627807617 186.843002319336 155.333389282227 137.10920715332 150.775497436523 162.891967773438 153.721374511719 144.088531494141 167.136657714844 183.702117919922 177.895706176758 180.834686279297 191.265960693359 177.350189208984 170.800231933594 140.25505065918 145.004211425781 138.270584106445 131.452301025391 129.426971435547 122.742584228516 146.586059570312 151.398849487305 174.359756469727
202.517532348633 179.949035644531 157.067993164062 146.143096923828 156.78385925293 165.23371887207 191.018630981445 192.358123779297 182.77294921875 197.606491088867 192.412689208984 158.577621459961 168.298706054688 163.761016845703 156.58723449707 156.667068481445 161.750640869141 158.304534912109 163.635070800781 200.396469116211 180.507797241211 163.5078125 162.323104858398 165.554000854492 166.528076171875 147.540222167969 147.31901550293 155.486038208008 170.965377807617 135.176010131836 138.021301269531 173.060546875 165.509353637695 151.903106689453 166.973434448242 199.417098999023 189.047027587891 212.089172363281 196.149291992188 186.960174560547 184.942749023438 157.464553833008 139.683624267578 147.116790771484 139.007293701172 164.965682983398 182.167633056641 196.245849609375 202.095718383789 185.38883972168 178.045455932617 180.076049804688
204.26643371582 212.406860351562 193.30696105957 162.027969360352 177.328887939453 202.261093139648 206.511245727539 206.473968505859 214.810333251953 200.829818725586 194.630584716797 190.376510620117 172.186660766602 161.943450927734 165.474761962891 175.062515258789 159.097305297852 152.176620483398 170.625946044922 152.223114013672 156.702163696289 169.23454284668 182.025863647461 185.518295288086 159.501815795898 149.51448059082 150.213928222656 147.327850341797 130.00129699707 137.904754638672 137.550216674805 124.085311889648 151.191040039062 187.280578613281 208.874557495117 195.718551635742 212.813522338867 173.127258300781 154.147476196289 159.785736083984 144.480117797852 135.762969970703 142.052490234375 143.85432434082 171.554656982422 190.743270874023 191.154388427734 193.307983398438 218.654510498047 200.039947509766 190.871475219727 206.589202880859
