R_scripts/int_process_data/Portugal_DEM.asc
NCOLS 281 
NROWS 577 
XLLCORNER 81175.2677831308 
YLLCORNER -911.770678700996 
CELLSIZE 1000 
NODATA_value -3.4e+38 
[rows 460 to 482 of 577, columns 104 to 155 of 281]
80.4747009277344 82.4384078979492 86.3015747070312 87.9437942504883 85.0763702392578 88.9096603393555 89.1576919555664 88.7608413696289 91.7587585449219 92.5546264648438 98.2491226196289 106.597236633301 110.458374023438 119.936737060547 143.745056152344 158.94401550293 167.44270324707 165.797821044922 165.85612487793 162.768615722656 172.186019897461 196.928283691406 179.089233398438 178.405853271484 179.957885742188 180.603546142578 180.930725097656 180.518753051758 183.475463867188 192.716430664062 200.121139526367 200.701751708984 204.029647827148 213.175247192383 224.550247192383 232.218414306641 238.188598632812 243.197601318359 257.009796142578 235.719741821289 193.179656982422 172.322677612305 159.355010986328 156.54621887207 156.492324829102 140.787521362305 131.517944335938 129.424835205078 130.956878662109 137.284805297852 148.010040283203 151.216674804688
80.3811950683594 82.8610076904297 84.9180221557617 89.2168731689453 90.796875 91.4225845336914 92.7933578491211 92.4909362792969 94.2444000244141 97.1842193603516 100.37540435791 110.897193908691 129.461502075195 130.912887573242 139.291961669922 154.226791381836 166.839584350586 174.325302124023 179.084381103516 175.398559570312 180.192016601562 190.292022705078 170.35400390625 167.942108154297 165.67951965332 167.433776855469 166.862777709961 168.530792236328 170.191116333008 180.83073425293 188.015899658203 196.928192138672 209.751968383789 212.836318969727 223.225234985352 232.113998413086 244.113845825195 246.275650024414 240.375274658203 237.892486572266 221.077041625977 190.503753662109 181.763671875 178.481826782227 170.997344970703 154.611633300781 167.305358886719 173.44548034668 142.187393188477 119.748664855957 141.484344482422 141.689178466797
80.1016998291016 82.333137512207 83.4294586181641 86.9921264648438 90.7078247070312 92.650520324707 94.5740814208984 95.735725402832 97.1565704345703 99.708381652832 103.797920227051 124.01424407959 145.941955566406 143.091613769531 140.572662353516 148.808486938477 160.711791992188 173.933944702148 169.926544189453 172.487045288086 171.406448364258 169.804229736328 162.792785644531 160.824829101562 157.463500976562 158.415115356445 158.387924194336 160.964477539062 166.476806640625 172.380706787109 177.901748657227 188.087997436523 197.14762878418 203.783157348633 211.546630859375 221.203109741211 237.600067138672 243.596160888672 235.457885742188 233.255996704102 233.919662475586 227.712097167969 215.51286315918 201.532867431641 190.544998168945 181.005493164062 178.820739746094 177.891265869141 175.619400024414 140.163360595703 114.780250549316 121.497001647949
74.9204788208008 78.7426605224609 81.9265365600586 87.5163955688477 92.3889312744141 92.6116561889648 94.5625610351562 96.4747924804688 98.3690185546875 101.618858337402 106.995643615723 114.907127380371 126.061943054199 143.035888671875 156.399078369141 160.832885742188 160.881591796875 177.418533325195 168.167770385742 158.803634643555 154.14958190918 154.531021118164 155.368759155273 154.862594604492 151.943771362305 152.966690063477 157.795043945312 162.290496826172 166.832916259766 168.687088012695 174.286956787109 180.927429199219 182.205047607422 183.528884887695 194.981704711914 209.538650512695 226.262115478516 228.905303955078 231.44221496582 230.115631103516 225.472778320312 230.834518432617 213.420928955078 198.551208496094 180.840240478516 174.587463378906 164.798812866211 162.303741455078 158.748474121094 154.710540771484 146.305908203125 117.588012695312
66.0542984008789 71.2476119995117 74.8361892700195 81.7692260742188 84.083869934082 89.4141464233398 96.4031372070312 98.0954971313477 99.0961303710938 101.804405212402 105.638053894043 110.402839660645 122.374305725098 142.569854736328 161.41926574707 178.179077148438 170.755233764648 182.887649536133 182.098602294922 156.271530151367 141.748718261719 144.264663696289 147.03044128418 147.721237182617 149.504318237305 156.519638061523 160.327850341797 161.629135131836 162.635452270508 164.63313293457 172.00651550293 177.020141601562 174.841613769531 183.540588378906 188.125701904297 199.495742797852 212.002532958984 208.12077331543 215.522705078125 225.36408996582 220.191955566406 225.323806762695 220.976455688477 208.878784179688 195.090576171875 182.084655761719 171.66471862793 160.900009155273 155.556655883789 146.593460083008 136.652053833008 134.641128540039
60.7173080444336 59.9682197570801 62.7613258361816 65.9694366455078 78.7543487548828 90.9614639282227 94.1720886230469 96.0190048217773 98.3834533691406 98.8335800170898 103.83358001709 106.195190429688 111.123344421387 129.301956176758 149.583236694336 169.538146972656 184.251617431641 180.812774658203 167.093276977539 152.212860107422 138.556716918945 141.137100219727 141.710678100586 142.621551513672 149.338195800781 155.631103515625 155.89501953125 154.74755859375 154.783782958984 160.381774902344 166.574005126953 167.434478759766 181.695785522461 195.157409667969 201.54508972168 203.846664428711 198.916870117188 192.839797973633 190.8212890625 201.883636474609 203.849075317383 207.992477416992 216.909378051758 216.464157104492 218.601623535156 209.299758911133 196.232177734375 184.381637573242 177.223266601562 177.82341003418 165.092208862305 144.185134887695
71.7225875854492 73.0759048461914 70.9834976196289 70.7639694213867 69.2861099243164 76.4221420288086 80.4257278442383 87.0246047973633 92.0969543457031 98.3795928955078 99.9870758056641 98.6984176635742 98.1675033569336 108.063896179199 127.863510131836 148.790542602539 170.786117553711 157.889297485352 137.251861572266 143.238693237305 136.385192871094 134.840866088867 137.070495605469 140.312759399414 144.659469604492 146.515518188477 148.591049194336 155.014419555664 159.802261352539 157.156829833984 161.203048706055 172.647583007812 185.810089111328 195.191818237305 205.485992431641 213.696624755859 201.621917724609 189.119491577148 182.641143798828 182.264587402344 189.207885742188 193.111740112305 202.156524658203 205.735565185547 208.965637207031 203.520065307617 204.825637817383 210.519073486328 203.344177246094 198.497253417969 191.283767700195 183.747375488281
73.2808303833008 78.6432723999023 74.4876251220703 79.53173828125 85.0792465209961 72.7143402099609 73.8118286132812 86.1999664306641 90.1884078979492 91.2808227539062 89.2395248413086 85.4487457275391 90.9837646484375 92.5219802856445 101.78849029541 136.256896972656 150.496551513672 134.667114257812 136.399047851562 141.230255126953 130.704330444336 129.286254882812 132.39128112793 135.216995239258 143.777130126953 150.315383911133 157.548782348633 160.825164794922 163.901840209961 165.144104003906 165.277984619141 174.814529418945 188.574371337891 196.664352416992 201.79167175293 213.239807128906 207.657562255859 196.624755859375 187.363067626953 175.882888793945 185.408889770508 182.335464477539 187.054702758789 193.221527099609 196.570617675781 197.631439208984 197.015396118164 201.887939453125 202.23046875 193.6591796875 178.758819580078 162.106353759766
73.5376510620117 80.2111892700195 81.0377044677734 82.4398193359375 94.0198440551758 83.0118179321289 71.4247817993164 80.4057312011719 77.6422500610352 79.5263671875 79.9830627441406 88.7461166381836 113.168647766113 107.541488647461 102.843452453613 101.942749023438 118.301109313965 116.553382873535 128.947280883789 133.906127929688 128.838943481445 134.068756103516 137.140502929688 142.407241821289 144.236602783203 148.214431762695 152.506530761719 156.036926269531 157.690124511719 159.668167114258 165.039215087891 177.721389770508 186.774307250977 189.158294677734 196.601516723633 203.888824462891 196.740356445312 194.233413696289 180.906723022461 173.913482666016 182.354354858398 171.882110595703 175.910934448242 187.608200073242 184.512298583984 182.95671081543 184.773208618164 186.125335693359 183.955383300781 153.625747680664 126.428810119629 114.687164306641
84.7096176147461 88.6008148193359 88.1634292602539 88.1779708862305 99.4826889038086 90.0656280517578 92.2146682739258 101.648063659668 79.8689956665039 77.8904418945312 87.2800979614258 96.7529983520508 119.768051147461 109.140640258789 117.344932556152 123.824996948242 115.903244018555 109.984718322754 114.895042419434 131.055099487305 131.157806396484 137.687911987305 138.367004394531 141.425643920898 146.086517333984 150.216232299805 153.072479248047 157.417068481445 160.468627929688 163.540786743164 173.146942138672 185.764770507812 181.068176269531 182.410980224609 192.503524780273 200.582321166992 191.309722900391 186.967361450195 181.418106079102 168.616226196289 177.093017578125 163.527938842773 171.22477722168 185.268630981445 185.126403808594 177.157943725586 173.326126098633 175.918182373047 169.685348510742 146.85514831543 124.968826293945 108.32494354248
84.9626846313477 93.43408203125 95.3878173828125 96.1560668945312 99.8231735229492 101.881370544434 99.7244491577148 114.115394592285 99.4435806274414 89.9354019165039 103.239692687988 99.929069519043 116.514915466309 110.378456115723 131.04508972168 145.517059326172 141.691009521484 138.672424316406 132.916549682617 136.12646484375 137.984115600586 140.607086181641 144.511322021484 146.066955566406 150.23161315918 153.122543334961 155.602935791016 157.240692138672 159.302993774414 163.956298828125 178.637222290039 183.218215942383 173.755477905273 184.711761474609 193.181137084961 196.316390991211 184.944915771484 177.717544555664 174.476043701172 161.852325439453 170.037246704102 156.434356689453 161.847915649414 174.319519042969 174.764633178711 178.287475585938 171.112518310547 167.999725341797 175.353576660156 168.148040771484 148.287979125977 136.788452148438
93.3206329345703 91.5840530395508 98.0273513793945 104.180244445801 105.892669677734 109.75048828125 93.2813415527344 104.323150634766 111.337745666504 96.2435073852539 116.886116027832 105.495094299316 109.42650604248 119.561737060547 139.615142822266 152.32453918457 161.077453613281 153.765869140625 144.980087280273 145.263046264648 146.50569152832 135.138580322266 141.036590576172 146.602188110352 146.757461547852 148.785797119141 152.04182434082 155.685440063477 157.873809814453 162.875015258789 177.863128662109 172.150802612305 175.848770141602 184.554260253906 183.413482666016 189.09130859375 183.108917236328 169.489730834961 173.773147583008 163.537902832031 154.643096923828 146.180130004883 153.763793945312 162.057174682617 160.453643798828 167.315322875977 166.380279541016 157.917297363281 173.110702514648 183.175033569336 165.478485107422 161.251815795898
101.376579284668 104.96849822998 100.299476623535 102.958511352539 115.519760131836 118.159591674805 99.3780822753906 100.239456176758 115.85538482666 106.651351928711 114.868827819824 117.767478942871 129.424789428711 136.4873046875 134.274368286133 146.276000976562 159.18083190918 169.601669311523 159.279296875 155.676025390625 146.701126098633 143.861785888672 141.540985107422 145.020614624023 156.842498779297 153.757537841797 155.657928466797 156.514144897461 159.355484008789 166.890029907227 174.892761230469 165.42236328125 177.619766235352 175.985717773438 177.024673461914 182.401885986328 184.864013671875 166.051712036133 163.135604858398 162.721923828125 160.795455932617 148.616821289062 145.898040771484 150.907897949219 147.489059448242 161.782760620117 161.94450378418 151.040725708008 165.654586791992 176.125076293945 181.129623413086 181.814636230469
97.9007568359375 113.790832519531 109.623207092285 105.88402557373 121.890617370605 127.791473388672 118.02661895752 101.571640014648 115.562393188477 123.386161804199 139.250076293945 150.767913818359 151.019180297852 142.988372802734 137.597137451172 152.190383911133 162.048950195312 176.954040527344 168.238861083984 165.648452758789 149.563369750977 150.245422363281 147.626800537109 148.822113037109 156.261978149414 160.456253051758 160.009201049805 160.646102905273 160.350799560547 164.464080810547 158.768341064453 158.551254272461 167.757598876953 166.632873535156 179.075698852539 173.715118408203 175.377563476562 170.596328735352 155.078735351562 146.84147644043 145.186447143555 143.845443725586 138.829086303711 144.279525756836 139.913436889648 153.214889526367 156.378189086914 146.251663208008 157.648193359375 171.019882202148 171.5283203125 166.09375
102.635231018066 115.990211486816 112.660598754883 109.994590759277 116.831741333008 125.945907592773 126.017211914062 110.523452758789 108.86580657959 130.413757324219 161.398406982422 194.905044555664 173.488571166992 145.984512329102 150.228302001953 162.976760864258 169.849624633789 186.852676391602 181.691879272461 160.265899658203 157.624298095703 154.412521362305 154.868499755859 159.427993774414 153.840469360352 167.55827331543 165.465408325195 165.114501953125 163.644058227539 161.981292724609 153.153335571289 154.343292236328 155.874694824219 160.198211669922 171.534225463867 173.6767578125 163.597961425781 167.324356079102 170.278182983398 156.541549682617 141.805938720703 131.838409423828 134.800216674805 145.7607421875 129.522323608398 135.532821655273 142.510452270508 135.646835327148 149.102844238281 173.154876708984 167.107177734375 150.231079101562
115.358085632324 107.50560760498 117.561317443848 119.474731445312 119.279640197754 130.930938720703 143.790603637695 134.709411621094 124.956115722656 145.142532348633 162.622116088867 189.257263183594 189.851699829102 158.382720947266 165.720077514648 189.860092163086 193.709854125977 183.483749389648 172.065399169922 165.526168823242 162.091156005859 160.199752807617 161.825744628906 167.670700073242 156.279525756836 167.170745849609 171.326599121094 168.868850708008 161.962509155273 157.849899291992 149.356369018555 147.030029296875 152.989700317383 148.023544311523 152.924377441406 165.93376159668 158.756530761719 158.995498657227 165.348892211914 162.220581054688 152.509231567383 128.20703125 135.060012817383 148.430236816406 129.892395019531 126.168724060059 129.791091918945 140.407836914062 153.340530395508 169.750640869141 171.808044433594 156.450317382812
114.545616149902 116.186332702637 119.193428039551 131.957870483398 138.020492553711 147.110794067383 164.739379882812 162.507186889648 164.939605712891 170.701065063477 177.083694458008 188.318817138672 178.374862670898 181.034683227539 171.265151977539 199.646408081055 203.478515625 180.347076416016 176.521087646484 175.280639648438 175.246246337891 170.722778320312 176.068893432617 175.707122802734 158.316162109375 163.6630859375 170.5126953125 165.980346679688 159.502853393555 148.09538269043 141.218719482422 136.988876342773 135.365341186523 136.983734130859 133.895263671875 148.539962768555 149.663299560547 152.435073852539 161.851028442383 153.205596923828 151.320297241211 130.333297729492 131.348876953125 142.809356689453 127.570686340332 114.86669921875 124.727806091309 137.650466918945 155.324066162109 172.544952392578 169.831146240234 156.972259521484
113.014060974121 125.327896118164 127.124504089355 127.74536895752 153.495010375977 171.821365356445 182.19807434082 186.588470458984 196.14714050293 202.80061340332 220.562957763672 208.667129516602 181.856979370117 182.159149169922 186.584899902344 207.457275390625 203.204315185547 191.757720947266 184.961761474609 179.073501586914 188.874206542969 178.049041748047 184.527603149414 175.678771972656 159.002380371094 166.966613769531 169.955718994141 161.822387695312 156.369705200195 139.434265136719 135.887222290039 135.958480834961 139.534225463867 140.942337036133 133.641052246094 132.254180908203 141.588531494141 136.997512817383 151.589416503906 150.042022705078 152.820098876953 140.635803222656 125.882095336914 144.175445556641 117.43278503418 118.022239685059 117.596755981445 134.513244628906 158.018798828125 167.70036315918 170.110977172852 160.776565551758
125.212020874023 129.81706237793 138.852661132812 134.276016235352 146.837875366211 164.33967590332 187.022811889648 214.653823852539 236.075836181641 227.999008178711 224.43669128418 218.297729492188 197.168304443359 194.367111206055 202.674163818359 212.271041870117 206.225143432617 201.377960205078 193.953063964844 194.578506469727 189.544143676758 190.107620239258 190.309020996094 170.844421386719 163.197036743164 176.871917724609 173.106796264648 161.559295654297 148.168884277344 149.048004150391 147.148406982422 144.782379150391 152.235977172852 150.383499145508 137.353378295898 123.040229797363 123.469100952148 127.36449432373 137.045440673828 139.26741027832 139.543609619141 142.692306518555 116.399894714355 118.693740844727 115.198570251465 108.645477294922 103.897041320801 127.470069885254 143.885681152344 159.319686889648 167.6337890625 159.838973999023
139.078506469727 145.001571655273 151.83479309082 145.195083618164 170.243530273438 200.457611083984 220.314758300781 230.261795043945 233.688400268555 222.632293701172 209.143676757812 204.625366210938 201.278289794922 201.267776489258 193.48649597168 188.973480224609 189.725387573242 193.943710327148 194.876510620117 185.829055786133 184.781799316406 181.148101806641 173.280044555664 163.617660522461 173.778518676758 177.939331054688 169.73161315918 161.80436706543 150.100082397461 158.032867431641 157.075866699219 153.834014892578 150.541839599609 149.752410888672 140.175079345703 132.766708374023 129.53532409668 118.869735717773 116.54549407959 122.77424621582 127.275924682617 126.720863342285 113.220565795898 111.574867248535 123.053009033203 129.519454956055 98.2776260375977 106.559959411621 135.716079711914 153.864517211914 152.326812744141 145.556991577148
156.220306396484 165.711441040039 170.90852355957 166.89924621582 184.385452270508 206.315643310547 220.948699951172 232.541366577148 225.169036865234 222.007522583008 212.435440063477 209.723999023438 202.494079589844 194.774200439453 190.895294189453 184.2861328125 178.826187133789 178.032699584961 177.086074829102 176.36701965332 174.376861572266 173.482147216797 172.236511230469 176.920654296875 184.553573608398 175.108489990234 166.456268310547 158.247787475586 162.702041625977 163.542465209961 161.709014892578 164.130783081055 147.859069824219 141.229202270508 137.967590332031 127.976257324219 118.976295471191 118.509979248047 125.175140380859 128.392486572266 115.229270935059 121.933822631836 129.919891357422 140.103515625 135.479858398438 138.023330688477 106.764266967773 105.41047668457 137.729782104492 144.977508544922 133.599227905273 122.342811584473
157.723098754883 179.761947631836 188.335647583008 188.099334716797 187.626846313477 199.701934814453 220.643646240234 233.487945556641 219.590789794922 212.314224243164 218.086791992188 218.020645141602 211.470840454102 203.103775024414 193.759948730469 186.510787963867 185.202484130859 182.983795166016 181.798217773438 188.342269897461 188.143768310547 183.520004272461 190.999542236328 188.41455078125 183.767288208008 181.947235107422 167.207916259766 157.381759643555 166.422927856445 171.622802734375 168.579925537109 164.903579711914 157.068771362305 147.480438232422 138.291427612305 119.055519104004 128.581420898438 132.5888671875 135.189971923828 134.73307800293 124.116500854492 138.327011108398 147.030822753906 151.926910400391 149.828155517578 148.334594726562 120.320533752441 118.24430847168 146.001419067383 146.49333190918 117.243690490723 103.092872619629
165.354721069336 178.817687988281 198.602523803711 179.367614746094 178.315872192383 198.822006225586 213.199432373047 225.913314819336 227.693450927734 213.52751159668 206.238418579102 208.3828125 203.829666137695 196.918518066406 195.401138305664 191.455459594727 194.818099975586 190.687774658203 191.541046142578 194.483169555664 195.845672607422 188.187850952148 183.328887939453 183.187881469727 169.98095703125 169.572174072266 160.29557800293 158.501968383789 175.140441894531 179.65657043457 178.167358398438 164.931182861328 159.415054321289 143.232391357422 118.74063873291 129.964782714844 139.347549438477 141.208740234375 143.935791015625 147.188446044922 129.516937255859 135.04719543457 151.363250732422 165.304138183594 162.358062744141 147.433074951172 120.819068908691 109.048133850098 121.170791625977 114.124786376953 105.086036682129 122.626945495605
