R_scripts/int_process_data/river_proximity_map.asc
NCOLS 281 
NROWS 576 
XLLCORNER 81175.2677831308 
YLLCORNER 88.2293212990044 
CELLSIZE 1000 
NODATA_value -3.4e+38 
[rows 391 to 413 of 576, columns 52 to 103 of 281]
344.942626953125 582.978393554688 579.812927246094 213.418991088867 643.886169433594 1494.59008789062 1367.6982421875 518.162414550781 178.227355957031 411.291442871094 723.453979492188 880.751342773438 945.698120117188 1232.35290527344 1348.87084960938 1301.43005371094 1458.79650878906 1461.90771484375 782.653991699219 739.979187011719 1553.07067871094 1550.40698242188 690.3662109375 182.42887878418 688.874755859375 986.346557617188 443.858673095703 437.549041748047 324.554901123047 345.532623291016 140.102142333984 382.990112304688 1167.34216308594 1544.27551269531 787.665649414062 267.098999023438 322.726501464844 463.450592041016 843.173400878906 205.875564575195 182.244827270508 586.270751953125 186.723449707031 276.432006835938 160.690490722656 298.927703857422 630.490539550781 1186.89904785156 1482.10888671875 1118.92956542969 779.176574707031 641.932006835938
1010.71209716797 1226.25817871094 563.065490722656 290.303131103516 1176.66235351562 2021.74377441406 1999.5087890625 1232.50720214844 735.817077636719 201.050659179688 167.568252563477 227.093368530273 347.495544433594 1247.55065917969 1511.64916992188 593.412963867188 619.204406738281 707.6201171875 362.906616210938 506.612854003906 1139.12829589844 641.628112792969 228.314819335938 513.03955078125 912.213928222656 382.0400390625 639.147583007812 251.283386230469 195.828552246094 204.764022827148 425.049774169922 1046.64038085938 1059.37365722656 1220.75329589844 831.600708007812 226.001876831055 229.910537719727 792.008544921875 413.337615966797 313.877655029297 829.186279296875 781.382141113281 185.409713745117 584.896240234375 684.917724609375 407.99658203125 162.479995727539 343.820587158203 522.501403808594 253.596542358398 215.203430175781 143.004791259766
1245.89562988281 695.199340820312 210.978500366211 471.006958007812 1415.20361328125 2121.3203125 2221.87353515625 2093.853515625 1558.48913574219 698.539611816406 234.924789428711 745.264221191406 960.013305664062 1507.45373535156 1452.75158691406 412.122772216797 406.052947998047 311.246704101562 160.825637817383 707.267028808594 722.796447753906 200.871826171875 446.142364501953 346.502624511719 418.581604003906 282.591613769531 695.914184570312 281.783386230469 177.042236328125 564.770935058594 1140.49182128906 1133.60595703125 332.252075195312 621.958068847656 322.226928710938 217.022964477539 449.283660888672 330.225555419922 211.810623168945 861.3203125 964.638793945312 327.028503417969 149.407821655273 260.998809814453 306.347320556641 665.926696777344 716.594421386719 438.359802246094 375.720153808594 607.163269042969 977.97314453125 554.234191894531
1255.64111328125 462.848358154297 444.623596191406 1142.18579101562 1588.77392578125 1275.56127929688 1377.74975585938 2095.4970703125 2024.57019042969 1283.44799804688 860.030334472656 1231.25317382812 1900.46362304688 2226.90747070312 1651.19750976562 642.085144042969 307.512725830078 444.951782226562 295.755401611328 1099.35095214844 639.03955078125 275.003723144531 477.787902832031 144.040908813477 277.210601806641 485.354736328125 218.584548950195 402.941497802734 831.22412109375 1254.0361328125 1410.86254882812 875.7314453125 221.234146118164 632.8525390625 209.158554077148 198.598419189453 233.609420776367 428.356842041016 865.506103515625 884.755615234375 279.892181396484 137.589614868164 252.102203369141 112.117973327637 172.48747253418 186.943435668945 299.185913085938 309.153198242188 572.830261230469 1059.36059570312 1576.83508300781 1495.50610351562
1820.47766113281 1359.37145996094 1412.73571777344 1608.88342285156 987.198913574219 376.956909179688 662.995727539062 1437.81506347656 1605.30261230469 872.625061035156 923.566955566406 1679.28186035156 2505.76489257812 2550.22778320312 1769.73425292969 736.366882324219 301.778503417969 441.99072265625 486.915405273438 1007.87384033203 621.525573730469 136.560043334961 89.7115478515625 207.367248535156 336.45849609375 195.385681152344 330.249450683594 756.091735839844 615.705505371094 513.791137695312 492.821563720703 281.828002929688 241.727157592773 423.410186767578 132.085357666016 167.117111206055 489.032653808594 542.614379882812 533.636108398438 237.01025390625 155.340667724609 611.606811523438 873.196166992188 671.873413085938 570.751586914062 224.154403686523 287.570709228516 223.634963989258 169.435317993164 461.672302246094 1300.2568359375 1817.56921386719
2254.91040039062 2302.09057617188 2271.18408203125 1692.47741699219 771.570129394531 160.37158203125 158.885101318359 827.334228515625 1321.56396484375 417.602478027344 474.430236816406 1542.50659179688 2176.19750976562 1746.96899414062 1277.7890625 564.939575195312 230.353164672852 329.004547119141 305.846343994141 297.943725585938 157.791152954102 558.514099121094 357.062072753906 110.119606018066 77.722297668457 145.803146362305 276.591339111328 229.33415222168 244.11296081543 121.749305725098 282.871704101562 401.232788085938 208.297485351562 83.1337661743164 133.893630981445 263.471069335938 405.598175048828 189.555328369141 143.222625732422 132.694046020508 186.001831054688 348.857452392578 999.81787109375 1246.60046386719 875.774047851562 263.592529296875 187.296722412109 204.402877807617 212.068206787109 234.598999023438 582.761413574219 947.211242675781
1467.01477050781 2041.72229003906 2053.81127929688 1223.84130859375 641.874633789062 434.030853271484 192.39973449707 527.862915039062 1243.69946289062 500.903472900391 371.304809570312 1376.30749511719 1547.775390625 841.785278320312 386.841949462891 124.417984008789 128.294387817383 101.214447021484 271.922912597656 427.171417236328 764.77587890625 1121.59216308594 940.26611328125 561.254333496094 548.107604980469 656.028442382812 1114.55383300781 1068.14196777344 1081.22973632812 600.450744628906 223.049011230469 407.734954833984 639.195617675781 694.639892578125 670.525817871094 551.626342773438 205.869674682617 417.682952880859 927.923217773438 538.711059570312 444.293121337891 498.149932861328 660.099548339844 584.862854003906 202.363082885742 159.510803222656 534.461547851562 831.312255859375 917.007995605469 597.377563476562 254.988906860352 228.392608642578
565.000671386719 1328.0732421875 1682.34094238281 776.802551269531 236.184539794922 277.430236816406 196.368728637695 219.87077331543 902.141296386719 727.952087402344 234.636489868164 1114.78564453125 1065.54260253906 236.859756469727 389.654968261719 696.006103515625 870.118225097656 849.79248046875 1137.16845703125 1369.64477539062 940.818481445312 552.778747558594 1202.45349121094 1300.68041992188 1150.13427734375 1265.75610351562 1397.83276367188 1323.88928222656 1568.82592773438 1010.95544433594 241.910598754883 282.482086181641 677.811096191406 1454.36535644531 1683.32287597656 1390.41577148438 637.478454589844 458.424285888672 873.047973632812 640.127624511719 333.627075195312 193.823165893555 186.437591552734 110.191612243652 104.448661804199 350.671752929688 539.08837890625 464.940948486328 622.837768554688 454.328826904297 377.519683837891 676.518493652344
195.991897583008 774.667846679688 1579.70092773438 1296.54907226562 1076.44104003906 1120.04150390625 515.236145019531 93.2848815917969 332.225006103516 443.517578125 365.450469970703 1160.47131347656 684.230773925781 -3.4e+38 1079.20129394531 1701.89343261719 1904.53369140625 1745.83544921875 1435.30725097656 1122.974609375 419.50927734375 240.92073059082 618.237548828125 511.976654052734 342.868408203125 508.964416503906 458.949859619141 453.125701904297 1041.98779296875 791.080871582031 483.087799072266 1042.95190429688 1043.34289550781 1131.59411621094 1747.2783203125 1289.73156738281 380.166381835938 156.238555908203 385.246032714844 173.693786621094 211.231750488281 642.920532226562 730.456481933594 614.848693847656 304.740600585938 235.135330200195 130.182540893555 86.4196853637695 179.694915771484 172.272384643555 345.206451416016 345.366241455078
421.50439453125 354.968505859375 1249.83459472656 1119.5478515625 1064.99145507812 1554.10693359375 994.64794921875 363.682922363281 165.917037963867 150.93132019043 730.127563476562 1148.22802734375 326.586791992188 -3.4e+38 1479.46618652344 2387.3623046875 2332.34326171875 1543.72729492188 678.252990722656 244.2099609375 136.838592529297 226.987716674805 314.197113037109 441.865661621094 520.126647949219 166.469940185547 333.215850830078 694.101806640625 704.018432617188 313.602905273438 679.781921386719 1005.93395996094 477.441192626953 495.550720214844 1294.66027832031 801.639038085938 165.835876464844 214.896865844727 259.247192382812 200.267532348633 126.098648071289 318.399719238281 343.563171386719 933.13671875 566.055908203125 308.230438232422 673.897644042969 711.233093261719 332.643951416016 418.010833740234 442.397583007812 551.7470703125
256.619598388672 455.52490234375 1221.89367675781 552.849487304688 397.826934814453 1376.29809570312 1686.91662597656 1307.49267578125 729.321228027344 -3.4e+38 828.116821289062 697.686767578125 -3.4e+38 -3.4e+38 1852.33532714844 2232.57373046875 1677.59729003906 905.498352050781 239.22395324707 392.592346191406 320.589111328125 272.418975830078 307.059356689453 725.404479980469 1120.72021484375 446.730163574219 515.271484375 782.63330078125 395.256958007812 204.032699584961 156.25944519043 479.493927001953 220.022827148438 750.581237792969 713.838989257812 349.911865234375 142.789810180664 169.889923095703 221.016937255859 193.872146606445 206.355163574219 243.542739868164 568.808837890625 810.359436035156 219.094085693359 593.092895507812 1148.72253417969 1246.53051757812 1059.32214355469 669.50927734375 477.968017578125 457.56591796875
145.310256958008 796.969787597656 1502.37780761719 760.009704589844 191.428070068359 835.41162109375 1629.31030273438 1772.93029785156 1290.34924316406 -3.4e+38 366.014495849609 271.034515380859 -3.4e+38 -3.4e+38 1471.84838867188 1315.91918945312 875.850280761719 274.927917480469 385.877288818359 660.494079589844 289.728515625 317.853729248047 441.143402099609 203.485549926758 883.938415527344 1057.35925292969 887.078247070312 826.433349609375 196.001312255859 141.632614135742 619.977111816406 765.866149902344 210.028015136719 693.341674804688 384.407012939453 113.360649108887 185.037261962891 218.995864868164 347.924072265625 716.813598632812 685.743957519531 842.437927246094 1122.99108886719 676.919311523438 151.306488037109 342.3857421875 545.372619628906 604.00341796875 1065.65014648438 317.611450195312 178.797027587891 233.581771850586
-3.4e+38 -3.4e+38 1536.94677734375 1272.24682617188 405.640197753906 290.480926513672 729.27978515625 850.380126953125 832.597961425781 531.258483886719 -3.4e+38 319.337493896484 -3.4e+38 -3.4e+38 497.747497558594 325.11376953125 -3.4e+38 170.016860961914 268.536834716797 140.02424621582 312.289337158203 300.937133789062 452.236877441406 661.406677246094 1025.47521972656 1022.32037353516 403.373107910156 867.729797363281 552.803527832031 138.456405639648 648.85546875 1041.9853515625 427.596862792969 178.313690185547 241.035339355469 126.793556213379 273.570495605469 526.308959960938 436.299041748047 597.3017578125 363.703216552734 504.176422119141 497.332611083984 424.057281494141 113.105354309082 475.577941894531 348.6240234375 485.359497070312 901.686828613281 325.582672119141 87.5207138061523 242.024169921875
-3.4e+38 -3.4e+38 -3.4e+38 -3.4e+38 1007.60308837891 384.232971191406 250.322479248047 230.259475708008 228.291885375977 -3.4e+38 -3.4e+38 -3.4e+38 -3.4e+38 -3.4e+38 -3.4e+38 591.396789550781 774.965087890625 786.488098144531 657.672424316406 654.940368652344 396.304016113281 655.546997070312 276.945343017578 1027.07043457031 1701.6259765625 1182.33459472656 241.460540771484 696.163024902344 1192.69274902344 591.739379882812 203.351150512695 303.212524414062 258.730255126953 214.173461914062 326.661926269531 662.290832519531 386.378601074219 185.375381469727 311.693878173828 295.021789550781 507.270812988281 781.836303710938 252.106826782227 312.368621826172 129.967697143555 257.407531738281 158.243865966797 522.418029785156 345.417755126953 289.715209960938 635.103393554688 792.702758789062
-3.4e+38 -3.4e+38 -3.4e+38 -3.4e+38 -3.4e+38 1353.58093261719 1185.87622070312 1064.3662109375 1062.5859375 1248.85778808594 921.487731933594 229.851257324219 364.921417236328 -3.4e+38 -3.4e+38 1084.97216796875 556.369201660156 569.043823242188 782.42626953125 946.093322753906 1053.69519042969 1313.4013671875 869.843383789062 846.268371582031 1416.99230957031 1231.22204589844 302.985626220703 644.920166015625 882.726318359375 317.039855957031 133.561767578125 479.025848388672 814.168640136719 361.34814453125 144.997802734375 388.722045898438 773.629821777344 587.61572265625 723.363525390625 937.20458984375 1131.66979980469 1054.09973144531 690.877990722656 175.689041137695 138.014053344727 420.193695068359 164.700088500977 183.60302734375 172.99430847168 776.144287109375 1094.4072265625 825.625915527344
1631.75939941406 -3.4e+38 -3.4e+38 -3.4e+38 -3.4e+38 -3.4e+38 1971.13317871094 2084.86254882812 2130.37670898438 2142.03466796875 1417.18041992188 498.743621826172 141.000640869141 -3.4e+38 -3.4e+38 442.916290283203 227.441452026367 321.999237060547 188.362991333008 303.268768310547 929.755249023438 1384.06469726562 893.934265136719 290.388427734375 877.581909179688 611.519653320312 280.053466796875 516.771362304688 165.219467163086 133.04963684082 556.189697265625 1151.95703125 1191.80700683594 599.186462402344 806.321533203125 390.828796386719 187.157272338867 189.451568603516 207.912124633789 764.452819824219 797.194152832031 363.518463134766 974.500183105469 405.481719970703 303.504638671875 740.679138183594 217.675476074219 438.035522460938 617.290710449219 809.216186523438 367.238891601562 412.788909912109
2466.42138671875 2077.07568359375 -3.4e+38 -3.4e+38 -3.4e+38 -3.4e+38 -3.4e+38 -3.4e+38 -3.4e+38 2552.80517578125 1927.82727050781 988.967468261719 -3.4e+38 -3.4e+38 -3.4e+38 112.986778259277 544.455078125 962.164611816406 391.209899902344 331.337585449219 315.9736328125 755.557556152344 846.177062988281 246.08528137207 771.605895996094 260.910522460938 208.731430053711 217.482269287109 201.202789306641 330.652526855469 211.188583374023 538.486389160156 1012.01092529297 1377.98388671875 1467.63146972656 1043.59765625 238.818664550781 420.226623535156 889.324523925781 1012.13067626953 924.262573242188 256.846282958984 566.779479980469 488.748016357422 380.891937255859 636.896484375 130.14176940918 358.158233642578 311.516204833984 534.804626464844 95.0773086547852 230.383193969727
-3.4e+38 2665.27514648438 1875.01684570312 -3.4e+38 -3.4e+38 -3.4e+38 -3.4e+38 -3.4e+38 -3.4e+38 1888.36340332031 -3.4e+38 -3.4e+38 -3.4e+38 -3.4e+38 452.416625976562 259.444549560547 486.885406494141 418.429412841797 196.486618041992 345.183502197266 460.761444091797 1049.07373046875 939.13525390625 191.780166625977 746.7177734375 614.695007324219 106.502975463867 116.228668212891 805.797912597656 1014.16125488281 392.270843505859 244.922103881836 553.659484863281 951.093566894531 846.593688964844 680.375061035156 386.158416748047 497.865447998047 1047.6357421875 490.786315917969 487.420013427734 617.0595703125 243.684188842773 404.905487060547 353.738525390625 949.517211914062 381.716491699219 84.8983764648438 152.84602355957 159.460586547852 219.475662231445 236.366012573242
-3.4e+38 -3.4e+38 2590.9970703125 -3.4e+38 -3.4e+38 -3.4e+38 -3.4e+38 -3.4e+38 -3.4e+38 -3.4e+38 -3.4e+38 -3.4e+38 -3.4e+38 -3.4e+38 -3.4e+38 171.410034179688 244.063919067383 369.667816162109 215.849670410156 667.095642089844 1356.85595703125 1776.55090332031 1257.48803710938 429.082244873047 242.635162353516 224.09342956543 74.1317596435547 167.404769897461 582.589172363281 763.450378417969 668.807739257812 762.803771972656 943.724060058594 632.785095214844 200.520843505859 193.014801025391 368.755920410156 852.614318847656 737.6171875 309.856292724609 216.004989624023 726.1650390625 423.838287353516 206.678817749023 337.855590820312 1114.43762207031 634.72265625 264.360565185547 846.354248046875 674.392639160156 668.884826660156 779.928100585938
-3.4e+38 -3.4e+38 -3.4e+38 2688.4267578125 -3.4e+38 -3.4e+38 -3.4e+38 -3.4e+38 -3.4e+38 -3.4e+38 -3.4e+38 -3.4e+38 -3.4e+38 355.450256347656 -3.4e+38 -3.4e+38 1130.67749023438 1246.0498046875 719.978149414062 789.444763183594 1735.48864746094 2315.07739257812 1718.90063476562 1049.04479980469 295.635009765625 198.817260742188 727.827026367188 587.913513183594 297.037719726562 227.528533935547 316.806427001953 359.316436767578 666.611389160156 591.155944824219 173.135757446289 260.466461181641 378.604187011719 904.75390625 849.302124023438 286.040771484375 110.468048095703 519.760864257812 694.233642578125 114.550338745117 685.165344238281 1199.3203125 392.607208251953 489.678771972656 831.99560546875 645.523315429688 1202.50415039062 932.176818847656
-3.4e+38 -3.4e+38 -3.4e+38 -3.4e+38 2107.23266601562 1124.69543457031 -3.4e+38 -3.4e+38 -3.4e+38 -3.4e+38 -3.4e+38 -3.4e+38 -3.4e+38 -3.4e+38 -3.4e+38 -3.4e+38 1834.44372558594 1876.53198242188 1469.53063964844 1491.41564941406 1907.58435058594 1907.44421386719 1222.60681152344 581.346069335938 77.0161819458008 438.660827636719 1395.89611816406 1571.95104980469 1266.01208496094 1126.310546875 1132.88671875 535.892883300781 310.817993164062 311.328948974609 403.306610107422 685.44091796875 899.886596679688 650.68017578125 511.187683105469 928.075622558594 375.965240478516 250.604446411133 508.871429443359 253.132446289062 605.428588867188 767.886596679688 214.523803710938 760.198364257812 666.958374023438 263.976470947266 678.166442871094 292.102416992188
-3.4e+38 -3.4e+38 -3.4e+38 -3.4e+38 -3.4e+38 1392.55444335938 409.539581298828 -3.4e+38 1443.87194824219 -3.4e+38 -3.4e+38 -3.4e+38 -3.4e+38 -3.4e+38 -3.4e+38 -3.4e+38 -3.4e+38 -3.4e+38 888.203918457031 858.079223632812 1157.33288574219 1105.91369628906 547.486755371094 86.0038452148438 282.613891601562 963.154846191406 1704.89135742188 1996.70129394531 1733.93273925781 1138.28088378906 1066.50158691406 446.506744384766 150.118530273438 254.183456420898 263.410186767578 230.635650634766 669.16064453125 323.828735351562 245.359786987305 1053.96447753906 585.060913085938 371.698211669922 220.885818481445 214.946975708008 431.777008056641 529.771057128906 317.983856201172 847.271850585938 800.650817871094 186.05403137207 184.700485229492 226.289779663086
-3.4e+38 -3.4e+38 -3.4e+38 -3.4e+38 -3.4e+38 -3.4e+38 669.805358886719 -3.4e+38 1151.36853027344 1803.53894042969 -3.4e+38 -3.4e+38 -3.4e+38 -3.4e+38 -3.4e+38 -3.4e+38 -3.4e+38 -3.4e+38 -3.4e+38 178.249267578125 465.080535888672 420.938568115234 112.821090698242 98.8592376708984 776.352233886719 1374.09338378906 1176.27966308594 1054.9833984375 1081.62109375 526.352661132812 372.957611083984 280.628601074219 262.191589355469 947.680236816406 907.777099609375 611.549377441406 363.291900634766 252.486358642578 185.229843139648 670.110412597656 407.830657958984 386.969635009766 231.876327514648 202.439682006836 311.298675537109 283.858917236328 156.082046508789 210.329223632812 229.55012512207 316.011413574219 520.139770507812 172.891479492188
