R_scripts/int_process_data/river_proximity_map.asc
NCOLS 281 
NROWS 576 
XLLCORNER 81175.2677831308 
YLLCORNER 88.2293212990044 
CELLSIZE 1000 
NODATA_value -3.4e+38 
[rows 299 to 321 of 576, columns 104 to 155 of 281]
342.318725585938 89.9046249389648 600.143249511719 1390.26416015625 1150.54113769531 253.698059082031 201.07878112793 559.669616699219 697.956909179688 536.819091796875 83.7492141723633 179.203414916992 499.442596435547 640.096252441406 416.352630615234 423.396911621094 332.322235107422 275.235198974609 337.474914550781 116.294174194336 462.254943847656 335.831726074219 298.205352783203 232.715560913086 391.268890380859 277.085021972656 208.490600585938 214.152557373047 219.35432434082 391.515014648438 566.981506347656 709.289672851562 479.254516601562 260.93310546875 258.761169433594 732.9892578125 746.591247558594 656.180847167969 242.048919677734 820.827758789062 1050.44140625 1047.36547851562 558.344421386719 146.670318603516 226.444290161133 313.980834960938 446.894012451172 338.688140869141 282.342712402344 286.789794921875 331.021423339844 303.053314208984
216.24577331543 150.680114746094 449.329284667969 1408.34704589844 1366.98193359375 405.665740966797 204.108169555664 216.680252075195 230.060134887695 195.148773193359 328.486450195312 215.469879150391 301.035675048828 252.361389160156 288.418273925781 617.079772949219 554.303466796875 335.576385498047 196.4638671875 155.552719116211 305.393493652344 280.106231689453 304.789520263672 138.77082824707 369.172973632812 370.596374511719 366.267913818359 482.428100585938 229.607131958008 260.674133300781 169.613372802734 119.690673828125 265.039855957031 253.634979248047 313.720672607422 1114.38720703125 1476.27868652344 795.0205078125 105.431869506836 716.784912109375 1376.05187988281 1022.29351806641 404.329040527344 191.481719970703 318.574127197266 159.157165527344 268.128723144531 435.138702392578 362.716125488281 276.827972412109 331.333312988281 555.197387695312
174.314056396484 294.7021484375 223.602035522461 978.676574707031 1244.60144042969 368.108489990234 218.444793701172 464.757202148438 590.059326171875 294.30224609375 877.558532714844 427.624877929688 261.207824707031 746.31689453125 560.384948730469 163.732284545898 223.329513549805 276.546325683594 201.40705871582 425.634918212891 392.599731445312 183.708404541016 225.072631835938 195.12971496582 225.754684448242 547.973083496094 263.004943847656 408.094360351562 656.635437011719 237.75390625 398.486694335938 391.485870361328 267.826293945312 734.771606445312 593.686157226562 718.415832519531 976.715881347656 355.219757080078 246.102310180664 441.235900878906 526.431945800781 608.870422363281 246.665313720703 276.623291015625 366.973358154297 170.243072509766 257.500244140625 260.060577392578 301.144927978516 467.828979492188 507.337066650391 248.883224487305
301.736022949219 296.526275634766 280.362457275391 492.801177978516 1254.88391113281 688.007202148438 183.468963623047 309.190612792969 750.169921875 237.635528564453 810.140930175781 1136.54638671875 323.850830078125 441.755401611328 1093.62829589844 592.705017089844 214.93115234375 206.148635864258 177.379531860352 296.398864746094 192.671127319336 221.560104370117 329.633361816406 578.862182617188 215.368133544922 581.458129882812 823.4501953125 289.333435058594 447.126708984375 694.879638671875 382.256561279297 953.338012695312 740.911560058594 848.206298828125 668.494812011719 239.097778320312 239.593368530273 276.663879394531 351.263977050781 289.395629882812 275.552917480469 362.888641357422 839.547607421875 417.204803466797 178.871185302734 564.684448242188 262.837371826172 544.559020996094 919.243896484375 413.557891845703 234.001907348633 582.842895507812
288.677001953125 270.197784423828 434.333770751953 270.387390136719 1085.21496582031 786.041625976562 212.347229003906 505.373046875 977.496826171875 394.572784423828 379.419769287109 1127.57373046875 879.895141601562 192.302200317383 711.735168457031 1098.02038574219 309.462768554688 333.438629150391 320.531127929688 364.465850830078 508.390533447266 245.879989624023 695.783081054688 1198.8828125 725.254699707031 185.007553100586 552.466674804688 799.784362792969 619.745666503906 898.839477539062 891.911682128906 1140.64343261719 486.143096923828 261.124633789062 364.739837646484 770.984375 276.865966796875 192.056503295898 300.39697265625 694.945922851562 240.946640014648 156.552352905273 364.449615478516 260.164855957031 307.253265380859 244.45442199707 392.797729492188 755.778381347656 526.5703125 211.703704833984 909.723449707031 1161.9912109375
229.089050292969 215.694290161133 566.725158691406 268.772735595703 711.564270019531 1127.81396484375 409.005523681641 580.044006347656 1274.25915527344 791.90087890625 226.979080200195 498.923950195312 1052.4208984375 528.54150390625 347.978118896484 1170.46118164062 723.407165527344 171.933975219727 554.304321289062 566.652099609375 531.521545410156 281.080871582031 612.082763671875 1324.46252441406 663.865661621094 224.30403137207 230.556411743164 289.127258300781 317.564727783203 265.614471435547 368.940582275391 757.229187011719 248.653289794922 630.73291015625 290.550476074219 561.09375 302.460479736328 417.533264160156 916.68359375 442.891326904297 347.406402587891 705.385131835938 419.745239257812 129.289016723633 244.74089050293 519.701538085938 778.141357421875 594.350341796875 201.591049194336 825.424438476562 1244.43737792969 575.964416503906
460.731750488281 213.165908813477 687.754638671875 385.140411376953 325.543243408203 1083.18786621094 1222.94873046875 1261.67395019531 1096.21655273438 458.579284667969 345.031066894531 90.7441558837891 387.852813720703 872.05029296875 935.9990234375 1202.24133300781 528.626098632812 237.314376831055 228.788070678711 207.626235961914 624.384033203125 428.562164306641 447.397216796875 1079.00402832031 416.123260498047 591.26806640625 524.028625488281 189.247711181641 201.988647460938 599.115417480469 845.015258789062 654.90234375 277.514343261719 1007.42077636719 494.747222900391 181.469253540039 333.420715332031 996.232727050781 1131.20983886719 287.170471191406 574.185913085938 800.580810546875 238.440933227539 586.555908203125 967.10107421875 474.330352783203 309.763427734375 230.89958190918 751.815856933594 1313.64587402344 889.197570800781 190.156616210938
556.124938964844 713.013549804688 450.094146728516 193.71028137207 120.884727478027 470.990570068359 1358.43469238281 1870.23315429688 1203.55102539062 349.548065185547 134.885284423828 233.229095458984 271.138580322266 423.659118652344 1280.99743652344 1292.95385742188 296.298553466797 603.936584472656 611.593933105469 166.450836181641 447.957916259766 421.771667480469 198.369277954102 671.192687988281 560.860778808594 334.635559082031 391.048217773438 304.069061279297 214.814712524414 733.763061523438 625.789001464844 555.297119140625 254.685791015625 1044.00463867188 793.882629394531 161.155838012695 475.5224609375 450.919158935547 525.350769042969 264.844421386719 327.536529541016 167.572814941406 444.839080810547 1218.03466796875 857.760375976562 224.916229248047 275.212738037109 326.581237792969 640.122375488281 587.642822265625 266.056884765625 418.710266113281
267.089202880859 716.677001953125 336.544097900391 446.494262695312 218.183700561523 198.390533447266 690.329223632812 1387.14660644531 1311.21716308594 587.728149414062 536.840087890625 773.994567871094 413.568054199219 131.723342895508 883.210083007812 1207.94201660156 822.916259765625 929.692260742188 485.603271484375 213.831604003906 191.241806030273 371.536499023438 470.995483398438 154.040863037109 172.744400024414 341.179412841797 386.304870605469 812.142944335938 573.215637207031 587.791259765625 251.375900268555 404.013946533203 326.795196533203 1186.49182128906 798.101196289062 284.680206298828 419.925598144531 198.774368286133 145.647216796875 176.834518432617 310.657165527344 185.248870849609 950.028503417969 1295.75 469.207977294922 300.477905273438 234.007904052734 243.36653137207 145.931427001953 136.347091674805 338.623107910156 602.916687011719
264.592498779297 336.454010009766 719.976623535156 742.048889160156 204.655120849609 350.80615234375 178.241821289062 435.652496337891 980.805480957031 1308.44836425781 937.585815429688 383.628387451172 270.030395507812 348.478179931641 258.827758789062 363.234588623047 974.610473632812 1371.75500488281 675.483642578125 796.59814453125 899.487976074219 1144.57385253906 1195.1025390625 642.283203125 302.451843261719 269.018463134766 282.734436035156 846.125671386719 1170.75927734375 711.533142089844 246.820297241211 226.021820068359 698.522094726562 1387.04846191406 620.870971679688 346.322723388672 505.360504150391 181.799041748047 285.236328125 80.184455871582 246.776809692383 828.026428222656 1084.509765625 592.836059570312 188.092422485352 191.148254394531 170.894393920898 501.989105224609 620.023803710938 445.133850097656 268.2158203125 262.919097900391
415.597045898438 177.654327392578 300.090454101562 450.281066894531 323.743438720703 522.387390136719 308.436950683594 340.262054443359 280.640625 924.593627929688 772.882690429688 382.968231201172 916.025695800781 798.149230957031 180.524017333984 524.849792480469 1175.42370605469 1864.41369628906 1578.85437011719 1074.107421875 799.957824707031 787.898376464844 714.697326660156 1224.11767578125 1252.53662109375 1082.72644042969 422.702392578125 340.409484863281 490.889068603516 684.144775390625 176.347396850586 427.957183837891 1150.13403320312 1195.82824707031 525.62744140625 405.616760253906 461.766326904297 103.86693572998 97.2850799560547 232.56396484375 842.168518066406 852.658874511719 385.111083984375 201.096206665039 155.670700073242 395.536743164062 491.076690673828 228.868682861328 305.546508789062 581.744812011719 704.723937988281 919.926391601562
472.644989013672 245.084350585938 554.523681640625 697.550842285156 426.530151367188 461.894439697266 321.547241210938 817.040344238281 277.930603027344 490.791961669922 1303.283203125 1352.587890625 1214.27429199219 663.079223632812 219.167572021484 983.813842773438 1508.41918945312 2006.07348632812 1777.50659179688 738.296630859375 156.648223876953 220.107040405273 512.775390625 892.433776855469 1391.31091308594 1647.29736328125 826.388916015625 203.828979492188 205.951293945312 529.738708496094 221.315719604492 949.794067382812 936.869140625 407.941131591797 427.662658691406 382.738464355469 424.275268554688 245.760787963867 154.665679931641 458.582977294922 437.142211914062 236.940338134766 394.116546630859 745.767700195312 604.415405273438 332.033203125 329.661376953125 704.208251953125 508.053253173828 282.051483154297 255.096786499023 378.579864501953
923.815002441406 350.411560058594 331.576477050781 857.84228515625 1115.83508300781 882.047790527344 295.138122558594 700.214050292969 429.749603271484 448.329528808594 1334.68469238281 1318.58410644531 510.201599121094 145.732040405273 132.870910644531 382.998565673828 653.240295410156 1134.86157226562 1246.69384765625 503.193603515625 104.516548156738 627.6806640625 803.6357421875 256.465393066406 773.029052734375 1146.21215820312 987.730773925781 289.663757324219 215.25373840332 152.316772460938 583.880249023438 1277.48681640625 676.294616699219 275.766754150391 433.725708007812 404.880493164062 412.905670166016 219.191772460938 143.893630981445 179.524444580078 160.86555480957 451.352142333984 595.724731445312 385.972473144531 323.461090087891 398.529632568359 282.907958984375 365.814636230469 683.788269042969 890.401672363281 651.973754882812 450.784149169922
1321.2412109375 808.589416503906 184.516952514648 377.12109375 1116.41467285156 1367.80737304688 1183.48791503906 1232.87060546875 685.158935546875 187.094680786133 802.229431152344 782.266479492188 149.868865966797 158.692962646484 204.151428222656 194.424057006836 243.132568359375 277.454010009766 382.134918212891 245.049850463867 265.282104492188 260.40771484375 239.55436706543 339.993743896484 325.811553955078 363.794525146484 382.749084472656 211.272354125977 202.442520141602 506.992919921875 1296.93237304688 1350.63098144531 381.035186767578 477.894195556641 465.434631347656 130.18977355957 227.786117553711 343.709503173828 630.405944824219 826.083923339844 451.14501953125 324.320739746094 291.462951660156 360.303283691406 369.594665527344 537.344665527344 583.001159667969 461.552612304688 205.009521484375 285.427368164062 367.882995605469 638.099304199219
538.58447265625 363.896667480469 248.65544128418 229.796737670898 326.391998291016 710.540222167969 1576.00341796875 1970.96240234375 1344.03686523438 784.441284179688 969.871520996094 502.153625488281 257.048400878906 293.516265869141 244.150833129883 234.557800292969 617.237915039062 591.201904296875 135.041610717773 283.197906494141 681.975341796875 522.566589355469 660.543518066406 944.132385253906 303.531890869141 483.622497558594 278.342468261719 114.476837158203 554.137268066406 1098.92993164062 1454.83642578125 999.095153808594 355.376129150391 300.191284179688 215.167251586914 577.135314941406 988.157653808594 1055.73693847656 1165.48010253906 747.14794921875 742.146179199219 927.103332519531 847.206298828125 982.844360351562 859.570617675781 947.115478515625 1357.00402832031 1428.939453125 915.2119140625 581.352478027344 462.005798339844 257.250427246094
153.662628173828 158.935470581055 458.385345458984 728.908813476562 518.942626953125 673.462890625 1574.34692382812 2441.64379882812 2197.24389648438 1785.76123046875 1346.69140625 367.922760009766 458.835906982422 885.458740234375 741.793884277344 482.719360351562 353.846374511719 802.466430664062 263.351837158203 344.20703125 204.80534362793 318.167053222656 1058.27697753906 1170 324.972625732422 390.434387207031 253.350311279297 530.560974121094 623.451782226562 464.392303466797 992.999572753906 417.431030273438 388.512054443359 143.221771240234 546.487548828125 1069.11499023438 727.326110839844 422.902191162109 589.266967773438 236.878692626953 293.670227050781 424.531890869141 343.423156738281 509.124572753906 251.892044067383 376.206390380859 1235.68981933594 1833.46691894531 1324.40380859375 559.314575195312 426.145629882812 662.388977050781
612.32958984375 707.403381347656 203.200500488281 480.019012451172 804.3056640625 1247.71435546875 1766.02294921875 2190.45532226562 2345.01708984375 2383.125 1547.73425292969 549.939208984375 295.06591796875 674.513488769531 727.043884277344 800.067321777344 224.043685913086 788.637817382812 327.235656738281 518.544555664062 900.138977050781 1072.89880371094 1389.76184082031 946.356750488281 217.543746948242 108.375427246094 344.181243896484 1160.29748535156 886.890502929688 213.5810546875 610.124267578125 318.395965576172 151.162078857422 157.914001464844 322.376556396484 460.569854736328 174.719650268555 224.818740844727 464.664794921875 153.324554443359 186.792221069336 402.860412597656 264.210266113281 234.572174072266 181.518753051758 749.651550292969 1371.59289550781 1112.0498046875 600.200988769531 151.075744628906 180.318298339844 255.785537719727
1243.95129394531 1409.107421875 739.646362304688 317.979431152344 191.571304321289 604.395202636719 1028.4052734375 1177.90393066406 1420.62634277344 2139.95825195312 1981.6552734375 1030.81103515625 269.4072265625 184.584564208984 585.466735839844 870.763061523438 206.869567871094 625.963012695312 762.8935546875 840.883117675781 1519.19580078125 1144.15539550781 846.982971191406 705.013122558594 233.309753417969 113.907203674316 607.7939453125 1213.54895019531 707.18994140625 158.63752746582 164.033447265625 371.434234619141 799.494689941406 791.407409667969 600.321899414062 361.898742675781 164.214324951172 218.571792602539 252.819290161133 237.916549682617 428.845642089844 859.297973632812 295.586578369141 107.34375 429.735443115234 928.15673828125 1059.68774414062 323.599456787109 146.040130615234 346.194030761719 881.735290527344 1080.35607910156
1025.42468261719 1631.42260742188 1626.75744628906 1188.27331542969 552.962646484375 289.217315673828 288.540130615234 256.7919921875 806.301025390625 1784.77514648438 1973.01928710938 1488.81567382812 1015.78216552734 981.826293945312 1383.3310546875 1271.27258300781 582.3232421875 164.924453735352 425.842620849609 900.972412109375 1306.72314453125 798.355041503906 240.166229248047 247.009246826172 235.493408203125 152.141525268555 898.346374511719 968.042236328125 203.976516723633 333.085052490234 825.321472167969 1104.85815429688 1167.02807617188 1498.3828125 1635.27233886719 1308.52563476562 693.060241699219 311.849334716797 253.079833984375 254.500152587891 503.61083984375 881.963684082031 620.634765625 249.260971069336 536.437377929688 372.250305175781 612.391479492188 260.346954345703 344.050415039062 306.680450439453 856.62744140625 1425.38293457031
705.473449707031 859.397888183594 1471.69006347656 1540.52331542969 1332.68420410156 528.223205566406 273.923919677734 747.72314453125 1144.11254882812 1335.23901367188 1002.91845703125 817.755310058594 954.81982421875 1462.73901367188 1272.9140625 660.156921386719 671.784729003906 368.489776611328 334.010589599609 537.9658203125 592.197204589844 555.687194824219 821.454467773438 636.808166503906 252.509185791016 174.583068847656 818.401611328125 624.944396972656 187.432388305664 912.233825683594 1575.10900878906 937.153381347656 363.731872558594 1027.38110351562 1525.0517578125 1572.09545898438 1493.23034667969 1047.53771972656 581.276916503906 708.712524414062 983.573486328125 452.803161621094 298.785186767578 273.687744140625 591.923767089844 334.996490478516 190.656112670898 239.660430908203 223.277862548828 171.850982666016 583.299377441406 689.984130859375
253.367568969727 573.680908203125 525.925109863281 803.594177246094 1309.91516113281 433.073089599609 514.555786132812 1326.7431640625 1089.31579589844 478.369140625 240.550857543945 249.361236572266 339.444946289062 1009.18676757812 651.877746582031 98.5801086425781 356.665618896484 710.996032714844 1147.09191894531 1242.25048828125 736.119995117188 207.474487304688 519.568359375 349.134124755859 514.071228027344 207.919540405273 511.583770751953 191.55729675293 576.609558105469 1209.08837890625 1425.99963378906 980.063171386719 251.030075073242 278.232574462891 459.693206787109 654.173217773438 1174.30358886719 890.746154785156 266.243377685547 291.011993408203 611.360412597656 326.634735107422 177.651290893555 224.985382080078 590.272033691406 740.743469238281 185.884368896484 372.813232421875 370.557922363281 372.674774169922 253.827056884766 304.902191162109
175.440338134766 295.492919921875 248.14323425293 826.824584960938 1303.45642089844 434.79736328125 496.404022216797 753.92138671875 299.708953857422 148.850479125977 306.979339599609 432.108703613281 600.247802734375 605.470153808594 262.086303710938 230.604782104492 298.604858398438 408.304504394531 1168.19201660156 914.827697753906 528.152709960938 353.856323242188 262.248687744141 202.610626220703 421.789001464844 279.8583984375 254.49528503418 506.687561035156 1112.16955566406 871.414733886719 457.549133300781 373.857208251953 198.644744873047 474.434600830078 431.77490234375 498.503723144531 480.599182128906 647.914001464844 740.448120117188 233.117691040039 217.444793701172 394.211456298828 166.905395507812 376.887329101562 423.294067382812 805.625671386719 261.378570556641 247.501495361328 582.431274414062 989.685241699219 317.823883056641 168.691528320312
278.581451416016 428.407653808594 882.514709472656 1582.0380859375 1461.66198730469 522.911743164062 264.566162109375 222.451614379883 164.954132080078 308.54443359375 238.981658935547 179.878265380859 636.306030273438 682.782287597656 135.286758422852 145.848342895508 276.434631347656 904.855834960938 1243.74291992188 468.836761474609 186.804840087891 198.415512084961 263.15185546875 213.854293823242 366.414855957031 257.744415283203 284.154724121094 840.546630859375 607.330993652344 174.791854858398 193.697647094727 141.988952636719 309.261779785156 697.075439453125 448.298522949219 642.530212402344 418.346527099609 334.805267333984 876.117736816406 592.699829101562 349.537719726562 159.216094970703 90.0745239257812 140.708343505859 524.67333984375 627.09716796875 108.091117858887 338.920715332031 398.846923828125 520.997131347656 234.305969238281 152.011901855469
