R_scripts/int_process_data/river_proximity_map.asc
NCOLS 281 
NROWS 576 
XLLCORNER 81175.2677831308 
YLLCORNER 88.2293212990044 
CELLSIZE 1000 
NODATA_value -3.4e+38 
[rows 299 to 321 of 576, columns 156 to 207 of 281]
218.992980957031 427.054748535156 228.430053710938 294.971160888672 327.879119873047 669.228088378906 771.461120605469 204.404159545898 570.180847167969 728.581298828125 726.340759277344 1019.9990234375 1355.83569335938 705.733825683594 223.323272705078 406.689605712891 184.843017578125 939.328308105469 1648.45043945312 1175.80834960938 239.709945678711 768.580810546875 873.020874023438 159.424438476562 477.303039550781 290.593872070312 481.999694824219 360.248962402344 415.363830566406 418.387023925781 850.709289550781 225.478805541992 890.152648925781 935.346618652344 252.380340576172 -3.4e+38 -3.4e+38 -3.4e+38 -3.4e+38 -3.4e+38 -3.4e+38 -3.4e+38 -3.4e+38 -3.4e+38 -3.4e+38 -3.4e+38 -3.4e+38 -3.4e+38 -3.4e+38 -3.4e+38 -3.4e+38 -3.4e+38
193.063812255859 354.980224609375 154.585601806641 284.744323730469 239.771255493164 843.595886230469 865.8291015625 515.365478515625 246.13899230957 148.809341430664 260.534637451172 796.900146484375 1535.81433105469 831.6259765625 254.68830871582 861.475524902344 337.515441894531 424.526306152344 1331.00817871094 1104.6865234375 267.079772949219 680.111083984375 582.111511230469 157.320724487305 366.694763183594 554.183227539062 426.2763671875 290.741516113281 205.980819702148 663.732727050781 857.734375 229.998550415039 920.501953125 573.844360351562 -3.4e+38 -3.4e+38 -3.4e+38 -3.4e+38 -3.4e+38 -3.4e+38 -3.4e+38 -3.4e+38 -3.4e+38 -3.4e+38 -3.4e+38 -3.4e+38 -3.4e+38 -3.4e+38 -3.4e+38 -3.4e+38 -3.4e+38 -3.4e+38
327.559509277344 372.175903320312 160.688323974609 159.598220825195 390.588073730469 573.797912597656 138.725219726562 237.88932800293 491.990264892578 274.511810302734 835.377319335938 1281.50524902344 1554.8681640625 641.273620605469 175.544418334961 560.318115234375 512.63671875 272.977783203125 1032.63354492188 583.2900390625 136.876663208008 553.16796875 344.312316894531 364.745269775391 295.782562255859 1000.39611816406 549.235534667969 263.613616943359 151.249359130859 652.151916503906 693.184936523438 298.583587646484 764.902587890625 266.219085693359 -3.4e+38 -3.4e+38 -3.4e+38 -3.4e+38 -3.4e+38 -3.4e+38 -3.4e+38 -3.4e+38 -3.4e+38 -3.4e+38 -3.4e+38 -3.4e+38 -3.4e+38 -3.4e+38 -3.4e+38 -3.4e+38 -3.4e+38 -3.4e+38
1174.55834960938 1233.59497070312 418.146667480469 241.75016784668 187.659698486328 215.34880065918 299.599304199219 258.894744873047 688.765808105469 256.294738769531 309.123718261719 821.220031738281 1295.57287597656 465.734283447266 117.672065734863 385.033050537109 695.40185546875 479.068756103516 981.187194824219 510.864318847656 195.844055175781 483.377685546875 307.903564453125 325.044128417969 504.692413330078 770.715393066406 216.184432983398 290.961395263672 177.885604858398 203.413131713867 358.305908203125 314.117156982422 269.012115478516 98.0017166137695 -3.4e+38 -3.4e+38 -3.4e+38 -3.4e+38 -3.4e+38 -3.4e+38 -3.4e+38 -3.4e+38 -3.4e+38 -3.4e+38 -3.4e+38 -3.4e+38 -3.4e+38 -3.4e+38 -3.4e+38 -3.4e+38 -3.4e+38 -3.4e+38
1172.05432128906 1354.32629394531 640.557006835938 242.348434448242 232.444519042969 786.713317871094 830.632019042969 222.081115722656 821.3251953125 368.158660888672 371.629486083984 980.574035644531 1086.86218261719 276.004119873047 216.098831176758 407.3720703125 811.973999023438 912.851928710938 1242.32385253906 814.742309570312 358.546875 693.475036621094 237.54084777832 798.150939941406 1137.84265136719 640.867431640625 138.142379760742 392.726837158203 449.908752441406 256.505889892578 361.125183105469 620.534484863281 293.866058349609 215.253082275391 -3.4e+38 -3.4e+38 -3.4e+38 -3.4e+38 -3.4e+38 -3.4e+38 -3.4e+38 -3.4e+38 -3.4e+38 -3.4e+38 -3.4e+38 -3.4e+38 -3.4e+38 -3.4e+38 -3.4e+38 -3.4e+38 -3.4e+38 -3.4e+38
227.666641235352 734.831726074219 645.115295410156 296.423767089844 263.721557617188 755.678833007812 1145.00048828125 565.1552734375 904.877990722656 456.359954833984 193.670562744141 698.905578613281 935.541381835938 261.374206542969 470.995086669922 141.777542114258 233.120361328125 220.235260009766 622.095642089844 1128.97290039062 1109.19250488281 902.5146484375 281.166320800781 1016.15667724609 1654.11682128906 965.007629394531 695.005065917969 891.175048828125 1246.82043457031 793.893493652344 309.660003662109 316.657287597656 272.459167480469 256.531982421875 -3.4e+38 -3.4e+38 -3.4e+38 -3.4e+38 -3.4e+38 -3.4e+38 -3.4e+38 -3.4e+38 -3.4e+38 -3.4e+38 -3.4e+38 -3.4e+38 -3.4e+38 -3.4e+38 -3.4e+38 -3.4e+38 -3.4e+38 -3.4e+38
486.494201660156 921.897094726562 729.867858886719 251.505844116211 408.065643310547 317.594146728516 1054.06372070312 1217.45068359375 1275.31982421875 464.672943115234 235.695037841797 222.838943481445 784.214721679688 352.000579833984 520.704772949219 325.058837890625 484.139190673828 591.314331054688 316.212005615234 1121.16723632812 1866.17053222656 1477.89208984375 1071.84985351562 1361.44543457031 1393.208984375 1294.95568847656 1456.927734375 1611.52880859375 1812.38830566406 1330.31884765625 662.121032714844 474.826202392578 210.705551147461 118.255187988281 -3.4e+38 -3.4e+38 -3.4e+38 -3.4e+38 -3.4e+38 -3.4e+38 -3.4e+38 -3.4e+38 -3.4e+38 -3.4e+38 -3.4e+38 -3.4e+38 -3.4e+38 -3.4e+38 -3.4e+38 -3.4e+38 -3.4e+38 -3.4e+38
1148.37622070312 1319.85021972656 965.0859375 355.806457519531 264.831329345703 234.340103149414 277.906768798828 454.58447265625 954.675537109375 688.089599609375 440.238739013672 366.008636474609 548.902221679688 412.257019042969 458.792724609375 653.484619140625 238.742904663086 902.020629882812 1132.36437988281 1534.99487304688 1595.25598144531 1145.833984375 1414.84814453125 1474.79675292969 577.174133300781 414.593109130859 777.395385742188 936.303344726562 1076.77807617188 1080.64526367188 434.588623046875 224.541534423828 279.584808349609 -3.4e+38 -3.4e+38 -3.4e+38 -3.4e+38 -3.4e+38 -3.4e+38 -3.4e+38 -3.4e+38 -3.4e+38 -3.4e+38 -3.4e+38 -3.4e+38 -3.4e+38 -3.4e+38 -3.4e+38 -3.4e+38 -3.4e+38 -3.4e+38 -3.4e+38
575.888305664062 409.317657470703 522.483154296875 925.026306152344 626.815307617188 750.9375 621.488037109375 306.493377685547 253.043548583984 676.706115722656 980.665710449219 953.027282714844 1005.09234619141 792.690368652344 198.217361450195 678.47607421875 297.974975585938 373.092102050781 906.216369628906 1187.84777832031 971.141723632812 294.883941650391 920.677612304688 1527.93298339844 861.272827148438 431.474487304688 233.895309448242 179.39518737793 243.031036376953 295.397644042969 266.362182617188 347.102630615234 361.552764892578 -3.4e+38 -3.4e+38 -3.4e+38 -3.4e+38 -3.4e+38 -3.4e+38 -3.4e+38 -3.4e+38 -3.4e+38 -3.4e+38 -3.4e+38 -3.4e+38 -3.4e+38 -3.4e+38 -3.4e+38 -3.4e+38 -3.4e+38 -3.4e+38 -3.4e+38
368.838134765625 399.542816162109 767.8408203125 1377.04602050781 1280.73864746094 1325.16650390625 1136.33569335938 819.807800292969 496.236877441406 207.835067749023 357.917327880859 434.932983398438 564.3642578125 890.432678222656 494.319763183594 286.907623291016 499.085113525391 144.075012207031 185.563674926758 377.656707763672 429.765014648438 286.792419433594 1025.46801757812 1602.08850097656 1364.728515625 747.123352050781 400.347137451172 291.174987792969 674.334167480469 534.242797851562 871.357971191406 782.029846191406 191.886093139648 -3.4e+38 -3.4e+38 -3.4e+38 -3.4e+38 -3.4e+38 -3.4e+38 -3.4e+38 -3.4e+38 -3.4e+38 -3.4e+38 -3.4e+38 -3.4e+38 -3.4e+38 -3.4e+38 -3.4e+38 -3.4e+38 -3.4e+38 -3.4e+38 -3.4e+38
1155.83618164062 1180.11108398438 1119.52673339844 1141.58471679688 630.902587890625 742.584838867188 433.282012939453 530.137512207031 1166.37268066406 722.823364257812 199.793411254883 360.765167236328 395.899566650391 806.534423828125 1076.15185546875 312.430603027344 431.03466796875 279.179168701172 650.075378417969 358.239837646484 128.935256958008 377.716827392578 429.115844726562 1022.61822509766 1085.56188964844 241.283584594727 251.432434082031 208.285232543945 760.919921875 1353.10986328125 1575.39782714844 1032.16271972656 225.757095336914 507.172821044922 -3.4e+38 -3.4e+38 -3.4e+38 -3.4e+38 -3.4e+38 -3.4e+38 -3.4e+38 -3.4e+38 -3.4e+38 -3.4e+38 -3.4e+38 -3.4e+38 -3.4e+38 -3.4e+38 -3.4e+38 -3.4e+38 -3.4e+38 -3.4e+38
548.019165039062 526.83642578125 271.458587646484 601.64013671875 394.923370361328 448.646850585938 228.759658813477 692.150146484375 930.982788085938 427.975799560547 125.26734161377 356.014709472656 573.601440429688 475.037658691406 950.837585449219 433.699768066406 427.680389404297 282.36474609375 732.870361328125 1009.42938232422 387.25634765625 198.727844238281 539.695617675781 840.828247070312 762.463317871094 221.488891601562 682.176147460938 269.400634765625 261.654296875 747.759460449219 1072.64672851562 1343.27087402344 592.389770507812 220.853134155273 -3.4e+38 -3.4e+38 -3.4e+38 -3.4e+38 -3.4e+38 -3.4e+38 -3.4e+38 -3.4e+38 -3.4e+38 -3.4e+38 -3.4e+38 -3.4e+38 -3.4e+38 -3.4e+38 -3.4e+38 -3.4e+38 -3.4e+38 -3.4e+38
123.075164794922 244.681488037109 601.966918945312 876.303771972656 384.008819580078 134.066757202148 231.190307617188 579.575134277344 315.703338623047 250.694900512695 700.512817382812 464.020446777344 235.365020751953 395.953491210938 898.01611328125 905.939331054688 718.282531738281 249.886367797852 230.746322631836 455.487487792969 547.79736328125 241.323257446289 344.846496582031 260.721313476562 644.103149414062 684.264587402344 784.621398925781 217.996276855469 221.527770996094 104.0986328125 385.512145996094 984.121215820312 575.344177246094 326.906768798828 -3.4e+38 -3.4e+38 -3.4e+38 -3.4e+38 -3.4e+38 -3.4e+38 -3.4e+38 -3.4e+38 -3.4e+38 -3.4e+38 -3.4e+38 -3.4e+38 -3.4e+38 -3.4e+38 -3.4e+38 -3.4e+38 -3.4e+38 -3.4e+38
552.413513183594 578.065307617188 1213.67687988281 693.898315429688 183.981002807617 573.942016601562 643.268127441406 332.619262695312 105.294296264648 436.758117675781 1094.51818847656 978.063537597656 433.688262939453 231.535995483398 380.687377929688 849.132080078125 1146.14831542969 830.235595703125 544.547912597656 358.4306640625 837.015747070312 406.487670898438 175.968444824219 646.619506835938 1113.53698730469 1271.08032226562 1146.06005859375 598.931518554688 224.345092773438 377.994354248047 181.070129394531 256.460052490234 440.309631347656 467.113922119141 -3.4e+38 -3.4e+38 -3.4e+38 -3.4e+38 -3.4e+38 -3.4e+38 -3.4e+38 -3.4e+38 -3.4e+38 -3.4e+38 -3.4e+38 -3.4e+38 -3.4e+38 -3.4e+38 -3.4e+38 -3.4e+38 -3.4e+38 -3.4e+38
308.559234619141 730.812438964844 801.648254394531 212.074432373047 573.832580566406 1067.13623046875 617.725646972656 244.372741699219 645.381530761719 719.435791015625 355.248687744141 295.631072998047 180.336044311523 585.705749511719 383.106536865234 196.22233581543 944.8046875 1343.43762207031 1298.04028320312 1360.79309082031 1407.15246582031 646.364501953125 131.976791381836 330.983154296875 509.891418457031 501.187957763672 419.285583496094 709.763671875 369.647521972656 772.769104003906 868.233276367188 429.345977783203 212.277770996094 500.602264404297 361.63720703125 -3.4e+38 -3.4e+38 -3.4e+38 -3.4e+38 -3.4e+38 -3.4e+38 -3.4e+38 -3.4e+38 -3.4e+38 -3.4e+38 -3.4e+38 -3.4e+38 -3.4e+38 -3.4e+38 -3.4e+38 -3.4e+38 -3.4e+38
365.959838867188 468.044555664062 228.446884155273 382.228790283203 670.893005371094 446.784637451172 142.917617797852 454.194763183594 928.284484863281 433.456878662109 316.891937255859 609.535583496094 477.556884765625 953.989562988281 878.041625976562 483.383331298828 787.320007324219 554.783813476562 891.250366210938 1861.53356933594 2016.89770507812 1332.23120117188 851.872192382812 524.98681640625 379.862518310547 128.833969116211 296.604675292969 882.50439453125 1186.24438476562 1079.587890625 1120.77697753906 648.9248046875 216.008804321289 141.28190612793 439.940551757812 399.997528076172 -3.4e+38 -3.4e+38 -3.4e+38 -3.4e+38 -3.4e+38 -3.4e+38 -3.4e+38 -3.4e+38 -3.4e+38 -3.4e+38 -3.4e+38 -3.4e+38 -3.4e+38 -3.4e+38 -3.4e+38 -3.4e+38
252.334213256836 240.259170532227 176.742523193359 210.946517944336 243.571975708008 268.265014648438 471.395446777344 752.108520507812 257.080688476562 217.372283935547 671.399841308594 791.804077148438 474.502868652344 298.581756591797 252.042358398438 677.821044921875 897.747863769531 191.443176269531 837.038513183594 1717.89953613281 2026.58911132812 1516.28491210938 867.030822753906 1045.66735839844 1139.10754394531 430.176391601562 464.292236328125 1116.74658203125 1334.16015625 645.65234375 265.010070800781 224.049072265625 341.72705078125 295.124725341797 227.00927734375 714.716430664062 1063.99975585938 -3.4e+38 -3.4e+38 -3.4e+38 -3.4e+38 -3.4e+38 -3.4e+38 -3.4e+38 -3.4e+38 -3.4e+38 -3.4e+38 -3.4e+38 -3.4e+38 -3.4e+38 -3.4e+38 -3.4e+38
781.769165039062 476.988372802734 701.710815429688 701.816589355469 1074.19348144531 858.711181640625 422.941925048828 317.138854980469 172.129928588867 242.927536010742 239.56510925293 122.044624328613 324.658172607422 437.362182617188 498.624145507812 1158.54077148438 1009.00177001953 230.380096435547 535.914489746094 1077.72509765625 1064.25744628906 1094.30639648438 304.95263671875 653.104248046875 1528.82861328125 1345.27404785156 1185.83996582031 618.642578125 657.801452636719 935.021606445312 234.742660522461 180.224334716797 329.235565185547 802.095764160156 427.4560546875 234.064910888672 736.490600585938 1035.05029296875 -3.4e+38 -3.4e+38 -3.4e+38 -3.4e+38 -3.4e+38 -3.4e+38 -3.4e+38 -3.4e+38 -3.4e+38 -3.4e+38 -3.4e+38 -3.4e+38 -3.4e+38 -3.4e+38
782.68994140625 265.047821044922 1033.57446289062 1536.76672363281 1365.34912109375 484.047882080078 279.824249267578 238.588226318359 656.544921875 937.669189453125 631.263488769531 358.615417480469 480.859191894531 327.716186523438 616.359252929688 1531.29431152344 1193.896484375 261.460479736328 245.153244018555 367.181854248047 307.020050048828 772.274169921875 238.607025146484 764.484741210938 1316.36547851562 1304.95446777344 989.515747070312 273.517059326172 448.117797851562 938.654907226562 785.141418457031 242.626846313477 258.365997314453 361.900726318359 691.050170898438 457.892303466797 210.462585449219 475.203186035156 999.980895996094 -3.4e+38 -3.4e+38 -3.4e+38 -3.4e+38 -3.4e+38 -3.4e+38 -3.4e+38 -3.4e+38 -3.4e+38 -3.4e+38 -3.4e+38 -3.4e+38 -3.4e+38
420.967864990234 293.712463378906 551.55322265625 1158.90576171875 874.852783203125 232.813446044922 357.356384277344 199.48356628418 492.658874511719 942.981811523438 1052.43115234375 962.757629394531 434.390808105469 263.203338623047 735.614074707031 899.337646484375 865.865173339844 246.161987304688 236.352905273438 365.604888916016 785.694519042969 672.794006347656 277.484558105469 1091.53271484375 712.449951171875 509.582977294922 584.041076660156 219.048675537109 267.340026855469 428.768280029297 719.694519042969 258.923919677734 295.2998046875 257.259704589844 519.091430664062 1021.36303710938 583.678405761719 203.707672119141 594.50830078125 1024.13500976562 -3.4e+38 -3.4e+38 -3.4e+38 -3.4e+38 -3.4e+38 -3.4e+38 -3.4e+38 -3.4e+38 -3.4e+38 -3.4e+38 -3.4e+38 -3.4e+38
210.309555053711 141.497222900391 135.72135925293 382.901580810547 364.142364501953 65.6155624389648 160.056549072266 140.793853759766 252.505081176758 287.863037109375 378.090545654297 527.463134765625 148.08317565918 277.437713623047 238.784652709961 387.734710693359 524.295043945312 119.764747619629 227.110198974609 1014.37622070312 1513.87097167969 651.553344726562 321.002716064453 897.725219726562 348.879608154297 481.172790527344 737.52294921875 157.590179443359 343.919128417969 743.945007324219 345.332397460938 187.620452880859 174.696701049805 272.736938476562 321.371459960938 606.381713867188 277.772857666016 506.322296142578 238.88932800293 352.819763183594 -3.4e+38 -3.4e+38 -3.4e+38 -3.4e+38 -3.4e+38 -3.4e+38 -3.4e+38 -3.4e+38 -3.4e+38 -3.4e+38 -3.4e+38 -3.4e+38
139.36589050293 537.118286132812 782.422790527344 322.5810546875 132.762985229492 375.984771728516 314.170593261719 283.397399902344 268.207977294922 142.740570068359 255.665328979492 108.430381774902 142.673721313477 390.206512451172 500.704528808594 400.73193359375 195.729476928711 507.337249755859 841.630187988281 1424.42468261719 1348.83630371094 588.510803222656 172.052673339844 238.156143188477 251.239715576172 897.142578125 1264.615234375 474.728881835938 342.320159912109 738.21630859375 210.214981079102 512.755920410156 203.038711547852 158.49267578125 260.628479003906 245.010879516602 328.897369384766 259.756805419922 303.705017089844 158.576309204102 -3.4e+38 -3.4e+38 -3.4e+38 -3.4e+38 -3.4e+38 -3.4e+38 -3.4e+38 -3.4e+38 -3.4e+38 -3.4e+38 -3.4e+38 -3.4e+38
249.546997070312 710.362609863281 1051.84606933594 639.614501953125 161.435836791992 587.815612792969 926.506103515625 1011.96606445312 930.6162109375 762.926513671875 494.306884765625 546.624816894531 241.473831176758 295.288818359375 247.417190551758 316.423370361328 482.857421875 703.307556152344 1219.2158203125 1307.39208984375 513.410034179688 225.656311035156 272.86376953125 288.210845947266 279.150604248047 557.868957519531 1253.6943359375 929.814086914062 223.764938354492 401.836639404297 412.424621582031 325.966217041016 616.257080078125 207.39680480957 270.894439697266 456.759948730469 255.436050415039 501.487854003906 459.935455322266 -3.4e+38 -3.4e+38 -3.4e+38 -3.4e+38 -3.4e+38 -3.4e+38 -3.4e+38 -3.4e+38 -3.4e+38 -3.4e+38 -3.4e+38 -3.4e+38 -3.4e+38
