R_scripts/int_process_data/river_proximity_map.asc
NCOLS 281 
NROWS 576 
XLLCORNER 81175.2677831308 
YLLCORNER 88.2293212990044 
CELLSIZE 1000 
NODATA_value -3.4e+38 
[rows 161 to 183 of 576, columns 52 to 103 of 281]
-3.4e+38 -3.4e+38 -3.4e+38 -3.4e+38 -3.4e+38 -3.4e+38 -3.4e+38 -3.4e+38 -3.4e+38 -3.4e+38 -3.4e+38 -3.4e+38 -3.4e+38 -3.4e+38 -3.4e+38 -3.4e+38 3123.61694335938 -3.4e+38 -3.4e+38 739.229431152344 -3.4e+38 -3.4e+38 411.365325927734 279.870666503906 239.039047241211 279.657623291016 359.788787841797 535.346252441406 852.499633789062 960.849792480469 266.892761230469 198.182586669922 185.2236328125 260.635528564453 427.15576171875 700.165222167969 231.756698608398 825.113708496094 624.962463378906 206.111343383789 426.659271240234 413.383331298828 617.653930664062 208.772583007812 410.611083984375 517.939270019531 225.608200073242 334.622253417969 334.479705810547 279.555328369141 205.583084106445 329.966400146484
-3.4e+38 -3.4e+38 -3.4e+38 -3.4e+38 -3.4e+38 -3.4e+38 -3.4e+38 -3.4e+38 -3.4e+38 -3.4e+38 -3.4e+38 -3.4e+38 -3.4e+38 -3.4e+38 -3.4e+38 -3.4e+38 2359.97094726562 -3.4e+38 1042.86682128906 -3.4e+38 485.598876953125 1345.1435546875 -3.4e+38 1126.92785644531 894.2880859375 683.84765625 529.379577636719 323.654205322266 206.330001831055 683.03173828125 360.792572021484 393.154083251953 232.865676879883 534.959899902344 654.759887695312 941.386962890625 355.275604248047 573.567626953125 530.470153808594 104.652809143066 210.761520385742 245.495666503906 223.296371459961 149.413055419922 297.382629394531 246.804809570312 513.453186035156 511.875305175781 218.295516967773 223.964233398438 176.610092163086 526.692260742188
-3.4e+38 -3.4e+38 -3.4e+38 -3.4e+38 -3.4e+38 -3.4e+38 -3.4e+38 -3.4e+38 -3.4e+38 -3.4e+38 -3.4e+38 -3.4e+38 -3.4e+38 -3.4e+38 -3.4e+38 2272.84326171875 1601.46240234375 -3.4e+38 289.471099853516 245.38232421875 -3.4e+38 1877.18518066406 2349.0732421875 2145.5205078125 1904.57604980469 1710.6162109375 1552.15563964844 1170.39855957031 395.189361572266 293.920501708984 392.918731689453 267.389343261719 342.865814208984 824.693237304688 1214.70825195312 1324.16870117188 483.181976318359 428.132263183594 706.745849609375 282.859008789062 147.969985961914 251.086364746094 202.463043212891 234.88298034668 333.882446289062 302.164093017578 265.581207275391 140.774490356445 296.9296875 732.74462890625 357.339111328125 235.876754760742
-3.4e+38 -3.4e+38 -3.4e+38 -3.4e+38 -3.4e+38 -3.4e+38 -3.4e+38 -3.4e+38 -3.4e+38 -3.4e+38 -3.4e+38 -3.4e+38 -3.4e+38 -3.4e+38 -3.4e+38 1625.39697265625 842.927001953125 -3.4e+38 298.326385498047 -3.4e+38 840.251647949219 1688.79565429688 2519.78637695312 2966.39965820312 2887.31640625 2747.50463867188 2398.61743164062 1560.61389160156 588.053344726562 143.462203979492 173.342086791992 277.873107910156 242.408660888672 259.948638916016 389.557434082031 687.187316894531 388.674591064453 445.412414550781 414.168731689453 216.268585205078 214.411895751953 756.801818847656 705.718994140625 257.401397705078 217.36311340332 331.276916503906 495.520599365234 747.063842773438 426.35498046875 537.029235839844 533.522521972656 948.036254882812
-3.4e+38 -3.4e+38 -3.4e+38 -3.4e+38 -3.4e+38 -3.4e+38 -3.4e+38 -3.4e+38 -3.4e+38 -3.4e+38 -3.4e+38 -3.4e+38 -3.4e+38 -3.4e+38 -3.4e+38 1161.88732910156 281.352233886719 -3.4e+38 1028.05529785156 463.308410644531 283.977081298828 1093.08288574219 1933.76977539062 2440.82177734375 2712.40576171875 3079.8369140625 2748.810546875 1800.91613769531 879.265747070312 211.08203125 227.384796142578 222.324157714844 298.412445068359 480.600555419922 313.740081787109 152.913955688477 117.421951293945 664.405883789062 394.386413574219 351.925994873047 828.605407714844 788.71533203125 349.650634765625 262.556121826172 306.904846191406 285.653625488281 686.804321289062 876.83203125 429.382873535156 182.052536010742 399.802459716797 618.205688476562
-3.4e+38 -3.4e+38 -3.4e+38 -3.4e+38 -3.4e+38 -3.4e+38 -3.4e+38 -3.4e+38 -3.4e+38 -3.4e+38 -3.4e+38 -3.4e+38 -3.4e+38 -3.4e+38 -3.4e+38 507.274078369141 -3.4e+38 1000.30584716797 1659.171875 1031.43115234375 236.969192504883 546.614074707031 1167.62780761719 1431.19580078125 1731.64538574219 2307.41723632812 2518.17431640625 1603.03308105469 601.877014160156 114.330421447754 218.705352783203 561.573852539062 404.936981201172 974.85205078125 1239.14038085938 773.117248535156 506.101135253906 981.32666015625 418.664703369141 544.130004882812 945.527709960938 209.148712158203 374.478790283203 643.025695800781 469.663909912109 286.510406494141 683.033630371094 452.522308349609 156.490158081055 618.449645996094 280.857391357422 196.768600463867
-3.4e+38 -3.4e+38 -3.4e+38 -3.4e+38 -3.4e+38 -3.4e+38 -3.4e+38 -3.4e+38 -3.4e+38 -3.4e+38 -3.4e+38 -3.4e+38 -3.4e+38 -3.4e+38 -3.4e+38 -3.4e+38 448.892059326172 1381.90075683594 2134.81201171875 1623.59729003906 698.176330566406 163.770172119141 288.205444335938 449.662200927734 850.866088867188 1566.36853027344 2164.98266601562 1559.96105957031 590.040710449219 123.865425109863 116.107208251953 565.293395996094 1237.27746582031 1518.70056152344 1368.43530273438 986.256408691406 1142.00207519531 735.298950195312 254.62467956543 336.107391357422 480.570434570312 295.00830078125 873.425109863281 355.7294921875 320.265319824219 609.933837890625 824.974731445312 389.507537841797 249.506332397461 416.508514404297 209.404266357422 148.155975341797
-3.4e+38 -3.4e+38 -3.4e+38 -3.4e+38 -3.4e+38 -3.4e+38 -3.4e+38 -3.4e+38 -3.4e+38 -3.4e+38 -3.4e+38 -3.4e+38 -3.4e+38 -3.4e+38 -3.4e+38 345.6787109375 429.981170654297 1415.68481445312 2339.96215820312 1968.76293945312 1008.52111816406 217.993011474609 385.420471191406 336.958679199219 248.265930175781 1079.78515625 1466.76379394531 985.773864746094 359.874328613281 182.247055053711 82.6285934448242 310.865020751953 963.682495117188 1125.15795898438 522.708618164062 318.406616210938 868.115905761719 278.089172363281 132.666397094727 235.657730102539 241.422515869141 572.402648925781 468.065307617188 152.487899780273 307.311859130859 596.035949707031 380.472473144531 256.665496826172 234.120223999023 92.3035354614258 249.749938964844 684.230224609375
-3.4e+38 -3.4e+38 -3.4e+38 -3.4e+38 -3.4e+38 -3.4e+38 -3.4e+38 -3.4e+38 -3.4e+38 -3.4e+38 -3.4e+38 -3.4e+38 -3.4e+38 -3.4e+38 1006.26336669922 212.958755493164 811.149658203125 1791.78759765625 2380.46118164062 1650.07373046875 669.366760253906 92.9643478393555 243.403366088867 608.316528320312 290.172607421875 448.026702880859 700.639099121094 204.653106689453 323.847930908203 890.740356445312 411.364501953125 155.294799804688 192.961959838867 273.544799804688 277.236663818359 574.929138183594 559.101196289062 154.689819335938 346.615509033203 268.73876953125 192.261917114258 302.923919677734 263.299896240234 447.61474609375 392.532470703125 270.940643310547 309.657562255859 281.1005859375 149.125289916992 175.747634887695 387.695129394531 1253.79431152344
-3.4e+38 -3.4e+38 -3.4e+38 -3.4e+38 -3.4e+38 -3.4e+38 -3.4e+38 -3.4e+38 -3.4e+38 -3.4e+38 -3.4e+38 -3.4e+38 -3.4e+38 -3.4e+38 749.048461914062 234.138732910156 1082.57653808594 2105.140625 2159.9765625 1242.45202636719 350.681671142578 267.135955810547 155.954360961914 265.060791015625 562.191345214844 319.356964111328 211.356536865234 107.502182006836 719.871948242188 1169.86572265625 461.543640136719 325.202331542969 223.904373168945 463.743774414062 670.457824707031 520.887878417969 90.4150314331055 132.355499267578 362.769134521484 681.840881347656 161.771865844727 211.920303344727 269.541748046875 280.304077148438 260.526031494141 398.329193115234 669.197692871094 149.218353271484 134.670059204102 217.512222290039 309.271423339844 1130.75305175781
-3.4e+38 -3.4e+38 -3.4e+38 -3.4e+38 -3.4e+38 -3.4e+38 -3.4e+38 -3.4e+38 -3.4e+38 -3.4e+38 -3.4e+38 -3.4e+38 -3.4e+38 -3.4e+38 536.133422851562 333.679077148438 1318.29650878906 2168.82250976562 1674.93420410156 725.124450683594 232.571914672852 757.448120117188 331.826110839844 197.899276733398 268.191925048828 672.824340820312 402.915985107422 305.787353515625 887.969970703125 486.521942138672 202.422576904297 739.622863769531 555.195739746094 149.840667724609 250.436889648438 161.25959777832 152.066024780273 545.522644042969 1054.22241210938 1299.42736816406 605.369079589844 136.107757568359 264.492431640625 305.089965820312 340.199584960938 400.122619628906 207.058135986328 209.654312133789 232.102096557617 209.039627075195 602.245178222656 1112.04772949219
-3.4e+38 -3.4e+38 -3.4e+38 -3.4e+38 -3.4e+38 -3.4e+38 -3.4e+38 -3.4e+38 -3.4e+38 -3.4e+38 -3.4e+38 -3.4e+38 -3.4e+38 -3.4e+38 371.055053710938 485.973358154297 1535.72888183594 2182.74560546875 1372.10974121094 358.273742675781 288.067962646484 922.709777832031 863.217346191406 260.597259521484 228.623657226562 348.953918457031 893.115417480469 627.913330078125 314.192047119141 220.473724365234 836.94775390625 1434.93627929688 1084.24780273438 216.317474365234 413.560607910156 785.0166015625 983.43115234375 1424.41442871094 1666.34350585938 1183.69812011719 847.696472167969 351.483337402344 313.52880859375 341.198394775391 418.647216796875 426.264373779297 114.200004577637 185.557922363281 248.368072509766 707.402587890625 963.596496582031 589.804870605469
-3.4e+38 -3.4e+38 -3.4e+38 -3.4e+38 -3.4e+38 -3.4e+38 -3.4e+38 -3.4e+38 -3.4e+38 -3.4e+38 -3.4e+38 -3.4e+38 -3.4e+38 1131.59716796875 249.480239868164 684.180053710938 1745.00036621094 2211.17700195312 1363.94177246094 404.159576416016 184.342803955078 267.498626708984 716.364929199219 696.681396484375 263.735595703125 507.615997314453 752.23046875 292.450592041016 139.126342773438 447.864166259766 1357.36584472656 1678.49914550781 859.996765136719 171.220245361328 175.985549926758 514.144836425781 1110.14050292969 1760.07946777344 1596.68627929688 563.840576171875 416.352508544922 910.16845703125 579.774780273438 227.459594726562 372.243194580078 229.973480224609 578.153137207031 451.771514892578 543.573486328125 692.624267578125 488.146453857422 184.157302856445
-3.4e+38 -3.4e+38 -3.4e+38 -3.4e+38 -3.4e+38 -3.4e+38 -3.4e+38 -3.4e+38 -3.4e+38 -3.4e+38 -3.4e+38 -3.4e+38 -3.4e+38 910.429443359375 205.185104370117 907.736633300781 1943.19506835938 1935.39697265625 1004.19024658203 286.581024169922 164.592956542969 204.305923461914 170.402069091797 519.490783691406 933.068725585938 905.966491699219 303.150085449219 279.221893310547 297.143493652344 289.335479736328 1046.18933105469 1183.513671875 377.921203613281 89.2205657958984 241.740493774414 247.175537109375 362.125762939453 1078.78149414062 1100.10852050781 697.367065429688 249.614791870117 363.463531494141 215.727340698242 645.655212402344 683.689758300781 186.153930664062 850.743591308594 1004.88983154297 525.236083984375 123.189270019531 124.744735717773 248.14079284668
-3.4e+38 -3.4e+38 -3.4e+38 -3.4e+38 -3.4e+38 -3.4e+38 -3.4e+38 -3.4e+38 -3.4e+38 -3.4e+38 -3.4e+38 -3.4e+38 -3.4e+38 687.584350585938 258.074920654297 1159.943359375 2086.64794921875 1682.16760253906 644.8525390625 194.064727783203 254.692291259766 437.937896728516 175.978057861328 323.68701171875 1127.23645019531 1165.87646484375 311.328063964844 394.564270019531 261.000549316406 436.878784179688 800.959228515625 405.131256103516 222.534454345703 496.746032714844 267.427093505859 531.175231933594 288.260803222656 296.830291748047 252.265716552734 257.694030761719 200.149841308594 265.282043457031 715.790344238281 891.933471679688 476.072174072266 134.104064941406 691.023803710938 440.264465332031 96.5461654663086 263.023193359375 431.020263671875 192.743453979492
-3.4e+38 -3.4e+38 -3.4e+38 -3.4e+38 -3.4e+38 -3.4e+38 -3.4e+38 -3.4e+38 -3.4e+38 -3.4e+38 -3.4e+38 -3.4e+38 -3.4e+38 364.759674072266 392.306640625 1410.56884765625 1838.90270996094 1250.78283691406 367.955841064453 299.639862060547 277.992248535156 692.083923339844 662.19873046875 200.111022949219 495.777191162109 1109.49572753906 696.165161132812 244.024978637695 344.148559570312 170.986923217773 206.972427368164 278.21728515625 786.862854003906 1130.58410644531 431.665924072266 295.798583984375 744.046081542969 566.102661132812 529.194152832031 635.723449707031 191.699310302734 254.992446899414 317.528015136719 173.519897460938 82.9167175292969 453.988983154297 784.853637695312 193.612899780273 510.369506835938 610.488464355469 499.541137695312 516.494934082031
-3.4e+38 -3.4e+38 -3.4e+38 -3.4e+38 -3.4e+38 -3.4e+38 -3.4e+38 -3.4e+38 -3.4e+38 -3.4e+38 -3.4e+38 -3.4e+38 -3.4e+38 240.699005126953 882.3720703125 1503.72827148438 1030.154296875 516.004455566406 171.317810058594 266.684143066406 420.962829589844 420.404937744141 1160.7373046875 739.626281738281 433.299133300781 849.654174804688 580.573181152344 171.534561157227 309.766662597656 163.577560424805 449.311065673828 1028.94873046875 953.578796386719 497.166778564453 183.666015625 95.5771636962891 482.203002929688 1027.66223144531 1106.08569335938 1308.46740722656 1008.19885253906 601.392761230469 612.685546875 516.232543945312 239.43635559082 237.18815612793 259.396759033203 183.927047729492 328.698852539062 145.926712036133 132.88395690918 259.246154785156
-3.4e+38 -3.4e+38 -3.4e+38 -3.4e+38 -3.4e+38 -3.4e+38 -3.4e+38 -3.4e+38 -3.4e+38 -3.4e+38 -3.4e+38 -3.4e+38 318.752746582031 433.299926757812 1429.20239257812 1559.26940917969 601.247619628906 287.210083007812 158.759719848633 153.348037719727 369.098968505859 386.568786621094 1358.89416503906 1597.07092285156 1084.04553222656 450.823944091797 214.926712036133 602.624572753906 849.558288574219 256.8193359375 726.856018066406 1147.27990722656 488.014739990234 348.104675292969 634.600952148438 191.262298583984 507.065124511719 560.423461914062 378.36083984375 959.569885253906 1593.79736328125 1499.3310546875 1205.36840820312 783.218627929688 514.552062988281 139.096954345703 315.139770507812 372.33154296875 331.214904785156 486.971984863281 211.465850830078 317.278717041016
-3.4e+38 -3.4e+38 -3.4e+38 -3.4e+38 -3.4e+38 -3.4e+38 -3.4e+38 -3.4e+38 -3.4e+38 -3.4e+38 -3.4e+38 -3.4e+38 367.217498779297 413.537872314453 1426.37109375 1865.77917480469 1284.20983886719 895.816162109375 235.69677734375 259.636993408203 335.088623046875 280.528900146484 1065.75048828125 1642.56628417969 786.6591796875 185.271820068359 860.386779785156 1215.45788574219 450.779876708984 251.871139526367 751.96044921875 377.251251220703 376.676116943359 861.890502929688 809.801452636719 194.537170410156 273.940399169922 609.046875 298.199981689453 374.761413574219 1303.33093261719 1240.27807617188 487.739868164062 214.418579101562 373.908294677734 228.240859985352 674.91943359375 556.465698242188 133.372772216797 505.832427978516 544.717346191406 136.991302490234
-3.4e+38 -3.4e+38 -3.4e+38 -3.4e+38 -3.4e+38 -3.4e+38 -3.4e+38 -3.4e+38 -3.4e+38 -3.4e+38 -3.4e+38 -3.4e+38 209.826080322266 854.179016113281 1788.96936035156 2462.06567382812 2044.56079101562 1089.04895019531 269.226745605469 308.956787109375 373.359527587891 208.912872314453 695.832275390625 1500.57690429688 841.514587402344 219.526718139648 1074.44738769531 1252.48413085938 285.567352294922 613.73291015625 640.680480957031 241.920135498047 214.600433349609 235.107528686523 154.758270263672 383.835693359375 463.347442626953 225.943832397461 314.83642578125 213.842498779297 835.564086914062 740.084777832031 210.25569152832 681.594787597656 954.347229003906 376.095031738281 205.680969238281 236.326721191406 286.631011962891 348.093200683594 630.595703125 204.589736938477
-3.4e+38 -3.4e+38 -3.4e+38 -3.4e+38 -3.4e+38 -3.4e+38 -3.4e+38 -3.4e+38 -3.4e+38 -3.4e+38 -3.4e+38 -3.4e+38 239.372116088867 1140.16833496094 2026.56127929688 2173.32153320312 2112.27270507812 1323.00622558594 385.64306640625 471.383850097656 319.633972167969 92.0044250488281 507.989471435547 1384.14807128906 902.736877441406 301.440246582031 976.091186523438 1141.90258789062 265.76904296875 696.195617675781 702.638732910156 189.499893188477 341.61376953125 616.224975585938 321.450958251953 481.23046875 1021.41534423828 857.311950683594 280.238433837891 143.903060913086 328.947326660156 232.935668945312 170.47297668457 333.203216552734 482.167541503906 499.174072265625 420.759002685547 527.02685546875 359.177886962891 178.696197509766 460.576904296875 493.232818603516
-3.4e+38 -3.4e+38 -3.4e+38 -3.4e+38 -3.4e+38 -3.4e+38 -3.4e+38 -3.4e+38 -3.4e+38 -3.4e+38 -3.4e+38 432.558990478516 360.769958496094 1326.85144042969 1524.33581542969 1098.35681152344 1497.67468261719 1626.78503417969 1015.904296875 617.927673339844 262.883666992188 264.670776367188 325.621459960938 925.333984375 565.920837402344 304.907623291016 1028.99755859375 835.152221679688 212.129653930664 720.687744140625 623.985778808594 242.944244384766 894.885803222656 927.875610351562 282.16455078125 139.733352661133 560.918151855469 1075.21594238281 377.846832275391 154.15007019043 176.115783691406 380.699310302734 244.346862792969 205.250732421875 245.922836303711 337.394134521484 282.925964355469 135.748611450195 342.973052978516 589.753234863281 220.19775390625 456.154449462891
-3.4e+38 -3.4e+38 -3.4e+38 -3.4e+38 -3.4e+38 -3.4e+38 -3.4e+38 -3.4e+38 -3.4e+38 -3.4e+38 -3.4e+38 233.609436035156 730.551696777344 1526.12866210938 938.035400390625 299.171417236328 786.815490722656 1487.38098144531 1324.95837402344 360.064025878906 150.363433837891 593.593872070312 206.524108886719 164.690933227539 184.339401245117 333.460144042969 305.900390625 451.842315673828 500.444610595703 253.44189453125 230.18635559082 243.736953735352 472.152740478516 275.388061523438 332.386291503906 660.572937011719 215.072891235352 647.278747558594 430.524017333984 277.609893798828 454.518280029297 255.384323120117 505.3046875 377.124267578125 439.235900878906 662.643249511719 261.915008544922 295.153259277344 285.644714355469 516.283752441406 543.98828125 216.236526489258
